0
0
0
0
0
0
0
0
0
0
0
0
0
0
0
0
0
0
0
0
0
0
0
0
0
0
0
0
0
0
0
0
0
0
0
0
0
0
0
0
0
0
0
0
0
0
0
0
0
0
0
0
0
0
0
0
0
0
0
0
0
0
0
0
0
0
0
0
0
0
0
0
0
0
0
0
7.81826333665493e-10
0
0
0
0
0
0
0
0
0
0
0
0
0
0
0
0
7.81826333665493e-10
7.81826333665493e-10
7.81826333665493e-10
7.81826333665493e-10
7.81826333665493e-10
0
0
0
0
0
0
0
0
0
0
0
0
0
7.81826333665493e-10
2.34547900099648e-09
4.69095800199296e-09
5.47278433565845e-09
3.90913166832746e-09
1.56365266733099e-09
0
0
0
0
0
0
0
0
0
0
0
0
1.56365266733099e-09
7.81826333665493e-09
2.18911373426338e-08
3.04912270129542e-08
2.11093110089683e-08
7.03643700298943e-09
7.81826333665493e-10
0
0
0
0
0
0
0
0
0
0
0
2.34547900099648e-09
1.40728740059789e-08
3.98731430169401e-08
5.550966969025e-08
3.75276640159436e-08
1.25092213386479e-08
1.56365266733099e-09
0
0
0
0
0
0
0
0
0
0
7.81826333665493e-10
3.90913166832746e-09
1.40728740059789e-08
3.04912270129542e-08
3.59640113486127e-08
2.26729636762993e-08
7.03643700298943e-09
7.81826333665493e-10
0
0
0
0
0
0
0
0
7.81826333665493e-10
1.56365266733099e-09
3.12730533466197e-09
1.01637423376514e-08
2.81457480119577e-08
4.37822746852676e-08
3.67458376822782e-08
1.64183530069753e-08
3.90913166832746e-09
7.81826333665493e-10
0
0
0
0
0
0
0
2.34547900099648e-09
1.25092213386479e-08
3.20548796802852e-08
4.61277536862641e-08
4.37822746852676e-08
4.9255059020926e-08
6.09824540259084e-08
4.7691406353595e-08
2.03274846753028e-08
4.69095800199296e-09
7.81826333665493e-10
0
0
0
0
0
0
0
1.95456583416373e-08
9.38191600398591e-08
2.45493468770965e-07
3.33839844475165e-07
2.33766073765982e-07
9.69464653745211e-08
4.06549693506056e-08
2.26729636762993e-08
9.38191600398591e-09
2.34547900099648e-09
0
0
0
0
0
0
0
0
4.22186220179366e-08
2.07183978421356e-07
5.38678343895524e-07
7.23971184974246e-07
4.90205111208264e-07
1.67310835404415e-07
3.12730533466197e-08
5.47278433565845e-09
1.56365266733099e-09
0
0
0
0
0
0
0
0
0
3.04912270129542e-08
1.47765177062778e-07
3.84658556163422e-07
5.14441727551894e-07
3.44785413146482e-07
1.14146644715162e-07
1.87638320079718e-08
1.56365266733099e-09
0
0
0
0
0
0
0
0
0
0
8.60008967032042e-09
4.14367956842711e-08
1.06328381378507e-07
1.4229239272712e-07
9.46009863735246e-08
3.04912270129542e-08
4.69095800199296e-09
0
0
0
0
0
0
0
0
0
0
0
7.81826333665493e-10
3.90913166832746e-09
1.09455686713169e-08
1.48547003396444e-08
9.38191600398591e-09
3.12730533466197e-09
7.81826333665493e-10
0
0
0
0
0
0
0
0
0
0
0
0
0
0
7.81826333665493e-10
0
0
0
0
0
0
0
0
0
0
0
0
0
0
0
0
0
0
0
0
0
0
0
0
0
0
0
0
0
0
0
0
0
0
0
0
0
0
0
0
0
0
0
0
0
0
0
0
0
0
0
0
0
0
0
0
0
0
0
0
0
0
0
0
0
0
0
0
0
0
7.81826333665493e-10
2.34547900099648e-09
5.47278433565845e-09
7.03643700298943e-09
5.47278433565845e-09
2.34547900099648e-09
7.81826333665493e-10
7.81826333665493e-10
0
0
0
0
0
0
0
0
0
7.81826333665493e-10
5.47278433565845e-09
2.03274846753028e-08
4.45641010189331e-08
5.62914960239155e-08
4.30004483516021e-08
2.18911373426338e-08
1.01637423376514e-08
3.90913166832746e-09
1.56365266733099e-09
0
0
0
0
0
0
0
0
1.56365266733099e-09
1.25092213386479e-08
4.7691406353595e-08
1.04764728711176e-07
1.38383261058792e-07
1.17273950049824e-07
7.19280226972253e-08
3.67458376822782e-08
1.48547003396444e-08
3.90913166832746e-09
7.81826333665493e-10
0
0
0
0
0
0
0
1.56365266733099e-09
9.38191600398591e-09
3.83094903496091e-08
9.61646390408556e-08
1.77474577742067e-07
2.73639216782922e-07
3.04912270129542e-07
1.9780206241737e-07
6.80188910288978e-08
1.25092213386479e-08
1.56365266733099e-09
0
0
0
0
0
0
0
7.81826333665493e-10
3.90913166832746e-09
1.87638320079718e-08
9.14736810388626e-08
3.94040472167408e-07
1.05233824511375e-06
1.45810611228614e-06
9.92919443755176e-07
3.27585233805841e-07
5.31641906892535e-08
4.69095800199296e-09
0
0
0
0
0
0
7.81826333665493e-10
1.56365266733099e-09
4.69095800199296e-09
1.79820056743063e-08
1.28219518721141e-07
6.72370646952324e-07
1.88420146413384e-06
2.62928196011705e-06
1.78647317242565e-06
5.85587923915454e-07
9.30373337061936e-08
7.81826333665493e-09
7.81826333665493e-10
0
0
0
0
0
1.56365266733099e-09
5.47278433565845e-09
1.48547003396444e-08
4.30004483516021e-08
1.83729188411391e-07
6.64552383615669e-07
1.44012410661184e-06
1.7106360180601e-06
1.06093833478407e-06
3.31494365474169e-07
5.16005380219225e-08
4.69095800199296e-09
7.81826333665493e-10
0
0
0
0
0
5.47278433565845e-09
2.58002690109613e-08
7.34916753645563e-08
1.68874488071746e-07
4.95677895543922e-07
1.31581371955902e-06
2.04994864687092e-06
1.71610880239576e-06
7.79480854664496e-07
1.93892930749042e-07
2.58002690109613e-08
2.34547900099648e-09
0
0
0
0
0
0
5.3946017022919e-08
2.66602779779933e-07
7.24753011307912e-07
1.1352118364823e-06
1.37992347891959e-06
2.08122170021754e-06
2.78721087951748e-06
2.19380469226537e-06
9.40537079399588e-07
2.20475026093669e-07
2.81457480119577e-08
1.56365266733099e-09
0
0
0
0
0
0
3.73712987492105e-07
1.83338275244558e-06
4.85435970572904e-06
6.7925071868858e-06
5.14441727551894e-06
2.64882761845869e-06
1.60899859468358e-06
1.03201076043845e-06
4.27659004515024e-07
9.92919443755175e-08
1.25092213386479e-08
7.81826333665493e-10
0
0
0
0
0
0
8.13881213345778e-07
3.98105969102469e-06
1.04436361651036e-05
1.42683305893952e-05
9.99955880758165e-06
3.67614742089515e-06
8.29517740019088e-07
1.93111104415377e-07
5.7073322357581e-08
1.25092213386479e-08
1.56365266733099e-09
0
0
0
0
0
0
0
5.80896965913461e-07
2.83802959120574e-06
7.40702268514688e-06
1.00097225499193e-05
6.84879868290971e-06
2.36737013833911e-06
4.23749872846697e-07
4.30004483516021e-08
3.90913166832746e-09
7.81826333665493e-10
0
0
0
0
0
0
0
0
1.61838051068757e-07
7.87299118001151e-07
2.04525768886893e-06
2.73795582049655e-06
1.83807371044757e-06
6.12170019260081e-07
1.01637423376514e-07
8.60008967032042e-09
7.81826333665493e-10
0
0
0
0
0
0
0
0
0
1.64183530069753e-08
8.05281123675457e-08
2.08747631088687e-07
2.7754834845125e-07
1.84511014745056e-07
6.02006276922429e-08
9.38191600398591e-09
7.81826333665493e-10
0
0
0
0
0
0
0
0
0
0
7.81826333665493e-10
2.34547900099648e-09
6.25461066932394e-09
8.60008967032042e-09
5.47278433565845e-09
1.56365266733099e-09
0
0
0
0
0
0
0
0
0
0
0
0
0
0
0
0
0
0
0
0
0
0
0
0
0
0
0
0
0
0
0
0
0
0
0
0
0
0
0
0
0
0
0
0
0
0
0
0
0
0
7.81826333665493e-10
3.90913166832746e-09
8.60008967032042e-09
1.09455686713169e-08
7.81826333665493e-09
4.69095800199296e-09
2.34547900099648e-09
7.81826333665493e-10
0
0
0
0
0
0
0
0
7.81826333665493e-10
5.47278433565845e-09
3.20548796802852e-08
1.1961942905082e-07
2.54093558441285e-07
3.18203317801855e-07
2.40802510768972e-07
1.21964908051817e-07
5.47278433565845e-08
2.42366163436303e-08
7.03643700298943e-09
7.81826333665493e-10
0
0
0
0
0
0
6.25461066932394e-09
4.30004483516021e-08
2.58002690109613e-07
9.60082737741225e-07
2.05854873654124e-06
2.59488160143577e-06
1.98740254017768e-06
1.0241924971018e-06
4.65186668530968e-07
2.03274846753028e-07
6.02006276922429e-08
9.38191600398591e-09
7.81826333665493e-10
0
0
0
0
0
1.72001793406408e-08
1.04764728711176e-07
5.97315318920436e-07
2.21647765594167e-06
4.83481404738741e-06
6.28979285433889e-06
5.10767143783666e-06
2.90135752423264e-06
1.4182329692692e-06
6.05133582257091e-07
1.72783619740074e-07
2.81457480119577e-08
3.12730533466197e-09
0
0
0
0
0
1.95456583416373e-08
9.61646390408556e-08
4.87859632207267e-07
1.80445517809996e-06
4.20153471711836e-06
6.48681309042259e-06
7.56026064654531e-06
6.84879868290971e-06
4.20153471711836e-06
1.55739805666166e-06
3.51821850149472e-07
5.7073322357581e-08
9.38191600398591e-09
1.56365266733099e-09
0
0
0
0
1.17273950049824e-08
5.00368853545915e-08
2.07183978421356e-07
7.69317112326845e-07
2.5510993267505e-06
8.04030201541593e-06
1.88748513473523e-05
2.51622987226902e-05
1.70657052112504e-05
5.76284190544835e-06
1.0218470181008e-06
1.30564997722137e-07
2.34547900099648e-08
4.69095800199296e-09
7.81826333665493e-10
0
0
0
2.50184426772958e-08
9.38191600398591e-08
2.32202421098651e-07
5.68387744574813e-07
2.52764453674054e-06
1.16945582989684e-05
3.18547321388668e-05
4.4176315157435e-05
3.00534042661015e-05
9.96046749089838e-06
1.67858113837981e-06
2.12656762757014e-07
5.16005380219225e-08
1.32910476723134e-08
2.34547900099648e-09
0
0
0
7.11461963635598e-08
2.72857390449257e-07
6.84879868290972e-07
1.41041470593255e-06
3.83173086129458e-06
1.16539033296178e-05
2.43265263720018e-05
2.87665181208881e-05
1.79085139989418e-05
5.66667726640749e-06
9.70246480078876e-07
1.82947362077725e-07
7.58371543655528e-08
2.26729636762993e-08
3.90913166832746e-09
0
0
0
2.07183978421356e-07
8.9675480471432e-07
2.37049744367377e-06
4.53615638792719e-06
9.77048369181766e-06
2.23336510474885e-05
3.34426214225414e-05
2.77775078088013e-05
1.26577683420443e-05
3.17734222001656e-06
4.65968494864634e-07
8.52190703695387e-08
3.75276640159436e-08
1.17273950049824e-08
1.56365266733099e-09
0
0
0
7.38044058980225e-07
3.51665484882739e-06
9.53280848638335e-06
1.55849261352879e-05
2.08122170021754e-05
3.31721095110932e-05
4.44569908112209e-05
3.4862418044478e-05
1.49313193203436e-05
3.50414562748874e-06
4.50331968191324e-07
3.75276640159436e-08
6.25461066932394e-09
1.56365266733099e-09
0
0
0
0
3.26647042205443e-06
1.61071861261765e-05
4.34656350201331e-05
6.36742820927187e-05
5.32814646393033e-05
3.34684216915524e-05
2.43656176886851e-05
1.62854425302522e-05
6.77139787587683e-06
1.57772554133696e-06
2.00147541418366e-07
1.32910476723134e-08
7.81826333665493e-10
0
0
0
0
0
6.71901551152124e-06
3.30759448720523e-05
8.80054994227225e-05
0.000123847545863283
9.18927399537073e-05
3.75049910522673e-05
1.01410693739751e-05
2.87164812355335e-06
9.03009415383644e-07
2.00147541418366e-07
2.50184426772958e-08
1.56365266733099e-09
0
0
0
0
0
0
4.75975871935552e-06
2.3332825101913e-05
6.1450767999774e-05
8.46115913082806e-05
6.00677172155198e-05
2.21983950917643e-05
4.43295531188334e-06
5.31641906892535e-07
5.47278433565845e-08
7.03643700298943e-09
7.81826333665493e-10
0
0
0
0
0
0
0
1.31894102489369e-06
6.43990351040266e-06
1.68045752158061e-05
2.26948548136419e-05
1.5509870807256e-05
5.34378299060364e-06
9.43664384734249e-07
8.83463757042007e-08
4.69095800199296e-09
0
0
0
0
0
0
0
0
0
1.34474129390465e-07
6.56734120279014e-07
1.70516323372444e-06
2.27746010996758e-06
1.52221587164671e-06
5.01932506213246e-07
8.13099387012112e-08
7.03643700298943e-09
0
0
0
0
0
0
0
0
0
0
3.90913166832746e-09
2.03274846753028e-08
5.2382364355588e-08
6.95825436962288e-08
4.61277536862641e-08
1.48547003396444e-08
2.34547900099648e-09
0
0
0
0
0
0
0
0
0
0
0
0
0
0
0
0
1.56365266733099e-09
4.69095800199296e-09
7.03643700298943e-09
5.47278433565845e-09
2.34547900099648e-09
7.81826333665493e-10
0
0
0
0
0
0
0
0
7.81826333665493e-10
1.56365266733099e-09
1.56365266733099e-09
3.12730533466197e-09
9.38191600398591e-09
2.34547900099648e-08
3.28367060139507e-08
2.42366163436303e-08
9.38191600398591e-09
2.34547900099648e-09
0
0
0
0
0
0
0
3.90913166832746e-09
1.09455686713169e-08
2.81457480119577e-08
7.11461963635598e-08
1.43074219060785e-07
1.88420146413384e-07
1.71219967072743e-07
1.22746734385482e-07
7.19280226972253e-08
2.97094006792887e-08
7.81826333665493e-09
7.81826333665493e-10
0
0
0
0
0
0
3.36185323476162e-08
1.36819608391461e-07
5.76206007911468e-07
1.93658382848942e-06
4.05455136638924e-06
5.06467098948506e-06
3.87004035164419e-06
2.03587577286494e-06
9.85101180418521e-07
4.51895620858655e-07
1.36037782057796e-07
2.11093110089683e-08
1.56365266733099e-09
0
0
0
0
0
2.22038678761e-07
9.74937438080869e-07
4.47204662856662e-06
1.54699976642391e-05
3.26662678732116e-05
4.10599553914443e-05
3.16498936394465e-05
1.68546121011607e-05
8.24435868850262e-06
3.80123963428162e-06
1.14459375248628e-06
1.83729188411391e-07
1.56365266733099e-08
7.81826333665493e-10
0
0
0
0
6.45788551607697e-07
2.55969941642082e-06
1.06922569392093e-05
3.6178231764037e-05
7.72757148194973e-05
9.99142781371153e-05
8.09072981393735e-05
4.64373569143956e-05
2.38918309304838e-05
1.09244593603079e-05
3.32119826541101e-06
6.01224450588764e-07
7.66189806992183e-08
8.60008967032042e-09
7.81826333665493e-10
0
0
0
7.93553728670475e-07
2.75437417350353e-06
9.66806444210748e-06
3.08688491321146e-05
6.79289810005263e-05
9.69949386072083e-05
9.68854829204952e-05
7.49536906085108e-05
4.48971590370746e-05
1.92673281668524e-05
5.95517118353006e-06
1.556616230328e-06
3.65894724155451e-07
6.25461066932394e-08
6.25461066932394e-09
0
0
0
4.45641010189331e-07
1.59883485234593e-06
5.02245236746712e-06
1.45013148368276e-05
3.56379897674741e-05
7.79387035504456e-05
0.000145149967976667
0.000178287677129079
0.000121067371420769
4.49073227794122e-05
1.14115371661815e-05
3.26959772738909e-06
9.92919443755176e-07
2.07183978421356e-07
2.50184426772958e-08
1.56365266733099e-09
0
0
6.73152473285989e-07
2.39317040735007e-06
5.70811406209176e-06
1.07102389448836e-05
2.58589059859862e-05
8.60743883785687e-05
0.000214331434763725
0.000291313182881764
0.000199434515802063
6.96083439652398e-05
1.57405095756874e-05
5.15927197585859e-06
2.25322349362395e-06
6.28588372267056e-07
9.14736810388626e-08
6.25461066932394e-09
0
0
1.70516323372444e-06
5.82304253314059e-06
1.34442856337118e-05
2.26557634969586e-05
3.91085168626153e-05
8.60008967032042e-05
0.000163249247601023
0.000190413803564231
0.000119810976502568
4.02015100770796e-05
1.06304926588497e-05
5.88793411883482e-06
3.38999898277358e-06
1.05624737678208e-06
1.61838051068757e-07
1.17273950049824e-08
7.81826333665493e-10
0
3.61281948786824e-06
1.41541839446801e-05
3.51907851046175e-05
5.84548094891679e-05
8.83721759732116e-05
0.000151374087418978
0.000205087120194465
0.000166868321699561
7.67495456969404e-05
2.02696295266116e-05
4.66359408031466e-06
2.7731380055115e-06
1.68639940171647e-06
5.37114691228193e-07
8.28735913685422e-08
6.25461066932394e-09
0
0
7.05285535599641e-06
3.15834384010849e-05
8.20886377295421e-05
0.000128275810217165
0.000152521808476799
0.000206820429176201
0.000258046472384298
0.00019846974210632
8.46686646306382e-05
1.9969408214484e-05
2.80753836419278e-06
5.3946017022919e-07
2.49402600439292e-07
7.81826333665493e-08
1.25092213386479e-08
7.81826333665493e-10
0
0
1.48312455496344e-05
7.26168116971846e-05
0.000198777781681784
0.000304698049714118
0.00027663752077253
0.000189672632199916
0.000140222898421907
9.22359617141865e-05
3.80991790658531e-05
8.86903792910135e-06
1.1352118364823e-06
9.22555073725281e-08
1.40728740059789e-08
3.90913166832746e-09
7.81826333665493e-10
0
0
0
2.53178821630896e-05
0.000125677019484061
0.000341904383106925
0.000503582941603614
0.000404343379592452
0.00018496603767125
5.63360601249344e-05
1.66013003690531e-05
5.12252613817631e-06
1.12426626781098e-06
1.40728740059789e-07
9.38191600398591e-09
7.81826333665493e-10
0
0
0
0
0
1.74175270613998e-05
8.59836965238635e-05
0.000230028943891061
0.00032693006333823
0.000245917218643811
9.96570572733393e-05
2.24595250872086e-05
3.02879521662012e-06
3.27585233805841e-07
4.14367956842711e-08
4.69095800199296e-09
0
0
0
0
0
0
0
4.79494090437047e-06
2.34884085423124e-05
6.17416073958976e-05
8.46749192413075e-05
5.96447491690068e-05
2.17128809385581e-05
4.18902549577971e-06
4.41731878521003e-07
2.65820953446267e-08
7.81826333665493e-10
0
0
0
0
0
0
0
0
4.89423284874598e-07
2.38535214401342e-06
6.20691926297035e-06
8.33426871687415e-06
5.62836777605788e-06
1.89514703280515e-06
3.21330623136517e-07
2.81457480119577e-08
1.56365266733099e-09
0
0
0
0
0
0
0
0
0
1.48547003396444e-08
7.34916753645563e-08
1.9076562541438e-07
2.54093558441285e-07
1.68874488071746e-07
5.550966969025e-08
8.60008967032042e-09
7.81826333665493e-10
0
0
0
0
0
0
0
0
0
0
7.81826333665493e-10
1.56365266733099e-09
1.56365266733099e-09
2.34547900099648e-09
1.17273950049824e-08
6.95825436962288e-08
2.12656762757014e-07
3.21330623136517e-07
2.43147989769968e-07
9.53828127071901e-08
1.95456583416373e-08
2.34547900099648e-09
0
0
0
0
0
0
1.56365266733099e-08
3.83094903496091e-08
5.0818711688257e-08
4.84732326872605e-08
1.01637423376514e-07
3.86222208830753e-07
1.04061085010877e-06
1.51596126097739e-06
1.13443001014863e-06
4.41731878521003e-07
9.22555073725281e-08
1.01637423376514e-08
7.81826333665493e-10
0
0
0
0
0
1.58710745734095e-07
3.94040472167408e-07
5.88715229250116e-07
7.70880764994176e-07
1.27984970821041e-06
2.07262161054722e-06
2.87712090788901e-06
3.108541502654e-06
2.13985867524245e-06
8.43590614025066e-07
1.86074667412387e-07
2.26729636762993e-08
1.56365266733099e-09
0
0
0
0
0
8.2560860835076e-07
2.29231481030722e-06
5.2155634718825e-06
1.24474570582883e-05
2.4199870505948e-05
3.0419298990257e-05
2.42843077499839e-05
1.42886580740705e-05
7.99886521973165e-06
3.87629496231351e-06
1.15866662649226e-06
1.81383709410394e-07
1.40728740059789e-08
7.81826333665493e-10
0
0
0
0
3.62454688287322e-06
1.11410252547333e-05
3.24739385951299e-05
9.22515982408598e-05
0.000186016030437362
0.000232475278489101
0.000182870743097026
0.000106104779047079
6.04125026286663e-05
3.04349355169303e-05
9.41709818900086e-06
1.54645248799034e-06
1.40728740059789e-07
9.38191600398591e-09
7.81826333665493e-10
0
0
0
9.74624707547403e-06
2.91902679937348e-05
8.06258406592539e-05
0.000221707966221859
0.000448358638525152
0.000576188807732127
0.000480712175864897
0.000304031151851501
0.000180550282538707
9.05081255167857e-05
2.95444353228853e-05
6.21630117897433e-06
1.03982902377511e-06
1.46201524395447e-07
1.40728740059789e-08
7.81826333665493e-10
0
0
1.222385472686e-05
3.54675516267351e-05
8.69594157882781e-05
0.000214814603437931
0.000429570569900837
0.000589141324601964
0.000570337619450975
0.000439656129605121
0.000286417386380351
0.000149048935902657
6.23045223561368e-05
2.25298894572385e-05
6.31481129701618e-06
1.13364818381496e-06
1.18055776383489e-07
7.03643700298943e-09
0
0
6.79563449222046e-06
2.23899425435124e-05
5.85025008955215e-05
0.000134256781669706
0.000261664764656502
0.000426397918638822
0.000606956019440866
0.000666239564843719
0.000473889959277332
0.000231432322159991
0.000107639504140064
5.07366199232221e-05
1.74785095154257e-05
3.64643802021586e-06
4.30786309849686e-07
2.73639216782922e-08
7.81826333665493e-10
0
8.46717919359728e-06
2.81418388802894e-05
6.60502523207281e-05
0.000114045789118119
0.000185116930153647
0.000370093913393568
0.000728933436714021
0.000933316913208187
0.000657309544460592
0.000280511470255842
0.000124406551691854
7.64164876787989e-05
3.67724197776228e-05
1.01426330266424e-05
1.45732428595248e-06
1.04764728711176e-07
3.90913166832746e-09
0
1.97301693563824e-05
5.71217955902682e-05
0.000119645229319831
0.000179386143127879
0.000232250112505005
0.000349807865513949
0.000551617569717688
0.000618219791429984
0.000400333392327082
0.0001654688525623
9.64632967003158e-05
8.80023721173878e-05
5.30117345541887e-05
1.64668262396626e-05
2.51669896806922e-06
1.86074667412387e-07
6.25461066932394e-09
0
2.93880700561522e-05
9.34845383690503e-05
0.000212074302138433
0.00032695351812824
0.000401014363063704
0.000502777660479939
0.000573507143407655
0.000448945790101735
0.000213677046122447
6.92072670560694e-05
3.96933229601971e-05
4.0866844287029e-05
2.60754718804115e-05
8.31315940586518e-06
1.2868861452134e-06
9.61646390408556e-08
3.12730533466197e-09
0
3.54519151000618e-05
0.000143440113784941
0.000355085193266191
0.000528246435125426
0.000547154123178792
0.000576517174792267
0.000619798298797655
0.000455775824952637
0.00019326121507144
4.72402925590701e-05
1.02497432343546e-05
6.15453689861476e-06
3.78794858660931e-06
1.21261264351518e-06
1.88420146413384e-07
1.40728740059789e-08
7.81826333665493e-10
0
3.66848552282522e-05
0.000174416854951101
0.000477982820134071
0.000757413024570454
0.000722883664544117
0.000495409729111475
0.000334546615480799
0.000206793847080856
8.39814392833462e-05
1.95706767843146e-05
2.67931884547164e-06
4.41731878521003e-07
1.87638320079718e-07
5.86369750249119e-08
9.38191600398591e-09
7.81826333665493e-10
0
0
4.1925437142812e-05
0.000210900780811601
0.00059679774988755
0.000948551581145992
0.000852482324917844
0.000441527821847917
0.000144349377810994
4.02359104357609e-05
1.14959744102174e-05
2.46588025638096e-06
3.11166880798866e-07
2.58002690109613e-08
3.90913166832746e-09
7.81826333665493e-10
0
0
0
0
2.65070400165949e-05
0.000132826039479098
0.000367340321046398
0.000555919960031849
0.000462632441898883
0.0002140359044096
5.51304839184222e-05
8.10284812210916e-06
8.45154266692397e-07
9.61646390408556e-08
1.01637423376514e-08
7.81826333665493e-10
0
0
0
0
0
0
7.16152921637591e-06
3.53440230660159e-05
9.44602576334648e-05
0.000133933105567568
0.000100284081992939
4.02836018421145e-05
8.86200149209836e-06
1.07188390345539e-06
7.11461963635598e-08
2.34547900099648e-09
0
0
0
0
0
0
0
0
7.27098490308908e-07
3.55340068650966e-06
9.2982605862837e-06
1.26311862466997e-05
8.73300014704355e-06
3.07492297030638e-06
5.62914960239155e-07
5.550966969025e-08
3.12730533466197e-09
0
0
0
0
0
0
0
0
0
2.26729636762993e-08
1.09455686713169e-07
2.83802959120574e-07
3.79185771827764e-07
2.54093558441285e-07
8.36554177022077e-08
1.40728740059789e-08
7.81826333665493e-10
0
0
0
0
0
0
0
0
0
0
7.81826333665493e-09
1.95456583416373e-08
2.58002690109613e-08
3.36185323476162e-08
1.91547451748046e-07
1.11957530980899e-06
3.41345377278354e-06
5.15770832319125e-06
3.90444071032547e-06
1.52534317698138e-06
3.18985144135521e-07
3.59640113486127e-08
2.34547900099648e-09
0
0
0
0
0
2.54875384774951e-07
6.16079150928408e-07
8.08408429010119e-07
7.38825885313891e-07
1.53003413498337e-06
6.06540869657689e-06
1.65887911477144e-05
2.42702348759779e-05
1.8183716868392e-05
7.07943745134103e-06
1.47765177062778e-06
1.68092661738081e-07
1.01637423376514e-08
0
0
0
0
0
2.45728016671064e-06
5.96064396786572e-06
7.96290120838304e-06
7.40858633781421e-06
1.01621786849841e-05
2.03188845856325e-05
3.62579780500709e-05
4.45015549122398e-05
3.14888374147114e-05
1.21315992194874e-05
2.55500845841883e-06
2.96312180459222e-07
1.87638320079718e-08
7.81826333665493e-10
0
0
0
0
9.92528530588343e-06
2.45907836727807e-05
3.69991494143858e-05
4.86186523853223e-05
7.59966469376205e-05
0.000100540521030381
9.2566674253327e-05
6.59767606453636e-05
4.0394621181495e-05
1.85363205448752e-05
5.16083562852592e-06
7.76353549329834e-07
6.09824540259084e-08
2.34547900099648e-09
0
0
0
0
2.74139585636468e-05
7.12024878595837e-05
0.000132637619332684
0.000250395519883047
0.000443014855534548
0.00054871933949879
0.000453121524549842
0.000302848248608665
0.00020568756281872
0.000112245243071687
3.58592466199015e-05
6.19597369429903e-06
6.46570377941362e-07
5.31641906892535e-08
3.90913166832746e-09
0
0
0
5.88676137933433e-05
0.000156167464670681
0.000308511016743404
0.000610315527196626
0.00108357924358069
0.00136591706015198
0.00121632866407909
0.000914767301615639
0.000653653724524372
0.0003625586711897
0.000130997347684654
3.33832026211829e-05
6.95903619595655e-06
1.09064773546336e-06
1.07110207712172e-07
6.25461066932394e-09
0
0
7.19506956609016e-05
0.000198056155975811
0.000399213817017273
0.000749771453985207
0.00127202206295775
0.00165467601640166
0.00165931381021296
0.00143524707394243
0.00109474137814643
0.000689581771861636
0.000364515582502865
0.000158646635974734
4.78673172786698e-05
8.69703613569494e-06
9.02227589049978e-07
5.16005380219225e-08
1.56365266733099e-09
0
4.06549693506056e-05
0.00013328731701596
0.00033037479016436
0.000663914413327398
0.00109148507146672
0.00146377669868422
0.00171293302382841
0.00174690025072084
0.00141605636475628
0.000999101344575468
0.000687178437711948
0.000375551061202553
0.000130036483120579
2.62107278361356e-05
2.98266746293385e-06
1.84511014745056e-07
5.47278433565845e-09
0
4.83567405635444e-05
0.000147084206326155
0.000345440583614094
0.000606854382017489
0.000885053209978349
0.0012558828219519
0.00178611040500683
0.00202880728098227
0.00154946721033296
0.000978526802778727
0.000730128067351862
0.000505390524087049
0.000230287728407504
6.01224450588764e-05
8.37648733889209e-06
5.9496983991944e-07
2.03274846753028e-08
0
0.00011280893985826
0.000266232194097776
0.000497034364232832
0.000705000950814187
0.000837083473449969
0.00102926811365995
0.00133727328876547
0.00139627303120921
0.000959392385088598
0.000560555408364152
0.000519733128178142
0.000500650311026035
0.000292343629989536
8.91946572762277e-05
1.35771961104349e-05
1.01324692843048e-06
3.67458376822782e-08
0
0.000136768007853439
0.000306470450012537
0.000570343874061644
0.000821805805063811
0.00095402202000265
0.00104032548349698
0.00105511060129293
0.000824613343428004
0.000434831479300072
0.000200590055123221
0.000195929588348241
0.000219085720698745
0.00013906970457975
4.42896799758165e-05
6.9058720052673e-06
5.24605469889545e-07
1.95456583416373e-08
0
9.40841991669717e-05
0.000288407916225864
0.000643231979496611
0.000929186524687432
0.000929353835522836
0.000860417080378215
0.000810392704244962
0.000571510358951473
0.000248447990485887
7.08061019084153e-05
3.22722274010442e-05
3.14497460980281e-05
2.02211562939243e-05
6.54232276011284e-06
1.03826537110777e-06
8.13099387012112e-08
3.12730533466197e-09
0
4.87664175623851e-05
0.000212643471709342
0.000571156973448656
0.000920561416574434
0.000906895874088295
0.000619430058594498
0.000388496541635386
0.000227061912954801
9.14431898118497e-05
2.19153739589774e-05
3.93336828467109e-06
1.70359958105711e-06
1.00933779676215e-06
3.29930712806838e-07
5.3946017022919e-08
4.69095800199296e-09
0
0
3.03567528835637e-05
0.000155692896086146
0.00047054296074291
0.000836981836026592
0.000860709483427006
0.000500800421682099
0.000172837565757097
4.60339345262242e-05
1.23200193659008e-05
2.61599091244474e-06
3.54167329150468e-07
5.31641906892535e-08
2.03274846753028e-08
6.25461066932394e-09
7.81826333665493e-10
0
0
0
1.55943080512919e-05
8.10667907114413e-05
0.000241837648834745
0.000414252246545329
0.000404355106987457
0.000219256940665818
6.37853014320992e-05
9.989395065244e-06
1.01481058109781e-06
1.07110207712172e-07
1.17273950049824e-08
1.56365266733099e-09
0
0
0
0
0
0
3.99513256503067e-06
2.01242098285498e-05
5.61390398888507e-05
8.61470982275996e-05
7.30843438447166e-05
3.44879232306522e-05
8.92923855679359e-06
1.22824917018849e-06
8.83463757042007e-08
3.90913166832746e-09
0
0
0
0
0
0
0
0
3.99513256503067e-07
1.96785688183604e-06
5.22885451955481e-06
7.32649457277933e-06
5.37114691228193e-06
2.0890399635542e-06
4.40950052187338e-07
5.0818711688257e-08
3.12730533466197e-09
0
0
0
0
0
0
0
0
0
1.25092213386479e-08
6.02006276922429e-08
1.56365266733099e-07
2.11093110089683e-07
1.43856045394451e-07
4.9255059020926e-08
8.60008967032042e-09
7.81826333665493e-10
0
0
0
0
0
0
0
0
0
0
4.69095800199296e-08
1.13364818381496e-07
1.50110656063775e-07
1.93111104415377e-07
1.10393878313568e-06
6.48837674308992e-06
1.98185157320866e-05
2.996349423773e-05
2.26854728976379e-05
8.86356514476569e-06
1.85136475811989e-06
2.11093110089683e-07
1.32910476723134e-08
0
0
0
0
0
1.50188838697141e-06
3.63080149354255e-06
4.74412219268221e-06
4.21951672279266e-06
8.54692547963116e-06
3.46614886767259e-05
9.58636359023944e-05
0.0001407545403288
0.000105570009834851
4.11139014084673e-05
8.57898035931145e-06
9.765010907482e-07
6.02006276922429e-08
1.56365266733099e-09
0
0
0
0
1.43042946007439e-05
3.45997243963664e-05
4.53545274422689e-05
3.87535677071311e-05
4.87132533716958e-05
0.000103836700853115
0.000198889582847498
0.000251817661983985
0.000179354870074532
6.87381712558701e-05
1.43168038220825e-05
1.63714434269554e-06
1.01637423376514e-07
3.12730533466197e-09
0
0
0
0
5.21775258561676e-05
0.00012682864967355
0.00017139431434515
0.000162634732102762
0.000200977840984719
0.000283519937987787
0.000299007135831367
0.000234979468235831
0.000138176858906704
5.52016301147858e-05
1.35662505417636e-05
1.92485643348444e-06
1.54801614065768e-07
7.03643700298943e-09
0
0
0
0
0.000102767162428661
0.000254954349234651
0.000382488206261167
0.000473054968752978
0.000660002936180069
0.000804896465119294
0.000699177126454712
0.000497519096559705
0.000349939212338005
0.000195383091741009
6.59462694183506e-05
1.29134255531529e-05
1.67389018037782e-06
1.70438140739077e-07
1.32910476723134e-08
7.81826333665493e-10
0
0
0.000156720997714916
0.000405608374600323
0.00069620540456045
0.00104155685997251
0.00150222769960022
0.00176307467391171
0.00164708213722276
0.00143416268081764
0.00117960549936049
0.000731909067739952
0.000309944886239347
9.76915458705043e-05
2.3554863780674e-05
3.83329451396191e-06
3.75276640159436e-07
2.11093110089683e-08
7.81826333665493e-10
0
0.000176858498591138
0.000498064029514269
0.000984596120606973
0.0016223732977736
0.00231703459532506
0.00271972753952714
0.00276603980422815
0.00268441478951447
0.00239385059626036
0.00180803281540281
0.00114186283310279
0.000549475365563445
0.000170110555505272
3.06749562013656e-05
3.12808716099564e-06
1.76692751408401e-07
4.69095800199296e-09
0
0.000104074376058549
0.00035756983735458
0.000921468335121486
0.00179936861597313
0.00270009744394147
0.00324957593681025
0.00346915655357821
0.00351820755592604
0.00331005333102461
0.0029718743503976
0.00236866718822666
0.00133032519813819
0.000448408675410507
8.61697711912759e-05
9.36237034564427e-06
5.66824091907482e-07
1.64183530069753e-08
0
0.000127852842170652
0.000345592257922825
0.000828348127823924
0.00158143608911654
0.00240136707463222
0.00313183836374456
0.00372650798235188
0.00383340866060663
0.00328041976749969
0.00280729912533468
0.0024239024368738
0.00156870717457813
0.000635087694578817
0.000150754880962715
2.01484464448934e-05
1.46905168095746e-06
5.550966969025e-08
7.81826333665493e-10
0.000316477827083456
0.000587302469065182
0.000943230471119065
0.00135265728553301
0.00175836495207771
0.00224159695421601
0.00276272564239975
0.00277936368860648
0.00207438462892964
0.00151418807885264
0.0014250606586411
0.00119331873325298
0.000634136211930746
0.000187199715506532
2.91222491027059e-05
2.36267918033712e-06
1.00855597042849e-07
1.56365266733099e-09
0.000380453894140969
0.000603501910698731
0.000805704873548304
0.00103090369434998
0.00125955584206746
0.00150971368674507
0.00169138354459358
0.00149030093888016
0.000914578881469226
0.000499518226494887
0.000457459878875352
0.000460247871581203
0.00028328382643502
9.1863030553028e-05
1.53128505711723e-05
1.33066841989867e-06
6.17642803595739e-08
7.81826333665493e-10
0.000182899670671372
0.000334204957372987
0.000532850610404382
0.000710582409010225
0.000772639874244923
0.000819434525793804
0.000846509953554973
0.000657531583139353
0.000330245006992971
0.000119539682764786
6.92752859470983e-05
6.75896683717155e-05
4.40723322550575e-05
1.52151222794641e-05
2.74968321550154e-06
2.66602779779933e-07
1.40728740059789e-08
0
4.13617403562392e-05
0.000129142073794866
0.00030906454978764
0.000491025247032279
0.00050350319531758
0.000383661727587999
0.000281525499010606
0.000184109937835886
8.17289976160559e-05
2.32921701325624e-05
6.61112347747541e-06
4.15697061609942e-06
2.6441366604567e-06
9.71028306412542e-07
1.93892930749042e-07
2.11093110089683e-08
1.56365266733099e-09
0
1.06961660708776e-05
5.40249814826192e-05
0.000173779666489164
0.000342385206302129
0.000390148540678421
0.00024754654472317
9.43257835040743e-05
2.96429454409272e-05
9.70793758512442e-06
2.78642905318382e-06
7.05207352966274e-07
2.03274846753028e-07
7.50553280318873e-08
2.50184426772958e-08
5.47278433565845e-09
7.81826333665493e-10
0
0
3.61203766153458e-06
2.02711931792789e-05
6.92979589107746e-05
0.000141166562806641
0.000162368911149316
9.94694189532596e-05
3.13457631956506e-05
5.29609158425005e-06
6.99734568630616e-07
1.68092661738081e-07
5.550966969025e-08
1.40728740059789e-08
2.34547900099648e-09
0
0
0
0
0
8.04499297341792e-07
4.27659004515024e-06
1.32034831229428e-05
2.36518102460485e-05
2.41725065842697e-05
1.35756324577676e-05
3.99982352303266e-06
5.98878971587767e-07
4.84732326872605e-08
5.47278433565845e-09
1.56365266733099e-09
7.81826333665493e-10
0
0
0
0
0
0
7.74008070328838e-08
3.87785861498084e-07
1.07501120879005e-06
1.62854425302522e-06
1.35646868890963e-06
6.26242893266059e-07
1.58710745734095e-07
2.18911373426338e-08
1.56365266733099e-09
0
0
0
0
0
0
0
0
0
2.34547900099648e-09
1.17273950049824e-08
3.04912270129542e-08
4.22186220179366e-08
3.04912270129542e-08
1.17273950049824e-08
2.34547900099648e-09
0
0
0
0
0
0
0
0
0
0
0
1.11801165714165e-07
2.7051191144826e-07
3.55730981817799e-07
4.41731878521003e-07
2.51278983640089e-06
1.49281920150089e-05
4.57462224354353e-05
6.92275945407447e-05
5.24284921092743e-05
2.04877590737042e-05
4.28049917681857e-06
4.87077805873602e-07
2.97094006792887e-08
7.81826333665493e-10
0
0
0
0
3.57920095552062e-06
8.64543559767302e-06
1.12317171094385e-05
9.55000866572399e-06
1.84534469535066e-05
7.77925020260502e-05
0.00021945787003357
0.000324296090420111
0.000243745305088889
9.49989359773603e-05
1.98286794744242e-05
2.25791445162594e-06
1.38383261058792e-07
3.90913166832746e-09
0
0
0
0
3.39257900967467e-05
8.20128005751765e-05
0.000106718512719006
8.6356627685022e-05
9.75062530294256e-05
0.000214111741563965
0.000436252839574675
0.000570045216402184
0.00041074810091784
0.000157966447064445
3.29242705633212e-05
3.76996658093501e-06
2.34547900099648e-07
7.03643700298943e-09
0
0
0
0
0.000118978331457215
0.000289109996273495
0.00038441071721565
0.000331836023581981
0.000350292597840822
0.000484532179331187
0.000539879229144035
0.00045007943828555
0.000266845927769703
0.00010249821416988
2.44109636160377e-05
3.57607365018596e-06
3.21330623136517e-07
1.72001793406408e-08
7.81826333665493e-10
0
0
0
0.000195046906417532
0.000486541473008707
0.000711139069359794
0.000770673581015754
0.00090051304390025
0.00101396308135212
0.000850853780664819
0.000573503234275986
0.000383912693841105
0.000222999543325075
8.60001148768705e-05
2.04173947036743e-05
3.09368680231435e-06
3.18203317801855e-07
2.26729636762993e-08
7.81826333665493e-10
0
0
0.000210638868989823
0.000566362814370619
0.00101165278453613
0.0014733908171093
0.00187830180262
0.00191875740625552
0.00165624592367966
0.00147606466317044
0.0013373272347825
0.000947629807898601
0.00046846955730603
0.000164964574577085
4.03977484868297e-05
6.3257568656875e-06
5.91842534584778e-07
3.12730533466197e-08
7.81826333665493e-10
0
0.000209308200569925
0.000634525561444912
0.00137213570680995
0.00234489966768323
0.00314209827072125
0.00331761828262916
0.00321643979131051
0.0032974846908846
0.00329415801983486
0.00280284584253812
0.00190863666436622
0.000932359175949446
0.00028337139098439
4.95177526690376e-05
4.87937814840634e-06
2.68166432447264e-07
7.03643700298943e-09
0
0.000133582065543752
0.000488403783335499
0.00133097724130047
0.00265978100539334
0.00390462600316655
0.0045259824818472
0.00478140827236105
0.00503533530179326
0.00520427780875604
0.0050897230506947
0.00412660448129986
0.00226230362466314
0.00073347428405995
0.000135041735308706
1.42996036427419e-05
8.90500194044996e-07
2.97094006792887e-08
0
0.000160584783455891
0.000400024570925284
0.00100523789946841
0.00213778527180557
0.00349474807495808
0.00464969789906009
0.00543118101096511
0.00559157893792725
0.00530313818499537
0.0050808469763286
0.00429043931682479
0.00251788265313839
0.000916672612390782
0.000204413185894845
2.84874061197696e-05
2.47760765138595e-06
1.25874039720144e-07
3.12730533466197e-09
0.000406772514011151
0.000619240856621751
0.000858296767361314
0.00135166280243659
0.00212835331891623
0.00308554720835456
0.00398233406794856
0.00413527102620854
0.00344535228719709
0.00279935576978464
0.00233014582294063
0.00159458171709079
0.000755626551398028
0.000227252678580215
4.12999760758796e-05
4.37353651052477e-06
2.57220863775947e-07
7.03643700298943e-09
0.00051190470109915
0.000666717260733588
0.000643964550771255
0.000702699254087875
0.000988817200982433
0.00149771577982864
0.00204384649233666
0.00209071463556091
0.00150775912091091
0.000932424067535141
0.000702480342714449
0.000573991875734527
0.000344523501324704
0.000125297051885899
2.61255087657661e-05
3.04521356962709e-06
1.91547451748046e-07
5.47278433565845e-09
0.000227234696574541
0.000295681246607954
0.000282729511564451
0.000286985774124926
0.000370525481529751
0.000563394219781691
0.000766780867700434
0.000732883223351699
0.00046385834559007
0.000222521065608871
0.000128545540302279
0.00010663407547497
7.23337905643977e-05
2.95483444545536e-05
6.80501640822445e-06
8.5688166169738e-07
5.62914960239155e-08
1.56365266733099e-09
3.20650434226228e-05
5.41211461216601e-05
8.25311514343967e-05
0.000114256882228209
0.000132638401159018
0.000154894651399474
0.000183145164140143
0.000166072422491889
0.00010804605383357
5.50671559853953e-05
2.46032928941194e-05
1.22434003852016e-05
6.80579823455811e-06
2.7981564481888e-06
6.75497952286986e-07
8.83463757042007e-08
6.25461066932394e-09
0
2.50966253106623e-06
9.60708198808157e-06
2.93841609244839e-05
5.97471684187169e-05
7.23572453544077e-05
5.3060207786876e-05
3.16882031297961e-05
2.38769762301441e-05
2.06300514664314e-05
1.44841146574869e-05
6.67132410516765e-06
1.91078355947846e-06
4.15149783176377e-07
9.92919443755175e-08
2.11093110089683e-08
3.12730533466197e-09
0
0
3.76840292826767e-07
2.30482403164587e-06
9.09733121853167e-06
2.13071130713857e-05
2.71262464728579e-05
1.78537861555852e-05
6.4141032413917e-06
2.35095178533214e-06
2.02883933586195e-06
1.63558069002821e-06
7.84953639000155e-07
2.08747631088687e-07
3.04912270129542e-08
2.34547900099648e-09
0
0
0
0
6.09824540259084e-08
3.6433107148812e-07
1.34239581490365e-06
2.9318487512456e-06
3.54323694417201e-06
2.23289600894865e-06
7.16152921637591e-07
1.46983350729113e-07
6.80188910288978e-08
5.2382364355588e-08
2.58002690109613e-08
7.03643700298943e-09
7.81826333665493e-10
0
0
0
0
0
5.47278433565845e-09
2.73639216782922e-08
8.52190703695387e-08
1.50110656063775e-07
1.51674308731106e-07
8.44372440358732e-08
2.50184426772958e-08
3.90913166832746e-09
7.81826333665493e-10
7.81826333665493e-10
0
0
0
0
0
0
0
0
0
7.81826333665493e-10
2.34547900099648e-09
3.12730533466197e-09
2.34547900099648e-09
7.81826333665493e-10
0
0
0
0
0
0
0
0
0
0
0
0
1.18055776383489e-07
2.84584785454239e-07
3.7293116115844e-07
4.40950052187338e-07
2.50106244139591e-06
1.50712662340697e-05
4.63810654183717e-05
7.02736781751891e-05
5.32415914962864e-05
2.08083078705071e-05
4.3477362415138e-06
4.94896069210257e-07
3.04912270129542e-08
7.81826333665493e-10
0
0
0
0
3.774657538937e-06
9.11218591887132e-06
1.17578862319953e-05
9.4546258530168e-06
1.7089941827594e-05
7.60490293019761e-05
0.000220217805229893
0.000328145021460746
0.00024736516101376
9.65461702916843e-05
2.0172683061237e-05
2.29935124731021e-06
1.41510566393454e-07
3.90913166832746e-09
0
0
0
0
3.57278997958457e-05
8.63738278643626e-05
0.000111776929097822
8.55005278496583e-05
8.28399728361946e-05
0.000187987796450867
0.00041698707506049
0.000568996005462405
0.000418579655302167
0.000163408740173091
3.46137972703723e-05
4.04438762405159e-06
2.58784516443278e-07
7.81826333665493e-09
0
0
0
0
0.000123773272361585
0.000302555063733541
0.000405225279696827
0.000340403276546287
0.000309111459367659
0.000388357376547994
0.000456082300875433
0.00043770625472896
0.000304379846396316
0.000136764880548105
3.78794858660931e-05
6.34921165569747e-06
6.31715677601718e-07
3.59640113486127e-08
7.81826333665493e-10
0
0
0
0.000190348130152203
0.000492412988774535
0.000766321935642572
0.00088220188933947
0.000962288269828495
0.000936287071449782
0.000746942024483672
0.000602180624194837
0.000529131462535135
0.000354871754677101
0.000144587834842762
3.42510298515516e-05
4.74959497701787e-06
3.9716777750207e-07
2.11093110089683e-08
7.81826333665493e-10
0
0
0.000177174356429939
0.000530891353612216
0.00108199839073402
0.00174111551767805
0.00219644648344683
0.0020529602419082
0.00167283784213271
0.00159426429559932
0.00158179103827202
0.00116075410280315
0.000557775233921638
0.000177947582673934
3.78966860454338e-05
5.16396293386058e-06
4.26877178181359e-07
2.03274846753028e-08
7.81826333665493e-10
0
0.000183016944621421
0.000612385021501839
0.00139772410088449
0.00246129249945501
0.00330735524834713
0.00342711696979068
0.00333367934100165
0.00350319414484067
0.00350243968242868
0.00286522620204863
0.00181315221423565
0.000818542461947091
0.00023179899871048
3.77622119160433e-05
3.46505431080546e-06
1.80601883076729e-07
4.69095800199296e-09
0
0.000147470428534986
0.000528197180066405
0.00129201101683058
0.00241096321105163
0.00351006483466092
0.00421495398430939
0.00479220294854997
0.00530997760176228
0.00545664274917359
0.00504456945262019
0.00379045668548771
0.00194524724609277
0.000598345766028207
0.000106314308504501
1.14357737825252e-05
8.02935644674461e-07
3.44003586812817e-08
7.81826333665493e-10
0.000113987933969428
0.000309839339684302
0.000776753062586337
0.00168178662634784
0.0028901187706862
0.00414629243203422
0.00527206840649551
0.00580352111141529
0.00576206007911468
0.00538365926092592
0.00416669419021122
0.00225312889263758
0.000793583438071154
0.000188240326356641
3.13825090333329e-05
3.43456308379251e-06
2.13438589090679e-07
7.03643700298943e-09
0.000213941303423226
0.000308210013604943
0.000443496460556086
0.000861419381737974
0.00164045381356595
0.00272238340358261
0.00381251591549208
0.00420830846047323
0.00386381857768088
0.00327384538985989
0.00248375202454222
0.00154175214807235
0.000739566274851872
0.00025438048870574
5.6182822163536e-05
7.13181981569662e-06
4.78477716203281e-07
1.56365266733099e-08
0.00027153141298736
0.000330077696157567
0.000283992161093321
0.000327449977850117
0.000584068053522808
0.0010820398275297
0.00168287649225697
0.00194769748982248
0.00170558620177095
0.00125609626054099
0.000898187892383929
0.000663806521293352
0.000414532922199114
0.000171744572542632
4.16619616683668e-05
5.50953017334073e-06
3.76840292826767e-07
1.25092213386479e-08
0.000119936850542289
0.000141852224501266
0.000105831921656629
8.58648589211464e-05
0.000137079956560572
0.000284989771495078
0.000497153201835549
0.000633790644691266
0.000592778380706175
0.000416085629297774
0.000252192938624144
0.000173670992628784
0.000114761160213423
5.04207620844213e-05
1.26546410367097e-05
1.70281775472344e-06
1.17273950049824e-07
3.90913166832746e-09
1.52768865598237e-05
1.90210528717478e-05
1.65403179150272e-05
1.60399490614812e-05
2.63514565761954e-05
6.16602974571964e-05
0.000131602481266911
0.000220690028335427
0.000268072613287224
0.000211272148320092
0.000104562235690757
3.81359249035354e-05
1.47702630956085e-05
5.56191253769631e-06
1.37054156291561e-06
1.84511014745056e-07
1.25092213386479e-08
7.81826333665493e-10
6.09824540259084e-07
1.18524872183689e-06
2.39160675468274e-06
4.4134096535417e-06
6.54466823911384e-06
1.17555407529943e-05
3.04794996179492e-05
6.78547074988281e-05
9.67267721747611e-05
8.07689148783147e-05
3.84861831010175e-05
1.03904719744144e-05
1.73018167640174e-06
2.63475474445271e-07
4.61277536862641e-08
5.47278433565845e-09
7.81826333665493e-10
0
2.34547900099648e-08
1.29001345054806e-07
5.26169122556876e-07
1.29626806121739e-06
1.79194595676131e-06
1.82869179444359e-06
3.41189012011621e-06
7.9230280653661e-06
1.17250495259814e-05
9.91043060554378e-06
4.71519461833659e-06
1.23528560719148e-06
1.72783619740074e-07
1.32910476723134e-08
7.81826333665493e-10
0
0
0
2.34547900099648e-09
1.40728740059789e-08
6.17642803595739e-08
1.56365266733099e-07
2.08747631088687e-07
1.57147093066764e-07
1.39165087392458e-07
2.61129995444275e-07
3.83094903496091e-07
3.24457928471179e-07
1.54801614065768e-07
4.06549693506056e-08
5.47278433565845e-09
7.81826333665493e-10
0
0
0
0
0
7.81826333665493e-10
3.12730533466197e-09
6.25461066932394e-09
7.81826333665493e-09
4.69095800199296e-09
2.34547900099648e-09
2.34547900099648e-09
3.12730533466197e-09
3.12730533466197e-09
1.56365266733099e-09
0
0
0
0
0
0
0
0
0
0
0
0
0
0
0
0
0
0
0
0
0
0
0
0
0
5.3946017022919e-08
1.29783171388472e-07
1.68874488071746e-07
1.93111104415377e-07
1.09142956179703e-06
6.64786931515768e-06
2.05237230850528e-05
3.11260699958906e-05
2.35916096183562e-05
9.22242343191815e-06
1.92720191248544e-06
2.19693199760003e-07
1.32910476723134e-08
0
0
0
0
0
1.71845428139675e-06
4.1483705264291e-06
5.32971011659766e-06
4.11475199408149e-06
7.03800065565676e-06
3.27600870332515e-05
9.68745373518239e-05
0.000145458007552131
0.000110160112239802
4.32115414616918e-05
9.08482199719302e-06
1.04295632910977e-06
6.48915856942359e-08
1.56365266733099e-09
0
0
0
0
1.63245338469355e-05
3.95463396094679e-05
5.11838245860788e-05
3.79271772724467e-05
3.22792638380472e-05
7.53336582066722e-05
0.000182279682388775
0.000263953170335141
0.000205895528623475
8.67092313615051e-05
2.01484464448934e-05
2.5964452541031e-06
1.83729188411391e-07
7.03643700298943e-09
0
0
0
0
5.83062624857714e-05
0.00014559639081319
0.000201947305638464
0.000176502767609321
0.000147824595864137
0.000166550118381759
0.000233475234369859
0.00032816300346642
0.000331497492779503
0.00019764647897697
6.46406194411293e-05
1.14271736928548e-05
1.10550243580301e-06
5.86369750249119e-08
1.56365266733099e-09
0
0
0
0.000107783360185458
0.000304888033513198
0.0005253614959542
0.000655552780688845
0.00068580320519103
0.000607597117034471
0.00058156230012341
0.000784687818046708
0.000924219581989655
0.000646064536303481
0.00024639256905468
5.1742048588316e-05
6.11388192926415e-06
4.11240651508049e-07
1.48547003396444e-08
0
0
0
0.000174102560764968
0.000567354951988041
0.00113448395616565
0.00165990487092121
0.00193294755421155
0.00181217493131857
0.00169045317125652
0.0018961141519799
0.00195539691555642
0.00134984740168982
0.000564664687573898
0.000146541618850592
2.46025110677857e-05
2.662118666131e-06
1.75910925074736e-07
6.25461066932394e-09
0
0
0.000272734643714871
0.000881933722907023
0.00169280568669452
0.00238416689529158
0.00289492543898558
0.00315456761891689
0.00336241771337452
0.00349970485391352
0.00314937003745068
0.0021937867102597
0.00114980853413183
0.000442648960810393
0.000111862148168191
1.64957538140082e-05
1.36194147324529e-06
6.56734120279014e-08
1.56365266733099e-09
0
0.00024074465562028
0.000754862707070037
0.00140006957988549
0.00193958995074237
0.00254507222754427
0.00334781476111432
0.00424303171343032
0.00466832647511234
0.00424523959099659
0.00327900309818309
0.00211239311614078
0.000987069037300357
0.000287964620694675
5.03081790923735e-05
5.75267816311069e-06
4.76132237202285e-07
2.50184426772958e-08
7.81826333665493e-10
0.000100849342432179
0.000306051391097693
0.000627190466782462
0.00108897853624099
0.00183485258595287
0.00299185939513876
0.00428771777935731
0.00484038143270944
0.00441087653622063
0.00351310770275155
0.002378886440234
0.00121826681156025
0.000444927984573028
0.000119701520815855
2.33132794435713e-05
2.85444794421271e-06
1.89983799080715e-07
6.25461066932394e-09
5.16943571819624e-05
0.000107807596801802
0.00025740928392236
0.000625289065138988
0.00124595988212501
0.00215955678971916
0.00313430189852194
0.00347900756538239
0.00310346744974851
0.00238364150799536
0.00161375835340294
0.000988324650392223
0.000519873075091868
0.000199853574716908
4.77875709926359e-05
6.34921165569747e-06
4.36259094185345e-07
1.40728740059789e-08
5.31853000002625e-05
7.73492064948618e-05
0.000130767490742557
0.000287719127225904
0.000533943603618846
0.000870044489850972
0.00128447186549504
0.00156255420133218
0.00153067914170864
0.00116969115962328
0.000761347956507792
0.000527520900287784
0.000339605813685948
0.00014763539389139
3.71125142327673e-05
5.0161977567978e-06
3.47130892147479e-07
1.17273950049824e-08
2.3110786423152e-05
3.02996795612062e-05
3.83767274143044e-05
6.82487479709955e-05
0.000113326508891147
0.000186675110036642
0.000363112204233935
0.000640317330924706
0.000800286035229668
0.000639574595907724
0.000350518545651251
0.000183812062002759
0.000105756866328598
4.57227676454253e-05
1.15796298279196e-05
1.57147093066764e-06
1.08673860379503e-07
3.90913166832746e-09
2.88572099755933e-06
3.71289325857742e-06
4.3070812721632e-06
7.27176672942275e-06
1.64754263293329e-05
5.97409138080476e-05
0.000209129944165849
0.000474135452746103
0.000641594053327581
0.000508848541960851
0.000237430493791872
7.03104240128714e-05
1.82564267174229e-05
5.44072945597816e-06
1.27828605554308e-06
1.71219967072743e-07
1.17273950049824e-08
7.81826333665493e-10
9.85101180418521e-08
1.39946913726123e-07
1.98583888751035e-07
5.19132685553887e-07
3.30947087040603e-06
2.17957545299266e-05
8.7419911498807e-05
0.000202484420329692
0.000272736989193872
0.000213753665103147
9.66548441520638e-05
2.47322942391742e-05
3.6182922722039e-06
3.82313077162426e-07
4.7691406353595e-08
5.47278433565845e-09
0
0
1.56365266733099e-09
3.90913166832746e-09
1.40728740059789e-08
5.550966969025e-08
3.95604124834739e-07
2.69964633014695e-06
1.09440050186496e-05
2.53601007851076e-05
3.40540096154679e-05
2.65930409132981e-05
1.19697611684187e-05
3.02097695328346e-06
4.10458825174384e-07
2.97094006792887e-08
1.56365266733099e-09
0
0
0
0
0
1.56365266733099e-09
3.90913166832746e-09
1.56365266733099e-08
9.06918547051971e-08
3.60421939819792e-07
8.34208698021081e-07
1.11957530980899e-06
8.73300014704355e-07
3.92476819500077e-07
9.92919443755175e-08
1.32910476723134e-08
7.81826333665493e-10
0
0
0
0
0
0
0
0
0
7.81826333665493e-10
3.12730533466197e-09
7.03643700298943e-09
9.38191600398591e-09
7.03643700298943e-09
3.12730533466197e-09
7.81826333665493e-10
0
0
0
0
0
0
0
0
0
0
0
0
0
0
0
0
0
0
0
0
0
0
0
0
9.38191600398591e-09
2.26729636762993e-08
2.97094006792887e-08
3.36185323476162e-08
1.88420146413384e-07
1.1555393211576e-06
3.57450999751863e-06
5.42665658197218e-06
4.11709747308248e-06
1.61212590001825e-06
3.37748976143493e-07
3.83094903496091e-08
2.34547900099648e-09
0
0
0
0
0
3.04130443795877e-07
7.34916753645563e-07
9.43664384734249e-07
7.16934747971257e-07
1.19306698517354e-06
5.69482301441945e-06
1.7122778533608e-05
2.61223814604314e-05
2.02625930896086e-05
8.24279503583529e-06
1.81618257310494e-06
2.18911373426338e-07
1.40728740059789e-08
7.81826333665493e-10
0
0
0
0
2.98501294193485e-06
7.32805822544666e-06
9.66102800510449e-06
7.32962187811399e-06
6.0810452232502e-06
1.48375001603037e-05
4.1299194249546e-05
7.14393812386844e-05
6.97842548903145e-05
3.76762110193401e-05
1.09432231923159e-05
1.6652900907075e-06
1.31346824055803e-07
5.47278433565845e-09
0
0
0
0
1.38375442795456e-05
3.74791907832564e-05
5.71593232542842e-05
5.62758594972422e-05
4.87265444193682e-05
5.89872332223941e-05
0.000132881549148788
0.000283658321248846
0.000357871622319375
0.000236889469968976
8.00222707296642e-05
1.38797629015635e-05
1.26890413953909e-06
6.25461066932394e-08
1.56365266733099e-09
0
0
0
5.8613520234902e-05
0.000181086615403601
0.000318361246721256
0.000375655044104931
0.000360985636606365
0.000337465955010706
0.000474796877824384
0.000860954976895777
0.00107960834763201
0.000743688063282956
0.000270400110282546
5.26833674940492e-05
5.64556795539852e-06
3.36185323476162e-07
9.38191600398591e-09
0
0
0
0.000212294777164527
0.000652662368733284
0.00112885558838959
0.00131570113656698
0.00132341854430659
0.001319679850779
0.00144788138749447
0.00172874546142679
0.00174317328458825
0.00114107475215845
0.000435352957464627
9.70113569602153e-05
1.31198277052406e-05
1.10237513046834e-06
5.47278433565845e-08
1.56365266733099e-09
0
0
0.000415161510571381
0.00119374248312583
0.0019344885339152
0.0021173772590179
0.00217887884572936
0.00247085970830008
0.00276718283432797
0.00268951307903631
0.00212157253912435
0.00125694376028668
0.000535074124497326
0.000166406262336364
3.59929389229583e-05
4.77461341969516e-06
3.60421939819792e-07
1.64183530069753e-08
0
0
0.000369579471666016
0.000976679347152276
0.0014779379190659
0.00153835042169457
0.00167610118524943
0.00227705825123208
0.00295748874585816
0.00303402328931334
0.00238494715797258
0.00149208350292091
0.000776713971269654
0.000317613820746272
8.75332763171885e-05
1.52338861114721e-05
1.84823745278522e-06
1.68874488071746e-07
9.38191600398591e-09
0
0.00013633722154359
0.000351659230272069
0.000572850409287376
0.000762745861992386
0.00112362517021737
0.00183775707078244
0.00266406541370183
0.00289688313212508
0.0023398779971421
0.00150591635624246
0.000833710674646536
0.000393781687650965
0.000148418783877722
4.33851069077655e-05
9.0582399018484e-06
1.15006653682194e-06
7.81826333665493e-08
2.34547900099648e-09
2.26721818499656e-05
8.20010731801715e-05
0.000258946354494347
0.000622972513712337
0.0010642900242765
0.00153561481135307
0.00204234851308136
0.00220317253539535
0.00183151027837645
0.00117322657830411
0.000633463841283794
0.000355006228806491
0.000195389346351678
7.90700062552596e-05
1.94018022962429e-05
2.60582717010709e-06
1.79820056743063e-07
6.25461066932394e-09
7.12634703136096e-06
3.42791755995635e-05
0.000145568245065178
0.000381188029068281
0.000601218195978094
0.000724645901100199
0.000897345865422571
0.00108251595976691
0.00105936999115874
0.000734890953376552
0.000385524819741124
0.000220890175876845
0.000136965809915857
6.01177541008744e-05
1.52385770694741e-05
2.06793065254523e-06
1.43074219060785e-07
4.69095800199296e-09
2.40958876035705e-06
9.89166677353581e-06
4.01804007660707e-05
0.000102323085071139
0.000153610892559595
0.00019629626489873
0.000366213709299586
0.00067461370670361
0.000825994830559591
0.000614299714192985
0.000286867718348543
0.000108070290449914
4.74537311481607e-05
1.9078908020439e-05
4.78555898836648e-06
6.48915856942359e-07
4.53459273525986e-08
1.56365266733099e-09
2.81457480119577e-07
1.0671929454534e-06
4.24062603380163e-06
1.14185736031845e-05
2.73795582049656e-05
0.000105195515021026
0.000362428106191978
0.000749386795429044
0.000903652858456251
0.000643407108595352
0.000271266373860248
6.89695918506351e-05
1.2618677025361e-05
2.58549968543178e-06
5.38678343895524e-07
7.11461963635598e-08
4.69095800199296e-09
0
9.38191600398591e-09
3.51821850149472e-08
1.57147093066764e-07
8.09190255343785e-07
6.86208973058203e-06
4.56508396227281e-05
0.000168689195230668
0.000345629003760507
0.000408452658802198
0.000284784932995658
0.000117074584334739
2.77626531084616e-05
3.7089841269091e-06
3.04912270129542e-07
2.42366163436303e-08
2.34547900099648e-09
0
0
0
0
3.90913166832746e-09
6.25461066932394e-08
8.24044955683429e-07
5.80584235379995e-06
2.15111697444724e-05
4.38909485456471e-05
5.15809923635809e-05
3.5759954675526e-05
1.4619370613211e-05
3.43847221546084e-06
4.44859183855665e-07
3.04912270129542e-08
7.81826333665493e-10
0
0
0
0
0
0
2.34547900099648e-09
2.73639216782922e-08
1.91547451748046e-07
7.10680137301933e-07
1.44872419628216e-06
1.69969044938878e-06
1.17664863216657e-06
4.80823195204278e-07
1.12582992047831e-07
1.48547003396444e-08
7.81826333665493e-10
0
0
0
0
0
0
0
0
0
1.56365266733099e-09
6.25461066932394e-09
1.25092213386479e-08
1.40728740059789e-08
1.01637423376514e-08
3.90913166832746e-09
7.81826333665493e-10
0
0
0
0
0
0
0
0
0
0
0
0
0
0
0
0
0
0
0
0
0
0
0
0
7.81826333665493e-10
1.56365266733099e-09
1.56365266733099e-09
2.34547900099648e-09
1.17273950049824e-08
7.27098490308908e-08
2.25165984095662e-07
3.43221760479151e-07
2.62693648111606e-07
1.03982902377511e-07
2.18911373426338e-08
2.34547900099648e-09
0
0
0
0
0
0
1.95456583416373e-08
4.7691406353595e-08
6.17642803595739e-08
4.84732326872605e-08
8.05281123675457e-08
3.95604124834739e-07
1.25717674453411e-06
2.10389466389384e-06
1.88341963780017e-06
9.21773247391616e-07
2.45493468770965e-07
3.44003586812817e-08
2.34547900099648e-09
0
0
0
0
0
2.47057121438296e-07
6.5047950960969e-07
9.33500642396598e-07
8.14663039679443e-07
7.98244686672468e-07
2.36424283300445e-06
8.61572619699373e-06
1.94182206492498e-05
2.38339757817925e-05
1.51815037471165e-05
4.87625084307168e-06
7.81826333665492e-07
6.33279330269049e-08
2.34547900099648e-09
0
0
0
0
3.03348617462211e-06
9.09107660786235e-06
1.48476639026414e-05
1.52909594338297e-05
1.38297260162089e-05
2.25408350259098e-05
6.88663907745912e-05
0.000157981301764785
0.000200759711437626
0.000132094250030787
4.40512229440485e-05
7.47347792350844e-06
6.60643251947341e-07
3.12730533466197e-08
7.81826333665493e-10
0
0
0
3.2431719973112e-05
9.54586498615556e-05
0.000153971314499415
0.000157221366568462
0.000137332486466346
0.000158460561307322
0.000305448602994437
0.00056677874598013
0.000663175587442084
0.000428971690929249
0.000147812868469132
2.72435204229078e-05
2.74342860483221e-06
1.52456135064771e-07
3.90913166832746e-09
0
0
0
0.000175376155862509
0.00048026262572304
0.000729160948177118
0.000702119920774629
0.00060963377463367
0.000677706611679591
0.000934983766951562
0.00119948343389393
0.00111311742429291
0.000647049637483899
0.00022004658526282
4.31638500553382e-05
4.94661521310157e-06
3.34621670808831e-07
1.25092213386479e-08
0
0
0
0.000410090584971227
0.00102995299352824
0.00145167559069175
0.00129457384355233
0.00109021851280618
0.00126095531120472
0.00160237027102677
0.00165693236720062
0.00121512934248325
0.000598172200582134
0.000196304083162067
4.47728486500218e-05
7.33040370444766e-06
8.08408429010119e-07
5.47278433565845e-08
2.34547900099648e-09
0
0
0.000411891912843992
0.000938838170776532
0.00121066745959702
0.000984330299653526
0.000796823326397864
0.00101385049836007
0.00137897825088219
0.00142432026910312
0.00102110193760482
0.000512856965573554
0.000195340091292657
6.07080329827918e-05
1.43863863657787e-05
2.37127927000744e-06
2.89275743456232e-07
2.73639216782922e-08
1.56365266733099e-09
0
0.000161325172993872
0.000356853684432943
0.000479445617204359
0.000478146221837807
0.000516902135023939
0.000722512297035626
0.00101129861720698
0.00108989718218304
0.000832548880714709
0.000451084866950644
0.000187236461344214
6.9276067773432e-05
2.39551588635107e-05
7.04581891899342e-06
1.49876108163675e-06
1.92329278081711e-07
1.32910476723134e-08
7.81826333665493e-10
2.43546721200138e-05
8.10073719100827e-05
0.000221009795305896
0.000448408675410507
0.000621158676618233
0.000694531514380072
0.000810503723584343
0.000887405725416348
0.000743770155047991
0.000423284686178166
0.000167449218665474
6.60557251050638e-05
3.24880114691359e-05
1.31432824952506e-05
3.24692476371279e-06
4.3704092051901e-07
3.04912270129542e-08
7.81826333665493e-10
5.58224002237162e-06
3.90866257252726e-05
0.000158290904992917
0.000361338240282848
0.000474459910674574
0.000428024117412846
0.000424202550293889
0.000508370846070982
0.000493818712522466
0.000308624381561786
0.000124007038435351
4.68564158292403e-05
2.37339020110834e-05
1.01066690152938e-05
2.55813576375349e-06
3.47130892147479e-07
2.42366163436303e-08
7.81826333665493e-10
1.82400083644159e-06
1.38664718538912e-05
5.76206007911468e-05
0.000132093468204453
0.000173018167640173
0.00017766299788848
0.000282913240752863
0.000479928785878565
0.000526987694728224
0.000344271753245264
0.000135155881953421
3.62009047277133e-05
1.00691413512779e-05
3.33605296575066e-06
8.07626602676454e-07
1.09455686713169e-07
7.81826333665493e-09
0
2.27511463096658e-07
1.81540074677127e-06
8.03013827307827e-06
2.02485202156026e-05
3.88512959988393e-05
0.000114335064861575
0.000351287080937244
0.000656037513015718
0.000700094208744102
0.000436180911551978
0.000160447182021166
3.49968921738684e-05
4.82699578405075e-06
6.0356992958976e-07
9.53828127071901e-08
1.17273950049824e-08
7.81826333665493e-10
0
9.38191600398591e-09
8.60008967032042e-08
4.49550141857658e-07
1.65747182737084e-06
8.52972530029052e-06
4.87195079823652e-05
0.000167331162889091
0.000313011209119983
0.000329390470810275
0.000201488373580602
7.25018832261358e-05
1.52315406324711e-05
1.82556448910893e-06
1.25874039720144e-07
6.25461066932394e-09
0
0
0
0
1.56365266733099e-09
1.17273950049824e-08
9.22555073725281e-08
9.31936989729267e-07
6.14437315627711e-06
2.14181324107662e-05
4.00240354993376e-05
4.19621829804943e-05
2.55422663208516e-05
9.13798618788228e-06
1.90609260147647e-06
2.25165984095662e-07
1.40728740059789e-08
7.81826333665493e-10
0
0
0
0
0
0
2.34547900099648e-09
2.97094006792887e-08
2.02493020419363e-07
7.08334658300936e-07
1.32285015656201e-06
1.38617808958892e-06
8.42808787691401e-07
3.01003138461215e-07
6.25461066932394e-08
7.03643700298943e-09
7.81826333665493e-10
0
0
0
0
0
0
0
0
0
1.56365266733099e-09
6.25461066932394e-09
1.09455686713169e-08
1.17273950049824e-08
7.03643700298943e-09
2.34547900099648e-09
7.81826333665493e-10
0
0
0
0
0
0
0
0
0
0
0
0
0
0
0
0
0
0
0
0
0
0
0
0
0
0
0
0
0
1.56365266733099e-09
5.47278433565845e-09
7.81826333665493e-09
7.03643700298943e-09
3.12730533466197e-09
7.81826333665493e-10
0
0
0
0
0
0
0
7.81826333665493e-10
2.34547900099648e-09
4.69095800199296e-09
8.60008967032042e-09
1.17273950049824e-08
2.26729636762993e-08
6.88007173625633e-08
1.43074219060785e-07
1.65747182737084e-07
1.00855597042849e-07
3.12730533466197e-08
4.69095800199296e-09
0
0
0
0
0
0
2.26729636762993e-08
7.97462860338802e-08
1.88420146413384e-07
3.1742149146819e-07
3.99513256503067e-07
6.57515946612679e-07
1.90843808047747e-06
4.16557070576974e-06
5.04512533114342e-06
3.18359683068589e-06
1.01481058109781e-06
1.61056224735091e-07
1.25092213386479e-08
7.81826333665493e-10
0
0
0
0
8.43590614025066e-07
2.48151678305427e-06
4.3930821688664e-06
5.49545729933475e-06
6.08573618125219e-06
1.07258754715569e-05
2.95186350538743e-05
5.73633799273709e-05
6.304960285212e-05
3.74549541669127e-05
1.16570306349525e-05
1.87012859012786e-06
1.55583440399433e-07
7.03643700298943e-09
0
0
0
0
1.66231915063957e-05
4.2600935095099e-05
6.16876613788747e-05
5.6794992182796e-05
4.8857891243424e-05
8.16164146240081e-05
0.000202833896700841
0.000346236482821765
0.000337713793958478
0.000183749515896066
5.47004794349062e-05
8.77209146372683e-06
7.59935196322859e-07
3.59640113486127e-08
7.81826333665493e-10
0
0
0
0.000120939933728381
0.000290993415911295
0.000386431738288176
0.000302523790680194
0.000206137894786911
0.000289172542380188
0.000615303579205412
0.00091895007250075
0.000791685163733014
0.000386153408113391
0.000106417509580545
1.64457169286536e-05
1.42996036427419e-06
7.03643700298943e-08
1.56365266733099e-09
0
0
0
0.000301493343572423
0.000692418237800174
0.00087433124363846
0.000631341182787892
0.00037151918279984
0.000454213735937973
0.000859917493351003
0.00114889614280044
0.000879208276307865
0.000377884030982211
9.35095568117276e-05
1.38117440105346e-05
1.29939536655205e-06
8.44372440358732e-08
3.90913166832746e-09
0
0
0
0.000291711914311934
0.000636861658529904
0.000769246747956815
0.000529146317235475
0.000282627092314741
0.000313001045377645
0.00056295014242417
0.000715203784468521
0.000519640090844436
0.000213312715050959
5.30336256915314e-05
9.19505951023986e-06
1.31268641422436e-06
1.63401703736088e-07
1.79820056743063e-08
1.56365266733099e-09
0
0
0.000113335890807151
0.000260054984235484
0.000371044614215305
0.000356529226504472
0.000263165871217139
0.000216029561560447
0.000269840322627642
0.000316409026366093
0.000241883776588431
0.000112857413090948
3.34418395962078e-05
7.46018687583613e-06
1.72627254473341e-06
4.43295531188334e-07
9.22555073725281e-08
1.17273950049824e-08
7.81826333665493e-10
0
2.65836589972941e-05
0.000120448164964506
0.000354217366035823
0.000607757391432873
0.000601344851844148
0.000378976242370342
0.000235679984630795
0.000219769818740703
0.000191145593012542
0.000105715429532913
3.38906079117318e-05
7.62124310057122e-06
2.26260540962794e-06
8.18572171347771e-07
2.00147541418366e-07
2.73639216782922e-08
1.56365266733099e-09
0
1.53339598821813e-05
0.000105745138933593
0.000382455369555153
0.0007459092318969
0.000803047445840175
0.000492501335150239
0.000222012878491989
0.000155688205128144
0.000138295696509422
8.10003354730797e-05
2.70269545284824e-05
6.06931782824522e-06
1.73721811340472e-06
6.35624809270045e-07
1.57928919400429e-07
2.11093110089683e-08
1.56365266733099e-09
0
6.12795480327013e-06
4.50277240347967e-05
0.000175192426674097
0.000371878822913326
0.000435135609743867
0.000296099523696465
0.00018485736381087
0.000193693565033957
0.000183617387245677
0.000105918704379666
3.53706051613605e-05
7.11071050468765e-06
1.11801165714165e-06
2.33766073765982e-07
5.0818711688257e-08
7.03643700298943e-09
7.81826333665493e-10
0
8.38899656023074e-07
6.80970736622644e-06
3.01026593251225e-05
7.3048379833368e-05
0.000100052661398174
0.000107437792945978
0.000174870314224627
0.00027897752698919
0.000271472776012335
0.000151332650623294
4.83583042162117e-05
8.89092906644398e-06
9.64773695743218e-07
7.42735016982218e-08
7.03643700298943e-09
7.81826333665493e-10
0
0
3.98731430169401e-08
3.95604124834739e-07
2.10311283756017e-06
6.03882660123226e-06
1.14240463875202e-05
2.77673440664636e-05
7.69528205436934e-05
0.000134084779876299
0.000130744035952547
7.21352066756467e-05
2.26956366399756e-05
4.07487885106455e-06
4.16713435843708e-07
2.42366163436303e-08
7.81826333665493e-10
0
0
0
7.81826333665493e-10
9.38191600398591e-09
5.550966969025e-08
1.93111104415377e-07
6.56734120279014e-07
2.99830398960716e-06
9.68526462144812e-06
1.71751608979635e-05
1.67482837197822e-05
9.21616882124883e-06
2.88728465022666e-06
5.1522355388556e-07
5.2382364355588e-08
3.12730533466197e-09
0
0
0
0
0
0
7.81826333665493e-10
2.34547900099648e-09
1.56365266733099e-08
9.46009863735246e-08
3.18985144135521e-07
5.68387744574813e-07
5.54314870568834e-07
3.04912270129542e-07
9.53828127071901e-08
1.72001793406408e-08
1.56365266733099e-09
0
0
0
0
0
0
0
0
0
0
7.81826333665493e-10
2.34547900099648e-09
4.69095800199296e-09
4.69095800199296e-09
2.34547900099648e-09
7.81826333665493e-10
0
0
0
0
0
0
0
0
0
0
0
0
0
0
0
0
0
0
0
0
0
0
0
0
0
0
0
0
7.81826333665493e-10
7.81826333665493e-10
0
0
0
0
0
0
0
0
0
0
0
0
0
7.81826333665493e-10
5.47278433565845e-09
2.18911373426338e-08
5.0818711688257e-08
6.17642803595739e-08
4.06549693506056e-08
1.79820056743063e-08
1.40728740059789e-08
1.40728740059789e-08
8.60008967032042e-09
2.34547900099648e-09
0
0
0
0
0
0
0
2.65820953446267e-08
1.83729188411391e-07
7.44298669649549e-07
1.68718122805013e-06
2.07496708954822e-06
1.42370575360486e-06
8.59227140698376e-07
9.0535489438464e-07
8.58445314364711e-07
4.70659452866626e-07
1.36819608391461e-07
2.03274846753028e-08
1.56365266733099e-09
0
0
0
0
0
6.48134030608693e-07
2.79502914285414e-06
8.90812924578462e-06
1.84925382701899e-05
2.24517068238719e-05
1.73526354757056e-05
1.66044276743877e-05
2.22570320667892e-05
2.04846317683696e-05
1.05734193364921e-05
2.94279431991691e-06
4.27659004515024e-07
3.12730533466197e-08
7.81826333665493e-10
0
0
0
0
1.30619725565494e-05
3.52134580682938e-05
6.53903908951145e-05
9.37878869865125e-05
9.98063861030695e-05
8.84089218108939e-05
0.000121365247253895
0.000178768500324283
0.000160233743432075
7.95516112767975e-05
2.14556600747821e-05
3.05303183296375e-06
2.23602331428331e-07
7.81826333665493e-09
0
0
0
0
9.82466425674068e-05
0.000232236039630999
0.000318079007414803
0.00028293825919554
0.000206807919954862
0.000191695998751442
0.000329105104198487
0.000492198768359111
0.00042047636598764
0.000197224292756791
5.06959649538715e-05
6.99030924930317e-06
5.04277985214243e-07
1.79820056743063e-08
0
0
0
0
0.000224578832519079
0.000512681054648479
0.000640415841042748
0.000446659729902097
0.000215569065849918
0.000189629631751564
0.000387514567760302
0.000575024668321299
0.000462686387915906
0.000201674448248015
4.87499992093781e-05
6.56968668179113e-06
4.91768763875595e-07
1.95456583416373e-08
0
0
0
0
0.00017960818180664
0.000405810085794409
0.000502808151706952
0.000341223412370302
0.000144667581128795
0.000106778713346698
0.000221817421908573
0.000331398200835128
0.000267830247123788
0.000119324680523028
3.07820664090778e-05
4.77070428802684e-06
4.50331968191324e-07
2.58002690109613e-08
7.81826333665493e-10
0
0
0
6.47704026125177e-05
0.000179924821471774
0.000327718926108898
0.000383642963755991
0.000278721869778082
0.000139517691068941
9.79479849079466e-05
0.00012061547579991
0.000111351615572308
6.10715822279463e-05
1.96003861849939e-05
3.69100212123479e-06
4.15149783176377e-07
3.20548796802852e-08
2.34547900099648e-09
0
0
0
2.98696750776901e-05
0.000173013476682172
0.000554474363140902
0.000954615426189902
0.000898376312530342
0.000473338771712098
0.00015458035721334
6.17877351495839e-05
4.8357522389878e-05
2.95201987065417e-05
1.00957234466225e-05
1.91234721214579e-06
2.28293289430324e-07
2.73639216782922e-08
4.69095800199296e-09
7.81826333665493e-10
0
0
2.57549230836087e-05
0.000179987367578468
0.00065283437052669
0.001272596705313
0.00136203763788433
0.00079733229534108
0.00025747104820272
6.00528625151801e-05
2.47526217238495e-05
1.29095164214846e-05
4.09286085673885e-06
7.16152921637591e-07
8.91282020378662e-08
1.64183530069753e-08
3.12730533466197e-09
7.81826333665493e-10
0
0
1.06688021491993e-05
7.99261060906233e-05
0.000319434694277379
0.000698503973981426
0.000833630928360502
0.000534319662085339
0.000192663117926186
6.01099358375377e-05
3.14380187030231e-05
1.56115082306326e-05
4.64404842197303e-06
7.72444417661507e-07
7.81826333665493e-08
7.81826333665493e-09
7.81826333665493e-10
0
0
0
1.55817988299533e-06
1.33621938686769e-05
6.26618169906219e-05
0.000159047712883905
0.00021331506052996
0.00015365467483428
7.82443976469088e-05
5.65416804506884e-05
4.55476385466843e-05
2.34821539316431e-05
6.81908928223043e-06
1.08908408279603e-06
9.61646390408556e-08
4.69095800199296e-09
0
0
0
0
8.60008967032042e-08
9.0535489438464e-07
5.06232551048406e-06
1.45325878901742e-05
2.13860775310859e-05
1.88365418570027e-05
1.85957393462337e-05
2.40591417658882e-05
2.18559551576188e-05
1.13685367178299e-05
3.27976146972674e-06
5.17569032886556e-07
4.45641010189331e-08
2.34547900099648e-09
0
0
0
0
1.56365266733099e-09
2.34547900099648e-08
1.4229239272712e-07
4.34695441518014e-07
7.09116484634602e-07
9.64773695743218e-07
1.86309215312487e-06
2.99361303160517e-06
2.7981564481888e-06
1.45810611228614e-06
4.19840741178369e-07
6.56734120279014e-08
5.47278433565845e-09
0
0
0
0
0
0
0
7.81826333665493e-10
3.90913166832746e-09
7.81826333665493e-09
2.03274846753028e-08
5.78551486912464e-08
9.85101180418521e-08
9.22555073725281e-08
4.84732326872605e-08
1.40728740059789e-08
2.34547900099648e-09
0
0
0
0
0
0
0
0
0
0
0
0
7.81826333665493e-10
7.81826333665493e-10
7.81826333665493e-10
7.81826333665493e-10
0
0
0
0
0
0
0
0
0
0
0
0
0
0
0
0
0
0
0
0
0
0
0
0
0
0
0
0
7.81826333665493e-10
1.56365266733099e-09
1.56365266733099e-09
7.81826333665493e-10
0
0
0
0
0
0
0
0
0
0
0
0
2.34547900099648e-09
1.64183530069753e-08
6.95825436962288e-08
1.60274398401426e-07
1.96238409750039e-07
1.24310387052813e-07
3.98731430169401e-08
7.81826333665493e-09
1.56365266733099e-09
7.81826333665493e-10
0
0
0
0
0
0
0
0
7.27098490308908e-08
5.56660349569831e-07
2.32984247432317e-06
5.33361924826599e-06
6.52981353877419e-06
4.14055226309245e-06
1.38930539492358e-06
3.68240203156447e-07
1.72783619740074e-07
8.05281123675457e-08
2.18911373426338e-08
3.12730533466197e-09
0
0
0
0
0
0
9.37409774064926e-07
6.25148336398928e-06
2.49887332766165e-05
5.64142427583009e-05
6.88640452955902e-05
4.41583331517607e-05
1.65809728843778e-05
7.22954810740481e-06
4.882505453741e-06
2.3744065753421e-06
6.39533940938373e-07
8.99100283715317e-08
6.25461066932394e-09
0
0
0
0
0
8.85965601309736e-06
3.67513104666138e-05
0.000114784615003433
0.000236264790728377
0.000280964929529368
0.000182501721067536
8.02810552461074e-05
5.17733216416626e-05
3.99951079249919e-05
1.9515948940958e-05
5.22259990888549e-06
7.34134927311897e-07
5.2382364355588e-08
1.56365266733099e-09
0
0
0
0
5.13769356904942e-05
0.000141950734619308
0.000278757051963097
0.000423697490482341
0.000447566648449149
0.000289456345339309
0.000154174589346168
0.000132567254962655
0.000109040536929993
5.36301591841181e-05
1.46631528878963e-05
2.18364094992772e-06
1.75910925074736e-07
7.81826333665493e-09
0
0
0
0
0.0001073314645646
0.000255654865629615
0.000360602541702869
0.000343053667817413
0.00025730686467265
0.000159066476715913
0.000131533680549549
0.000175078280029382
0.000172416161363251
9.88767945923412e-05
3.22174995576876e-05
5.9496983991944e-06
6.20770108930401e-07
3.59640113486127e-08
7.81826333665493e-10
0
0
0
7.91489707149598e-05
0.000183753425027734
0.000237704914834989
0.000176526222399331
8.62667176566504e-05
4.88313091480793e-05
9.16214462159254e-05
0.000201794849503399
0.000260666372428411
0.000182012297782661
6.85176962297764e-05
1.41205654123325e-05
1.60430763668159e-06
9.85101180418521e-08
3.12730533466197e-09
0
0
0
2.85319702207885e-05
8.92392213772466e-05
0.000183698697184378
0.000235232779967939
0.00017876771849795
8.90359465304936e-05
8.18415806081038e-05
0.000181250798933671
0.000260981448440878
0.000194807667559431
7.60967207083297e-05
1.60172760978049e-05
1.84276466844957e-06
1.14146644715162e-07
3.12730533466197e-09
0
0
0
1.81383709410394e-05
0.000111994276818581
0.000370446517070051
0.000654244003406289
0.000632570213784414
0.000342937175693697
0.000123536378982484
8.6803050521545e-05
0.000107641849619065
8.05070030565368e-05
3.16123659754305e-05
6.66819679983299e-06
7.67753459659514e-07
4.7691406353595e-08
1.56365266733099e-09
0
0
0
1.70039409308908e-05
0.000121695959793036
0.000456943873495133
0.000931042580403554
0.00104341604299396
0.000635575554211024
0.000209198744883211
4.48909044264052e-05
1.71337241022793e-05
1.05108732297989e-05
4.02640561837729e-06
8.40463308690405e-07
9.61646390408556e-08
6.25461066932394e-09
0
0
0
0
7.327276399113e-06
5.79755499466309e-05
0.000248622337758294
0.000583947652267424
0.000738426372057387
0.000490676552487464
0.000170419376907069
3.28327968822824e-05
5.14441727551894e-06
1.37679617358493e-06
3.84658556163422e-07
6.48915856942359e-08
6.25461066932394e-09
0
0
0
0
0
1.21104899084785e-06
1.14561012672005e-05
5.88551045720046e-05
0.000159731029099528
0.000222553902314885
0.000157452005336894
5.81866430567206e-05
1.35771961104349e-05
3.81922163995593e-06
1.46279707028814e-06
3.92476819500077e-07
5.78551486912464e-08
4.69095800199296e-09
0
0
0
0
0
8.13099387012112e-08
9.39755253065922e-07
5.55487610069332e-06
1.64206984859763e-05
2.40177049702039e-05
1.76215837344865e-05
7.1935840960562e-06
2.65430040279435e-06
1.46436072295547e-06
6.91134478960295e-07
1.89983799080715e-07
2.81457480119577e-08
2.34547900099648e-09
0
0
0
0
0
2.34547900099648e-09
2.65820953446267e-08
1.67310835404415e-07
5.08968943216236e-07
7.59153369989193e-07
5.83242444914458e-07
3.09603228131535e-07
2.23602331428331e-07
1.75910925074736e-07
8.83463757042007e-08
2.42366163436303e-08
3.90913166832746e-09
0
0
0
0
0
0
0
0
1.56365266733099e-09
3.90913166832746e-09
6.25461066932394e-09
5.47278433565845e-09
5.47278433565845e-09
6.25461066932394e-09
5.47278433565845e-09
3.12730533466197e-09
7.81826333665493e-10
0
0
0
0
0
0
0
0
0
0
0
0
0
0
0
0
0
0
0
0
0
0
0
0
0
0
0
0
0
0
0
0
0
0
0
0
0
0
0
0
0
0
0
0
0
7.81826333665493e-10
1.56365266733099e-09
2.34547900099648e-09
1.56365266733099e-09
7.81826333665493e-10
0
0
0
0
0
0
0
0
0
0
0
3.12730533466197e-09
2.26729636762993e-08
9.53828127071901e-08
2.19693199760003e-07
2.68948258780929e-07
1.69656314405412e-07
5.31641906892535e-08
8.60008967032042e-09
7.81826333665493e-10
0
0
0
0
0
0
0
0
0
9.69464653745211e-08
7.56807890988197e-07
3.18203317801855e-06
7.29365786676538e-06
8.92689307779259e-06
5.62836777605788e-06
1.77787308275533e-06
2.90057569789898e-07
3.75276640159436e-08
9.38191600398591e-09
2.34547900099648e-09
0
0
0
0
0
0
0
1.05468372411475e-06
8.03326557841294e-06
3.35559862409229e-05
7.67730004869504e-05
9.39215792895693e-05
5.9265563397179e-05
1.89233245800396e-05
3.42909029945685e-06
7.43516843315883e-07
2.75202869450253e-07
7.27098490308908e-08
1.01637423376514e-08
7.81826333665493e-10
0
0
0
0
0
5.1952359872072e-06
3.45238872420008e-05
0.000137853182804567
0.000311062897896489
0.0003791146256314
0.000239387405105037
7.78073567263898e-05
1.65809728843778e-05
5.69951397242144e-06
2.57689959576146e-06
7.32571274644567e-07
1.13364818381496e-07
9.38191600398591e-09
7.81826333665493e-10
0
0
0
0
1.49102100093346e-05
6.82667299766698e-05
0.000228090014583571
0.000482946635526513
0.000577683659682096
0.000364209888406401
0.00012387881891663
3.99216162496274e-05
2.81574754069627e-05
1.76161109501509e-05
6.26086527999326e-06
1.22590369118749e-06
1.32910476723134e-07
7.81826333665493e-09
0
0
0
0
2.23500694004954e-05
6.68625698814066e-05
0.000149037208507652
0.000252130392517451
0.000278416957507952
0.000176792825179111
9.03400328550477e-05
0.00011426782779688
0.000154906378794479
0.000114849506589127
4.46899750586532e-05
9.36940678264726e-06
1.07422938245639e-06
6.64552383615669e-08
1.56365266733099e-09
0
0
0
1.48593912976464e-05
3.65808723258747e-05
5.53454861601802e-05
5.82781167377595e-05
4.72950204024266e-05
3.93626104210566e-05
0.000100836833210841
0.000288052967070379
0.000434037925571401
0.000329725092481084
0.000129864481327173
2.74421043116588e-05
3.16326934601058e-06
1.96238409750039e-07
5.47278433565845e-09
0
0
0
5.7049867567571e-06
1.98114792950836e-05
4.52521081925587e-05
6.27165448339785e-05
5.14097723965081e-05
3.96409405958415e-05
0.000112435226870768
0.000331223071736387
0.000502828479191627
0.000383230941278149
0.000151196612841236
3.19821698312543e-05
3.68865664223379e-06
2.28293289430324e-07
6.25461066932394e-09
0
0
0
4.71519461833659e-06
3.0405226116251e-05
0.000104199468271936
0.00019191960108287
0.000195376055304006
0.000116901018888665
7.83171074959397e-05
0.000143004636517089
0.000209561512302032
0.000159437844224404
6.29104377647275e-05
1.33090296779877e-05
1.53472509298536e-06
9.53828127071901e-08
3.12730533466197e-09
0
0
0
4.63623015863637e-06
3.45926879593634e-05
0.00013782816436189
0.000300906973822174
0.000359682332108144
0.000231486268177014
8.36679269235464e-05
3.09407771548119e-05
2.69823904274635e-05
1.95933497479909e-05
7.70411669193976e-06
1.62932607935889e-06
1.87638320079718e-07
1.17273950049824e-08
0
0
0
0
2.13751319624146e-06
1.84049737208194e-05
8.66935948348318e-05
0.000220858120997165
0.000295943940256065
0.000204349076135484
7.28724689082932e-05
1.41815478663584e-05
2.24696888295463e-06
7.31789448310901e-07
2.58784516443278e-07
5.3946017022919e-08
6.25461066932394e-09
0
0
0
0
0
4.19840741178369e-07
4.42513704854669e-06
2.46939847488246e-05
7.06458275100139e-05
0.000101433366703427
7.28482322919496e-05
2.65891317816297e-05
5.1295625751793e-06
5.86369750249119e-07
6.41097593605704e-08
1.09455686713169e-08
1.56365266733099e-09
0
0
0
0
0
0
3.44003586812817e-08
4.24531699180362e-07
2.60426351743976e-06
7.85031821633521e-06
1.15843207859216e-05
8.44528805625465e-06
3.12183255032631e-06
6.27024719599725e-07
9.06918547051971e-08
1.79820056743063e-08
3.90913166832746e-09
7.81826333665493e-10
0
0
0
0
0
0
7.81826333665493e-10
1.25092213386479e-08
8.13099387012112e-08
2.49402600439292e-07
3.71367508491109e-07
2.72075564115591e-07
1.0241924971018e-07
2.34547900099648e-08
5.47278433565845e-09
2.34547900099648e-09
7.81826333665493e-10
0
0
0
0
0
0
0
0
0
7.81826333665493e-10
2.34547900099648e-09
3.12730533466197e-09
2.34547900099648e-09
7.81826333665493e-10
0
0
0
0
0
0
0
0
0
0
0
0
0
0
0
0
0
0
0
0
0
0
0
0
0
0
0
0
0
0
0
0
0
0
0
0
0
0
0
0
0
0
0
0
0
0
0
0
0
7.81826333665493e-10
7.81826333665493e-10
1.56365266733099e-09
7.81826333665493e-10
0
0
0
0
0
0
0
0
0
0
0
0
1.56365266733099e-09
1.17273950049824e-08
5.0818711688257e-08
1.15710297382493e-07
1.41510566393454e-07
8.91282020378662e-08
2.81457480119577e-08
4.69095800199296e-09
0
0
0
0
0
0
0
0
0
0
5.0818711688257e-08
3.99513256503067e-07
1.68014479104714e-06
3.85127651963622e-06
4.71441279200292e-06
2.97094006792887e-06
9.33500642396598e-07
1.43856045394451e-07
1.17273950049824e-08
7.81826333665493e-10
0
0
0
0
0
0
0
0
5.40241996562855e-07
4.20466202245302e-06
1.76755297515095e-05
4.05150224368795e-05
4.95842079073992e-05
3.12488167302761e-05
9.8330297985109e-06
1.53628874565269e-06
1.40728740059789e-07
1.95456583416373e-08
4.69095800199296e-09
7.81826333665493e-10
0
0
0
0
0
0
2.23836879328431e-06
1.70836872169247e-05
7.14041990536694e-05
0.000163393103646418
0.000199877029506918
0.000125982713580524
3.97855784675696e-05
6.57828677146145e-06
1.0875204301287e-06
4.47986489190327e-07
1.57147093066764e-07
3.12730533466197e-08
3.12730533466197e-09
0
0
0
0
0
3.8403309509649e-06
2.6880753004087e-05
0.00010930010327277
0.000248032058876377
0.000302734883790284
0.000191125265527866
6.30081660564357e-05
1.85199021918682e-05
1.45794974701941e-05
1.04952367031256e-05
4.10146094640917e-06
8.63136272366704e-07
9.92919443755175e-08
6.25461066932394e-09
0
0
0
0
2.77939261618083e-06
1.47866814486155e-05
5.37177237334887e-05
0.000117413115137216
0.000142009371594333
9.29286598458141e-05
5.32087547902724e-05
8.26632800847862e-05
0.000119509191537774
9.08192923975846e-05
3.58139006925489e-05
7.57355169421763e-06
8.73300014704355e-07
5.3946017022919e-08
1.56365266733099e-09
0
0
0
1.13443001014863e-06
3.74651179092504e-06
9.36315217197794e-06
1.69257582975242e-05
1.9773169804734e-05
2.31045318124826e-05
7.79738857354606e-05
0.000232150820560629
0.000352983644081299
0.000269191406770699
0.000106233780392133
2.24743797875482e-05
2.59253612243477e-06
1.60274398401426e-07
4.69095800199296e-09
0
0
0
4.62841189529972e-07
1.91938364914878e-06
5.06701646848606e-06
7.78855393597564e-06
7.68691651259912e-06
1.67185743191029e-05
8.76278773035621e-05
0.000270304727469839
0.000411830148563633
0.000314137039040461
0.00012398123816634
2.62302734944773e-05
3.02566791128546e-06
1.87638320079718e-07
5.47278433565845e-09
0
0
0
5.46496607232179e-07
3.6839656842318e-06
1.3104973004901e-05
2.52037355183745e-05
2.72153746748958e-05
2.14150051054315e-05
4.12124115265091e-05
0.000113339018112485
0.000171474842457518
0.000130740908647212
5.15989743692552e-05
1.09166410969713e-05
1.25952222353511e-06
7.81826333665493e-08
2.34547900099648e-09
0
0
0
5.6369678657282e-07
4.39699130053473e-06
1.85738482088911e-05
4.3063776284629e-05
5.4130528037664e-05
3.66543640012393e-05
1.69789224882135e-05
1.60938950785042e-05
2.12117302586785e-05
1.60133669661366e-05
6.31559312334985e-06
1.33614120423433e-06
1.54019787732102e-07
9.38191600398591e-09
0
0
0
0
2.79112001118581e-07
2.5940997751021e-06
1.31346824055803e-05
3.5315877318004e-05
4.89743833671401e-05
3.45582876006821e-05
1.2618677025361e-05
2.81692028019677e-06
9.28809684394605e-07
5.36332864894528e-07
2.0640215208769e-07
4.37822746852676e-08
4.69095800199296e-09
0
0
0
0
0
6.33279330269049e-08
7.16152921637591e-07
4.18746184311238e-06
1.23020373602265e-05
1.79194595676131e-05
1.29728443545115e-05
4.75663141402086e-06
9.15518636722292e-07
1.00855597042849e-07
1.01637423376514e-08
1.56365266733099e-09
0
0
0
0
0
0
0
6.25461066932394e-09
7.50553280318873e-08
4.65968494864634e-07
1.41666931660187e-06
2.09920370589185e-06
1.53316144031803e-06
5.65260439240151e-07
1.08673860379503e-07
1.17273950049824e-08
7.81826333665493e-10
0
0
0
0
0
0
0
0
0
2.34547900099648e-09
1.48547003396444e-08
4.53459273525986e-08
6.80188910288978e-08
4.9255059020926e-08
1.79820056743063e-08
3.90913166832746e-09
7.81826333665493e-10
0
0
0
0
0
0
0
0
0
0
0
0
0
7.81826333665493e-10
7.81826333665493e-10
0
0
0
0
0
0
0
0
0
0
0
0
0
0
0
0
0
0
0
0
0
0
0
0
0
0
0
0
0
0
0
0
0
0
0
0
0
0
0
0
0
0
0
0
0
0
0
0
0
0
0
0
0
0
0
0
0
0
0
0
0
0
0
0
0
0
0
2.34547900099648e-09
9.38191600398591e-09
2.18911373426338e-08
2.65820953446267e-08
1.64183530069753e-08
5.47278433565845e-09
7.81826333665493e-10
0
0
0
0
0
0
0
0
0
0
9.38191600398591e-09
7.50553280318873e-08
3.15857838800859e-07
7.23189358640581e-07
8.85809236043003e-07
5.58224002237162e-07
1.7512909874107e-07
2.65820953446267e-08
2.34547900099648e-09
0
0
0
0
0
0
0
0
0
1.00855597042849e-07
7.88862770668482e-07
3.31963461274368e-06
7.61029753189991e-06
9.31389711295701e-06
5.86917028682685e-06
1.8443283211169e-06
2.84584785454239e-07
2.26729636762993e-08
2.34547900099648e-09
7.81826333665493e-10
0
0
0
0
0
0
0
4.08895172507053e-07
3.18281500435222e-06
1.33809577006849e-05
3.06733925486983e-05
3.75401732372823e-05
2.36604103357188e-05
7.46722331283912e-06
1.2462311758628e-06
2.44711642437299e-07
1.24310387052813e-07
4.7691406353595e-08
1.01637423376514e-08
7.81826333665493e-10
0
0
0
0
0
6.28588372267056e-07
4.83872317905573e-06
2.02758841372809e-05
4.64318841300599e-05
5.68223561044743e-05
3.5956193085276e-05
1.22801462228839e-05
4.94036060243225e-06
5.02323419380079e-06
3.73634804858739e-06
1.47217898629212e-06
3.11166880798866e-07
3.59640113486127e-08
2.34547900099648e-09
0
0
0
0
3.14294186133528e-07
2.30560585797954e-06
9.51560830704271e-06
2.16948989328838e-05
2.66102410926387e-05
1.81094433666938e-05
1.43637134021024e-05
2.92105954784101e-05
4.33577429860872e-05
3.30290352920324e-05
1.30346086348711e-05
2.75750147883819e-06
3.18203317801855e-07
1.95456583416373e-08
7.81826333665493e-10
0
0
0
5.78551486912464e-08
3.36967149809827e-07
1.27515875020842e-06
2.82473854353342e-06
3.70820230057543e-06
6.32497503935383e-06
2.7738416492118e-05
8.44489714308782e-05
0.000128585413445296
9.8082459037337e-05
3.87105672587795e-05
8.18963084514603e-06
9.44446211067915e-07
5.86369750249119e-08
1.56365266733099e-09
0
0
0
1.72001793406408e-08
8.91282020378662e-08
2.72075564115591e-07
4.74568584534954e-07
7.97462860338802e-07
5.12565344351097e-06
3.16624028607851e-05
9.84592993301638e-05
0.000150077037531427
0.000114482048212304
4.51833074751961e-05
9.55939058172798e-06
1.10237513046834e-06
6.80188910288978e-08
2.34547900099648e-09
0
0
0
2.73639216782922e-08
1.91547451748046e-07
6.98170915963285e-07
1.38226895792059e-06
1.65669000103718e-06
2.94826710425257e-06
1.34505402443811e-05
4.10271186854304e-05
6.24647967545382e-05
4.76460604262424e-05
1.88044869773224e-05
3.97871421202369e-06
4.58932057861644e-07
2.81457480119577e-08
7.81826333665493e-10
0
0
0
2.97094006792887e-08
2.36111552766979e-07
1.03044710777112e-06
2.46978938804929e-06
3.19610605202453e-06
2.3994250180194e-06
2.36971561734011e-06
5.15770832319125e-06
7.65877076458716e-06
5.83242444914457e-06
2.30169672631121e-06
4.87077805873602e-07
5.62914960239155e-08
3.12730533466197e-09
0
0
0
0
1.48547003396444e-08
1.47765177062778e-07
7.74789896662503e-07
2.13438589090679e-06
3.00377677394282e-06
2.14454963324445e-06
8.28735913685422e-07
3.11948707132532e-07
2.65039127112602e-07
1.91547451748046e-07
7.50553280318873e-08
1.56365266733099e-08
1.56365266733099e-09
0
0
0
0
0
3.90913166832746e-09
4.37822746852676e-08
2.59566342776944e-07
7.7009893866051e-07
1.12739357314564e-06
8.18572171347771e-07
3.01003138461215e-07
5.94188013585774e-08
7.81826333665493e-09
1.56365266733099e-09
7.81826333665493e-10
0
0
0
0
0
0
0
0
4.69095800199296e-09
2.97094006792887e-08
8.99100283715317e-08
1.33692303056799e-07
9.77282917081866e-08
3.59640113486127e-08
7.03643700298943e-09
7.81826333665493e-10
0
0
0
0
0
0
0
0
0
0
0
7.81826333665493e-10
3.12730533466197e-09
4.69095800199296e-09
3.12730533466197e-09
7.81826333665493e-10
0
0
0
0
0
0
0
0
0
0
0
0
0
0
0
0
0
0
0
0
0
0
0
0
0
0
0
0
0
0
0
0
0
0
0
0
0
0
0
0
0
0
0
0
0
0
0
0
0
0
0
0
0
0
0
0
0
0
0
0
0
0
0
0
0
0
