0
0
0
0
0
0
0
0
0
0
0
0
0
0
0
0
0
0
0
0
0
0
0
0
0
0
0
0
0
0
0
0
0
0
0
0
0
0
0
3.99004400708114e-10
0
0
0
0
0
0
0
0
0
0
0
0
0
0
0
0
3.99004400708114e-10
2.7930308049568e-09
1.59601760283246e-09
3.99004400708114e-10
0
0
0
0
0
0
0
0
0
0
0
0
0
0
1.19701320212434e-09
6.38407041132983e-09
3.99004400708114e-09
3.99004400708114e-10
0
0
0
0
0
0
0
0
0
0
0
0
0
0
7.98008801416229e-10
4.78805280849737e-09
2.7930308049568e-09
3.99004400708114e-10
0
0
0
0
0
0
0
0
0
0
0
0
0
0
3.99004400708114e-10
1.19701320212434e-09
7.98008801416229e-10
0
0
0
0
0
0
0
0
0
0
0
0
0
0
0
0
0
0
0
0
0
0
0
0
0
0
0
0
0
0
0
0
0
0
0
0
0
0
0
0
0
0
0
0
0
0
0
0
0
0
0
0
0
0
0
0
0
0
0
0
0
0
0
0
0
0
0
0
0
0
0
0
0
0
0
0
0
0
0
0
0
0
0
0
0
0
0
0
0
0
0
0
0
0
0
0
0
0
0
0
0
0
0
0
0
0
0
0
0
0
0
0
0
0
0
0
0
0
0
0
0
0
0
0
0
0
0
0
0
0
0
0
0
0
0
0
0
0
0
0
0
0
0
0
0
0
0
0
0
0
0
0
0
0
0
0
0
0
0
0
0
0
0
0
0
0
0
0
0
0
0
0
0
0
0
0
0
0
0
0
0
0
0
0
0
0
0
0
0
0
0
0
0
0
0
0
0
0
0
0
0
0
0
0
0
0
0
0
0
0
0
0
0
0
0
0
0
0
0
0
0
0
0
0
0
0
0
0
0
0
0
3.99004400708114e-10
1.19701320212434e-09
7.98008801416229e-10
0
0
0
0
0
0
0
0
0
0
0
0
0
0
0
7.98008801416229e-09
4.34914796771845e-08
2.67332948474437e-08
4.78805280849737e-09
3.99004400708114e-10
0
3.99004400708114e-10
0
0
0
0
0
0
0
0
0
0
7.98008801416229e-10
7.38158141310012e-08
3.96610374303866e-07
2.4339268443195e-07
3.71074092658546e-08
1.19701320212434e-09
7.98008801416229e-10
1.19701320212434e-09
3.99004400708114e-10
0
0
0
0
0
0
0
0
0
1.59601760283246e-09
1.7356691430803e-07
9.33271293256279e-07
5.72970319416852e-07
8.45889329501202e-08
2.7930308049568e-09
1.59601760283246e-09
7.98008801416229e-10
0
0
0
0
0
0
0
0
0
0
1.19701320212434e-09
1.27681408226597e-07
6.88282591221497e-07
4.22944664750601e-07
6.2643690911174e-08
5.18705720920549e-09
2.39402640424869e-09
3.99004400708114e-10
0
0
0
0
0
0
0
0
0
0
3.99004400708114e-10
3.63094004644384e-08
1.9471414754556e-07
1.20898333414559e-07
1.91522112339895e-08
9.17710121628663e-09
4.38904840778926e-09
3.99004400708114e-10
0
0
0
0
0
0
0
0
0
0
0
3.59103960637303e-09
1.95512156346976e-08
1.23691364219515e-08
3.19203520566491e-09
7.18207921274606e-09
3.59103960637303e-09
3.99004400708114e-10
0
0
0
0
0
0
0
0
0
0
0
0
7.98008801416229e-10
3.99004400708114e-10
3.99004400708114e-10
2.39402640424869e-09
1.19701320212434e-09
0
0
0
0
0
0
0
0
0
0
0
0
0
0
0
0
3.99004400708114e-10
0
0
0
0
0
0
0
0
0
0
0
0
0
0
0
0
0
0
0
0
0
0
0
0
0
0
0
0
0
0
0
0
0
0
0
0
0
0
0
0
0
0
0
0
0
0
0
0
0
0
0
0
0
0
0
0
0
0
0
0
0
0
0
0
0
0
0
0
0
0
0
0
0
0
0
0
0
0
0
0
0
0
0
0
0
0
0
0
0
0
0
0
0
0
0
0
0
0
0
0
0
0
0
0
0
0
0
0
0
0
0
0
0
0
0
0
0
0
0
0
0
0
0
0
0
0
0
0
0
0
0
0
0
0
0
0
0
0
0
0
0
0
0
0
0
0
0
0
0
0
0
0
0
0
0
0
0
0
0
3.99004400708114e-10
1.59601760283246e-09
1.99502200354057e-09
3.99004400708114e-10
3.99004400708114e-10
0
0
0
0
0
0
0
0
0
0
0
4.38904840778926e-09
2.4339268443195e-08
1.99502200354057e-08
1.95512156346976e-08
1.19701320212434e-08
4.78805280849737e-09
9.97511001770286e-09
1.99502200354057e-09
0
0
0
0
0
0
0
0
0
1.59601760283246e-09
1.6917786590024e-07
9.11725055618041e-07
5.91324521849425e-07
2.0947731037176e-07
5.30675852941792e-08
3.35163696594816e-08
8.0199884542331e-08
1.67581848297408e-08
3.99004400708114e-10
0
0
0
0
0
0
0
0
1.27681408226597e-08
1.54454603514111e-06
8.3152517107571e-06
5.18147114759557e-06
1.07571586430908e-06
1.83542024325733e-07
1.27282403825888e-07
1.71571892304489e-07
3.39153740601897e-08
7.98008801416229e-10
0
0
0
0
0
0
0
0
3.07233388545248e-08
3.65966836329482e-06
1.97008422849631e-05
1.22107316748704e-05
2.11113228414663e-06
3.53118894626681e-07
2.31422552410706e-07
1.10923223396856e-07
1.67581848297408e-08
3.99004400708114e-10
0
0
0
0
0
0
0
0
2.39402640424869e-08
2.76789352771219e-06
1.49091984368594e-05
9.3478750997897e-06
1.6031996820452e-06
7.01050732044157e-07
3.66286039850049e-07
5.90526513048009e-08
2.39402640424869e-09
0
0
0
0
0
0
0
0
0
9.17710121628663e-09
8.61849505529527e-07
4.63603213182758e-06
3.05158565661566e-06
7.42547189717801e-07
1.35182690959909e-06
6.40003058735815e-07
8.0199884542331e-08
7.98008801416229e-10
0
0
0
0
0
0
0
0
3.99004400708114e-10
4.38904840778926e-09
1.22893355418099e-07
6.32820979523069e-07
4.83194329257526e-07
3.05637370942416e-07
1.09566608434448e-06
5.11922646108511e-07
6.30426953118821e-08
3.99004400708114e-10
0
0
0
0
0
0
0
0
3.99004400708114e-10
3.59103960637303e-09
1.43641584254921e-08
4.86785368863899e-08
5.9451655705509e-08
9.33670297656988e-08
3.47133828616059e-07
1.6079877348537e-07
1.99502200354057e-08
0
0
0
0
0
0
0
0
0
3.99004400708114e-10
1.99502200354057e-09
6.78307481203794e-09
8.3790924148704e-09
1.71571892304489e-08
1.83542024325733e-08
3.59103960637303e-08
1.59601760283246e-08
1.99502200354057e-09
0
0
0
0
0
0
0
0
0
0
7.98008801416229e-10
3.19203520566491e-09
3.19203520566491e-09
9.17710121628663e-09
5.98506601062172e-09
1.59601760283246e-09
3.99004400708114e-10
0
0
0
0
0
0
0
0
0
0
0
0
7.98008801416229e-10
1.19701320212434e-09
4.38904840778926e-09
2.39402640424869e-09
3.99004400708114e-10
0
0
0
0
0
0
0
0
0
0
0
0
0
0
0
7.98008801416229e-10
3.99004400708114e-10
0
0
0
0
0
0
0
0
0
0
0
0
0
0
0
0
0
0
0
0
0
0
0
0
0
0
0
0
0
0
0
0
0
0
0
0
0
0
0
0
0
0
0
0
0
0
0
0
0
0
0
0
0
0
0
0
0
0
0
0
0
0
0
0
0
0
0
0
0
0
0
0
0
0
0
0
0
0
0
0
0
0
0
0
0
0
0
0
0
0
0
0
0
0
0
0
0
0
0
0
0
0
0
0
0
5.98506601062172e-09
4.98755500885143e-08
1.74364923109446e-07
2.99652304931794e-07
7.06237789253362e-08
3.59103960637303e-08
6.78307481203794e-09
0
0
0
0
0
0
0
0
0
0
1.67581848297408e-08
1.42045566652089e-07
4.77209263246905e-07
1.10763621636573e-06
1.40688951689681e-06
4.87982382066024e-07
5.66586249005522e-07
1.13317249801104e-07
1.59601760283246e-09
0
0
0
0
0
0
0
0
5.98506601062172e-09
6.28032926714572e-07
3.51921881424557e-06
3.70954391338334e-06
5.16670798476937e-06
3.69996780776634e-06
2.1586138078309e-06
3.42664979328129e-06
6.90676617625746e-07
1.27681408226597e-08
0
0
0
0
0
0
0
0
5.9451655705509e-08
5.79633692908678e-06
3.11869819681476e-05
2.24583616982569e-05
1.43869016763325e-05
7.62258007112782e-06
5.43324292444239e-06
6.6282611045632e-06
1.28718819668438e-06
2.55362816453193e-08
0
0
0
0
0
0
0
3.99004400708114e-10
1.77157953914403e-07
1.4414831984382e-05
7.66323861955997e-05
5.18374547267961e-05
2.0440596443876e-05
1.16553175490847e-05
7.35883816225975e-06
3.91981923255651e-06
6.28032926714572e-07
1.27681408226597e-08
0
0
0
0
0
0
0
2.39402640424869e-09
2.7092398808081e-07
1.29524808557868e-05
6.65447569368972e-05
4.68941892064233e-05
1.65546925853797e-05
1.83059229000876e-05
9.35705220100599e-06
1.62514492408415e-06
9.01749945600338e-08
1.99502200354057e-09
0
0
0
0
0
0
0
1.23691364219515e-08
3.67882057452881e-07
6.6382362145809e-06
2.98511152345769e-05
2.42877968755036e-05
1.35142790519838e-05
3.16757623590151e-05
1.49766301805791e-05
1.9080390441862e-06
1.99502200354057e-08
3.99004400708114e-10
0
0
0
0
0
0
3.99004400708114e-10
4.66835148828494e-08
5.01149527289392e-07
2.75951443529732e-06
8.53829517075294e-06
9.61520804826414e-06
9.39854865867963e-06
2.48120886580341e-05
1.15878858053651e-05
1.45317402737895e-06
1.19701320212434e-08
0
0
0
0
0
0
0
3.99004400708114e-10
7.14217877267525e-08
5.40251958558787e-07
1.34105379077997e-06
2.54923911612414e-06
4.8483024730043e-06
4.87663178545457e-06
7.95814277212334e-06
3.56590232912842e-06
4.46884928793088e-07
3.59103960637303e-09
0
0
0
0
0
0
0
3.99004400708114e-10
3.35163696594816e-08
3.25188586577113e-07
9.71974720124967e-07
1.15870877965636e-06
2.42794177830888e-06
1.86734059531398e-06
1.00229905457878e-06
3.53517899027389e-07
4.38904840778926e-08
3.99004400708114e-10
0
0
0
0
0
0
0
0
5.18705720920549e-09
1.15312271804645e-07
5.00750522888683e-07
5.09528619704262e-07
1.37776219564512e-06
8.55465435118197e-07
1.44838597457046e-07
1.0374114418411e-08
1.19701320212434e-09
0
0
0
0
0
0
0
0
0
7.98008801416229e-10
2.47382728439031e-08
1.18903311411018e-07
1.671828438967e-07
6.26835913512448e-07
3.71473097059254e-07
5.34665896948873e-08
7.98008801416229e-10
0
0
0
0
0
0
0
0
0
0
0
1.99502200354057e-09
1.0374114418411e-08
2.55362816453193e-08
1.15312271804645e-07
6.82297525210876e-08
9.57610561699474e-09
0
0
0
0
0
0
0
0
0
0
0
0
0
3.99004400708114e-10
1.59601760283246e-09
8.3790924148704e-09
4.78805280849737e-09
7.98008801416229e-10
0
0
0
0
0
0
0
0
0
0
0
0
0
0
0
0
0
0
0
0
0
0
0
0
0
0
0
0
0
0
0
0
0
0
0
0
0
0
0
0
0
0
0
0
0
0
0
0
0
0
0
0
0
0
0
0
0
0
0
0
0
0
0
0
0
0
0
0
0
0
0
0
0
0
0
0
0
0
0
0
0
0
0
0
0
1.99502200354057e-09
1.25686386223056e-07
1.05137659586588e-06
3.53677500787673e-06
6.24441887108199e-06
1.50504459947101e-06
7.27784026891601e-07
1.38853531446424e-07
1.59601760283246e-09
0
0
0
0
0
0
0
0
1.99502200354057e-09
4.66835148828494e-08
1.32309859274811e-06
8.33998998360101e-06
1.89566990776425e-05
2.85647250466939e-05
9.9966562553411e-06
9.55615539695934e-06
1.85457245449132e-06
2.47382728439031e-08
0
0
0
0
0
0
0
3.99004400708114e-10
4.94765456878062e-08
1.13476851561388e-06
8.34557604521092e-06
2.95115624895743e-05
6.26241396955393e-05
6.59793677010938e-05
3.83634751192838e-05
4.80892073865441e-05
9.39775064987822e-06
1.60399769084662e-07
7.98008801416229e-10
0
0
0
0
0
0
3.59103960637303e-09
4.80800302853278e-07
1.04535162941519e-05
5.0912163521554e-05
7.64576222680896e-05
0.000137574323337754
0.000105402199504258
7.63331328950687e-05
8.46938711075065e-05
1.61832194883204e-05
3.08829406148081e-07
1.59601760283246e-09
0
0
0
0
0
0
1.47631628262002e-08
1.88569479774655e-06
3.17814985252027e-05
0.000135180695937906
0.000143001980200586
0.000181350293152643
0.000132787068538058
7.76757827034515e-05
4.65454593602044e-05
7.91624731004899e-06
1.73965918708738e-07
7.98008801416229e-10
0
0
0
0
0
0
5.30675852941792e-08
4.30924752764763e-06
4.6603314998307e-05
0.00015793072985308
0.000156962346172562
0.00015310157959131
0.000146899854191104
6.97244230061402e-05
1.49949843830116e-05
1.50823663467667e-06
6.82297525210876e-08
3.99004400708114e-10
0
0
0
0
0
1.99502200354057e-09
2.87283168509842e-07
7.53120806336566e-06
4.85344962977343e-05
0.000110591650739867
0.000124671718032055
0.000135225783435186
0.00018844299537963
8.77298955924945e-05
1.2290532555012e-05
3.80650198275541e-07
2.47382728439031e-08
0
0
0
0
0
0
8.77809681557851e-09
1.08289794352182e-06
1.13680343805749e-05
4.05923137016393e-05
6.63747810621955e-05
0.000105597312656204
0.000110546563242587
0.000130628853734627
6.02077690448509e-05
8.03594863026142e-06
1.01746122180569e-07
2.7930308049568e-09
0
0
0
0
0
0
1.3965154024784e-08
1.69696571621161e-06
1.2748589607025e-05
2.92705638315466e-05
4.57773758888413e-05
9.35401976756061e-05
7.94505542778011e-05
4.4433928071657e-05
1.71819275032928e-05
2.27512309283767e-06
2.07482288368219e-08
0
0
0
0
0
0
0
7.18207921274606e-09
8.84193751969181e-07
8.04352971387488e-06
2.24647457686683e-05
2.60593764146477e-05
5.19571560470085e-05
3.79165901904907e-05
9.485531618034e-06
1.83581924765803e-06
2.28230517205041e-07
1.99502200354057e-09
0
0
0
0
0
0
0
1.59601760283246e-09
2.31023548009998e-07
3.18285810444863e-06
1.16593075930918e-05
1.20515289189879e-05
2.97090696679248e-05
1.82045757823077e-05
3.00290711972927e-06
1.51222667868375e-07
1.27681408226597e-08
0
0
0
0
0
0
0
0
3.99004400708114e-10
5.5860616099136e-08
7.72871524171617e-07
2.82375414381133e-06
3.93498139978342e-06
1.33163728692326e-05
7.81729421867338e-06
1.17347194248256e-06
3.03243344538167e-08
1.99502200354057e-09
0
0
0
0
0
0
0
0
0
5.5860616099136e-09
7.18207921274606e-08
2.52170781247528e-07
5.7975339422889e-07
2.42674476510675e-06
1.42683973693222e-06
2.07482288368219e-07
3.59103960637303e-09
0
0
0
0
0
0
0
0
0
0
0
1.99502200354057e-09
6.38407041132983e-09
3.55113916630222e-08
1.7356691430803e-07
1.02544130981985e-07
1.47631628262002e-08
0
0
0
0
0
0
0
0
0
0
0
0
0
0
7.98008801416229e-10
3.99004400708114e-09
2.39402640424869e-09
3.99004400708114e-10
0
0
0
0
0
0
0
0
0
0
0
0
0
0
0
0
0
0
0
0
0
0
0
0
0
0
0
0
0
0
0
0
0
0
0
0
0
0
0
0
0
0
0
0
0
0
0
0
0
0
0
0
0
0
0
0
0
0
0
0
0
0
0
0
0
0
3.99004400708114e-10
2.35412596417787e-08
6.80302503207335e-07
4.63164308341979e-06
1.33502882432928e-05
2.37116345208811e-05
6.66058046102055e-06
3.64610221367075e-06
6.72721419593881e-07
6.38407041132983e-09
0
0
0
0
0
0
0
3.99004400708114e-10
2.75313036488599e-08
4.18555616342812e-07
7.13818872866817e-06
3.89416324959098e-05
7.35704264245657e-05
0.000110097683291791
4.69348876552955e-05
4.17270822172532e-05
7.76143360257424e-06
8.77809681557851e-08
3.99004400708114e-10
0
0
0
0
0
0
4.78805280849737e-09
5.96511579058631e-07
5.85499057599087e-06
3.44404638515216e-05
0.00013380253473786
0.000230895866601772
0.000250449077258473
0.000165895256695615
0.000172956836579347
3.2271874933673e-05
4.74416232441948e-07
1.99502200354057e-09
0
0
0
0
0
0
3.95014356701033e-08
4.91772923872751e-06
4.47567226318299e-05
0.00014813158077609
0.00029010492763165
0.000466251804394659
0.000362693404226073
0.000285373134443653
0.000273091379985456
5.03499663209562e-05
9.1411908202229e-07
4.38904840778926e-09
0
0
0
0
0
0
1.2688339942518e-07
1.52575292786776e-05
0.000130144462392168
0.000360788956221493
0.000481530480906574
0.000629730690439585
0.000437019943989981
0.000258665774882255
0.000157738409731939
2.86181916363888e-05
9.54817530894518e-07
6.38407041132983e-09
0
0
0
0
0
1.19701320212434e-09
3.196025249672e-07
2.61922448800835e-05
0.000190002703581998
0.00042341748496544
0.00053481033654193
0.000637738309757396
0.00049083167249148
0.000227788420329057
7.4943799571803e-05
1.42875495805562e-05
1.11481829557847e-06
8.77809681557851e-09
0
0
0
0
0
1.11721232198272e-08
1.57207733878997e-06
3.99028340972157e-05
0.000211518616885783
0.000323167629287527
0.000437945235195223
0.000584973967807755
0.000516777332651926
0.00023213437626157
4.97893651379613e-05
6.43594098342188e-06
5.13119659310635e-07
3.99004400708114e-09
0
0
0
0
0
4.78805280849737e-08
6.02297142868899e-06
6.24106723411604e-05
0.000207916006151789
0.00026744746273744
0.000405831765008631
0.000458473213602854
0.000319660779609703
0.000134595356482067
2.20956666980133e-05
1.25127780062065e-06
6.10476733083415e-08
3.99004400708114e-10
0
0
0
0
0
8.17959021451634e-08
1.00600979550537e-05
7.5213127542281e-05
0.000167471324078412
0.000217008518435126
0.000367332628393106
0.000332373059816264
0.000133569117163446
3.99175972600419e-05
5.67224656046655e-06
1.86335055130689e-07
2.7930308049568e-09
0
0
0
0
0
0
5.5860616099136e-08
6.88442192981781e-06
5.39609561473647e-05
0.000125545138665205
0.000137555969135321
0.000218375507511952
0.000164217044186236
5.13690235603648e-05
9.70139299881709e-06
1.11840933518484e-06
4.70825192835575e-08
3.99004400708114e-10
0
0
0
0
0
0
2.71322992481518e-08
3.35722302755807e-06
2.72272622955203e-05
6.59538314194485e-05
7.24045355656965e-05
0.000126207485970381
7.47622525694808e-05
1.99789483522567e-05
3.11143631672188e-06
2.80101089297096e-07
8.3790924148704e-09
0
0
0
0
0
0
0
8.77809681557851e-09
1.07970590831616e-06
7.99924022539628e-06
1.703948293224e-05
2.33238022433928e-05
5.27116733687476e-05
2.97437830507864e-05
6.25279796349686e-06
6.94267657232119e-07
5.50626072977198e-08
1.19701320212434e-09
0
0
0
0
0
0
0
7.98008801416229e-10
1.1212023659898e-07
7.94417761809856e-07
1.57806240480059e-06
3.00809417693847e-06
9.17390918108097e-06
5.26725709374782e-06
9.24892200841409e-07
6.34416997125902e-08
4.78805280849737e-09
0
0
0
0
0
0
0
0
0
2.7930308049568e-09
2.03492244361138e-08
4.02994444715195e-08
1.52020676669792e-07
6.37210027930859e-07
3.73468119062795e-07
5.74566337019685e-08
1.99502200354057e-09
0
0
0
0
0
0
0
0
0
0
0
0
3.99004400708114e-10
2.7930308049568e-09
1.43641584254921e-08
8.3790924148704e-09
1.19701320212434e-09
0
0
0
0
0
0
0
0
0
0
0
0
0
0
0
0
0
0
0
0
0
0
0
0
0
0
0
0
0
0
0
0
0
0
0
0
0
0
0
0
0
0
0
0
0
0
0
0
0
0
0
0
0
0
0
0
0
0
0
0
0
0
0
0
0
0
3.19203520566491e-09
1.86335055130689e-07
1.99542100794128e-06
9.31036868612314e-06
2.70030218223223e-05
4.80556910168846e-05
1.80026795555494e-05
9.08453219532235e-06
1.59561859843175e-06
2.91273212516923e-08
3.99004400708114e-10
0
0
0
0
0
0
7.98008801416229e-10
1.02544130981985e-07
2.41876467709259e-06
2.17533209222057e-05
8.48223505245345e-05
0.000164509913416356
0.000239790472702357
0.000136767935443922
8.93374843229475e-05
1.52124417813976e-05
2.05886270765387e-07
1.99502200354057e-09
0
0
0
0
0
0
1.51621672269083e-08
1.83063219044883e-06
2.06177543977904e-05
0.000108901069094067
0.000329821825678136
0.00051440166045011
0.000588954036704818
0.000442515830605334
0.000284840463568707
4.67022680896827e-05
6.32421975122361e-07
6.38407041132983e-09
3.99004400708114e-10
0
0
0
0
1.99502200354057e-09
1.29676430230137e-07
1.39707400863939e-05
0.000121080678425682
0.000390469297572567
0.000741765939101214
0.000909212923911183
0.000820157136695135
0.000671729893658121
0.000383398141583218
6.19290740295057e-05
1.32589162355306e-06
1.27681408226597e-08
3.99004400708114e-10
0
0
0
0
1.83542024325733e-08
4.91972426073105e-07
4.19704749016851e-05
0.000322523237180383
0.000813422740419984
0.0011655477150845
0.0011532615715779
0.000883284819944368
0.000612387565158406
0.000308860927495736
5.80535442854278e-05
3.13338155876082e-06
2.59352860460274e-08
3.99004400708114e-10
0
0
0
0
4.06984488722277e-08
1.04778555625951e-06
6.76930916021351e-05
0.000452961765815873
0.00090290027528758
0.00129904461245142
0.00140073686903789
0.00102985868754009
0.000616515664688132
0.000297705562460739
6.32968611151331e-05
4.57458545411853e-06
3.67084048651465e-08
0
0
0
0
0
4.02994444715195e-08
3.09946618470063e-06
9.19146537471212e-05
0.000501885690408698
0.000751876710615158
0.00105021748808182
0.00135633007326548
0.000971576912737461
0.000537199973897771
0.000222669592872372
3.93270707469939e-05
2.13826458339478e-06
1.67581848297408e-08
0
0
0
0
0
8.89779813579095e-08
1.09319225706009e-05
0.000133063977592149
0.000505972293480751
0.000642808857681595
0.000789193597191384
0.00096321457850742
0.000628909539382928
0.000292713219399079
9.01043707811085e-05
1.14933217623972e-05
3.0045031373321e-07
5.18705720920549e-09
3.99004400708114e-10
0
0
0
0
1.6079877348537e-07
1.97958053323317e-05
0.000161218127110514
0.000410122658333846
0.000475428506606544
0.000573243637431337
0.000625369173335445
0.000431952189096587
0.000151698281114019
3.22543187400418e-05
3.17128697682809e-06
4.14964576736439e-08
5.98506601062172e-09
7.98008801416229e-10
0
0
0
0
1.46833619460586e-07
1.79675671682871e-05
0.000130239026435136
0.000272356014874951
0.000305032081266541
0.000351998889273894
0.000319630056270848
0.000281980400024431
8.71505412026663e-05
1.43904927159389e-05
1.30753742112049e-06
1.67581848297408e-08
2.7930308049568e-09
3.99004400708114e-10
0
0
0
0
9.81550825741961e-08
1.1959757906825e-05
7.88939431388133e-05
0.000138352780923535
0.000176887029926322
0.000202171140790394
0.000135320347478153
0.000121706317325993
3.39883918655193e-05
4.61687992059359e-06
4.03393449115904e-07
4.78805280849737e-09
3.99004400708114e-10
0
0
0
0
0
3.43143784608978e-08
4.14286269255235e-06
2.55570298741561e-05
3.82960433755641e-05
5.77925954073647e-05
7.49322284441825e-05
4.44075937812103e-05
2.95929593873187e-05
7.06317590133504e-06
9.54019522093101e-07
1.03342139783402e-07
1.59601760283246e-09
0
0
0
0
0
0
3.59103960637303e-09
4.32919774768304e-07
2.61307982023744e-06
3.68919468894723e-06
6.61429595053841e-06
1.17582606844674e-05
7.05320079131734e-06
3.17567602523588e-06
6.39604054335107e-07
9.0573998960742e-08
1.19701320212434e-08
3.99004400708114e-10
0
0
0
0
0
0
0
1.11721232198272e-08
6.78307481203794e-08
9.45640429678231e-08
2.53766798850361e-07
7.54916326139752e-07
4.78406276449029e-07
1.4803063266271e-07
4.06984488722277e-08
6.78307481203794e-09
7.98008801416229e-10
0
0
0
0
0
0
0
0
0
3.99004400708114e-10
7.98008801416229e-10
3.59103960637303e-09
1.71571892304489e-08
1.3965154024784e-08
7.18207921274606e-09
8.77809681557851e-09
1.59601760283246e-09
0
0
0
0
0
0
0
0
0
0
0
0
0
0
3.99004400708114e-10
3.99004400708114e-10
7.98008801416229e-10
0
0
0
0
0
0
0
0
0
0
0
0
0
0
0
0
0
0
0
0
0
0
0
0
0
0
0
0
0
0
0
0
0
0
0
0
0
0
0
0
0
0
0
0
0
0
0
2.11472332375301e-08
1.00030403257524e-06
6.52292394277625e-06
1.66743939055921e-05
4.65438633426015e-05
8.12149517377324e-05
4.14816945108177e-05
1.95611907447153e-05
4.71264097676354e-06
4.88381386466732e-07
2.83293124502761e-08
1.19701320212434e-09
0
0
0
0
0
5.18705720920549e-09
4.05787475520152e-07
8.78368287718843e-06
5.31314259982925e-05
0.0001409247632905
0.0003130664338792
0.000456244774024899
0.000300000635773612
0.00015510218765646
3.1344987710828e-05
2.47981235040093e-06
1.95911160747684e-07
1.27681408226597e-08
0
0
0
0
1.59601760283246e-09
6.06486689076334e-08
3.63812212565659e-06
4.35872407333544e-05
0.000218845933700387
0.000592032355656282
0.00106360727776079
0.00133532688061661
0.000998325768756532
0.000467867373213126
8.27898221073274e-05
5.81509013592006e-06
6.32022970721653e-07
5.34665896948873e-08
3.99004400708114e-10
0
0
0
4.62845104821413e-08
5.52621094980738e-07
1.59190785750516e-05
0.000135001941966388
0.000521567380482427
0.00131241724494115
0.00191967082047565
0.00221835753475773
0.00170718860796215
0.000724529746999425
0.000129165704597231
9.93481057323134e-06
8.949668707883e-07
8.29929153472878e-08
7.98008801416229e-10
0
0
0
4.07383493122985e-07
3.73268616862441e-06
4.78685579529525e-05
0.000302032366182018
0.000837827046580494
0.00183342202921858
0.00225411231910518
0.0024369736419233
0.00183690374161916
0.000833636702364258
0.00017699276609251
1.52579282830783e-05
5.42645984963036e-07
3.79054180672709e-08
3.99004400708114e-10
0
0
0
8.69430589142981e-07
7.99644719459132e-06
9.36746621586447e-05
0.000523181752287692
0.00110140935368827
0.00208679540972984
0.00255668573525456
0.00236836842626115
0.00178156981132896
0.000857874224685272
0.000174174598010308
1.29421067413684e-05
2.92869230119756e-07
5.98506601062172e-09
0
0
0
0
4.84790346860359e-07
5.90805816128505e-06
0.00011884824880372
0.000688145333707654
0.00123475662440493
0.00191292565108168
0.00251032381791868
0.00203675068177543
0.00149660964644004
0.000678120747144263
0.000110462772318439
4.92930036634805e-06
1.84739037527857e-07
1.19701320212434e-08
0
0
0
0
1.14115258602521e-07
5.58406658791006e-06
0.000130950451281598
0.00068900518819118
0.00101581652566597
0.00128330708087869
0.0017400641765541
0.00145228743960058
0.000906425479167836
0.000347482159457878
4.66232652183425e-05
1.59881063363741e-06
4.89179395268148e-07
6.86287569217957e-08
3.99004400708114e-10
0
0
0
8.7381963755077e-08
1.05688285659565e-05
0.000131501077354575
0.000507996043801142
0.00063337360061805
0.000703566055786221
0.000997154690840454
0.00115106066330359
0.000553413916724945
0.000181248946034863
2.40966737675644e-05
1.8046969044028e-06
8.8658777837343e-07
1.27282403825888e-07
1.19701320212434e-09
0
0
0
1.26085390623764e-07
1.54682036022515e-05
0.000114046230841198
0.000259291812786966
0.000354674612785042
0.00041818254722815
0.000551992264045222
0.000822547572059778
0.000329875292267831
0.000102664231306599
1.51952845921671e-05
1.05616464867438e-06
4.19752629544936e-07
5.98506601062171e-08
3.99004400708114e-10
0
0
0
1.1212023659898e-07
1.35573715272603e-05
8.02908575456924e-05
0.000112100685383345
0.000204409555478366
0.000257246516228936
0.000279117543449351
0.000385903091210863
0.00012859592631302
4.46258491883976e-05
7.58547266186196e-06
2.90076199314799e-07
4.94765456878062e-08
6.78307481203794e-09
0
0
0
0
4.06984488722277e-08
4.91493620792255e-06
2.77100576203771e-05
3.28544213587068e-05
7.05383919835847e-05
9.87914945933256e-05
0.000100442574803456
0.00010633347577551
3.00661786065585e-05
1.30590150307759e-05
2.66335437472666e-06
1.10524218996148e-07
2.39402640424869e-09
0
0
0
0
0
4.38904840778926e-09
5.15912690115592e-07
2.88041276871188e-06
3.3093424994731e-06
8.47964152384885e-06
1.74273152097283e-05
1.9971766273044e-05
1.65925980034469e-05
6.70806198470482e-06
2.42115870349684e-06
5.24291782530462e-07
4.22944664750601e-08
3.99004400708114e-10
0
0
0
0
0
0
1.35661496240759e-08
7.50128273331255e-08
8.69829593543689e-08
3.54714912229514e-07
1.440804890957e-06
2.65856632191817e-06
2.79502582696034e-06
3.49248551939813e-06
7.58906370146833e-07
5.82546425033847e-08
5.98506601062172e-09
0
0
0
0
0
0
0
0
3.99004400708114e-10
7.98008801416229e-10
6.78307481203794e-09
1.14514263003229e-07
5.3745892775383e-07
7.56512343742585e-07
1.25127780062065e-06
2.41796666829117e-07
4.38904840778926e-09
3.99004400708114e-10
0
0
0
0
0
0
0
0
0
0
7.98008801416229e-10
1.19701320212434e-08
5.62596204998441e-08
7.98008801416229e-08
1.32469461035094e-07
2.51372772446112e-08
3.99004400708114e-10
0
0
0
0
0
0
0
0
0
0
0
7.98008801416229e-10
3.19203520566491e-09
2.39402640424869e-09
1.99502200354057e-09
3.59103960637303e-09
7.98008801416229e-10
0
0
0
0
0
0
0
0
0
0
0
0
3.99004400708114e-10
1.19701320212434e-09
3.99004400708114e-10
0
0
0
0
0
0
0
0
0
0
0
0
2.7930308049568e-09
1.73965918708738e-07
3.61378285721339e-06
2.12034928580299e-05
4.26547674488996e-05
4.36901838687371e-05
6.39707795479291e-05
6.46343238663067e-05
3.90900621329733e-05
1.60878574365512e-05
4.2043093702614e-06
5.37857932154538e-07
2.31422552410706e-08
0
0
0
0
3.99004400708114e-10
7.42148185317093e-08
2.2424047319796e-06
2.45922372332439e-05
0.000114010320445134
0.000245245660868838
0.000349822320268031
0.000470023193990152
0.000408424495604432
0.000245610749895486
8.71585212906805e-05
2.30317310220745e-05
3.80251193874833e-06
2.56958834056026e-07
1.99502200354057e-09
0
0
0
1.0374114418411e-08
6.7072639759034e-07
1.22019535780548e-05
8.67016612518697e-05
0.00033319939793013
0.00086150157369211
0.00145343218322621
0.00182150057573422
0.00145530750390954
0.000777515137387059
0.000225940630949378
5.94879651059735e-05
1.24884387377633e-05
1.08848400513174e-06
8.77809681557851e-09
0
0
0
2.2862952160575e-07
3.38834537081331e-06
3.04037363295576e-05
0.000161222915163323
0.000595110674607745
0.00178756964050241
0.00307904713449439
0.00382003222198342
0.00292402315170047
0.00143371697678282
0.000372605870552865
8.15732576895683e-05
1.73694595716256e-05
1.69257666780382e-06
1.35661496240759e-08
0
0
0
1.94355043584922e-06
1.82728055348288e-05
7.22696720782572e-05
0.000230027633025831
0.000827134925654719
0.00242077526026776
0.00396019847790818
0.00486819124636199
0.00357615793923982
0.00171646386426101
0.000457454156363445
7.24591991685936e-05
9.22218871356665e-06
7.69679488965952e-07
5.98506601062172e-09
0
0
0
4.14924676296368e-06
3.953335602216e-05
0.000148354624236085
0.000403729809825701
0.00120188025780418
0.0028750134411615
0.00444343031357937
0.00483233032684395
0.00349000291401692
0.0015123092725947
0.000348919772313629
4.93149489055194e-05
4.34316290170782e-06
1.2488837742164e-07
7.98008801416229e-10
0
0
0
2.31821556811414e-06
2.76099075157994e-05
0.000158839262873493
0.000588596129757383
0.00146282873686289
0.00284372910211957
0.00428177088760167
0.00411064787524798
0.00302392228251016
0.00116991481825025
0.000190681410067603
2.02909697936104e-05
3.22116252691661e-06
2.44190693233366e-07
1.99502200354057e-09
0
0
0
4.19752629544936e-07
8.48921762946584e-06
0.000117175223351551
0.000599253936304698
0.00117088160591317
0.00193167087782694
0.00306322501398872
0.00292106373606042
0.00198681807405761
0.00074105371624595
0.000105101749190524
1.96713159593107e-05
9.94518468764975e-06
1.40369748169115e-06
1.15711276205353e-08
0
0
0
4.42894884786007e-08
3.10146120670417e-06
7.49809069810688e-05
0.00041113373548524
0.000716571604227302
0.00110349854073038
0.00174039056215388
0.00197214548523037
0.00123988143692762
0.000519528068990408
9.36738641498433e-05
3.40091400943561e-05
1.81511091926128e-05
2.59871566181195e-06
2.11472332375301e-08
0
0
0
3.43143784608978e-08
4.32600571247738e-06
5.05857779217747e-05
0.000204484568305699
0.000404566522053985
0.000795295172487013
0.00103480474609127
0.00124918342652133
0.000762428381991884
0.000400728099719173
9.00497071782115e-05
2.07218945463752e-05
8.71545312466734e-06
1.2245445057732e-06
9.97511001770286e-09
0
0
0
3.35163696594816e-08
4.1500447717651e-06
3.36492381249174e-05
9.54203064117427e-05
0.000220242050098464
0.000550016394252916
0.000640580019099239
0.000644343029602318
0.000323729028479323
0.000211827845296332
5.16092242095911e-05
6.09359520761432e-06
1.1754669644861e-06
1.39252535847132e-07
1.19701320212434e-09
0
0
0
1.23691364219515e-08
1.52339880190358e-06
1.15400052772801e-05
2.96767503114674e-05
7.7918377379082e-05
0.000233506153391204
0.000309295443288108
0.000280724334171002
0.000127217765112974
8.34425933068858e-05
2.31941258131627e-05
2.42195671229825e-06
1.16110280606061e-07
4.38904840778926e-09
0
0
0
0
1.19701320212434e-09
1.60000764683954e-07
1.20060424173072e-06
3.28819526623557e-06
1.2736220470603e-05
5.19775052714446e-05
9.65478928481438e-05
0.000103871219618741
9.05025771730152e-05
3.34289876957265e-05
7.84003746951374e-06
8.95764879589717e-07
1.51621672269083e-08
0
0
0
0
0
0
3.99004400708114e-09
3.19203520566492e-08
1.63192799889619e-07
1.16868388967407e-06
8.39465358649802e-06
3.18636934317486e-05
4.53324859820517e-05
6.99849728798026e-05
1.55651616716235e-05
1.20180125493284e-06
1.26484395024472e-07
1.19701320212434e-09
0
0
0
0
0
0
0
3.99004400708114e-10
8.77809681557851e-09
9.93520957763205e-08
2.05287764164325e-06
1.0849727664055e-05
1.56337904285453e-05
2.55283015573052e-05
4.96521076241178e-06
1.02943135382694e-07
6.78307481203794e-09
0
0
0
0
0
0
0
0
0
7.98008801416229e-10
8.05988889430391e-08
5.86935473441636e-07
1.28200113947517e-06
1.68978363699886e-06
2.70006277959181e-06
5.11922646108511e-07
5.5860616099136e-09
0
0
0
0
0
0
0
0
0
0
7.98008801416229e-10
9.29680253649906e-08
4.69628179633451e-07
1.57207733878997e-07
5.34665896948873e-08
7.10227833260444e-08
1.31671452233678e-08
0
0
0
0
0
0
0
0
0
0
0
3.99004400708114e-10
3.75064136665627e-08
1.87532068332814e-07
5.10725632906386e-08
3.19203520566491e-09
3.99004400708114e-10
0
0
0
0
0
0
0
0
0
0
1.19701320212434e-08
4.49278955197337e-07
6.03573956951165e-06
3.47189689232159e-05
8.28588498686499e-05
7.29483785638617e-05
9.94235175640472e-05
9.53093831883459e-05
6.27518211037659e-05
3.04647840028659e-05
1.08692788796897e-05
1.69217766340311e-06
7.3416809730293e-08
3.99004400708114e-10
0
0
0
2.7930308049568e-09
3.6828106185359e-07
5.615587935566e-06
3.89703608127608e-05
0.000156947184005335
0.000359207302777086
0.000442056576540119
0.000594579200746002
0.000526460770452712
0.000349155184910047
0.000160408946185878
6.17575021372012e-05
1.19617529288286e-05
8.0838291583464e-07
6.38407041132983e-09
0
0
0
3.47133828616059e-08
3.30615046426744e-06
2.8626171724403e-05
0.000108371191249927
0.000367538115659471
0.0010108728611412
0.00163015442433504
0.00211122964122041
0.00169132060195039
0.00108240916313096
0.000426289518641737
0.00016668688142662
3.93115095753663e-05
3.42824581088412e-06
2.71322992481518e-08
0
0
0
3.9780738750599e-07
1.09754140502781e-05
6.5962609516264e-05
0.000164811560743292
0.000595740303552062
0.00202112367442169
0.00349434448090102
0.00441362428584207
0.00328739566141655
0.00195245741108623
0.000661390891626973
0.000219610426132143
5.47884912744333e-05
5.36780620272626e-06
4.26934708757682e-08
0
0
0
3.02166032656255e-06
3.44504389615393e-05
0.000126206288957179
0.000234588652330325
0.00095137571893401
0.0030033216853016
0.00493169159972149
0.00600375138670688
0.00422101209347944
0.00215553349385743
0.00068244076779073
0.000161795486478339
2.92761498931565e-05
2.51811677286891e-06
1.99502200354057e-08
0
0
0
6.41279872818081e-06
6.96976897112927e-05
0.000239447727922149
0.000399420961302454
0.00143012075011924
0.00374568333797308
0.00578751733581353
0.00657559850873574
0.00454245722076911
0.00186529849079115
0.000506187755857133
0.000112142979849821
1.3862609893802e-05
4.53668003605126e-07
3.19203520566491e-09
0
0
0
3.65448130608562e-06
5.57030093608563e-05
0.000258993357495236
0.000567278920645152
0.00162541465105903
0.00345955568620768
0.00529627907783772
0.00578449966553097
0.0042200293456405
0.00160881088093236
0.000313810976090921
5.7243964356391e-05
1.05632425043466e-05
8.26737118267213e-07
6.38407041132983e-09
0
0
0
7.13419868466108e-07
2.11524202947393e-05
0.000159113378896779
0.00057104751720984
0.00145451388415653
0.00252131758617139
0.00399657531011633
0.0043954404582886
0.0031508360062698
0.00127963624039217
0.000244701817870673
7.16344570723299e-05
3.28308800990651e-05
4.59692970055819e-06
3.75064136665627e-08
0
0
0
6.982577012392e-08
4.57857549812561e-06
6.70367293629703e-05
0.000387799559127429
0.00107618828551951
0.00184004829530114
0.00269677777636078
0.00321562394683038
0.00239808068796428
0.00108896081539058
0.000260446531522615
0.000123365776628538
6.0202182983241e-05
8.43455402656883e-06
6.90277613225038e-08
0
0
0
6.38407041132983e-09
9.59206579302307e-07
3.9540139096972e-05
0.000264847949066827
0.000678296309080575
0.00138040280676901
0.0017493095075229
0.00208650134348652
0.00172327087933709
0.000958053855588661
0.000267738336945556
8.81987257633266e-05
3.1437955736193e-05
3.98645296747477e-06
3.23193564573573e-08
0
0
0
1.99502200354057e-09
4.55663025608667e-07
2.93870731165533e-05
0.00018477454891952
0.000392076088294219
0.000874051459107582
0.00105359944938223
0.00116005701552636
0.00088089119254452
0.000563736958580066
0.000168380256103225
4.12239376679602e-05
7.2531019960721e-06
4.78805280849737e-07
3.59103960637303e-09
0
0
0
7.98008801416229e-10
1.55611716276165e-07
1.04176058980882e-05
6.98010318510761e-05
0.000169903654905129
0.000398397914019038
0.000607285096882151
0.000688859551584921
0.000474397878239515
0.00028713513787718
8.65336803991716e-05
1.65215752201209e-05
1.70215277342082e-06
2.47382728439031e-08
0
0
0
0
0
1.63591804290327e-08
1.12758643640113e-06
1.22641982645653e-05
5.09029864203377e-05
0.000122030707903768
0.000272008083037534
0.000350937936572411
0.000354340646101649
0.000145191716351672
3.31301333995962e-05
4.10535627888579e-06
1.91921116740603e-07
1.59601760283246e-09
0
0
0
0
0
3.99004400708114e-10
4.1895462074352e-08
1.86773959971468e-06
1.09650399358597e-05
3.31744228880747e-05
0.000123289965792403
0.000173943175457897
0.000240096908082101
6.14179493921986e-05
6.3234217424222e-06
5.44641006966576e-07
8.3790924148704e-09
0
0
0
0
0
0
0
1.59601760283246e-09
1.83542024325733e-07
1.99901204754765e-06
1.26280902780111e-05
4.36666426090953e-05
5.99492141931921e-05
8.16402904288873e-05
1.68220255338541e-05
7.25390000487352e-07
5.06735588899305e-08
3.99004400708114e-10
0
0
0
0
0
0
0
0
3.63094004644384e-08
2.30345240528794e-06
1.17985601289389e-05
7.4693623812559e-06
6.83893542813708e-06
8.51874395511824e-06
1.64150410451318e-06
4.62845104821413e-08
3.19203520566491e-09
0
0
0
0
0
0
0
0
0
2.51372772446112e-08
2.36729310940124e-06
1.17231482972051e-05
3.25068885256901e-06
3.93418339098201e-07
2.3062454360929e-07
4.1895462074352e-08
1.19701320212434e-09
0
0
0
0
0
0
0
0
0
0
7.98008801416229e-09
9.03345963203171e-07
4.50515868839532e-06
1.21895844416329e-06
7.42148185317093e-08
1.99502200354057e-09
3.99004400708114e-10
0
0
0
0
0
0
0
0
0
1.7556193631157e-08
2.89677194914091e-07
2.67572351114861e-06
1.84028809694596e-05
6.47647983053383e-05
0.00010088467167944
0.000171470545186709
0.00011947907476124
7.65829096499119e-05
2.53623157266106e-05
7.85839167194631e-06
1.29995633750704e-06
5.46636028970117e-08
3.99004400708114e-10
0
0
0
5.18705720920549e-09
6.21648856303242e-07
5.22177059206709e-06
2.06867821591129e-05
9.88944377287083e-05
0.000324203045707364
0.000448652518288225
0.000696761434736545
0.000549651305226268
0.000355975766135751
0.000127047789238272
4.54470002450549e-05
9.10727544616271e-06
6.04092662672085e-07
4.78805280849737e-09
0
0
0
4.94765456878062e-08
5.69977786411541e-06
3.65727433689058e-05
7.2145581709637e-05
0.000276856784514939
0.000975831496662211
0.00132170447137203
0.00173534794453773
0.00143912268840362
0.000998709211985612
0.000363524929397149
0.000130278527870806
3.04655820116674e-05
2.6553742867125e-06
2.07482288368219e-08
0
0
0
2.27033504002917e-07
1.52072547241884e-05
8.97640200273045e-05
0.000142804473022236
0.000510115156173303
0.00192025376590508
0.00285906603327399
0.00335889525500144
0.00259695685041363
0.00179667851196617
0.00063993243495689
0.000194176688617806
4.81662152358807e-05
4.96800379321673e-06
3.99004400708114e-08
0
0
0
1.08409495672395e-06
2.2029032963095e-05
0.000108810495095106
0.000208888778880716
0.000839749449783106
0.00288491114432546
0.00467485047196367
0.00534280538498669
0.00375336417268671
0.00214208305550956
0.000733705252198109
0.000173452400045027
3.6982520888433e-05
3.99363504668752e-06
3.19203520566492e-08
0
0
0
2.18095805427055e-06
3.11299243388464e-05
0.000138164450846401
0.000318181670296278
0.00125572949271935
0.00370069519278884
0.00597244270839651
0.00676761698255011
0.00470048650470917
0.00216898832125371
0.000655905778130438
0.000133279838972932
1.9885581322491e-05
1.63192799889619e-06
1.27681408226597e-08
0
0
0
1.31392149153182e-06
3.1812620868458e-05
0.000198284837927497
0.000560485870723096
0.0015311853727834
0.00349643845599594
0.00562458747982397
0.0063754914177102
0.00478704053433278
0.00221376299908357
0.000569161024403292
9.65885912970161e-05
1.67673619309571e-05
1.76878650833907e-06
1.43641584254921e-08
0
0
0
3.67882057452881e-07
2.34834040036761e-05
0.000202842266192385
0.000700412724007425
0.00155553820737622
0.00291111376331996
0.00485052093747223
0.00552778183013297
0.00426928244886391
0.00230924993923023
0.000605892571523679
0.000149176972305945
5.0793260210143e-05
6.72162813432889e-06
5.46636028970117e-08
0
0
0
9.21700165635744e-08
1.01678291432449e-05
0.000106228138613723
0.000439925095031536
0.00109106556360432
0.00229312976243722
0.00384887664911501
0.0046198692615637
0.00372476553226595
0.00210455349958776
0.000620117477413324
0.000238142983531833
8.61857485617541e-05
1.07272333130377e-05
8.69829593543689e-08
0
0
0
1.63591804290327e-08
2.21846446793712e-06
4.30425997263878e-05
0.000253693781045031
0.000707326273258494
0.00163163832170127
0.00261156360351475
0.00331534073262895
0.00282073008945836
0.00161138445931693
0.000548581175423569
0.000210512726791598
5.32483342877e-05
4.95363963479124e-06
3.91024312693952e-08
0
0
0
1.19701320212434e-09
3.56310929832346e-07
2.52573775692243e-05
0.000185849865779428
0.000508483228174407
0.0010564044503192
0.0015642616405889
0.00206100735630768
0.00173745309175586
0.0010223107212919
0.000371962675458923
0.000128386049998247
2.01788495570115e-05
6.80701507608043e-07
4.38904840778926e-09
0
0
0
0
7.58108361345417e-08
8.96443187070921e-06
8.70188697504327e-05
0.000321194951530426
0.000660309190696653
0.0010070986785149
0.00120662841017261
0.00100249935478794
0.000621184814185219
0.000188735465605349
4.61684002015352e-05
5.75962852422163e-06
6.66337349182551e-08
0
0
0
0
0
7.58108361345417e-09
1.07531685990837e-06
2.5777280303347e-05
0.000145805784124362
0.000301223584261782
0.000518902430090098
0.000599619424335746
0.000558776535870462
0.000310130160494389
7.22365547129984e-05
8.59335777805066e-06
6.1366876828908e-07
5.5860616099136e-09
0
0
0
0
0
3.99004400708114e-10
7.02247745246281e-08
5.81189810071439e-06
4.00971492403605e-05
9.84403707207024e-05
0.000216949465783821
0.00029710306581567
0.000266742421961389
0.000113654009515302
2.4050788261483e-05
2.14544666260753e-06
3.1521347655941e-08
0
0
0
0
0
0
0
6.38407041132983e-09
8.67036562738732e-07
1.59948894111862e-05
7.02112083750041e-05
7.50096352979198e-05
0.00010158332838508
7.55706354853154e-05
2.71977359698679e-05
6.12391954206814e-06
6.28032926714572e-07
5.18705720920549e-09
0
0
0
0
0
0
0
2.39402640424869e-09
4.53268999204418e-07
2.07334656739957e-05
9.70921348507097e-05
2.96747552894639e-05
1.32744774071583e-05
7.739887364936e-06
2.52849088728732e-06
5.9252153505155e-07
6.46387129147145e-08
3.99004400708114e-10
0
0
0
0
0
0
0
7.98008801416229e-10
2.4339268443195e-07
1.66213263202979e-05
8.03582892894121e-05
2.08208476377508e-05
1.57806240480059e-06
2.50973768045404e-07
6.982577012392e-08
1.63591804290327e-08
1.59601760283246e-09
0
0
0
0
0
0
0
0
0
5.74566337019685e-08
5.54257013023642e-06
2.74335475706864e-05
7.3265188058024e-06
4.27732717559099e-07
7.18207921274606e-09
1.99502200354057e-09
3.99004400708114e-10
0
0
0
0
0
0
0
0
5.5860616099136e-09
6.2643690911174e-08
4.99952514087267e-07
6.55683931683644e-06
3.33344236527587e-05
6.73910452707991e-05
0.000135805137825014
0.000101795598726257
3.72849662241697e-05
7.49689368490476e-06
1.88409878014372e-06
3.16809494162243e-07
1.31671452233678e-08
0
0
0
0
1.59601760283246e-09
2.10674323573884e-07
1.48549338383631e-06
5.4879065273394e-06
5.39729262793859e-05
0.000232779965381915
0.000284315772781776
0.000468235255270579
0.000398235918232351
0.000161133937181965
4.05951067324443e-05
1.2078661218236e-05
2.33337773534105e-06
1.55611716276165e-07
1.19701320212434e-09
0
0
0
1.59601760283246e-08
1.94474744905135e-06
1.22278888641009e-05
2.73964401614205e-05
0.000187178550433786
0.000752979957783116
0.000825629482050847
0.000995059518732335
0.00089612198852835
0.000465267859542512
0.000160516278369669
4.77963381564243e-05
1.1035663714785e-05
1.11561630437989e-06
8.77809681557851e-09
0
0
0
4.5486501680725e-08
4.95363963479124e-06
3.34277906825244e-05
8.15297662098911e-05
0.000375673017381108
0.00140836503517063
0.00198741139360146
0.00211790777787506
0.00159496542822779
0.00098235043056098
0.00039625765441364
0.000125776960222017
4.14286269255235e-05
5.51543783098826e-06
4.50874972800169e-08
0
0
0
8.49879373508284e-08
5.02665744012082e-06
4.09777519527233e-05
0.000154634953503231
0.000613241833580322
0.00202669098282477
0.00357078574398868
0.00399501719793157
0.00263538057519742
0.00153012521809072
0.000618808343974601
0.000201287346042825
7.39027970903555e-05
1.03661343303968e-05
8.45889329501202e-08
0
0
0
1.38055522645008e-07
5.394140493173e-06
4.90312567766159e-05
0.000235410601395784
0.000908059801193137
0.00259115093737892
0.0047122782817633
0.00552215347405658
0.00389902352219601
0.00208950664463265
0.000787402067432205
0.00019981382279101
4.99106624757766e-05
6.19494232539418e-06
5.02745544892224e-08
0
0
0
1.56808729478289e-07
1.30270946787192e-05
0.000114212615676293
0.000426149069092688
0.00120467727865314
0.00282898708652661
0.00502733933864164
0.0059259503166216
0.00456896388111695
0.00260077931257241
0.000907795261275467
0.000197618899582715
4.01845312041156e-05
4.59373766535252e-06
3.71074092658546e-08
0
0
0
1.92719125542019e-07
2.2750831923976e-05
0.000191161412361655
0.00060153145342394
0.00133341564953722
0.00275114970704087
0.00480798188129954
0.00562114167781946
0.00446449974095876
0.00287672197800533
0.00097164993054279
0.000304194970033856
9.58129267420395e-05
1.18284854589921e-05
9.57610561699474e-08
0
0
0
1.37656518244299e-07
1.69672631357119e-05
0.000144526576015692
0.000455018633501523
0.00101867259916624
0.00230040959772814
0.00399854479583823
0.00471554094074789
0.00397211554234413
0.00270073869304661
0.00101948896217009
0.000458094558426582
0.000141681674638643
1.5524862227152e-05
1.2488837742164e-07
0
0
0
4.14964576736439e-08
5.28680830938252e-06
6.47181147904554e-05
0.000307525459766566
0.000815774472357758
0.00176890182061088
0.00292638246472186
0.00359206784071365
0.00323744988655351
0.00212882653330043
0.000939487781819312
0.000425368217480502
9.37584530827934e-05
6.91753929507658e-06
5.34665896948873e-08
0
0
0
3.99004400708114e-09
7.05439780451946e-07
2.96847303994816e-05
0.000219464390521484
0.000651639623078067
0.00136883407317487
0.00209555156130338
0.00254923831811534
0.00229067827939927
0.00140276141736709
0.000632169804341114
0.000249634310272227
3.92520579196607e-05
1.27122802065605e-06
8.3790924148704e-09
0
0
0
0
9.01749945600338e-08
9.79276500657925e-06
9.68942286679585e-05
0.000408602451567148
0.0010359490907125
0.00152443701135422
0.00154471601101581
0.00137058889452919
0.00091202271290097
0.000306167248786556
8.17157022606211e-05
1.09011992317464e-05
2.50175759243988e-07
1.59601760283246e-09
0
0
0
0
8.3790924148704e-09
1.14354661242946e-06
2.57006714584111e-05
0.000186545729454263
0.000558832795490962
0.00079268448669318
0.000826884350891074
0.000683279076036618
0.000485643817273474
0.000142290555354123
1.95428365422827e-05
1.37856020444654e-06
2.87283168509842e-08
0
0
0
0
0
3.99004400708114e-10
6.70327393189632e-08
5.45399115327922e-06
6.52735289162411e-05
0.000240529428852468
0.000293056762188089
0.000441026746181892
0.000284840463568707
0.000211399314569971
7.98216283704597e-05
1.01387018219932e-05
1.97108173949808e-07
1.59601760283246e-09
0
0
0
0
0
0
9.57610561699474e-09
1.4060915080954e-06
4.12011944171199e-05
0.000185132854871356
0.000101022328197685
0.000147938861650548
7.62186186320654e-05
6.14853811359183e-05
2.68091056835782e-05
3.50006660301158e-06
3.79054180672709e-08
0
0
0
0
0
0
0
6.78307481203794e-09
1.14873366963866e-06
4.80281597132357e-05
0.000220865693976771
5.84202293296786e-05
2.06317195518152e-05
8.86029172212439e-06
7.25988507088414e-06
2.98096187769032e-06
3.65887035449341e-07
3.19203520566491e-09
0
0
0
0
0
0
0
2.7930308049568e-09
5.71773306214728e-07
3.39812097863066e-05
0.000162301424058437
4.12678281520381e-05
3.11702237833179e-06
9.9870801497241e-07
1.03940646384464e-06
2.30225539208582e-07
1.07731188191191e-08
0
0
0
0
0
0
0
0
3.99004400708114e-10
1.18105302609602e-07
1.04539152985526e-05
5.14823408101659e-05
1.36635066978487e-05
8.34318201880667e-07
2.06684279566803e-07
2.53766798850361e-07
4.58855060814332e-08
3.99004400708114e-10
0
0
0
0
0
0
0
3.99004400708114e-10
5.5860616099136e-09
1.08928201393315e-07
2.01337620597315e-06
1.10619980052318e-05
2.94848291947268e-05
7.59073951995131e-05
6.24804981112843e-05
1.22370659653172e-05
7.59305374547542e-07
1.22494351017391e-07
1.7556193631157e-08
7.98008801416229e-10
0
0
0
0
0
1.11721232198272e-08
1.48828641464127e-07
2.25557187720297e-06
2.44270494113508e-05
0.000100972053643195
0.000161319474228294
0.000256755740816065
0.000222486449852447
5.17001972129525e-05
8.58138764602941e-06
1.976667801108e-06
3.07632392945956e-07
2.67332948474437e-08
3.99004400708114e-10
0
0
0
7.98008801416229e-10
1.04539152985526e-07
1.65147921453089e-06
1.89838313768907e-05
0.000125223940122635
0.000383809116115947
0.000538667113079174
0.000571880638398518
0.000474149298497874
0.00017325688788868
6.91498566691205e-05
2.02714185779758e-05
5.72571315016144e-06
7.71275506568785e-07
6.38407041132983e-09
0
0
0
1.99502200354057e-09
2.93667238921172e-07
7.86198271155268e-06
6.73766811123736e-05
0.000297296582950013
0.000808111592842158
0.00124305551693525
0.00131243280611278
0.000944804914463148
0.000455707315097145
0.000234018076037313
9.83462056821353e-05
4.44379181156641e-05
6.66257548302409e-06
5.46636028970117e-08
0
0
0
2.39402640424869e-09
3.89029290690412e-07
1.83202870585131e-05
0.000132060082519967
0.000420384253511257
0.0011606986146027
0.0020320575920143
0.00244954387656321
0.00173388040635192
0.000871135534947207
0.000450758064510762
0.000226377141763752
0.000101287666124156
1.45473014454171e-05
1.18903311411018e-07
0
0
0
7.58108361345417e-09
9.94717970965329e-07
2.57385768764783e-05
0.000176468474309979
0.00057675567416637
0.00149880656467034
0.00269909319889809
0.00343963858353754
0.00260100195702801
0.00143806452873294
0.000708716404590561
0.000290669917863053
8.19830352090956e-05
9.19984446712699e-06
7.42148185317093e-08
0
0
0
4.70825192835575e-08
5.80790805670731e-06
5.0033156826794e-05
0.000217758646708457
0.000815748138067311
0.00195624476085775
0.0033268117101449
0.00416328134375419
0.00322670908709085
0.00204337215980518
0.000941229835032803
0.000297346059495701
5.86727991153268e-05
5.12082247868794e-06
4.02994444715195e-08
0
0
0
1.32868465435802e-07
1.61959876291431e-05
0.000109650000354196
0.000284596671879875
0.000889248738721753
0.00194937709711277
0.00336639454271275
0.00429893326388933
0.00338367103425901
0.00230685591282598
0.000986313342268813
0.000339259077763684
8.65779698876502e-05
9.1950564143185e-06
7.38158141310012e-08
0
0
0
1.50025654666251e-07
1.82660224600168e-05
0.000119555284601775
0.000265857031196217
0.00074477802332216
0.00164441723564275
0.00298695372677576
0.00390347960334312
0.00329023298170999
0.00225575422221409
0.000990205630197721
0.000446398941433026
0.000111977393023527
1.00804471794898e-05
7.98008801416229e-08
0
0
0
5.86536469040928e-08
7.22716671002607e-06
5.54268983155663e-05
0.000189579359912847
0.000609252986586443
0.00134223923285448
0.00257532003877643
0.00338607862681288
0.00306695730115294
0.00200995633925468
0.000960412370601247
0.000491399056749287
9.61281402185989e-05
4.92650733554309e-06
3.59103960637303e-08
0
0
0
6.38407041132983e-09
8.45490325100494e-07
1.49147844984693e-05
0.000114760049714065
0.000458746132612938
0.00112923153154525
0.00219540041755858
0.00271827014840492
0.00234469190412753
0.00141581484633625
0.00068916319393386
0.00035777248295214
6.36052915168805e-05
2.25996092561076e-06
1.51621672269083e-08
0
0
0
0
4.70825192835575e-08
3.64330918286579e-06
4.98715600445072e-05
0.000298435740514035
0.000949759751111142
0.00172627378645682
0.00196709329150861
0.00163726109171605
0.000963920816296673
0.000392425616149239
0.00015618388858678
2.5991944670928e-05
9.71176711323551e-07
6.78307481203794e-09
0
0
0
0
2.7930308049568e-09
4.51672981601585e-07
1.70598321566761e-05
0.000174967020750115
0.00065105548063543
0.000946087314607024
0.00119055651291208
0.00104374723271994
0.000624328968862799
0.000238841241233072
6.29632934361412e-05
7.65090938357809e-06
1.90724103538479e-07
1.19701320212434e-09
0
0
0
0
0
4.30924752764764e-08
4.74735435962514e-06
8.93861628598339e-05
0.000389335726070155
0.000385183686276387
0.000556287945423246
0.000480827036148125
0.000312685384676524
0.00014024326377409
2.86337528080164e-05
2.12429942937e-06
2.47382728439031e-08
0
0
0
0
0
0
5.5860616099136e-09
9.58009566100183e-07
3.79564906305615e-05
0.000185699840124762
0.000133979692691774
0.000171423861671826
0.000130789253503712
9.68690913907139e-05
4.5884309068231e-05
7.34926205664276e-06
2.51372772446112e-07
1.99502200354057e-09
0
0
0
0
0
0
2.7930308049568e-09
4.89179395268148e-07
2.14141671816038e-05
0.000103142238578647
5.13446842919216e-05
3.8179933094958e-05
3.26325749119131e-05
3.22954161933148e-05
8.73660035790487e-06
7.130208640654e-07
1.0374114418411e-08
0
0
0
0
0
0
0
1.19701320212434e-09
2.25038481999377e-07
1.28810590680601e-05
6.25203985513551e-05
2.27679891132064e-05
9.54977132654801e-06
1.50472539595044e-05
1.82113588571198e-05
3.34605090433825e-06
4.38904840778926e-08
0
0
0
0
0
0
0
0
0
4.82795324856818e-08
4.29528237362285e-06
2.12390042496929e-05
6.1414757356993e-06
1.50783763027596e-06
4.0371265263647e-06
5.15553586154955e-06
9.26488218444242e-07
7.58108361345417e-09
0
0
0
0
0
0
0
1.59601760283246e-08
9.0573998960742e-08
1.27282403825888e-07
1.11441929117776e-06
6.30985559279812e-06
1.39404157519401e-05
2.13918229351641e-05
1.61273588722213e-05
2.80500093697804e-06
1.58005742680413e-07
2.91273212516923e-08
2.39402640424869e-09
0
0
0
0
0
3.99004400708114e-10
4.46884928793088e-08
3.31971661389151e-07
2.18694312028117e-06
1.73367412107676e-05
6.6786952608127e-05
0.000116220405820657
9.60690875672941e-05
6.37872375236034e-05
1.62311000164054e-05
4.96800379321673e-06
1.14633964323441e-06
1.14514263003229e-07
6.78307481203794e-09
0
0
0
0
3.99004400708114e-10
5.18705720920549e-08
1.17786099089035e-06
1.84052749958639e-05
0.000106173874015227
0.000253019064603434
0.000377489285413131
0.000305692034545313
0.000197714261634484
8.92979828872774e-05
4.91014815511406e-05
1.26867439249152e-05
2.20888836232012e-06
2.4538770643549e-07
1.99502200354057e-09
0
0
0
0
4.62845104821413e-08
3.7566264326669e-06
5.00112115847551e-05
0.000233215678187489
0.000471501904299176
0.000690244096855378
0.000727853852661724
0.000533966442234432
0.000276260671940281
0.000162869606325045
5.34454424616498e-05
1.60722962649236e-05
2.18016004546914e-06
1.79551980318651e-08
0
0
0
0
6.982577012392e-08
7.70118393806732e-06
7.10559006913031e-05
0.000259571514871862
0.000595800154212168
0.00100617458432286
0.00122908318083126
0.00100849080486897
0.000555712581077425
0.000290860242962191
0.0001260490812233
4.02463768862254e-05
4.932093397153e-06
3.99004400708114e-08
0
0
0
1.59601760283246e-09
2.51372772446112e-07
9.69141788879939e-06
9.14354494618708e-05
0.000360494889978171
0.000785233478514356
0.00135298362335674
0.00174723149260402
0.0014310540214125
0.000935856442768467
0.000443545660963562
0.000206378642195861
4.60766291893723e-05
3.49368253260025e-06
2.71322992481518e-08
0
0
0
1.51621672269083e-08
1.88090674493805e-06
1.47468036457712e-05
9.97008256225394e-05
0.000502070030441825
0.00100896043304861
0.0016777448762207
0.00231714464030264
0.00175662365719229
0.00121240798891686
0.000624176948186129
0.00026332295424732
4.53073487048071e-05
2.050483615239e-06
1.47631628262002e-08
0
0
0
5.30675852941792e-08
6.42835989980843e-06
3.80865660651923e-05
0.000109402218621356
0.000500504736177847
0.000978373952703523
0.0016912120727534
0.00253982660231144
0.00189901755468619
0.00128123505102581
0.000740303587972619
0.000292163391334903
5.04616875531545e-05
2.82574916581487e-06
2.11472332375301e-08
0
0
0
7.06237789253362e-08
8.53310811354373e-06
5.0190364560673e-05
0.000104371571137229
0.000412881773764743
0.000896643886284477
0.00149654221469632
0.00230555835051488
0.00201618958600254
0.00145688077826153
0.000814619354617707
0.000317160618034866
5.38193095851133e-05
2.85567449586797e-06
2.11472332375301e-08
0
0
0
2.95263256524005e-08
3.60620177359994e-06
2.29890375511987e-05
7.2383388332459e-05
0.00034120621923914
0.000861702671910066
0.0014938277877583
0.0021426683949654
0.00208877407255295
0.00160393345113811
0.000804581600909093
0.000358535379366294
6.7030345292559e-05
3.56390730712488e-06
2.63342904467355e-08
0
0
0
3.19203520566491e-09
4.02994444715196e-07
3.79652687273771e-06
4.33610052381529e-05
0.000275631442000364
0.000784788189603166
0.00160529964220613
0.0020564563121132
0.00177253714970573
0.0012257263568081
0.000642648856916911
0.00033567322521452
7.67844068722695e-05
5.76002752862234e-06
4.46884928793088e-08
0
0
0
0
1.23691364219515e-08
5.21897756126214e-07
2.7522924556445e-05
0.000218186379426016
0.000692079916103036
0.00144858747179281
0.00181548319036714
0.00147742192381439
0.000840954044068844
0.000433489553052515
0.000219543792397225
4.91848734708885e-05
3.67842157012811e-06
2.83293124502761e-08
0
0
0
0
3.99004400708114e-10
1.78354967116527e-07
1.98065784511508e-05
0.000168378261081221
0.000499146924202238
0.000822905878011614
0.00111924724442633
0.00113102385931323
0.000593438048159976
0.000247808067130186
0.000118122858803233
2.16543678308301e-05
9.51226491288145e-07
6.78307481203794e-09
0
0
0
0
0
6.06486689076334e-08
7.63574721635118e-06
8.79373778808627e-05
0.000315932482489486
0.000383576097545934
0.00052300020528537
0.000585785941763196
0.000289042777916965
0.000100413447482204
4.02818882778884e-05
6.17539110975949e-06
1.16908289407478e-07
3.99004400708114e-10
0
0
0
0
0
6.78307481203794e-09
9.93919962163913e-07
2.81601345843759e-05
0.000147718212216956
0.000198823094864052
0.000232732882862632
0.000191295078835892
0.000100384719165353
2.76581870482851e-05
5.66267045484956e-06
6.24840891508907e-07
6.78307481203794e-09
0
0
0
0
0
0
3.99004400708114e-10
1.0374114418411e-07
7.1298096362533e-06
4.93432782179697e-05
0.000100034393301531
0.000102660241262591
8.5179858467569e-05
8.14312121229162e-05
1.5399175840929e-05
4.25737695555558e-07
1.7556193631157e-08
0
0
0
0
0
0
0
0
7.02247745246281e-08
7.22796471882749e-06
4.03253797575656e-05
3.62914452664065e-05
3.17451891247383e-05
4.76092050924922e-05
5.68174286520341e-05
1.02189017065355e-05
9.0573998960742e-08
0
0
0
0
0
0
0
0
0
1.06135170588358e-07
1.26093370711778e-05
6.27007485404752e-05
1.5601471072088e-05
4.45129309429972e-06
1.27697368402625e-05
1.62263119635969e-05
2.91432814277207e-06
2.4339268443195e-08
0
0
0
0
0
0
3.19203520566491e-09
3.91024312693952e-07
2.17457398385922e-06
1.67262644776842e-06
1.20698831214205e-06
5.10047325425183e-06
5.39214547116946e-06
2.35093392897221e-06
1.03421940663543e-06
3.2159754697074e-07
6.38407041132983e-08
8.77809681557851e-09
3.99004400708114e-10
0
0
0
0
0
9.17710121628663e-09
1.08449396112465e-06
6.05489178074564e-06
5.28361627417685e-06
1.28698869448402e-05
5.5520265345332e-05
5.39430009493328e-05
2.42419113694222e-05
1.14769625819682e-05
8.05869188110178e-06
2.42235571669896e-06
3.36759714197648e-07
2.39402640424869e-08
3.99004400708114e-10
0
0
0
0
9.17710121628663e-09
1.09726210194731e-06
6.34935702846822e-06
1.0518953015868e-05
5.9894550590295e-05
0.000210032325493145
0.000180740614428361
0.000131866964390025
8.86994762862152e-05
7.28234901864401e-05
2.35113343117256e-05
3.46774724655422e-06
2.93667238921172e-07
1.35661496240759e-08
0
0
0
0
3.19203520566491e-09
4.06585484321569e-07
3.04719660820787e-06
1.64018738999085e-05
0.000110358632169854
0.000327691541182755
0.000291246878226477
0.000324759656846352
0.000279301484478077
0.000203827009053332
7.13555529962349e-05
1.28259964607623e-05
1.55412214075811e-06
1.18903311411018e-07
7.98008801416229e-10
0
0
0
3.99004400708114e-10
5.42645984963036e-08
1.73048208587109e-06
2.26758190966428e-05
0.000122266519504587
0.000285798473134807
0.000361433747333038
0.000468426777382918
0.000509542584858287
0.000338299871184382
0.000121019231747973
3.37166698686371e-05
5.5022706857649e-06
3.25188586577113e-07
2.39402640424869e-09
0
0
0
3.99004400708114e-10
4.38904840778926e-08
1.97227875270021e-06
3.6536832972842e-05
0.000190908443571606
0.000343820496072579
0.000508559438014942
0.000711047388299498
0.000813738751905345
0.000563380248645833
0.000206052655600482
9.75900923427934e-05
1.70055675581798e-05
4.51672981601585e-07
2.7930308049568e-09
0
0
0
2.7930308049568e-09
3.21996551371448e-07
2.70165879719464e-06
3.68312982205646e-05
0.000212897177090229
0.000389953783886852
0.000647350724774855
0.00106618444718496
0.00102227161886063
0.00066470821421446
0.000358615579250836
0.000222241461150413
3.84516550918403e-05
8.34717206281375e-07
4.78805280849737e-09
0
0
0
9.17710121628663e-09
1.12998046280538e-06
6.70885999350623e-06
3.13501747680373e-05
0.000179080357117014
0.0003792181714814
0.000674856891146471
0.0011715176189279
0.000923159324729134
0.000626204289546127
0.00057349301518178
0.000318242318965186
5.15234382634388e-05
1.37217613403521e-06
8.3790924148704e-09
0
0
0
1.27681408226597e-08
1.52978287231491e-06
9.04183872444658e-06
3.00238841400835e-05
0.000181164756106314
0.000471528238589623
0.000659480059551981
0.00119195103329256
0.0010407953981635
0.000823026776345028
0.000735387454751494
0.000322492114837128
4.84112039379155e-05
1.63312501209831e-06
1.07731188191191e-08
0
0
0
5.18705720920549e-09
6.51175181955643e-07
4.16919698299909e-06
2.34243513523713e-05
0.000192692791251572
0.000626383442522045
0.000791301138435925
0.00133202591720955
0.00133869886680699
0.00103243027090266
0.000681563357113573
0.000319770505819898
7.40807530530713e-05
6.43594098342188e-06
5.06735588899305e-08
0
0
0
3.99004400708114e-10
7.22197965281687e-08
6.6234730517547e-07
1.37189683095471e-05
0.00013877811961469
0.000522844992573495
0.000891221416478853
0.00135366232984235
0.00118404077104852
0.000768065915169489
0.000469316158192097
0.000291943140905712
0.000109523515959172
1.36858509442883e-05
1.10923223396856e-07
0
0
0
0
1.99502200354057e-09
9.69580693720718e-08
8.62408111690518e-06
9.02416282949521e-05
0.000367709288547375
0.000788158579775947
0.00107433929912663
0.000843780990247861
0.00045636926339792
0.000258991362473233
0.000180008441353062
7.07610364391798e-05
8.91375831181928e-06
7.22197965281687e-08
0
0
0
0
0
5.5860616099136e-08
6.88122989461214e-06
6.46893864736045e-05
0.000232242905458562
0.000463708949348946
0.000610593242368422
0.000667318101999492
0.00035279689807531
0.000129828450906807
8.07026300872232e-05
2.3338565406219e-05
2.17736701466418e-06
1.71571892304489e-08
0
0
0
0
0
2.15462376382382e-08
2.77667162452777e-06
3.47205649408187e-05
0.000148540959291216
0.000263112678928147
0.000345252522866721
0.000408436864740854
0.000195591159218316
4.68654608895723e-05
2.2497863133927e-05
4.6715435234906e-06
2.09078305971052e-07
1.59601760283246e-09
0
0
0
0
0
2.39402640424869e-09
3.80251193874833e-07
1.34604134578882e-05
8.6370487599282e-05
0.000183370053429027
0.000229646583823154
0.00015806599234492
7.23199466327464e-05
1.24605084297137e-05
2.32779167373114e-06
3.98206391906698e-07
7.58108361345417e-09
0
0
0
0
0
0
0
5.06735588899305e-08
5.28481328737897e-06
4.29456416570158e-05
0.000111183374266117
0.000120490550917035
7.27125669630432e-05
6.06143545291725e-05
1.06534174989067e-05
1.52818685471208e-07
9.97511001770286e-09
0
0
0
0
0
0
0
0
1.38454527045716e-07
1.6637685500727e-05
8.77502448169306e-05
5.04445303639241e-05
3.52213154637074e-05
3.74661142220912e-05
4.23012495498722e-05
7.58188162225559e-06
6.34416997125902e-08
0
0
0
0
0
0
0
0
0
2.80101089297096e-07
3.36352729708926e-05
0.000166545234864368
3.70675088257838e-05
4.5486501680725e-06
9.67186667316469e-06
1.20734741610268e-05
2.16818991344789e-06
1.79551980318651e-08
0
0
0
0
0
0
2.07482288368219e-08
2.52928889608874e-06
1.40597180677518e-05
1.06454374108925e-05
2.01936127198377e-06
1.79791382959076e-06
1.06254871908571e-06
3.19203520566491e-07
8.69829593543689e-08
6.50377173154226e-08
1.31671452233678e-08
3.99004400708114e-10
0
0
0
0
0
0
5.82546425033847e-08
7.01369935564723e-06
3.89855229799877e-05
2.95997424621308e-05
8.72463022588363e-06
2.01652834073874e-05
1.18767649914777e-05
7.38796548351144e-06
3.07512691625744e-06
2.48380239440801e-06
5.23094769328338e-07
2.51372772446112e-08
1.19701320212434e-09
0
0
0
0
0
5.86536469040928e-08
7.08552014777469e-06
3.94156497239511e-05
3.0519447605763e-05
2.22309291898533e-05
8.05434273313407e-05
4.75074589703116e-05
5.88048695719612e-05
3.09056838656484e-05
2.45148303795065e-05
5.92681136811833e-06
4.24540682353434e-07
1.31671452233678e-08
0
0
0
0
0
2.15462376382382e-08
2.59193258699991e-06
1.47456066325691e-05
1.47053071880976e-05
3.51175743195233e-05
0.000123901639538689
8.00087614343918e-05
0.000147406589780003
0.000111848514602098
8.28181514197776e-05
2.70517003592087e-05
3.12300744434241e-06
7.62098405352498e-08
1.59601760283246e-09
0
0
0
0
2.39402640424869e-09
2.86485159708426e-07
3.42186174047279e-06
1.89183946551745e-05
5.86129484552206e-05
8.69522360155144e-05
7.75213680003774e-05
0.000174126717482223
0.000269878995555355
0.00019556522393227
7.44829494889851e-05
1.16900309319463e-05
5.85339455838804e-07
9.97511001770286e-09
0
0
0
0
0
3.59103960637303e-08
3.50325863821724e-06
3.32522287462128e-05
9.81415164245721e-05
8.98984845103431e-05
0.000109334387873236
0.000255191244560889
0.000526948752834778
0.000363975405365548
0.00012750305325948
3.57228639953975e-05
4.64800226384882e-06
8.81799725564933e-08
3.99004400708114e-10
0
0
0
0
2.71322992481518e-08
1.80230287799855e-06
1.9240391206546e-05
6.98014308554768e-05
9.85437128604858e-05
0.000166275108885089
0.000403254196580057
0.000644169063683609
0.000393823328564919
0.000171185656044604
0.000106175869037231
1.9426327257276e-05
5.47833042172241e-07
3.59103960637303e-09
0
0
0
3.99004400708114e-10
5.62596204998441e-08
1.2536718270249e-06
1.23013056738312e-05
5.26466356514321e-05
0.000103935858331655
0.000194318335180057
0.000436250663505415
0.000518811058082336
0.000343466579169151
0.000288868811998256
0.000203400473348975
3.71102022966596e-05
1.17905800409248e-06
7.58108361345417e-09
0
0
0
3.99004400708114e-10
7.90028713402066e-08
2.01497222357598e-06
1.91737574716277e-05
8.12297149005586e-05
0.000159302905987115
0.00022907481051694
0.000538916091825216
0.00056748640293352
0.000445991158935502
0.000422422367990074
0.000239360345958394
4.19537167168554e-05
1.65108021013018e-06
1.15711276205353e-08
0
0
0
3.99004400708114e-10
3.43143784608978e-08
9.90727926958248e-07
1.15571624665105e-05
7.91524979904722e-05
0.000247456544253162
0.000309303822380522
0.000709775761274441
0.00074387108631935
0.000502583150101136
0.000401605909400731
0.000239222290435749
7.1109367280998e-05
7.58946270586904e-06
6.10476733083415e-08
0
0
0
0
3.99004400708114e-09
1.34065478637926e-07
2.88799385232533e-06
4.36542734726734e-05
0.000203571247232479
0.000341615198749866
0.000718271362974318
0.000645012558986706
0.000314600206795522
0.000211371783266322
0.00017908354915222
0.000105005589129954
1.59753381955515e-05
1.3127244783297e-07
0
0
0
0
0
8.77809681557851e-09
6.83095534012292e-07
1.81383410517902e-05
0.000114698204031955
0.000286693440005596
0.00049759878712749
0.000409540510913213
0.000158350881487026
7.47822027895162e-05
8.1611961116437e-05
5.97405348916217e-05
9.60962198665423e-06
7.90028713402066e-08
0
0
0
0
0
2.7930308049568e-09
3.88231281888995e-07
8.36073821243783e-06
5.67352337454882e-05
0.000161224112176525
0.000254552837519756
0.000309654148244344
0.000130614090571801
3.23592568974281e-05
2.43604156764325e-05
1.38282955153411e-05
2.02295231159014e-06
1.67581848297408e-08
0
0
0
0
0
1.19701320212434e-09
1.64788817492451e-07
4.90496109790485e-06
3.306469667788e-05
8.49975134564454e-05
0.000145921894404968
0.00019611146095684
7.66264011295891e-05
1.24812566585505e-05
5.04301662054986e-06
1.63551903850256e-06
1.63591804290327e-07
1.19701320212434e-09
0
0
0
0
0
0
3.55113916630222e-08
2.70285581039677e-06
2.08348127917756e-05
5.62552314514363e-05
8.76939851964308e-05
7.08807377593923e-05
2.52218661775613e-05
3.28580123983132e-06
4.60052074016456e-07
9.57610561699474e-08
4.38904840778926e-09
0
0
0
0
0
0
0
1.23691364219515e-08
1.49187745424764e-06
1.24549223681038e-05
3.37936777179737e-05
3.93210856809832e-05
2.24196582713882e-05
1.51932895701636e-05
2.54445106331565e-06
3.19203520566492e-08
1.99502200354057e-09
0
0
0
0
0
0
0
0
5.06735588899305e-08
6.08840815040512e-06
3.17491791687454e-05
1.63308511165824e-05
1.05644395175487e-05
9.37620441223998e-06
1.00265815853942e-05
1.79073175037802e-06
1.47631628262002e-08
0
0
0
0
0
0
0
0
0
1.03342139783402e-07
1.23986627476039e-05
6.13541086880853e-05
1.34364731938458e-05
1.30354737711341e-06
2.31741755931273e-06
2.85128544746019e-06
5.11922646108511e-07
4.38904840778926e-09
0
0
0
0
0
0
4.06984488722277e-08
4.91573421672397e-06
2.73238213604917e-05
2.06764080446945e-05
3.28819526623557e-06
2.54564807651777e-07
8.17959021451634e-08
4.58855060814332e-08
1.0374114418411e-08
3.59103960637303e-09
7.98008801416229e-10
0
0
0
0
0
0
0
1.12918245400396e-07
1.36303893325899e-05
7.57629556064567e-05
5.73477055005752e-05
9.56453448937421e-06
2.74076122846404e-06
1.12200037479122e-06
1.57207733878997e-06
4.32520770367596e-07
1.61995786687494e-07
4.98755500885143e-08
4.78805280849737e-09
0
0
0
0
0
0
1.14115258602521e-07
1.37700408728377e-05
7.65813136323091e-05
5.83248672779093e-05
1.22199087760867e-05
1.14805536215746e-05
5.95593868937002e-06
1.42919386289639e-05
5.31912766583987e-06
2.74554928127254e-06
1.30514339471624e-06
1.80748993520776e-07
1.59601760283246e-09
0
0
0
0
0
4.14964576736439e-08
5.03743055893994e-06
2.86632791336688e-05
2.6775190309518e-05
1.85201882632678e-05
1.97132114213851e-05
1.15603545017162e-05
3.71086062790568e-05
2.85192385450132e-05
2.10395020493389e-05
1.22458440621327e-05
1.87452267452672e-06
1.59601760283246e-08
0
0
0
0
0
4.38904840778926e-09
5.59803174193484e-07
6.99295112681041e-06
3.45980705898013e-05
6.94076135119779e-05
2.18953664888578e-05
9.44084312515469e-06
4.3657465507879e-05
9.19661253148126e-05
7.76917428794798e-05
4.2928883472186e-05
6.58277460288247e-06
7.98008801416229e-08
3.99004400708114e-10
0
0
0
0
0
7.38158141310012e-08
7.47853948247219e-06
5.90578383620101e-05
0.000123743234791608
2.90008368566679e-05
1.16102300518047e-05
5.89987857107053e-05
0.00017783825641761
0.000140332241755448
6.36475859833556e-05
1.10248905959659e-05
5.87334477842344e-07
1.67581848297408e-08
0
0
0
0
0
3.03243344538167e-08
3.73547919942937e-06
3.02237853448382e-05
6.57531322058923e-05
2.17537199266064e-05
2.23059420171864e-05
8.63860487709096e-05
0.000197985185622565
0.000133430263631999
5.13682255515633e-05
2.19815514394107e-05
3.82764921599294e-06
1.42045566652089e-07
7.98008801416229e-10
0
0
0
0
2.27432508403625e-08
2.7682925321129e-06
2.52517915076144e-05
6.42716288660631e-05
2.4881914428158e-05
3.04145094483767e-05
9.71240552027664e-05
0.000160426502379509
0.000114891322161898
6.81706998697828e-05
4.86270653186986e-05
9.40134168948459e-06
3.41547767006146e-07
2.39402640424869e-09
0
0
0
0
3.99004400708114e-08
4.94446253357495e-06
4.59545338427557e-05
0.00011891009448583
4.23080326246842e-05
4.38318304309885e-05
0.000147430131039645
0.000183906315343579
0.000151550649485757
0.000116225991882267
6.74333397372742e-05
1.44140339755806e-05
9.52423504490269e-07
7.18207921274606e-09
0
0
0
0
1.95512156346976e-08
2.43073480911383e-06
2.27185125675186e-05
6.3655167066969e-05
4.74595784422267e-05
6.85944425433348e-05
0.000235441723739039
0.000256199129677077
0.000159656822890543
0.000126760506069762
8.66059001956998e-05
4.38908830822933e-05
6.45668921225871e-06
5.30675852941792e-08
0
0
0
0
2.39402640424869e-09
2.96460269726129e-07
2.85088644305948e-06
1.27513826378299e-05
3.76572373300304e-05
9.74304905825102e-05
0.000286788802057365
0.000262999361678346
0.000118400565866126
6.64366267443053e-05
8.39537179441929e-05
8.03451221441887e-05
1.38223104493305e-05
1.14115258602521e-07
0
0
0
0
0
1.0374114418411e-08
1.20898333414559e-07
2.43671987512445e-06
2.3434326462389e-05
0.000104437406863345
0.000228499446171119
0.000187012963607493
0.000101360284925084
2.66000273776071e-05
3.88043749820662e-05
4.54733345355017e-05
8.05031278868691e-06
6.66337349182551e-08
0
0
0
0
0
0
7.18207921274606e-09
5.08331606502138e-07
1.00896242807061e-05
5.58933344599941e-05
0.00010623771471934
0.000104345635851183
5.61981738221351e-05
1.0047329814231e-05
7.63215617674481e-06
8.9197433778299e-06
1.57646638719776e-06
1.31671452233678e-08
0
0
0
0
0
0
2.39402640424869e-09
2.10275319173176e-07
3.10824428151621e-06
1.62845666061003e-05
3.75534961858463e-05
4.79619249827182e-05
1.66791819584006e-05
1.99542100794128e-06
7.10626837661152e-07
6.86686573618665e-07
1.17307293808186e-07
7.98008801416229e-10
0
0
0
0
0
0
1.19701320212434e-09
1.22095346616683e-07
1.11322227797564e-06
4.58735359494119e-06
1.22478390841363e-05
1.40254036892909e-05
3.52839591546186e-06
2.58554851658858e-07
3.23193564573573e-08
1.83542024325733e-08
2.7930308049568e-09
0
0
0
0
0
0
0
3.99004400708114e-10
7.18207921274606e-08
6.06087684675626e-07
1.80549491320422e-06
2.8620585662793e-06
2.30504842289078e-06
9.39256359266901e-07
1.22095346616683e-07
1.59601760283246e-09
0
0
0
0
0
0
0
0
0
2.39402640424869e-09
3.04839362140999e-07
1.58723950601688e-06
8.09978933437472e-07
5.55414125785695e-07
4.94765456878062e-07
4.74416232441948e-07
8.29929153472878e-08
7.98008801416229e-10
0
0
0
0
0
0
0
0
0
5.18705720920549e-09
6.21249851902534e-07
3.07432890745602e-06
6.71923410792465e-07
6.34416997125902e-08
1.08529196992607e-07
1.32070456634386e-07
2.35412596417787e-08
0
0
0
0
0
0
0
1.43641584254921e-08
1.71492091424348e-06
9.53221513291685e-06
7.21280255160058e-06
1.13237448920963e-06
1.79551980318651e-08
2.39402640424869e-09
1.99502200354057e-09
3.99004400708114e-10
0
0
0
0
0
0
0
0
0
3.95014356701033e-08
4.7549354432386e-06
2.64304505073062e-05
2.00024896118985e-05
3.16210987561181e-06
1.29676430230137e-07
3.71074092658546e-08
7.3416809730293e-08
2.35412596417787e-08
9.97511001770286e-09
6.78307481203794e-09
1.19701320212434e-09
0
0
0
0
0
0
3.99004400708114e-08
4.80361398012499e-06
2.67161376582132e-05
2.03336632644862e-05
3.52679989785902e-06
5.21099747324797e-07
2.29826534807874e-07
7.13419868466108e-07
4.72022206037699e-07
3.7027608385713e-07
2.62943900066647e-07
4.26934708757682e-08
3.99004400708114e-10
0
0
0
0
0
1.43641584254921e-08
1.75721538071854e-06
1.0005035347756e-05
9.35585518780387e-06
5.38017533914821e-06
1.48469537503489e-06
4.81199307253986e-07
2.18375108507551e-06
3.86555463406021e-06
3.85438251084038e-06
2.74953932527962e-06
4.45687915590964e-07
3.59103960637303e-09
0
0
0
0
0
1.59601760283246e-09
1.95512156346976e-07
2.47263027118818e-06
1.22833504757993e-05
2.39849525353662e-05
4.87703078985528e-06
4.08580506325109e-07
3.5156277746392e-06
1.31256487656941e-05
1.38685949598126e-05
9.57450959939191e-06
1.5389599735312e-06
1.31671452233678e-08
0
0
0
0
0
0
2.63342904467355e-08
2.67133446274083e-06
2.10059856796794e-05
4.34364170698867e-05
8.44213511018228e-06
4.92770434874521e-07
4.89179395268148e-06
2.14823969341249e-05
2.16535698220287e-05
1.31655492057649e-05
2.10634423133814e-06
3.55113916630222e-08
7.98008801416229e-10
0
0
0
0
0
1.15711276205353e-08
1.42364770172655e-06
1.15404042816808e-05
2.4676826166194e-05
5.05698177457464e-06
9.75964764132048e-07
5.86297066400503e-06
1.97519148482538e-05
1.73527013867959e-05
7.4941006540998e-06
1.66823739936063e-06
1.7556193631157e-07
6.78307481203794e-09
0
0
0
0
0
1.43641584254921e-08
1.78753971517235e-06
1.63763376182631e-05
4.06808926785965e-05
8.39984064370722e-06
1.80310088679997e-06
8.01081135301681e-06
1.61489051098595e-05
1.52224168914153e-05
6.22606466864942e-06
2.58475050778716e-06
4.70027184034159e-07
2.11472332375301e-08
0
0
0
0
0
2.75313036488599e-08
3.42425576687704e-06
3.17228448782986e-05
7.97099071382614e-05
1.62773845268875e-05
3.94336049219829e-06
1.82089648307155e-05
2.3139063205865e-05
2.23961170117465e-05
1.32313849318818e-05
5.03623354573782e-06
1.67222744336771e-06
2.19851424790171e-07
1.59601760283246e-09
0
0
0
0
1.35661496240759e-08
1.68459657978966e-06
1.56106481733043e-05
3.94248268251674e-05
9.25371006122259e-06
8.29969053912949e-06
3.83511059828618e-05
4.29005541597357e-05
3.26816524532002e-05
1.95268763662544e-05
1.26280902780111e-05
1.07974580875623e-05
1.86494656890973e-06
1.55611716276165e-08
0
0
0
0
1.59601760283246e-09
2.05088261963971e-07
1.90205397817558e-06
5.01269228609604e-06
3.59901969438719e-06
1.73774396596398e-05
5.88144456775782e-05
6.76847125097203e-05
9.48593062243471e-05
2.60095008645591e-05
1.94598436269354e-05
2.26782131230471e-05
4.0371265263647e-06
3.35163696594816e-08
0
0
0
0
0
7.18207921274606e-09
6.58357261168389e-08
2.68928966077269e-07
3.45936815413935e-06
2.39310869412706e-05
5.42977158615623e-05
7.0335697748025e-05
0.000172446509950841
3.60935390836553e-05
1.06402503536833e-05
1.31280427920984e-05
2.34933791136938e-06
1.95512156346976e-08
0
0
0
0
0
0
7.98008801416229e-10
2.71322992481518e-08
1.93676736103719e-06
1.32381680066938e-05
2.40280450106426e-05
3.03319155374301e-05
8.27335624868275e-05
1.67031222224431e-05
2.12390042496929e-06
2.5572192041383e-06
4.58057052012915e-07
3.99004400708114e-09
0
0
0
0
0
0
0
5.18705720920549e-09
4.41298867183174e-07
2.95662260924713e-06
5.10805433786528e-06
5.22177059206709e-06
9.79156799337713e-06
1.90883705298762e-06
1.63192799889619e-07
1.89527090336354e-07
3.39153740601897e-08
3.99004400708114e-10
0
0
0
0
0
0
0
1.19701320212434e-09
4.30924752764764e-08
3.05238366541707e-07
7.21399956480271e-07
7.30577057696557e-07
3.79453185073417e-07
5.50626072977198e-08
3.99004400708114e-09
4.38904840778926e-09
7.98008801416229e-10
0
0
0
0
0
0
0
0
3.99004400708114e-10
5.18705720920549e-09
2.47382728439031e-08
7.22197965281687e-08
7.90028713402066e-08
1.95512156346976e-08
1.19701320212434e-09
0
0
0
0
0
0
0
0
0
0
0
1.99502200354057e-09
1.07731188191191e-08
5.98506601062172e-09
5.98506601062172e-09
5.98506601062172e-09
3.59103960637303e-09
3.99004400708114e-10
0
0
0
0
0
0
0
0
0
0
0
4.38904840778926e-09
2.07482288368219e-08
4.38904840778926e-09
3.99004400708114e-10
7.98008801416229e-10
7.98008801416229e-10
0
0
0
0
0
0
0
0
0
