0
0
0
0
0
0
0
0
0
0
0
0
1.38388710189239e-09
1.38388710189239e-09
0
0
0
0
0
0
0
0
2.76777420378478e-09
2.76777420378478e-09
0
0
0
0
0
2.76777420378478e-09
1.38388710189239e-09
1.38388710189239e-09
6.91943550946194e-09
9.68720971324672e-09
1.38388710189239e-09
0
0
0
0
2.76777420378478e-09
1.38388710189239e-09
0
2.76777420378478e-09
4.15166130567716e-09
1.38388710189239e-09
0
0
0
0
0
0
1.38388710189239e-09
4.15166130567716e-09
2.76777420378478e-09
0
0
0
0
0
0
0
0
0
0
0
0
0
0
0
0
0
0
0
0
0
0
0
0
0
0
0
0
0
0
0
0
0
0
0
0
0
0
0
0
0
0
0
0
0
0
1.38388710189239e-09
7.33460164002966e-08
3.72265630409052e-07
2.68474097767123e-07
4.42843872605564e-08
1.38388710189239e-09
0
0
0
1.38388710189239e-09
1.24549839170315e-08
1.13478742355176e-06
5.77357698909504e-06
4.16688406379798e-06
6.91943550946194e-07
1.10710968151391e-08
1.38388710189239e-09
0
0
1.39634208580942e-06
6.50426937889422e-07
3.48877938387071e-06
1.79877645503973e-05
1.54095828795717e-05
2.7096509455053e-06
3.59810646492021e-08
1.38388710189239e-09
0
0
1.81136982766695e-05
8.02792907807774e-06
6.8004212186992e-06
3.73497289929737e-05
5.7651352777735e-05
1.15692961718204e-05
1.32853161781669e-07
0
0
0
1.31898279681364e-05
5.8358519086802e-06
4.00081761157089e-06
1.99362775898617e-05
2.69857984869016e-05
5.31966201967434e-06
7.74976777059737e-08
4.15166130567716e-09
0
0
9.60417648713317e-07
4.85744372764228e-07
5.95209842523916e-06
2.84582543633151e-05
1.42166721977405e-05
2.16855108866537e-06
2.22805823404675e-07
3.32132904454173e-08
0
0
0
5.53554840756955e-09
4.64986066235843e-07
2.21975491143539e-06
1.0365314393174e-06
2.13118613691428e-07
6.50426937889422e-08
1.10710968151391e-08
0
0
0
0
0
1.38388710189239e-09
2.76777420378478e-09
5.53554840756955e-09
4.15166130567716e-09
0
0
0
0
0
0
0
0
0
0
0
0
0
0
0
0
0
0
0
0
0
0
0
0
1.7990532324601e-08
1.66204840937276e-06
8.85687745211128e-06
8.69357877408798e-06
4.90449588910662e-06
1.56656019934218e-06
3.98559485345008e-07
5.12038227700184e-08
0
1.66066452227087e-08
2.82312968786047e-07
2.57942716921722e-05
0.000138026131768543
0.000136693448489421
7.23745276547681e-05
2.24812459702418e-05
5.78326419880829e-06
7.45915147919997e-07
9.68720971324672e-09
3.00552600788989e-05
1.41031934553853e-05
7.99333190053043e-05
0.000434548853316821
0.000483811082482885
0.000192422582082627
4.58163502823513e-05
1.14779596230955e-05
1.51812415077595e-06
1.66066452227087e-08
0.000389849299925697
0.000173535290916
0.000158205973488338
0.000865716870443719
0.00139668390592359
0.000492822955290408
5.52558442043593e-05
3.18985976986195e-06
4.56682743624488e-07
5.53554840756955e-09
0.000283862922340167
0.000126116399369657
0.000107851857398881
0.000570885258933954
0.000864644357939753
0.000304799750304697
4.32284814018125e-05
6.80872454131055e-06
9.5626598740764e-07
9.68720971324672e-09
2.06725055280685e-05
1.06102624102089e-05
0.000140454853632364
0.000682357364991386
0.000432915866536588
0.000295220483785397
0.000121925989225127
1.67353467231847e-05
2.44948017034953e-07
1.38388710189239e-09
1.10710968151391e-08
1.23165952068423e-07
1.09963669116369e-05
6.40241528819495e-05
9.03705955277767e-05
7.49194960351482e-05
3.31357927677113e-05
4.71490335614737e-06
4.9819935668126e-08
0
0
1.38388710189239e-09
1.93744194264934e-08
9.71488745528457e-07
4.9266380827369e-06
4.31357609659857e-06
1.92221918452853e-06
2.7816130748037e-07
2.76777420378478e-09
0
0
0
0
1.38388710189239e-09
2.76777420378478e-09
2.76777420378478e-09
1.38388710189239e-09
0
0
0
0
0
0
0
0
0
0
0
0
0
0
6.64265808908346e-08
6.29391853940658e-06
3.99583561800408e-05
7.98572052147003e-05
0.000108621298627534
4.83903802918711e-05
1.51369571204989e-05
5.0719462284356e-06
7.16853518780257e-07
5.12038227700184e-08
1.35344158565076e-06
0.00010007717966045
0.000636684938967631
0.00121668309446755
0.00131759337416334
0.000611997776956973
0.000211433039201323
6.8993691464845e-05
9.39520953474742e-06
8.87652864895816e-05
5.09408842206588e-05
0.000362073301903615
0.0021710545404327
0.00417805895214576
0.00320069698975687
0.0014225044714707
0.00044531272719534
8.94240167500823e-05
8.05699070721748e-06
0.00115089310164358
0.000580899066003247
0.00102350075836598
0.00448115652131513
0.00806303829385275
0.00628995785452097
0.00141261659812767
0.000160912856659639
2.07015671572082e-05
7.45915147919997e-07
0.000838043280067177
0.000450531365456576
0.00109534387337362
0.00478153336844218
0.00812407740225592
0.00465691848657808
0.00109683155200816
0.00025400694200394
3.76292741875559e-05
3.97175598243115e-07
6.12107104038022e-05
5.63338922567334e-05
0.000766119899607626
0.00348982975418105
0.00378585012471134
0.00502652290209019
0.00224653589463121
0.000312945309786435
6.5997575889248e-06
3.87488388529869e-08
8.30332261135433e-08
5.22417380964377e-06
7.99485417634252e-05
0.000521236925266462
0.00145925912900986
0.0013755574854261
0.0005967335022231
8.33681267922013e-05
9.20284922758438e-07
1.38388710189239e-09
5.12038227700184e-08
4.74119721108332e-06
2.47563563657529e-05
3.83267532869097e-05
0.000101077730035118
8.14625142528954e-05
3.44449499661015e-05
4.87543425996688e-06
5.12038227700184e-08
0
4.15166130567716e-09
3.66730082001483e-07
1.86547981335094e-06
1.36174490826211e-06
2.75393533276585e-07
4.56682743624488e-08
1.7990532324601e-08
2.76777420378478e-09
0
0
0
0
1.38388710189239e-09
1.38388710189239e-09
0
0
0
0
0
0
0
2.4909967834063e-08
2.13395391111806e-06
2.57679778372363e-05
0.00020089335503331
0.000646056622421646
0.000376653936409153
0.000146546724654894
7.8831744872198e-05
1.35371836307113e-05
1.16246516558961e-07
6.70770078287241e-06
7.02045926790009e-05
0.000471365785775566
0.00209239024589983
0.00449837484463688
0.00391914336259141
0.00199609107802754
0.0010590555857878
0.00017820867765909
9.08660271102542e-06
0.000163293142474894
0.00107868740821524
0.00348070440263117
0.00895922697439304
0.0117989633074762
0.0116619903137922
0.00465688250551343
0.00123356098156223
0.000162826772521557
0.000100246013886881
0.00114679817970908
0.00726430155914063
0.0190993289644922
0.0307660936887859
0.0224457520338525
0.00921023364916008
0.00223236904236914
0.00034055524135629
4.50275346342726e-05
7.34221301909007e-05
0.00135919717210753
0.00857274743956045
0.0186746098612601
0.0253160764235488
0.0175703468355148
0.00689084025027554
0.00267591177796116
0.00041884727025875
7.21005180085934e-06
8.78353143571099e-06
0.000433722672716991
0.00323325293382889
0.00850840499264507
0.0117120676524613
0.00782861335434059
0.00234077860627008
0.000462515827758965
5.19621929018554e-05
7.66673454448383e-07
9.82559842343596e-07
9.3298900635381e-05
0.000650342520776207
0.0017213119906242
0.00306685434869735
0.00169548173786738
0.000359367802619415
3.30320012350694e-05
1.71048445793899e-06
3.32132904454173e-08
1.02130868119658e-06
9.54024090302575e-05
0.000494276036747395
0.000425471937815509
0.000240091957194412
9.58618595480857e-05
1.720725222493e-05
9.92247052056842e-07
9.68720971324672e-09
0
7.88815648078661e-08
7.37196659178075e-06
3.75559281711556e-05
2.7237665939446e-05
4.56682743624488e-06
9.82559842343596e-08
9.68720971324672e-09
0
0
0
0
4.15166130567716e-09
2.07583065283858e-08
1.52227581208163e-08
2.76777420378478e-09
0
0
0
0
0
5.53554840756955e-09
4.80208824356659e-07
8.3268486920865e-06
7.26097884620898e-05
0.000281658390186852
0.000404131014817227
0.000175933567263579
5.74645280189795e-05
7.6555250589585e-05
1.59603699461249e-05
1.09603858469877e-06
2.62205089195551e-05
0.000212173418800835
0.00122771267466963
0.00412779478871793
0.0047351856055127
0.00261885272886303
0.00113304095802917
0.00109030098877433
0.00022558882036658
1.69290909174496e-05
0.000348404648998224
0.0019156180430525
0.0055870677565988
0.0145013100968577
0.0160465957997825
0.0131853649322327
0.00642408834409768
0.00208823443293284
0.000427895124130923
5.36546868274698e-05
0.00128996406817405
0.00749705891469501
0.0186192446899747
0.0346610646953686
0.0307692683257977
0.0177946597119734
0.00672144001401999
0.00213775129732566
0.00061982089074397
2.48047924143192e-05
0.00105205726871353
0.00827895927892552
0.0252952918231655
0.0386190039489744
0.031210383723413
0.0138307517532971
0.00539080488780842
0.000937633331467761
6.36172900739931e-05
4.835301534012e-06
0.000391855936223441
0.00408540355901276
0.0145060083935687
0.0188132199933856
0.0124373310531598
0.00490716125566487
0.00146100559453244
0.000214566159600007
8.01132243285503e-06
1.5458018928138e-06
0.000148326403467928
0.00113410793498473
0.00267093670382986
0.00219544555060355
0.00112994243480803
0.000361587557530851
8.79335703413442e-05
1.24023962071596e-05
5.50787066553171e-07
1.93190639424177e-06
0.000180565437393613
0.000938325275018707
0.000764055140051603
0.000177255179445887
2.63741203878651e-05
3.67145248132051e-06
1.13478742355176e-07
6.91943550946194e-09
0
1.49459807004378e-07
1.39731080678074e-05
7.11830008600388e-05
5.16023822553634e-05
8.50675401533251e-06
1.03791532641929e-07
1.38388710189239e-09
0
0
0
0
6.91943550946194e-09
3.87488388529869e-08
2.76777420378478e-08
4.15166130567716e-09
0
0
0
0
0
8.30332261135433e-08
7.83972043222038e-06
4.65262843656221e-05
6.30803418784588e-05
3.0015127352944e-05
5.22292831125206e-05
0.000138604596577134
0.000104819760758635
0.000138935345594486
2.8330936749941e-05
1.68280671590114e-06
0.000109259270581506
0.000673961321944204
0.00112646334263388
0.000865423486378118
0.0010477243181975
0.00221626474816442
0.001509894174181
0.00179661343949947
0.000369028718477726
9.46993943824961e-06
0.000188688854681721
0.00145536763847933
0.00498493847856542
0.00765643288889734
0.00706462048920857
0.00751863233072641
0.00308717949856285
0.00131704397098388
0.000314547851050427
1.67007495456373e-05
0.000304979655627943
0.00209539604868514
0.00803803145392156
0.0183771239542889
0.0174333946001373
0.0107415476279042
0.00307921384440435
0.00103597511670244
0.000370686615225793
6.1638331518287e-06
0.000431138955497758
0.00281219836364262
0.00802849785567662
0.0201851489268306
0.0205545346881806
0.0113292706412068
0.00338388350932147
0.000611208961308894
7.11594747793066e-05
2.3263142182811e-06
0.000217429422013823
0.00154428376866302
0.00446393819799339
0.0088584260217783
0.00540415524668038
0.00220515628639753
0.00136543850293706
0.0003755177650985
3.2896380299084e-05
2.26957484710352e-07
2.17865346450919e-05
0.000164191285204022
0.00051038309872632
0.000974012955602308
0.000489143199486476
0.000133978261995508
9.10805296110475e-05
2.71975332134911e-05
2.40934744439465e-06
1.03791532641929e-07
9.74118131022052e-06
5.13740408835511e-05
4.99527888299076e-05
3.64681929090682e-05
1.45086723762398e-05
1.97342300729855e-06
6.91943550946194e-08
1.52227581208163e-08
1.38388710189239e-09
8.30332261135433e-09
7.52834583429459e-07
3.83475115934381e-06
2.78438084900749e-06
4.71905501745304e-07
1.24549839170315e-08
1.38388710189239e-09
0
0
0
0
0
1.38388710189239e-09
1.38388710189239e-09
0
0
0
0
0
0
8.16493390116509e-08
7.68057341550275e-06
4.52669471029e-05
5.75627840032139e-05
1.15900544783488e-05
1.08884237176893e-05
4.9858684506979e-05
3.65927427482385e-05
1.30279131772149e-05
1.68419060300304e-06
1.06559306845714e-06
9.79196996685997e-05
0.000586534254282153
0.000797153567867563
0.000260616386802578
0.000285635681717691
0.000705091862301274
0.000485513263618212
0.000175332960261358
2.34375119576495e-05
9.18901035656546e-07
5.23801268066269e-05
0.000427521474613412
0.00122779985955705
0.00172053009441163
0.00226516993445819
0.00130533075055347
0.000493296244679255
0.000205036713016376
3.70604965886782e-05
7.98502857791908e-07
1.6216389059975e-05
0.000137515477427945
0.000873429273262566
0.0033754182719192
0.00512944535363213
0.0016099353727768
0.000221902145127139
6.21738958267193e-05
2.03583631559389e-05
2.71241871970908e-07
2.09562023839564e-05
0.000137988766816792
0.000639151025783203
0.00281184962409295
0.00450252788982966
0.00169986727609327
0.00027222304792615
3.21172518607185e-05
3.75586959453594e-06
1.14862629457068e-07
1.09354758791537e-05
7.45693725983694e-05
0.000274041475578036
0.000962115678187339
0.00136052016817694
0.000367974196506084
8.11663624130905e-05
2.02642588330102e-05
1.800437119562e-06
8.30332261135433e-09
7.69441228652168e-07
5.7818803117064e-06
2.45321666552464e-05
8.01658120384223e-05
9.30484170699385e-05
2.08261169963786e-05
4.94739638926529e-06
1.47107198931161e-06
1.31469274679777e-07
0
2.76777420378478e-09
5.39715969738031e-08
5.00967130885045e-07
1.53611468310055e-06
7.7636066416163e-07
1.07943193947606e-07
4.15166130567716e-09
1.38388710189239e-09
0
0
0
0
1.38388710189239e-09
1.38388710189239e-09
0
0
0
0
0
0
0
0
0
0
0
0
0
0
0
4.15166130567716e-09
4.02711146650685e-07
2.37059860554166e-06
3.01272222081973e-06
5.96455340915619e-07
5.06502679292614e-07
2.40104412178329e-06
3.72265630409052e-06
9.14057430799922e-06
1.95681636207584e-06
5.39715969738031e-08
5.10100785757534e-06
3.05077911612177e-05
4.09741293128298e-05
1.24937327558845e-05
1.3412633791541e-05
3.36685893019399e-05
7.85079152903552e-05
0.000251139527928819
5.46358627827115e-05
2.4909967834063e-08
2.38443747656059e-06
1.95916897014905e-05
5.60474276266417e-05
8.99858749134506e-05
0.000133575550848857
6.35093468800455e-05
0.000409241709884515
0.00172619019265837
0.000380253426761175
1.38388710189239e-09
1.72985887736549e-07
2.70411539709773e-06
5.52779863979896e-05
0.000329502135073476
0.000568448233747521
0.000127399262713111
3.6303510343943e-05
0.000139768445629826
3.07901041300037e-05
0
5.53554840756955e-09
3.90256162733654e-07
1.86202009559621e-05
0.000125276379898808
0.000234721091351968
7.05422611318626e-05
5.71960539212124e-06
1.37004823087346e-07
1.66066452227087e-08
0
1.38388710189239e-09
6.22749195851575e-08
4.00220149867279e-06
3.004142120788e-05
6.22486257302215e-05
1.47273265383388e-05
5.59090389164525e-07
8.30332261135433e-09
0
0
0
2.76777420378478e-09
2.32493033117921e-07
1.80320489376578e-06
3.83890282064948e-06
8.02654519097585e-07
9.68720971324672e-09
0
0
0
0
0
0
1.38388710189239e-09
2.76777420378478e-09
0
0
0
0
0
0
0
0
0
0
0
0
0
0
0
0
0
0
0
0
0
0
0
0
0
0
0
0
0
0
2.07583065283858e-08
1.17215237530285e-06
5.1632827771605e-06
1.13893908485744e-06
0
1.38388710189239e-09
5.53554840756955e-09
6.91943550946194e-09
2.76777420378478e-09
5.53554840756955e-09
5.5632261496074e-07
3.27579915888947e-05
0.000144242552630244
3.18183322467098e-05
0
0
4.15166130567716e-09
1.37004823087346e-07
8.80152196803559e-07
1.52919524759109e-06
4.1447418701677e-06
0.000228128253198553
0.00100458578945731
0.000221604609400232
0
0
1.66066452227087e-08
1.58593461876868e-06
1.07320444751755e-05
1.84790444715691e-05
4.07001196666551e-06
1.85108738749126e-05
8.13351966395213e-05
1.79420962760348e-05
0
0
2.76777420378478e-09
2.06199178181966e-07
1.39772597291131e-06
2.41073133149654e-06
4.94047695375583e-07
1.66066452227087e-08
4.42843872605564e-08
9.68720971324672e-09
0
0
0
6.91943550946194e-09
4.70521614643412e-08
8.30332261135433e-08
1.66066452227087e-08
0
0
0
0
0
0
0
0
0
0
0
0
0
0
0
0
0
0
0
0
0
0
0
0
0
0
0
0
0
0
0
0
0
0
0
0
0
0
0
0
0
0
0
0
