3.0565264077112e-06
9.21033290856974e-06
9.91220193552565e-06
3.70858537468959e-06
4.0300866709081e-07
1.35845618120498e-08
0
0
0
6.92812652414538e-07
8.92958529778738e-06
3.87658112243194e-05
6.40059270711078e-05
3.63432310345038e-05
7.80659485465794e-06
6.47530779707706e-07
4.07536854361493e-08
4.52818727068326e-09
0
1.49430179932547e-06
2.20251028846034e-05
0.000118792464859105
0.000228551196113196
0.000145531410692489
3.5469290891262e-05
3.45047870026064e-06
3.44142232571928e-07
4.98100599775158e-08
4.52818727068326e-09
5.64664952654202e-06
6.22852159082482e-05
0.00018470475877117
0.000203958611046115
9.94027669660389e-05
2.30846987059432e-05
3.63160619108797e-06
1.000729386821e-06
2.53578487158262e-07
2.71691236240995e-08
1.9471205263938e-06
2.10605989959478e-05
5.84679540390622e-05
5.92513304368904e-05
3.09999700550976e-05
9.21938928311111e-06
2.03315608453678e-06
1.07770857042262e-06
4.34705977985593e-07
5.43382472481991e-08
1.8112749082733e-07
1.96070508820585e-06
5.75079783376774e-06
6.99604933320563e-06
5.25722542126326e-06
2.19617082628138e-06
5.29797910669941e-07
2.39993925346213e-07
9.96201199550316e-08
1.35845618120498e-08
0
3.62254981654661e-08
2.53578487158262e-07
7.6526364874547e-07
9.82616637738267e-07
4.70931476151059e-07
8.60355581429819e-08
1.35845618120498e-08
4.52818727068326e-09
0
0
0
2.71691236240995e-08
9.96201199550316e-08
1.35845618120498e-07
5.88664345188823e-08
9.05637454136651e-09
0
0
0
0
0
0
0
0
0
0
0
0
0
0
0
0
0
0
0
0
0
0
0
4.81799125600699e-06
5.70732723596918e-05
0.000205869506074344
0.000277727309872816
0.000121704089274154
1.66003345343248e-05
1.00978576136237e-06
9.05637454136651e-08
9.05637454136651e-09
0
1.28691082232818e-05
0.000163241151108131
0.000687867871914952
0.00108990750692984
0.000571248936945776
0.000119145663466218
2.64853673462264e-05
8.09639883998166e-06
8.1960189599367e-07
2.71691236240995e-08
1.86787724915684e-05
0.000258111202616216
0.00128637196804297
0.00240604777809028
0.00163135191525997
0.000577615568248356
0.000224810913427612
8.08462555307789e-05
1.33989061339518e-05
1.07318038315193e-06
4.63278839663604e-05
0.000523748252476308
0.00173389724419187
0.00247849424623394
0.00202895392674959
0.00120371896579119
0.000625627937879411
0.000270210519003482
6.99378523957029e-05
7.51226268206352e-06
1.57897890128725e-05
0.000185248141243652
0.000686939593524462
0.0011755898664657
0.00118466435375615
0.000817772508336313
0.000427782379648718
0.000296917767525972
0.000120671662576438
1.48932079332772e-05
1.82938765735604e-06
2.89985112814556e-05
0.000194363382219537
0.000527968523012585
0.000640720386052598
0.000378923238998046
0.000130642730946483
6.79816754947677e-05
2.76808087856867e-05
3.35991495484698e-06
2.39993925346213e-07
5.47457841025606e-06
5.78883460684148e-05
0.000199733812322568
0.000266510990003334
0.000129066921776285
2.47193743106599e-05
4.02555848363742e-06
1.05053944679852e-06
1.04148307225715e-07
3.62254981654661e-08
7.06397214226588e-07
7.57565730385309e-06
2.75177940439422e-05
3.78828147065361e-05
1.69308922050847e-05
2.41352381527418e-06
1.58486554473914e-07
9.05637454136651e-09
0
0
9.05637454136651e-09
9.50919326843484e-08
3.12444921677145e-07
3.98480479820127e-07
1.72071116285964e-07
2.26409363534163e-08
0
0
0
0
0
0
0
0
0
0
0
0
0
2.04945755871124e-05
0.000251228357964778
0.000984061129477615
0.00143741418264388
0.00066114251064338
9.67945310981253e-05
6.79680909329557e-06
6.83756277873172e-07
5.43382472481991e-08
0
6.23531387173085e-05
0.000734195755881313
0.00299965690377869
0.00465099170946419
0.00238001975765839
0.000538569009413254
0.000181879169914264
6.04603564381628e-05
6.05418638090352e-06
1.8112749082733e-07
0.000116215926302086
0.0010012546565444
0.00399938556121287
0.00707258022626745
0.00552697406516513
0.00302728337431713
0.00175591329070193
0.000650329199440988
0.000102119679328449
7.75678479468042e-06
0.000214812675933943
0.00140997336778354
0.00499195062638482
0.00999499983977009
0.0118006733803896
0.00934291823185535
0.00555680123471712
0.00231089697897141
0.000541571197573718
5.4854460597057e-05
9.23795485092091e-05
0.000690756855393648
0.003238029738082
0.00759536850304237
0.00929117010772598
0.00759176859416218
0.00447843154895299
0.00268513807233157
0.000963629948512292
0.000112606961047351
5.73177944723087e-05
0.000347067441548789
0.00171496942140041
0.00456629196656606
0.00590777197369324
0.00426107403177292
0.00214369366400143
0.00103924614774543
0.00032175940289294
3.35629240503043e-05
3.75930107212124e-05
0.000180040725882366
0.000750320630752216
0.00204863342862798
0.00264893521510246
0.00146725040857041
0.000481500265240833
0.000150358458323038
3.27659630906641e-05
2.66257411516175e-06
6.50700510797184e-06
3.22542779290768e-05
0.000135044128973587
0.000347678746830331
0.000406613104158274
0.000186683576608459
3.95537158094182e-05
6.55681516794936e-06
6.79228090602489e-07
3.16973108947828e-08
1.13204681767081e-07
1.15921594129491e-06
6.5975688533855e-06
1.33717370103277e-05
8.50846388161384e-06
2.29126275896573e-06
3.84895918008077e-07
5.43382472481991e-08
4.52818727068326e-09
0
0
9.05637454136651e-09
5.88664345188823e-08
1.08676494496398e-07
4.98100599775158e-08
4.52818727068326e-09
0
0
0
0
3.63160619108797e-06
4.14057444031277e-05
0.000168987420754628
0.000272261787837101
0.000161153656776346
4.24336429135728e-05
7.08208489134861e-06
1.0278985104451e-06
7.24509963309321e-08
0
5.9672451853064e-05
0.000307685796855657
0.000916237940537321
0.00150870596303352
0.00129386158978868
0.000703879542104088
0.000314197330150899
8.62166856338092e-05
7.76584116922179e-06
1.9471205263938e-07
0.000467639484005272
0.00183737990788879
0.00415945698123152
0.00658320997155017
0.00713732877605095
0.00557805654576571
0.00329453245884558
0.00104812139479597
0.000124493452632895
6.38474405166339e-06
0.00123816488635928
0.00468299693709338
0.0103551854398421
0.0169715236294645
0.0198886316792987
0.0177306334717092
0.0114771343998992
0.00409965774013488
0.000658538802962737
4.76953965221067e-05
0.000798025083648864
0.00331371838831147
0.00933306942454161
0.0180143379887793
0.021760113365523
0.0197139342143957
0.0127515700662967
0.00552120968276955
0.00132612945227957
0.000119775081496843
0.000548254801985246
0.00224678690359308
0.00564088967233371
0.0108105535363438
0.0146825974151305
0.0140228993962265
0.00966173431302235
0.00431505002403947
0.000995209526538037
8.17564211721862e-05
0.000359352413614153
0.00132496117996373
0.00307879150452115
0.00591131301613892
0.00710112591882184
0.00476446355428024
0.00239554691180956
0.000904365033513589
0.000180498072796705
1.34623007557413e-05
6.26338863280908e-05
0.00024833031811154
0.000700329443283873
0.00134523840256185
0.00125133285494242
0.000581133969757677
0.000178985658248297
4.22615717972868e-05
4.51913089614189e-06
1.90183865368697e-07
1.04148307225715e-06
9.44579864664527e-06
5.05843800008027e-05
9.54677722278151e-05
4.92757338795752e-05
9.38240402485571e-06
1.76146484829579e-06
3.62254981654661e-07
3.16973108947828e-08
0
4.52818727068326e-09
7.69791836016154e-08
4.75459663421742e-07
8.92052892324602e-07
4.0300866709081e-07
4.07536854361493e-08
0
0
0
0
1.30411793395678e-06
3.20142840037306e-06
1.1094058813174e-05
4.42901996945529e-05
8.01036328183868e-05
4.4118128578267e-05
1.08721776369105e-05
2.02409970999542e-06
1.58486554473914e-07
4.52818727068326e-09
0.000128926547970894
0.000284243371355329
0.000580323424236225
0.00107737348456458
0.0014023343158579
0.000951344976446928
0.000514963569171183
0.000165102236076382
1.50833917986459e-05
3.16973108947828e-07
0.00101531467801987
0.00248362468241162
0.00445202316079036
0.00638938544361584
0.0072933384120878
0.00528133801847965
0.00305430306776129
0.000975724736712287
9.33485805851353e-05
2.50861574795852e-06
0.00263075907139793
0.00715990631778258
0.011364495741541
0.0137438860811688
0.0152910227695686
0.0113710299157726
0.00558661934789457
0.00156226083388389
0.000177808329557919
8.59449943975682e-06
0.00288052029668701
0.00767618306126226
0.0118119983767535
0.0168238730271294
0.0211562886493519
0.0165712952693579
0.00791729544886433
0.00219445011511852
0.000301219545433121
1.88734845442078e-05
0.00156687505671272
0.00514405696499434
0.00850977705592234
0.0109667669408078
0.0132153832320582
0.0116845253768965
0.00733339022849699
0.00242680046035182
0.000306340925236264
1.53279139112628e-05
0.000892646084857061
0.00273818125802035
0.00438587992932749
0.00629276751182127
0.00634275869928962
0.00380574668895664
0.00190618118527955
0.000616186667420036
7.07393415426138e-05
2.93879353867343e-06
0.000154832307346473
0.000496742143593953
0.00107401809779701
0.00181615176596383
0.00138040430490598
0.000502574448798593
0.000147537397653402
4.04638814508256e-05
3.7855645582912e-06
9.05637454136651e-08
2.30937550804846e-06
1.80810517718382e-05
9.65862344836739e-05
0.000186964324219241
9.97287964495281e-05
1.80493544609435e-05
2.12371982995045e-06
3.84895918008077e-07
3.16973108947828e-08
0
9.05637454136651e-09
1.44901992661864e-07
9.32806577760751e-07
1.82938765735604e-06
9.32806577760751e-07
1.44901992661864e-07
9.05637454136651e-09
0
0
0
3.41878138936586e-06
2.71691236240995e-06
2.85728616780114e-06
7.09114126588998e-06
1.16691385965508e-05
6.32134942987383e-06
1.56675279565641e-06
2.94332172594412e-07
2.26409363534163e-08
0
0.000339912905661109
0.000275223222312128
0.000249199730067512
0.000302967425719605
0.000257667440263689
0.000143357880802561
7.63361810091783e-05
2.4760127996096e-05
2.26409363534163e-06
4.52818727068326e-08
0.00245222623187671
0.00253438113352871
0.00223617736081787
0.00215066254421101
0.00172444691735795
0.00108180657990258
0.000615158768909591
0.000193226807214596
1.76010639211458e-05
3.80367730737394e-07
0.00533251106282564
0.00768995780693968
0.00698268665256985
0.00563522491005809
0.00484739277595553
0.00341356491763003
0.00178171942995755
0.000500002438428845
4.44079325635907e-05
1.01431394863305e-06
0.00449626807861221
0.00820835827024931
0.00901687969199162
0.00776863053258053
0.00656312293281742
0.00451564419194346
0.00217366573554608
0.000560363174747053
4.80259541928666e-05
1.06865219588125e-06
0.00159769842746426
0.00451501024572557
0.00652197982327599
0.00564383299405966
0.00406962227396843
0.00245692649026368
0.00121903782332791
0.000345994261165637
3.05924332007361e-05
6.61115341519755e-07
0.000552506769832418
0.00197115614442659
0.0041838956079314
0.00609826375579635
0.00428164558654364
0.00142247116465063
0.000329203742765943
7.84689572136702e-05
6.95529564776948e-06
1.49430179932547e-07
8.70227029679908e-05
0.000368988396126167
0.00130062670157108
0.00252106373476563
0.00173785940805372
0.000467105157907331
5.20243435528799e-05
6.02701725727941e-06
4.89044225233792e-07
9.05637454136651e-09
1.52599911022026e-06
1.93217750840055e-05
0.000141469626710686
0.000317693090723867
0.000214667773941281
5.34643071049572e-05
4.41951077618686e-06
1.31317430849814e-07
4.52818727068326e-09
0
9.05637454136651e-09
1.72071116285964e-07
1.39468167937044e-06
3.16973108947828e-06
2.1373043917625e-06
5.29797910669941e-07
4.07536854361493e-08
0
0
0
7.10925401497271e-07
8.15073708722986e-07
6.43002592437023e-07
3.80367730737394e-07
1.40373805391181e-07
3.16973108947828e-08
4.52818727068326e-09
0
0
0
7.10246173406669e-05
8.24809311354955e-05
6.48979799634324e-05
3.658322495985e-05
1.12480171803772e-05
2.09655070632635e-06
8.15073708722986e-07
2.53578487158262e-07
2.26409363534163e-08
0
0.00054105498422486
0.000745040764394599
0.00055543650699655
0.000289785872574646
0.000133780764725066
8.25896076299919e-05
5.35593990376416e-05
1.6740708339716e-05
1.49430179932547e-06
3.16973108947828e-08
0.00137470784531946
0.00237809074988108
0.00185399382698493
0.0010219665851205
0.000600890450819668
0.000446076256222278
0.000291099046883144
8.9893573697604e-05
7.98319415821458e-06
1.63014741744597e-07
0.0015799751024868
0.00310427161429328
0.00316980354047461
0.00234433764196541
0.00134028003750045
0.000653485345968654
0.000309904608618291
8.78332484894431e-05
7.67074923653744e-06
1.53958367203231e-07
0.000549690237350053
0.00130491036672915
0.0018577205251087
0.00205101072694509
0.00198254906359963
0.000818533243797788
0.000128754476854608
1.84342503789515e-05
1.45807630116001e-06
2.71691236240995e-08
0.000102318919568359
0.000329076953522364
0.000754631465033906
0.00131900661370278
0.00128507237829628
0.00046464635221935
4.50056532833209e-05
1.41279442845318e-06
4.07536854361493e-08
0
1.05416199661506e-05
4.8505942043559e-05
0.00019378377424889
0.000415447597523377
0.000341063065227863
0.000105180733923431
9.30542484125409e-06
2.0829661445143e-07
0
0
1.90183865368697e-07
2.64446136607902e-06
2.02274125381421e-05
4.64003349626913e-05
3.25169127907765e-05
8.43148469801223e-06
6.92812652414538e-07
1.35845618120498e-08
0
0
0
2.26409363534163e-08
1.99240239910063e-07
4.57346914339009e-07
3.16973108947828e-07
8.15073708722986e-08
4.52818727068326e-09
0
0
0
1.54864004657367e-06
3.27387939670399e-06
2.65351774062039e-06
8.15073708722986e-07
7.24509963309321e-08
0
0
0
0
0
0.000151997662115025
0.000322099016938241
0.00026045680362243
7.99043925784768e-05
7.05491576772451e-06
1.8112749082733e-07
3.16973108947828e-08
9.05637454136651e-09
0
0
0.000924429431309987
0.00198673763682501
0.00155615683744301
0.00046398070869056
4.25060939099037e-05
4.39234165256276e-06
3.16973108947828e-06
1.04601125952783e-06
9.50919326843484e-08
0
0.00158713869474902
0.00318646726963073
0.00235920820896233
0.000815820859622649
0.000149638476546999
2.94151045103584e-05
1.75920075466045e-05
5.71457233560227e-06
5.11685161587208e-07
9.05637454136651e-09
0.00205432536002723
0.00269720116322067
0.00221565561610713
0.00150029259108459
0.000608900814101507
0.000123705548047796
2.37005321747562e-05
5.58778309202314e-06
4.89044225233792e-07
9.05637454136651e-09
0.00108515291029562
0.00106227198001686
0.000735028942339118
0.000800103521606107
0.000845344640627504
0.000329149404518695
3.37395233538609e-05
1.61203466836324e-06
8.60355581429819e-08
0
0.00016090913466373
0.000140654553001963
0.00010523960035795
0.00023864905372682
0.000368694063953572
0.000157594501581589
1.52509347276612e-05
3.26029483489195e-07
0
0
1.66637291561144e-06
1.94259233912312e-06
6.95529564776948e-06
2.99403742337577e-05
4.88772533997551e-05
2.10062607486996e-05
2.0286278972661e-06
4.07536854361493e-08
0
0
0
1.35845618120498e-08
1.31317430849814e-07
4.52818727068326e-07
5.93192532459507e-07
2.35465738075529e-07
2.26409363534163e-08
0
0
0
0
0
0
0
0
0
0
0
0
0
1.72071116285964e-06
2.84822979325977e-06
1.60297829382187e-06
3.35085858030561e-07
2.26409363534163e-08
0
0
0
0
0
0.00016766971825886
0.000277835986367313
0.000156376419205776
3.28293577124536e-05
2.42258018981554e-06
4.52818727068326e-08
0
0
0
0
0.000894380380581733
0.00149721795192779
0.000849116620623983
0.000179950162136953
1.34441880066586e-05
2.76219423511679e-07
1.35845618120498e-08
4.52818727068326e-09
0
0
0.000822948226386704
0.00140583460461814
0.000837139565293026
0.000209596204198116
2.61276405518424e-05
1.58033735746846e-06
9.05637454136651e-08
1.8112749082733e-08
0
0
0.000429955909538646
0.000557551170451959
0.000389559950896881
0.000216460936100472
7.860027464452e-05
1.26291142979356e-05
8.51299206888452e-07
3.16973108947828e-08
0
0
0.000185374930487231
0.00016840328459671
9.63960506183052e-05
9.24927531909762e-05
9.38874348703466e-05
3.56323056330065e-05
3.35538676757629e-06
7.24509963309321e-08
0
0
2.78438235274313e-05
2.2745084660642e-05
1.23936485598601e-05
2.52808695322246e-05
3.98208788583886e-05
1.70757941977466e-05
1.64826016652871e-06
3.62254981654661e-08
0
0
2.80747610782362e-07
2.67163048970312e-07
6.97340839685221e-07
3.1108646549594e-06
5.21647173582711e-06
2.25956544807094e-06
2.17352988992796e-07
4.52818727068326e-09
0
0
0
0
4.52818727068326e-09
3.16973108947828e-08
5.43382472481991e-08
2.26409363534163e-08
0
0
0
0
0
0
0
0
0
0
0
0
0
0
2.35465738075529e-07
3.71311356196027e-07
1.90183865368697e-07
3.16973108947828e-08
0
0
0
0
0
0
2.27903665333488e-05
3.61077652964283e-05
1.84523631280343e-05
3.27840758397468e-06
2.17352988992796e-07
4.52818727068326e-09
0
0
0
0
0.00011909132521897
0.000189088044049191
9.71160323943438e-05
1.74289928048599e-05
1.15468775402423e-06
2.26409363534163e-08
0
0
0
0
9.33983906451129e-05
0.000149172073258119
7.84372599027754e-05
1.4825285124217e-05
1.0550676340692e-06
2.26409363534163e-08
0
0
0
0
2.15043613484748e-05
2.99630151701111e-05
1.52464065403905e-05
3.28746395851604e-06
4.52818727068326e-07
4.98100599775158e-08
4.52818727068326e-09
0
0
0
4.17498866356996e-06
3.49123238569679e-06
1.24072331216721e-06
4.21121416173543e-07
3.39614045301244e-07
1.26789243579131e-07
1.35845618120498e-08
0
0
0
6.24889843354289e-07
4.98100599775158e-07
1.63014741744597e-07
9.96201199550316e-08
1.44901992661864e-07
6.33946217895656e-08
4.52818727068326e-09
0
0
0
4.52818727068326e-09
4.52818727068326e-09
4.52818727068326e-09
9.05637454136651e-09
1.8112749082733e-08
9.05637454136651e-09
0
0
0
0
0
0
0
0
0
0
0
0
0
0
0
0
0
0
0
0
0
0
0
0
0
