2.83656873299382e-05
0.000102343336301496
0.000230848461161519
0.000333240621598601
0.000331930318052898
0.000266500299143776
0.000196350235313088
0.000123955396690498
5.89897747919414e-05
2.06230877821499e-05
5.57049323675754e-06
1.23082239475034e-06
2.31630782775895e-07
3.74696854490418e-08
5.67722506803663e-09
1.13544501360733e-09
0
1.11353092484471e-05
5.47091470906418e-05
0.000172947578137627
0.00035781392258309
0.000506351703818187
0.000549885801084906
0.000542241985253301
0.000500487130322905
0.000379986892808814
0.000218595874019683
9.48142004162662e-05
3.11940808588341e-05
8.0593887065848e-06
2.0914897150647e-06
8.06165959661202e-07
3.69019629422381e-07
1.39659736673701e-07
4.20114655034711e-08
7.99239745078197e-06
3.64795773971762e-05
0.000107905881423159
0.000214151742236423
0.000299400953858061
0.000323764197515034
0.000320978950896655
0.000330961783456291
0.000322718452657502
0.000251557842764703
0.000143603137205959
6.54413733592583e-05
4.06137326917205e-05
4.00619064151073e-05
3.32867060189124e-05
1.83646876500849e-05
6.5867165239361e-06
1.57713312390058e-06
1.45336961741738e-06
6.46976568753455e-06
1.86905603689902e-05
3.65919864535233e-05
5.12914575996838e-05
5.71072069593805e-05
6.32215783576559e-05
8.04133513086845e-05
9.49731627181712e-05
8.47269069153787e-05
6.21815107251916e-05
6.77429204018403e-05
0.000114008898371298
0.000153099999299771
0.000133287619257337
7.38152803346123e-05
2.62707912798327e-05
6.15070563871089e-06
2.27089002721465e-08
9.87837161838374e-08
2.83861253401832e-07
5.60909836722019e-07
8.81105330559285e-07
1.55328877861482e-06
3.62206959340737e-06
7.69377541220324e-06
1.17200634304548e-05
1.28169033135995e-05
1.2801007083409e-05
1.85997247679016e-05
3.26133871258432e-05
4.30958154914661e-05
3.70927177045241e-05
2.04062177845509e-05
7.2214302865426e-06
1.67591684008441e-06
0
0
1.13544501360733e-09
1.13544501360733e-09
4.54178005442931e-09
2.04380102449319e-08
9.31064911158008e-08
3.05434708660371e-07
6.92621458300469e-07
1.08207909796778e-06
1.26602119017217e-06
1.41476448695473e-06
1.78037778133629e-06
2.00973767408497e-06
1.61573825436323e-06
8.58396430287139e-07
2.95215703537905e-07
6.58558107892249e-08
0
0
0
0
0
0
1.13544501360733e-09
3.40633504082198e-09
9.08356010885861e-09
1.58962301905026e-08
2.04380102449319e-08
2.15734552585392e-08
2.27089002721465e-08
2.27089002721465e-08
1.70316752041099e-08
9.08356010885861e-09
3.40633504082198e-09
1.13544501360733e-09
0
0
0
0
0
0
0
0
0
1.13544501360733e-09
2.27089002721465e-09
2.27089002721465e-09
1.13544501360733e-09
1.13544501360733e-09
0
0
0
0
0
0
0
0
0
0
2.27089002721465e-09
5.67722506803663e-09
7.94811509525128e-09
9.08356010885861e-09
5.67722506803663e-09
2.27089002721465e-09
1.13544501360733e-09
0
0
0
0
0
0
0
0
0
0
2.27089002721465e-09
1.13544501360733e-08
2.95215703537905e-08
4.65532455579004e-08
4.76886905715077e-08
2.95215703537905e-08
1.13544501360733e-08
3.40633504082198e-09
0
0
0
0
0
0
0
0
0
0
3.40633504082198e-09
1.58962301905026e-08
3.97405754762564e-08
6.35849207620103e-08
6.35849207620103e-08
4.08760204898638e-08
1.58962301905026e-08
3.40633504082198e-09
1.13544501360733e-09
0
0
0
0
0
0
0
0
0
1.13544501360733e-09
3.40633504082198e-09
9.08356010885861e-09
1.36253401632879e-08
1.36253401632879e-08
9.08356010885861e-09
3.40633504082198e-09
1.13544501360733e-09
0
0
0
0
0
0
0
0
0
0
0
0
0
0
0
0
0
0
0
0
0
0
0
0
0
0
0
0
0
0
0
0
0
0
0
0
0
0
0
0
0
0
0
0
0
0
0
0
0
0
0
0
0
0
0
0
0
0
0
0
0
0
0
0
0
0
0
0
0
0
0
0
0
0
0
0
0
0
0
0
0
0
0
0
0
0
0
0
0
0
0
0
0
0
0
0
0
0
0
0
0
0
0
0
0
0
0
0
0
0
0
0
0
1.02269532375612e-05
5.55879815311739e-05
0.000191671066412012
0.000421197869577692
0.000608393011746064
0.000634680834701101
0.000563955100248514
0.000462403169121502
0.000314646574055767
0.000160965226909029
6.27219825516687e-05
2.01689097767069e-05
5.7498935489075e-06
1.45109872739016e-06
3.03163818633156e-07
5.5636805666759e-08
1.24898951496806e-08
4.54178005442931e-09
2.85780155474828e-05
0.000132258906075009
0.000394068681867572
0.000781095333760752
0.00110263632993914
0.00127530799493846
0.00139543467104308
0.00140048285957358
0.0011382881679214
0.000710972520610391
0.000342309420922282
0.000128555084440621
3.98382237474267e-05
1.23048176124626e-05
4.80179696254538e-06
2.21071144149346e-06
9.4696114134851e-07
3.42904394109413e-07
2.32153087482154e-05
0.000104012440471499
0.000302094229430338
0.000594873267969042
0.000848755366676599
0.000983720038219034
0.00109037352379218
0.00123925193853136
0.00128370461081409
0.00104715280934922
0.000626151371758883
0.000295308810029021
0.000167919827617374
0.000144262830758865
0.000113412789739154
6.27844320274171e-05
2.40725697334889e-05
6.84105620698414e-06
4.46570523851762e-06
1.98543915079377e-05
5.73842555427007e-05
0.000113328766808147
0.000164587296502436
0.000202289748179268
0.000261886986053489
0.000368338362414217
0.000448683587022085
0.000408455905634991
0.000301310772370949
0.000287200597186851
0.00041078810969294
0.000510481317332677
0.000430226928325898
0.000238134611813837
8.88531140948277e-05
2.39431290019377e-05
8.40229310069422e-08
3.69019629422381e-07
1.05028663758678e-06
2.09489605010552e-06
3.59708980310801e-06
7.71307797743457e-06
2.01462008764348e-05
4.44061190371689e-05
7.08086219385801e-05
8.26445007604229e-05
8.15715052225639e-05
9.31257936810321e-05
0.000128147459680736
0.000149893502581344
0.000121955878021536
6.60624617817015e-05
2.41895205698905e-05
6.35167940611938e-06
0
2.27089002721465e-09
7.94811509525128e-09
2.15734552585392e-08
5.5636805666759e-08
1.93025652313245e-07
7.58477269089694e-07
2.48662457980004e-06
5.81007213462869e-06
9.29021110133514e-06
1.05982437570108e-05
1.00623137105881e-05
9.52865455419268e-06
8.48404514167394e-06
5.88841784056759e-06
2.882894889549e-06
9.6399281655262e-07
2.21411777653429e-07
0
0
0
0
1.13544501360733e-09
2.27089002721465e-09
9.08356010885861e-09
3.63342404354344e-08
1.02190051224659e-07
1.91890207299638e-07
2.52068793020826e-07
2.45256122939183e-07
1.94161097326853e-07
1.30576176564843e-07
7.38039258844762e-08
3.17924603810051e-08
1.02190051224659e-08
2.27089002721465e-09
0
0
0
0
0
0
1.13544501360733e-09
4.54178005442931e-09
1.70316752041099e-08
3.97405754762564e-08
6.35849207620103e-08
6.58558107892249e-08
4.42823555306857e-08
1.81671202177172e-08
4.54178005442931e-09
1.13544501360733e-09
0
0
0
0
0
0
1.13544501360733e-09
9.08356010885861e-09
3.74696854490418e-08
9.53773811430154e-08
1.54420521850596e-07
1.58962301905026e-07
1.06731831279089e-07
4.8824135585115e-08
1.58962301905026e-08
4.54178005442931e-09
1.13544501360733e-09
0
0
0
0
0
0
1.13544501360733e-09
7.94811509525128e-09
4.99595805987224e-08
2.08921882503748e-07
5.33659156395443e-07
8.50448315191888e-07
8.52719205219102e-07
5.3933638146348e-07
2.1232821754457e-07
5.10950256123297e-08
7.94811509525128e-09
1.13544501360733e-09
0
0
0
0
0
0
1.13544501360733e-09
1.02190051224659e-08
6.81267008164396e-08
2.83861253401832e-07
7.24413918681474e-07
1.15588302385226e-06
1.15928935889308e-06
7.32362033776726e-07
2.88403033456261e-07
7.03975908436542e-08
1.02190051224659e-08
1.13544501360733e-09
0
0
0
0
0
0
0
2.27089002721465e-09
1.47607851768952e-08
6.13140307347956e-08
1.56691411877811e-07
2.49797902993612e-07
2.50933348007219e-07
1.58962301905026e-07
6.24494757484029e-08
1.47607851768952e-08
2.27089002721465e-09
0
0
0
0
0
0
0
0
0
0
1.13544501360733e-09
2.27089002721465e-09
3.40633504082198e-09
3.40633504082198e-09
2.27089002721465e-09
1.13544501360733e-09
0
0
0
0
0
0
0
0
0
0
0
0
0
0
0
0
0
0
0
0
0
0
0
0
0
0
0
0
0
0
0
0
0
0
0
0
0
0
0
0
0
0
0
0
0
0
0
0
0
0
0
0
0
0
0
0
0
0
0
0
0
0
0
0
0
0
0
0
0
0
0
0
0
0
0
0
0
0
0
0
0
0
0
0
0
0
0
0
0
0
0
0
0
0
0
0
1.35458590123354e-05
6.87205385585562e-05
0.000223961987153991
0.000476436134044675
0.000694539224928452
0.00078148819773546
0.000787876211382015
0.000716503273271672
0.000524851509424891
0.000296093402533423
0.000136542940111349
5.62851447695288e-05
2.10590986673751e-05
6.56854940371838e-06
1.58962301905026e-06
3.42904394109413e-07
9.42419361294081e-08
3.17924603810051e-08
4.56369414319193e-05
0.000201935489335022
0.000573790324956381
0.00110292586841761
0.00159062675244229
0.00202265222566974
0.00246827919471519
0.00265609428986099
0.0022984222979046
0.00157299442682598
0.000861565457320117
0.000384588851448965
0.000148610449715968
5.67767924604207e-05
2.52420780975045e-05
1.2795329858341e-05
6.04283836241819e-06
2.34923573315356e-06
4.11405791780343e-05
0.000181940302645397
0.000522148014847492
0.00102873589122851
0.0015208354892359
0.00193145441762181
0.00241249251030664
0.00298338745047832
0.00324755554556414
0.00277788325746553
0.00177504800244241
0.000914473788619177
0.000521702920402158
0.000394841919921839
0.000289168323395432
0.000165932798843561
7.43682420562391e-05
2.74845819993789e-05
8.77812540019824e-06
3.87822598847718e-05
0.00011136558237962
0.000220524995097801
0.000333609641228023
0.000462614361894033
0.000697810442012655
0.00105667919301339
0.00131700721306319
0.00124143767018256
0.000972799328078158
0.000894299201617402
0.0010788930392596
0.00117229361063392
0.000925488740696182
0.00052028702047019
0.000222988910777329
7.99478188531055e-05
3.20195493837266e-07
1.3943264767098e-06
3.91501440691806e-06
7.73010965263868e-06
1.36662161837778e-05
3.02425779374311e-05
7.62996340243851e-05
0.000163451851488829
0.000266275481031081
0.000330402009064582
0.000339954507964061
0.000350175783976554
0.000386877908596397
0.000376495399391972
0.00027428263926704
0.000145156425984574
5.90647141628395e-05
2.02404428125642e-05
5.67722506803663e-09
2.72506803265758e-08
9.87837161838374e-08
2.65694133184114e-07
6.34713762606495e-07
1.56350778373729e-06
4.34648351208885e-06
1.23025467224354e-05
2.79705524652029e-05
4.50476454698571e-05
5.18171686409839e-05
4.76796070113989e-05
3.97666907115694e-05
2.90560378982115e-05
1.6525266728041e-05
6.95346526333127e-06
2.200492436371e-06
5.55232611653983e-07
0
0
1.13544501360733e-09
3.40633504082198e-09
7.94811509525128e-09
2.27089002721465e-08
7.94811509525128e-08
3.00892928605942e-07
8.87918000640929e-07
1.84282725708469e-06
2.65921222186836e-06
2.67737934208608e-06
1.89165139266981e-06
9.52638366416547e-07
3.55394289259093e-07
1.04460941251874e-07
2.49797902993612e-08
4.54178005442931e-09
0
0
0
0
0
2.27089002721465e-09
1.58962301905026e-08
8.06165959661202e-08
2.86132143429046e-07
6.96027793341291e-07
1.12636145349847e-06
1.1785919241244e-06
7.83457059389055e-07
3.25872718905303e-07
8.28874859933348e-08
1.36253401632879e-08
1.13544501360733e-09
0
0
0
0
1.13544501360733e-09
1.36253401632879e-08
9.19710461021934e-08
3.83780414599276e-07
9.85566271811159e-07
1.59416479910469e-06
1.66569783496195e-06
1.1626956939339e-06
5.76806066912522e-07
2.19140887626214e-07
6.47203657756176e-08
1.36253401632879e-08
2.27089002721465e-09
0
0
0
0
0
6.81267008164396e-09
7.60748159116909e-08
5.16627481191334e-07
2.1391784056362e-06
5.45921962542403e-06
8.70091513927294e-06
8.73384304466755e-06
5.51939821114521e-06
2.17664809108524e-06
5.29117376341014e-07
7.83457059389055e-08
6.81267008164396e-09
0
0
0
0
0
0
9.08356010885861e-09
1.03325496238267e-07
7.01705018409328e-07
2.90787467984836e-06
7.42013316392388e-06
1.18267952617339e-05
1.18710776172646e-05
7.49847886986278e-06
2.95442792540626e-06
7.16465803586223e-07
1.05596386265481e-07
9.08356010885861e-09
0
0
0
0
0
0
2.27089002721465e-09
2.27089002721465e-08
1.52149631823382e-07
6.30171982552066e-07
1.60665469425437e-06
2.56156395069813e-06
2.57064751080699e-06
1.62368636945848e-06
6.40390987674532e-07
1.55555966864204e-07
2.27089002721465e-08
2.27089002721465e-09
0
0
0
0
0
0
0
0
2.27089002721465e-09
9.08356010885861e-09
2.38443452857539e-08
3.74696854490418e-08
3.86051304626491e-08
2.38443452857539e-08
9.08356010885861e-09
2.27089002721465e-09
0
0
0
0
0
0
0
0
0
0
0
0
0
0
0
0
0
0
0
0
0
0
0
0
0
0
0
0
0
0
0
0
0
0
0
0
0
0
0
0
0
0
0
0
0
0
0
0
0
0
0
0
0
0
0
0
0
0
0
0
0
0
0
0
0
0
0
0
0
0
0
0
0
0
0
0
0
0
0
0
0
0
0
0
0
0
0
0
0
0
0
0
0
0
0
1.14804845325837e-05
5.4520663218383e-05
0.000167699551284734
0.000347781130442856
0.000530156308528465
0.000682726055006881
0.000801913718085242
0.000804542273291743
0.000645527740916092
0.000425032267388644
0.000245731874399884
0.000127580872618946
5.63578132503996e-05
1.94217869577533e-05
5.16854570194055e-06
1.33074155594779e-06
4.37146330238821e-07
1.51014186809774e-07
4.59968775012328e-05
0.000197252914098906
0.000543200300844786
0.00103908660797255
0.00160442581569266
0.00233495183488238
0.00316609190761787
0.00360749047943265
0.00334296585461255
0.00256280158576296
0.00163256327857486
0.00086822370687991
0.000405557114515251
0.000187499441432019
9.89176986954431e-05
5.6076222887025e-05
2.77514115775767e-05
1.07651541740111e-05
4.91852070994422e-05
0.000213227489995347
0.000598607746618796
0.00116862498779496
0.00179087951226714
0.00251759724888123
0.00353451315751808
0.00471242608552435
0.00540021622529192
0.00491145370017953
0.00344401932537859
0.00203421900402336
0.0012830131248008
0.000945370382884446
0.000680025966764523
0.000422898766208076
0.000222339436229546
9.63754373099763e-05
1.44224225628403e-05
6.27015445414238e-05
0.000175465995177808
0.000337375912338158
0.000512561452597606
0.000778731337242422
0.00131008440481523
0.002056636094927
0.0025835654687268
0.00253384773791597
0.00217841030174636
0.0021009774935984
0.00228707806677365
0.00216248000820545
0.00158222218845156
0.000943811416880763
0.000505773762306261
0.000238175487834327
1.3489086761655e-06
6.01558768209162e-06
1.72871503321715e-05
3.46231247999282e-05
5.89818266768462e-05
0.000111508648451335
0.000229197524111734
0.000425296826076815
0.000656936692412818
0.000830076160757745
0.000896069360393616
0.000928647548724038
0.000934772139127436
0.000786402403754353
0.000507307748519645
0.000266270939251027
0.000129328322494888
5.81654417120625e-05
3.40633504082198e-08
1.93025652313245e-07
7.39174703858369e-07
2.11079228029602e-06
5.02775052025324e-06
1.04551776852963e-05
2.01496072114756e-05
4.10156802265375e-05
8.13512288899241e-05
0.000127960111253491
0.00015102213492487
0.000145358535196996
0.000122235197494883
8.35483149912543e-05
4.19467451376955e-05
1.53875508244065e-05
4.59968775012328e-06
1.31370988074368e-06
0
2.27089002721465e-09
7.94811509525128e-09
2.61152353129685e-08
7.15330358572616e-08
1.88483872258816e-07
6.2449475748403e-07
2.33447494797666e-06
7.07949965984168e-06
1.53228304586309e-05
2.30234185409158e-05
2.36626740835767e-05
1.6360627201068e-05
7.53821944533904e-06
2.33106861293584e-06
4.99595805987224e-07
7.94811509525128e-08
1.02190051224659e-08
0
0
0
0
2.27089002721465e-09
2.27089002721465e-08
1.58962301905026e-07
8.1524951977006e-07
2.91468734993001e-06
7.06587431967839e-06
1.13623982511685e-05
1.18801611773735e-05
7.92654163999275e-06
3.32004121978782e-06
8.62938210341568e-07
1.38524291660094e-07
1.36253401632879e-08
1.13544501360733e-09
0
0
0
6.81267008164396e-09
8.06165959661202e-08
5.48419941572339e-07
2.27997358732351e-06
5.87479250040431e-06
9.60472937010437e-06
1.02825900432279e-05
7.57682457580169e-06
4.14323885465313e-06
1.7815132263499e-06
5.84754182007773e-07
1.32847066592057e-07
1.93025652313245e-08
2.27089002721465e-09
0
0
0
2.27089002721465e-09
3.97405754762564e-08
4.49636225388501e-07
3.06229520169896e-06
1.26772435769258e-05
3.23533702177272e-05
5.15719125180448e-05
5.17706153954261e-05
3.27189835121087e-05
1.29100098047153e-05
3.14177635265147e-06
4.67803345606218e-07
4.20114655034711e-08
2.27089002721465e-09
0
0
0
0
2.27089002721465e-09
5.45013606531517e-08
6.10869417320742e-07
4.16140597487085e-06
1.72315135265048e-05
4.39757853770118e-05
7.00944270250211e-05
7.03521730431099e-05
4.44413178325908e-05
1.75119684448658e-05
4.24769979590501e-06
6.25630202497637e-07
5.5636805666759e-08
2.27089002721465e-09
0
0
0
0
1.13544501360733e-09
1.13544501360733e-08
1.32847066592057e-07
9.01543340804217e-07
3.73220775972728e-06
9.52411277413825e-06
1.518089983193e-05
1.52365366375967e-05
9.6251673803493e-06
3.79238634544847e-06
9.19710461021934e-07
1.35117956619272e-07
1.24898951496806e-08
1.13544501360733e-09
0
0
0
0
0
0
2.27089002721465e-09
1.36253401632879e-08
5.5636805666759e-08
1.40795181687308e-07
2.24818112694251e-07
2.25953557707858e-07
1.43066071714523e-07
5.5636805666759e-08
1.36253401632879e-08
2.27089002721465e-09
0
0
0
0
0
0
0
0
0
0
0
0
0
0
0
0
0
0
0
0
0
0
0
0
0
0
0
0
0
0
0
0
0
0
0
0
0
0
0
0
0
0
0
0
0
0
0
0
0
0
0
0
0
0
0
0
0
0
0
0
0
0
0
0
0
0
0
0
0
0
0
0
0
0
0
0
0
0
0
0
0
0
0
0
0
0
0
0
0
0
0
0
0
0
6.21315511445929e-06
2.81340565471623e-05
8.3714089963241e-05
0.000178631615875745
0.000314976988554727
0.000504220473527646
0.000696336634384992
0.000778833527293646
0.000720822506103434
0.000574993896670805
0.000392441589163073
0.00022256425434224
0.00010161438060276
3.5979981591189e-05
1.04018117696567e-05
3.22693472867202e-06
1.22514516968231e-06
4.32604550184391e-07
3.21035723147335e-05
0.000134725092644564
0.000365876717624716
0.000723803049264153
0.00126769029434217
0.00215107559848878
0.00319177340293564
0.00387233302885656
0.00394605293181003
0.00342618602599488
0.00245878687440143
0.00145537708420144
0.000764212401853425
0.000410969780895117
0.000252597910397168
0.000156476812770239
7.95208915279891e-05
3.03368198735605e-05
5.27300664319242e-05
0.000219641618877215
0.00058266950496279
0.00106955400402268
0.00160439856501233
0.00239910901993125
0.00370183687650331
0.0052987301499757
0.00643662318303236
0.00626734082139866
0.00484371986333779
0.00329686338072506
0.00238107588222513
0.00186649560839334
0.00140751807687789
0.000940520897231329
0.000527661735833569
0.000234955365775737
2.67476781855478e-05
0.000115957322014648
0.000319138394529598
0.00058699100868458
0.000829011113334981
0.00119612887235957
0.00198884321494457
0.00305606728579932
0.00376097993637209
0.00375859550184352
0.00348655763736838
0.00360366289429178
0.00384524925894699
0.00340846286477748
0.00242257866836251
0.00156095984512675
0.000973158128702458
0.000513029255943212
4.39530764767396e-06
2.03732898791563e-05
6.12935927245507e-05
0.000128064572194743
0.000216912009064503
0.000359973538998972
0.000589875039019142
0.000870944233132513
0.00114756134734753
0.00136626735953353
0.00151352095245824
0.0016688566429898
0.00171548709880863
0.00139533248099185
0.000859811194774093
0.000457820513046583
0.000247494085061003
0.000123922468785104
1.40795181687308e-07
8.30010304946956e-07
3.33026022491029e-06
9.9340084240505e-06
2.40952786337611e-05
4.7459330678759e-05
7.48905467624984e-05
0.000108654139687126
0.000168260461121456
0.000246960425904607
0.000303113859052557
0.00031797456339065
0.0002849183527095
0.000197802469485492
9.80524895950743e-05
3.50091761045547e-05
1.01679100968536e-05
2.89538478469868e-06
1.13544501360733e-09
9.08356010885861e-09
3.97405754762564e-08
1.30576176564843e-07
3.65613294381559e-07
1.05255752761399e-06
3.8593776012513e-06
1.47664624019633e-05
4.39315030214811e-05
9.29259553586372e-05
0.000137837347426861
0.000141155117756622
9.7483631643257e-05
4.45787066792372e-05
1.34334499559883e-05
2.69781735233101e-06
3.7356140947681e-07
3.86051304626491e-08
0
0
0
1.13544501360733e-09
1.24898951496806e-08
1.33982511605665e-07
9.91243496879196e-07
5.06294931567507e-06
1.76890978669885e-05
4.19149526773145e-05
6.64292105210966e-05
6.91224860933732e-05
4.62864159797027e-05
1.96114062750257e-05
5.20487994237598e-06
8.64073655355175e-07
8.97001560749788e-08
5.67722506803663e-09
0
0
1.13544501360733e-09
2.49797902993612e-08
2.8045491836101e-07
1.91436029294195e-06
7.97423033056425e-06
2.06707764727214e-05
3.42961166360093e-05
3.7995396490342e-05
3.00211661597777e-05
1.82704457139555e-05
8.75882283496692e-06
3.08841043701193e-06
7.28955698735904e-07
1.07867276292696e-07
1.02190051224659e-08
0
0
0
6.81267008164396e-09
1.38524291660094e-07
1.56691411877811e-06
1.06709122378817e-05
4.41813009244747e-05
0.000112756502521289
0.000179744351989081
0.000180456276012612
0.000114079295962142
4.50453745798299e-05
1.09865659516645e-05
1.64412437970341e-06
1.52149631823382e-07
9.08356010885861e-09
0
0
0
0
9.08356010885861e-09
1.88483872258816e-07
2.13009484552734e-06
1.450417460382e-05
6.00536867696915e-05
0.00015326009704669
0.000244286452897562
0.000245183454458312
0.000154880377081107
6.10313049264074e-05
1.48016611973851e-05
2.18005442612607e-06
1.93025652313245e-07
1.02190051224659e-08
0
0
0
0
2.27089002721465e-09
4.08760204898638e-08
4.60990675524575e-07
3.14177635265147e-06
1.30065226308719e-05
3.3192464082783e-05
5.2907195854047e-05
5.31013569513738e-05
3.35433165919876e-05
1.32177154034029e-05
3.20536127341348e-06
4.72345125660648e-07
4.20114655034711e-08
2.27089002721465e-09
0
0
0
0
0
1.13544501360733e-09
6.81267008164396e-09
4.65532455579004e-08
1.93025652313245e-07
4.91647690891972e-07
7.83457059389055e-07
7.86863394429877e-07
4.97324915960009e-07
1.9529654234046e-07
4.76886905715077e-08
6.81267008164396e-09
1.13544501360733e-09
0
0
0
0
0
0
0
0
0
0
0
1.13544501360733e-09
1.13544501360733e-09
0
0
0
0
0
0
0
0
0
0
0
0
0
0
0
0
0
0
0
0
0
0
0
0
0
0
0
0
0
0
0
0
0
0
0
0
0
0
0
0
0
0
0
0
0
0
0
0
0
0
0
0
0
0
0
0
0
0
0
0
0
0
0
0
0
0
0
0
0
0
0
0
0
0
0
0
0
0
0
0
2.4026016487931e-06
1.12624790899711e-05
3.64704938370673e-05
9.22492301305272e-05
0.000203386588062412
0.000386948306187241
0.000601514485853631
0.000774973014247381
0.000848445390187884
0.000757605247319244
0.000523910225508611
0.000280688820033813
0.000119939327677369
4.16651547743208e-05
1.31041709020422e-05
4.89149711862036e-06
2.08240615495584e-06
7.42581038899191e-07
2.15405273531446e-05
9.07220565872254e-05
0.000251477226168737
0.000527091742436739
0.00100611782655745
0.00182053620057755
0.00285379343385025
0.00378942169851794
0.00430718235383286
0.00401493810989556
0.00293820468705184
0.00174633600438333
0.000958923054566863
0.000577500959260849
0.000400158073475548
0.000264990157275678
0.000137489901252698
5.16014340883986e-05
6.3105762966268e-05
0.00025575898931505
0.000646316875200549
0.00109247523251237
0.00147087363774715
0.00207220077517353
0.00328449043641178
0.00495085477759671
0.00625358604050382
0.00628144191302265
0.00510245598947852
0.00382666883674432
0.00310361063940909
0.0026374366573974
0.0021043157019384
0.0014605728805837
0.000822643537698671
0.000355310266328086
4.55029589203136e-05
0.00020119517918615
0.000563377158736588
0.00103454142158308
0.0013804252234082
0.00174522894549506
0.00257295246418461
0.00368297145760223
0.00432756472727212
0.00424767254522468
0.00403383077947697
0.00436938884434835
0.00478582579298398
0.00427838519739775
0.00308405373449472
0.00204124967954761
0.00129533383864346
0.000682103831139424
9.10740445414436e-06
4.40688918681276e-05
0.000139202152333217
0.000305220109552799
0.000528329377501571
0.000829056531135525
0.00117618364525054
0.00142099694463442
0.00152592341834187
0.00159423065491548
0.00174574784386628
0.00207753055406741
0.00230205004472308
0.00195975879092101
0.00123815282775819
0.00065716718775058
0.000343443730490876
0.000166287057687807
3.64477849367952e-07
2.25272290699694e-06
9.34925424204273e-06
2.84394912558227e-05
6.88919907556109e-05
0.000131880802885477
0.00019253286917734
0.00023741473967521
0.000309425797883201
0.000429057419961882
0.000546558947195036
0.000605789436329862
0.000554648992916988
0.000386041085621369
0.000193672855971002
7.02817754522663e-05
1.97839939170941e-05
4.95508203938237e-06
3.40633504082198e-09
2.61152353129685e-08
1.16950836401555e-07
3.9059308468092e-07
1.12522600848486e-06
3.66862283896527e-06
1.54227496198283e-05
6.0688400532298e-05
0.000175376295021733
0.000356642143329048
0.000513921715723907
0.000520090588482836
0.000360135907635917
0.000166570918941208
5.08611239395266e-05
1.02598811429558e-05
1.38751380662815e-06
1.30576176564843e-07
0
0
0
2.27089002721465e-09
4.54178005442931e-08
5.12085701136904e-07
3.82417880582948e-06
1.90539027733445e-05
6.42150927445623e-05
0.00014740233622149
0.000229006769349448
0.000236557478689937
0.000158939593004754
6.82107237474465e-05
1.85145663918811e-05
3.17470425804608e-06
3.45175284136627e-07
2.38443452857539e-08
0
0
2.27089002721465e-09
5.10950256123297e-08
5.75670621898914e-07
3.93431697214939e-06
1.64457855770885e-05
4.30163343405136e-05
7.29466648992027e-05
8.47916272811543e-05
7.30386359453049e-05
4.96212179846674e-05
2.60573276172745e-05
9.67853329598885e-06
2.34128761805831e-06
3.51987954218271e-07
3.17924603810051e-08
2.27089002721465e-09
0
0
1.47607851768952e-08
2.83861253401832e-07
3.21217394349513e-06
2.18720772971179e-05
9.05596879502795e-05
0.000231126645189853
0.000368460990475686
0.000369979080458879
0.000233991372959184
9.25024343685617e-05
2.26339609012484e-05
3.41541860093084e-06
3.22466383864481e-07
1.93025652313245e-08
0
0
0
0
1.93025652313245e-08
3.84915859612884e-07
4.36578607732017e-06
2.97304922362942e-05
0.00012309359392517
0.000314140165579698
0.000500717625660668
0.000502557046582712
0.0003174613422445
0.000125096518929174
3.03402262086014e-05
4.46797612854483e-06
3.9513486473535e-07
2.04380102449319e-08
0
0
0
0
4.54178005442931e-09
8.40229310069422e-08
9.45825696334903e-07
6.43910867216715e-06
2.66591134744864e-05
6.8035865215351e-05
0.000108444082359609
0.000108842623559385
6.87546019089644e-05
2.70928534696844e-05
6.5708202937456e-06
9.67399151593442e-07
8.51583760205495e-08
4.54178005442931e-09
0
0
0
0
0
1.13544501360733e-09
1.36253401632879e-08
9.53773811430154e-08
3.9513486473535e-07
1.0071397270697e-06
1.60551924924076e-06
1.6123319193224e-06
1.01849417720577e-06
4.00812089803386e-07
9.76482711702301e-08
1.47607851768952e-08
1.13544501360733e-09
0
0
0
0
0
0
0
0
0
0
1.13544501360733e-09
1.13544501360733e-09
1.13544501360733e-09
1.13544501360733e-09
0
0
0
0
0
0
0
0
0
0
0
0
0
0
0
0
0
0
0
0
0
0
0
0
0
0
0
0
0
0
0
0
0
0
0
0
0
0
0
0
0
0
0
0
0
0
0
0
0
0
0
0
0
0
0
0
0
0
0
0
0
0
0
0
0
0
0
0
0
0
0
0
0
0
0
0
0
0
0
1.28873009044432e-06
7.54843845046151e-06
3.01948892468596e-05
8.65050138066878e-05
0.000189861167060322
0.000344973174924205
0.000557923616336232
0.000810858753902441
0.000968308643049342
0.000859336578758406
0.000546518071174546
0.000257395165579658
9.70203700777052e-05
3.18503680766991e-05
1.07390389386981e-05
4.64624099568118e-06
2.13463662558177e-06
7.64154494157731e-07
1.773678655756e-05
7.98013464463501e-05
0.000240738187230039
0.000535075056327412
0.000988492313611225
0.00166626215113371
0.00264201250080223
0.00380690641628248
0.004542505603793
0.00411748696174452
0.00278382731211176
0.00152085138546609
0.00081377003491733
0.000519958876861257
0.000388797946114407
0.000269526260105039
0.000142166799263746
5.26369599408084e-05
6.42207699696304e-05
0.000262535325156259
0.000670249785197364
0.00113514071434368
0.00148180116055811
0.00197628065131401
0.00309735774371915
0.00469623918141036
0.00577215167750925
0.00549212255102834
0.00427602574265947
0.00324486794721694
0.00278599828297778
0.00249068152483366
0.00204983932107555
0.00143482666490016
0.000790771596166714
0.000324502236773879
5.19806727229434e-05
0.000236002246078283
0.000680819642829035
0.00128194012926294
0.00170524879112093
0.00200254462992377
0.00264040811699801
0.00350829800304392
0.00393684901452973
0.00373042170472088
0.00347004713142551
0.00381632493267035
0.00434076541100032
0.00401678774982273
0.002924032062392
0.00185409087161968
0.00108581811839759
0.00053362963482509
1.18983282975912e-05
6.08530400592711e-05
0.00020335138926699
0.000467935057227797
0.000825513942693071
0.00124588407285584
0.00160539889206932
0.00168969092354448
0.00154493190331467
0.0014184751212592
0.00150071086181472
0.00189148675314283
0.00226315764667199
0.00205829043831183
0.00135401363694668
0.000694357553726275
0.000318492326316855
0.00013504188180336
7.07382243477364e-07
4.54405094445652e-06
1.89755570674056e-05
5.57208285977659e-05
0.000126179733472155
0.00022571170791996
0.000313346489515187
0.000376992724307932
0.000496770818793369
0.000707131310129357
0.000916397232472228
0.00100365277543291
0.000881889923063688
0.000588531807568045
0.000289036611773854
0.000103939771990628
2.79762296902709e-05
6.03148391228212e-06
9.08356010885861e-09
5.9043140707581e-08
2.55475128061648e-07
7.9821784456595e-07
2.21071144149346e-06
7.86749849928516e-06
3.67248335201154e-05
0.000147162757323618
0.00041493021310258
0.00081448763616593
0.00114022523711461
0.00113831087682167
0.000789507845866569
0.000369599841824334
0.000114711738834721
2.34321787458144e-05
3.15880802785558e-06
2.87267588442654e-07
0
0
0
5.67722506803663e-09
1.03325496238267e-07
1.18994637426048e-06
8.81559508564728e-06
4.26938679566491e-05
0.000138654867836659
0.000307798705178701
0.000467771553145837
0.000478843277473523
0.000322433455959086
0.000140003776512824
3.87890725548535e-05
6.84332709701136e-06
7.69831719225767e-07
5.45013606531517e-08
0
0
3.40633504082198e-09
6.01785857211883e-08
6.84673343205218e-07
4.69165879622547e-06
1.97317634464681e-05
5.2378078477706e-05
9.18813459461185e-05
0.000114317739414999
0.000109342219365372
8.28193592925184e-05
4.68530030414927e-05
1.80762846166286e-05
4.45321534336793e-06
6.76725228109967e-07
6.24494757484029e-08
3.40633504082198e-09
0
0
1.70316752041099e-08
3.36091724027769e-07
3.8128243556934e-06
2.5966492016186e-05
0.000107511882003437
0.000274404131883496
0.000437498318193039
0.000439417220266035
0.000278103411737829
0.00011015065621506
2.70928534696844e-05
4.14664518969396e-06
4.06489314871423e-07
2.72506803265758e-08
1.13544501360733e-09
0
0
0
2.38443452857539e-08
4.57584340483752e-07
5.18330648711744e-06
3.52953082479837e-05
0.00014613404414129
0.000372940321054367
0.000594439527973844
0.000596622988735011
0.000376882586141612
0.000148511665999784
3.60185867216516e-05
5.30479910357343e-06
4.68938790619826e-07
2.38443452857539e-08
0
0
0
0
4.54178005442931e-09
9.87837161838374e-08
1.12295511845765e-06
7.64381583160452e-06
3.16493943092906e-05
8.07710164879708e-05
0.000128742432867867
0.000129215913438541
8.16248711382035e-05
3.21637509004547e-05
7.80050724348233e-06
1.14907035377061e-06
1.01054606211052e-07
5.67722506803663e-09
0
0
0
0
0
1.13544501360733e-09
1.70316752041099e-08
1.13544501360733e-07
4.68938790619826e-07
1.19562359932851e-06
1.9064121778467e-06
1.91322484792834e-06
1.2092489394918e-06
4.76886905715077e-07
1.15815391387947e-07
1.70316752041099e-08
1.13544501360733e-09
0
0
0
0
0
0
0
0
0
0
1.13544501360733e-09
2.27089002721465e-09
2.27089002721465e-09
1.13544501360733e-09
0
0
0
0
0
0
0
0
0
0
0
0
0
0
0
0
0
0
0
0
0
0
0
0
0
0
0
0
0
0
0
0
0
0
0
0
0
0
0
0
0
0
0
0
0
0
0
0
0
0
0
0
0
0
0
0
0
0
0
0
0
0
0
0
0
0
0
0
0
0
0
0
0
0
0
0
0
0
0
1.2240097246687e-06
7.91859352489749e-06
3.34706481111168e-05
9.47937624060212e-05
0.000193622896390403
0.000329007682587872
0.000534263213142683
0.000794611671202734
0.000925397905095093
0.000766751256903851
0.000447811565251634
0.00019625031615189
7.16170587882685e-05
2.32595911037461e-05
7.42013316392388e-06
2.95896970546069e-06
1.31938710581171e-06
4.65532455579004e-07
1.31870583880355e-05
6.52710566072172e-05
0.000219425884324629
0.000527307476989324
0.000984671541140437
0.00163163448455373
0.00263641816322019
0.00384945721816742
0.00440262331989663
0.00366757255232768
0.00225485754362252
0.00113320023881542
0.000561894267548817
0.00033129219795525
0.0002367380144471
0.000163688024051659
8.67309673643956e-05
3.17345526853112e-05
4.27994643429146e-05
0.000180690177685415
0.000486411018489215
0.000893707634765313
0.00130859015917732
0.00197286409726807
0.00329160286397701
0.00491407090093589
0.00563781490705934
0.0048836818505917
0.00344947854500402
0.00237812486063477
0.00188697449465876
0.00161163134974901
0.00128711208129993
0.000873583007344137
0.000461810466824399
0.000178434048443378
3.65352142028429e-05
0.00017244798233164
0.000520187101308992
0.00102543855890899
0.00141528111443592
0.00166059855140584
0.00208981947544968
0.00267157835351156
0.00295299045201904
0.00276866344395504
0.00250806518799199
0.00269217078427834
0.00308462372789155
0.00288986311559751
0.00204586072174787
0.00116547299243719
0.000581194561890114
0.000249058728289753
1.141008694174e-05
6.38267705499086e-05
0.000229102146730591
0.000545903795422185
0.000936626320834656
0.00128399074295752
0.00146089988874762
0.00136413045201792
0.0011313710368985
0.000985336911918411
0.00103119299423796
0.00132794495487927
0.00165708548453374
0.00157803580268639
0.00106341124649906
0.000519589857231835
0.000202087638966846
6.917812289904e-05
1.2558021850497e-06
8.19337121819047e-06
3.32867060189124e-05
8.89734712662701e-05
0.000171498750300264
0.000259580897230853
0.000325348143309016
0.000394647758824512
0.000568451462502399
0.000854395122059187
0.00110906067782613
0.00117666848027135
0.000982802598648039
0.000621933193533331
0.000292707505502846
0.000101899377301176
2.61981227989618e-05
5.04705308548457e-06
1.70316752041099e-08
1.15815391387947e-07
4.76886905715077e-07
1.3171162157845e-06
3.08613954698471e-06
1.04540422402827e-05
5.08463631543497e-05
0.000204938741396014
0.00056621690671562
0.00107876019219301
0.00146963827357234
0.00144457786667702
0.000999838815632203
0.000471638878862184
0.000148130156475212
3.05616379862548e-05
4.12052995438099e-06
3.66748739395166e-07
0
0
0
7.94811509525128e-09
1.39659736673701e-07
1.62255092444487e-06
1.1869942172251e-05
5.59865227309501e-05
0.000175769158996441
0.000377771639587266
0.000561037006563543
0.000568041566852487
0.000382433776813138
0.000167499712962339
4.71584377501531e-05
8.50448315191888e-06
9.8102449175673e-07
7.15330358572616e-08
0
0
2.27089002721465e-09
4.08760204898638e-08
4.62126120538182e-07
3.18265237314134e-06
1.35276918921177e-05
3.6821346346272e-05
6.81471388266845e-05
9.31825659317125e-05
0.000100434653233622
8.40592652473776e-05
5.03853724788251e-05
1.99736132343665e-05
4.98573905474977e-06
7.65289939171338e-07
7.15330358572616e-08
4.54178005442931e-09
0
0
1.13544501360733e-08
2.25953557707858e-07
2.56383484072534e-06
1.74631443092807e-05
7.23062739115282e-05
0.000184558638846776
0.000294303941191978
0.00029573346646411
0.000187398386825808
7.44727029974909e-05
1.84827739315001e-05
2.89652022971229e-06
2.99757483592334e-07
2.15734552585392e-08
1.13544501360733e-09
0
0
0
1.58962301905026e-08
3.07705598687585e-07
3.48581619177449e-06
2.37364780094612e-05
9.82761722627549e-05
0.000250806178165695
0.000399767480390867
0.000401235610793462
0.000253457442272468
9.98760142869277e-05
2.42235839202987e-05
3.56756823275422e-06
3.15653713782837e-07
1.58962301905026e-08
0
0
0
0
3.40633504082198e-09
6.69912558028323e-08
7.55070934048872e-07
5.14129502161397e-06
2.12850522250829e-05
5.43196894509745e-05
8.65810886225995e-05
8.68990132264095e-05
5.48930891828462e-05
2.16302275092196e-05
5.24575596286585e-06
7.72102609252982e-07
6.81267008164396e-08
3.40633504082198e-09
0
0
0
0
0
1.13544501360733e-09
1.13544501360733e-08
7.60748159116909e-08
3.15653713782837e-07
8.03895069633987e-07
1.28191742036267e-06
1.2864592004171e-06
8.12978629742846e-07
3.20195493837266e-07
7.72102609252982e-08
1.13544501360733e-08
1.13544501360733e-09
0
0
0
0
0
0
0
0
0
0
1.13544501360733e-09
1.13544501360733e-09
1.13544501360733e-09
1.13544501360733e-09
0
0
0
0
0
0
0
0
0
0
0
0
0
0
0
0
0
0
0
0
0
0
0
0
0
0
0
0
0
0
0
0
0
0
0
0
0
0
0
0
0
0
0
0
0
0
0
0
0
0
0
0
0
0
0
0
0
0
0
0
0
0
0
0
0
0
0
0
0
0
0
0
0
0
0
0
0
0
0
1.36139857131518e-06
6.96822604850816e-06
2.63900130062615e-05
7.17533121899014e-05
0.000148056352549327
0.000267098678665947
0.000453711337542338
0.000651502452577693
0.000696814656735721
0.000536997364735449
0.000319664105570898
0.000168763463262484
8.09697193653521e-05
3.04265200296355e-05
8.18655854810882e-06
1.88256783256095e-06
5.40471826477087e-07
1.66910417000277e-07
9.16871848487916e-06
4.30946800464525e-05
0.000146989034236536
0.000370507062390207
0.000746902542620981
0.00137689398941588
0.00238499203207707
0.00340932466754281
0.00361538522861227
0.0028199367344345
0.00175243447955141
0.000974844264547665
0.000497986880402942
0.000228599144589563
0.000109842950616373
6.14150853410067e-05
3.08352802345342e-05
1.1066047102617e-05
2.00088120297883e-05
8.60042825556869e-05
0.000248011847987207
0.000517270143069035
0.000925573899072203
0.00173215883794343
0.00319450301274836
0.00473617732431899
0.00518836716554309
0.00431555853169824
0.0029650534198436
0.00187578241315963
0.00121325706038984
0.00082857964422981
0.000559675607992228
0.000338094649031772
0.00016429889346898
5.89386797663291e-05
1.84952638266497e-05
9.34607499600463e-05
0.000304101696214396
0.000644047120618348
0.000940847905395248
0.00112878108682246
0.00140214628651851
0.00179019710981396
0.002036609115777
0.00198668700486373
0.00179547806457225
0.00178278833110018
0.001897258220147
0.00169445979260164
0.0011138726937938
0.000545141911818054
0.00021597299603825
7.38118739995715e-05
1.10160875220183e-05
6.64030952857837e-05
0.000248914526773025
0.000589126780755175
0.000924884683948943
0.00105447870057702
0.000963623796923198
0.000762967954118511
0.000601905078938312
0.000551217678085867
0.00059255923103131
0.000741776008384544
0.000911261614675682
0.000871373431347657
0.000584672429966793
0.000271610937150022
9.12863727589882e-05
2.44109323475439e-05
1.97453887866314e-06
1.25625636305515e-05
4.89558472066935e-05
0.000119599829618301
0.000193862475288274
0.000230095661117497
0.000232867282395713
0.000266985134164586
0.000411728258164207
0.000641031378662207
0.000823152217064767
0.000845716915820186
0.000678254672543296
0.000410960697335009
0.00018546018218758
6.21690208300419e-05
1.53603001440799e-05
2.76253771810663e-06
2.83861253401832e-08
1.83942092204387e-07
7.19872138627045e-07
1.78719045141793e-06
3.34388556507358e-06
8.86555466624601e-06
4.10065966664286e-05
0.000163918519389422
0.000444104337282206
0.000822257486394045
0.00108793685879298
0.00104781590923717
0.000719583735593589
0.000340152075396428
0.000107587956819349
2.2348964202833e-05
3.01687740115467e-06
2.65694133184114e-07
0
0
1.13544501360733e-09
6.81267008164396e-09
1.12409056347125e-07
1.2864592004171e-06
9.26977309109021e-06
4.26336893709279e-05
0.000129541786157446
0.000269269649531964
0.00038958253861881
0.000388693485173155
0.000260707258684351
0.000114751479410197
3.26837847166869e-05
5.98947244677865e-06
7.02840463422935e-07
5.2230470625937e-08
0
0
1.13544501360733e-09
1.47607851768952e-08
1.73723087081921e-07
1.2081134944782e-06
5.2378078477706e-06
1.48788714583104e-05
2.98769646430496e-05
4.60513788618859e-05
5.59706265007595e-05
5.08032162438326e-05
3.17231982351751e-05
1.2806684308477e-05
3.22579928365841e-06
4.98460360973616e-07
4.65532455579004e-08
2.27089002721465e-09
0
0
4.54178005442931e-09
8.40229310069422e-08
9.57180146470976e-07
6.51972526813327e-06
2.69952051985142e-05
6.89124287658559e-05
0.000109925838102366
0.000110552603749877
7.02125133064362e-05
2.80704716264003e-05
7.07836421482807e-06
1.15474757883865e-06
1.30576176564843e-07
1.13544501360733e-08
1.13544501360733e-09
0
0
0
5.67722506803663e-09
1.1467994637434e-07
1.301219985594e-06
8.86101288619158e-06
3.66884992796799e-05
9.36310667120874e-05
0.00014924062169852
0.000149789041640092
9.46211747639529e-05
3.72857433568374e-05
9.04268408836875e-06
1.33187700096139e-06
1.18086281415162e-07
5.67722506803663e-09
0
0
0
0
1.13544501360733e-09
2.49797902993612e-08
2.81590363374617e-07
1.91890207299638e-06
7.94584420522407e-06
2.02779124980132e-05
3.23227132023598e-05
3.24407994837749e-05
2.0492511605585e-05
8.07528493677531e-06
1.95864264847264e-06
2.88403033456261e-07
2.49797902993612e-08
1.13544501360733e-09
0
0
0
0
0
0
4.54178005442931e-09
2.83861253401832e-08
1.18086281415162e-07
2.99757483592334e-07
4.79157795742292e-07
4.80293240755899e-07
3.03163818633156e-07
1.19221726428769e-07
2.95215703537905e-08
4.54178005442931e-09
0
0
0
0
0
0
0
0
0
0
0
0
0
0
0
0
0
0
0
0
0
0
0
0
0
0
0
0
0
0
0
0
0
0
0
0
0
0
0
0
0
0
0
0
0
0
0
0
0
0
0
0
0
0
0
0
0
0
0
0
0
0
0
0
0
0
0
0
0
0
0
0
0
0
0
0
0
0
0
0
0
0
0
0
0
0
0
0
0
0
0
0
0
0
3.56983912278143e-06
1.06788603529769e-05
2.37319362294067e-05
4.46967929606524e-05
8.3138419341342e-05
0.000164916575556383
0.000301796742836773
0.000419515140067526
0.000414314801905205
0.00031485208960323
0.000228122257683848
0.000170104423823554
0.000104018117696567
4.27074932968124e-05
1.09525026012563e-05
1.79173223147236e-06
2.35037117816717e-07
3.97405754762564e-08
1.8075149171615e-05
5.50293425844791e-05
0.000123912249779981
0.000234277505102613
0.000439582995238022
0.000891508277773956
0.00165912360833316
0.00232777468695137
0.00233202579308231
0.00181398468284904
0.00131132317532507
0.000929505945154325
0.000541623167720885
0.000222860605490792
6.61351302625723e-05
1.89244620417933e-05
6.7252408155962e-06
2.20730510645264e-06
2.11930811789807e-05
7.21791040700041e-05
0.000179199338382549
0.000348873428545946
0.00062739695493881
0.00123356676534823
0.0023274851484729
0.00339355220085879
0.00362555768048917
0.00303519780644922
0.00219570085841358
0.00142523896720526
0.000817598755503214
0.000420128280374874
0.00020272802995452
9.25671547343373e-05
3.71994495358032e-05
1.17995445814073e-05
1.60404317072307e-05
7.5721692512459e-05
0.000239817341324003
0.000501370506543492
0.0007109566243802
0.000785417972927555
0.000876596478410251
0.00107690260415075
0.00126243318392917
0.00129776709730762
0.00118079014567075
0.00105799290289413
0.000979451900412884
0.000791274598307742
0.000472995735653445
0.000199801988154454
6.21440410397426e-05
1.56328069473457e-05
1.36877896390363e-05
7.4727042680539e-05
0.000260262164239017
0.000573694947575238
0.000810607820554434
0.000768225064531513
0.000536852027773707
0.000334106966143983
0.00025680700506261
0.00026401821634403
0.000287446988754804
0.000326685697535046
0.000369558965803845
0.000338702112114052
0.000219659785997433
9.6700174583868e-05
2.91446026092729e-05
6.33464773091527e-06
2.81930996878699e-06
1.56294006123049e-05
5.50861148351594e-05
0.000122609894349374
0.00017498797282708
0.000168912206559267
0.000128753787318003
0.000120312889086846
0.0001830836957741
0.000286506840283537
0.000359131038798875
0.000355788288678815
0.000275176234492749
0.000161024270049737
7.01216777053477e-05
2.26759723667519e-05
5.4081245998117e-06
9.31064911158008e-07
4.20114655034711e-08
2.30495337762287e-07
8.14114074756453e-07
1.82579558188058e-06
2.8204454138006e-06
5.10382533616493e-06
1.9651146850502e-05
7.62984985793715e-05
0.000202195506243138
0.000362798526192827
0.000463246804766612
0.000433432289599311
0.000293058358012051
0.000138041727529311
4.38077395149979e-05
9.1437386945798e-06
1.23649961981838e-06
1.07867276292696e-07
0
0
1.13544501360733e-09
4.54178005442931e-09
5.33659156395443e-08
5.97244077157454e-07
4.22612634064647e-06
1.89358164919294e-05
5.55368865055616e-05
0.000111027219765565
0.000155327742416469
0.000151653442352435
0.000100816162758195
4.44345051625091e-05
1.27658082879872e-05
2.3708091884121e-06
2.82725808388224e-07
2.15734552585392e-08
0
0
0
3.40633504082198e-09
3.63342404354344e-08
2.55475128061648e-07
1.14793490875701e-06
3.49603519689696e-06
7.85160226909466e-06
1.37752189050841e-05
1.85304626220716e-05
1.78003714783221e-05
1.14055451616856e-05
4.65646000080365e-06
1.18086281415162e-06
1.83942092204387e-07
1.70316752041099e-08
1.13544501360733e-09
0
0
1.13544501360733e-09
1.70316752041099e-08
1.9529654234046e-07
1.33187700096139e-06
5.51372098607718e-06
1.40783827237172e-05
2.2470456819289e-05
2.26339609012484e-05
1.44349124579899e-05
5.83391647991444e-06
1.51354820313857e-06
2.634232431569e-07
3.40633504082198e-08
3.40633504082198e-09
0
0
0
0
1.13544501360733e-09
2.38443452857539e-08
2.65694133184114e-07
1.80989935169008e-06
7.49280164479475e-06
1.91208940291474e-05
3.04776150552479e-05
3.0590024111595e-05
1.93230032415695e-05
7.61429426125073e-06
1.84736903713912e-06
2.72506803265758e-07
2.38443452857539e-08
1.13544501360733e-09
0
0
0
0
0
4.54178005442931e-09
5.79076956939736e-08
3.91728529694528e-07
1.62255092444487e-06
4.14096796462592e-06
6.60034186409939e-06
6.62532165439875e-06
4.18525032015661e-06
1.64866615975784e-06
3.99676644789779e-07
5.9043140707581e-08
5.67722506803663e-09
0
0
0
0
0
0
0
1.13544501360733e-09
5.67722506803663e-09
2.38443452857539e-08
6.13140307347956e-08
9.76482711702301e-08
9.76482711702301e-08
6.24494757484029e-08
2.49797902993612e-08
5.67722506803663e-09
1.13544501360733e-09
0
0
0
0
0
0
0
0
0
0
0
0
0
0
0
0
0
0
0
0
0
0
0
0
0
0
0
0
0
0
0
0
0
0
0
0
0
0
0
0
0
0
0
0
0
0
0
0
0
0
0
0
0
0
0
0
0
0
0
0
0
0
0
0
0
0
0
0
0
0
0
0
0
0
0
0
0
0
0
0
0
0
0
0
0
0
0
0
0
0
0
0
0
0
1.11443928085559e-05
2.92876686809874e-05
4.93350858412383e-05
5.67995013606929e-05
5.73592757524013e-05
8.28625062030355e-05
0.000146000061629684
0.000197867189851267
0.000189694256643322
0.000157362459880853
0.000149575577977534
0.00013918739154804
9.30258745198347e-05
3.92035099848202e-05
1.00214376900983e-05
1.54079888346514e-06
1.47607851768952e-07
1.02190051224659e-08
5.52450771370645e-05
0.000148265274431831
0.000260150890627683
0.000320813175924668
0.000346323219045384
0.000489616379762629
0.00082915872118675
0.00112096922512885
0.00109627897330796
0.000914284169301905
0.000818552529314644
0.000706738446154649
0.000451117981131259
0.000186416226889037
4.82484649632161e-05
8.33189550985056e-06
1.31030354570285e-06
2.71371358252151e-07
5.90022646870911e-05
0.000176540126160681
0.00036562919061175
0.000552319059749066
0.000673993347407227
0.000846811484813303
0.00123738640237401
0.0016443491978161
0.00170438585291059
0.00146742983302088
0.00116478945453899
0.000830462212062371
0.000477539786597901
0.000209516855690878
7.26832416560458e-05
2.19583711181521e-05
6.14389296862924e-06
1.52149631823382e-06
3.64852546222442e-05
0.000142449525072134
0.000373921345546124
0.000659866140547925
0.000790901036898265
0.000689952027073478
0.000549923270770355
0.000532595244417693
0.000594506519229646
0.000627769380903273
0.000574041258304388
0.000471132470386115
0.000372911934929027
0.000264028435349152
0.00014302746658406
5.41618625940831e-05
1.41328840843704e-05
2.67170211701804e-06
2.61152353129685e-05
0.000110986343745075
0.000305396103529908
0.000548460817592829
0.000648283465964117
0.00051212544171238
0.000283445680526851
0.000134298165319447
9.50617274292326e-05
0.000104889004022004
0.000110087071294298
0.000107590227709376
0.000105462403753876
8.90018573916103e-05
5.45706227989817e-05
2.26578052465342e-05
6.28241726028934e-06
1.18426914919244e-06
5.21736983752567e-06
2.21286878701932e-05
6.06929423123524e-05
0.000108637108011922
0.000128207638266458
0.000101803999920033
5.92100511245813e-05
3.86596318233023e-05
5.03331420081992e-05
7.64438355411133e-05
9.2374129082024e-05
8.75121535337575e-05
6.50803018449311e-05
3.68599514767346e-05
1.5536294121189e-05
4.84721476308968e-06
1.11500700336239e-06
1.85077537217994e-07
7.72102609252982e-08
3.25872718905303e-07
8.93595225708966e-07
1.60211291419994e-06
1.95069453337739e-06
2.22660767168397e-06
5.80212401953344e-06
2.09989200816539e-05
5.41902487194233e-05
9.38876772851626e-05
0.00011479008454066
0.000103218764406988
6.80653867857048e-05
3.1764074255665e-05
1.00872935008875e-05
2.11419861533684e-06
2.86132143429046e-07
2.49797902993612e-08
0
0
1.13544501360733e-09
2.27089002721465e-09
1.58962301905026e-08
1.64639526973062e-07
1.13885134864815e-06
4.9596238194368e-06
1.39841407875878e-05
2.66659261445681e-05
3.56620569873789e-05
3.37102270089879e-05
2.20526130542815e-05
9.69897130623378e-06
2.80795551865092e-06
5.29117376341014e-07
6.35849207620103e-08
4.54178005442931e-09
0
0
0
0
4.54178005442931e-09
3.06570153673978e-08
1.46472406755345e-07
4.9278313590558e-07
1.25693763006331e-06
2.46732201456872e-06
3.55621378261815e-06
3.53123399231879e-06
2.2935989274868e-06
9.42419361294081e-07
2.40714342884753e-07
3.74696854490418e-08
3.40633504082198e-09
0
0
0
0
2.27089002721465e-09
2.15734552585392e-08
1.47607851768952e-07
6.10869417320742e-07
1.55896600368286e-06
2.49116635985447e-06
2.51728159516744e-06
1.61687369937683e-06
6.66506222987501e-07
1.81671202177172e-07
3.51987954218271e-08
5.67722506803663e-09
1.13544501360733e-09
0
0
0
0
0
2.27089002721465e-09
2.95215703537905e-08
1.99838322394889e-07
8.28874859933348e-07
2.11646950536406e-06
3.37340713542737e-06
3.38589703057705e-06
2.1391784056362e-06
8.42500200096636e-07
2.04380102449319e-07
3.06570153673978e-08
2.27089002721465e-09
0
0
0
0
0
0
0
6.81267008164396e-09
4.31469105170784e-08
1.79400312149958e-07
4.5871978549736e-07
7.30091143749511e-07
7.33497478790333e-07
4.63261565551789e-07
1.8280664719078e-07
4.42823555306857e-08
6.81267008164396e-09
1.13544501360733e-09
0
0
0
0
0
0
0
0
1.13544501360733e-09
2.27089002721465e-09
6.81267008164396e-09
1.13544501360733e-08
1.13544501360733e-08
6.81267008164396e-09
2.27089002721465e-09
1.13544501360733e-09
0
0
0
0
0
0
0
0
0
0
0
0
0
0
0
0
0
0
0
0
0
0
0
0
0
0
0
0
0
0
0
0
0
0
0
0
0
0
0
0
0
0
0
0
0
0
0
0
0
0
0
0
0
0
0
0
0
0
0
0
0
0
0
0
0
0
0
0
0
0
0
0
0
0
0
0
0
0
0
0
0
0
0
0
0
0
0
0
0
0
0
0
0
0
0
2.22240652513362e-05
5.78225373179531e-05
9.46030076437352e-05
9.88404884345178e-05
6.9866202577286e-05
4.65010150872744e-05
5.08202479190367e-05
6.26243342804985e-05
6.1281102829401e-05
6.03216517929028e-05
7.1696539939221e-05
7.38198221146667e-05
5.07918617936965e-05
2.1571184368512e-05
5.51939821114521e-06
8.42500200096636e-07
7.72102609252982e-08
4.54178005442931e-09
0.000111123732591722
0.000296382941011893
0.000507859574796258
0.000576242886185773
0.000462444045141992
0.0003325480001403
0.000321992903293806
0.000362867788338657
0.000349609196914764
0.00033236859982815
0.000365664389407171
0.000356150495638156
0.000238261781655361
9.98589826117235e-05
2.54646253201715e-05
3.94112964223103e-06
3.91728529694528e-07
3.29279053946125e-08
0.000122383940791666
0.000364225780574931
0.000732746949636338
0.00102593588382495
0.00102767879192084
0.000800581841084281
0.000616129934068784
0.000561101726929319
0.000521040955959225
0.000466060437510331
0.000419216518028947
0.000336519786797899
0.000203396807067535
8.48245551865489e-05
2.43019296262376e-05
5.14129502161397e-06
9.11762345926683e-07
1.4874329678256e-07
7.61577033976842e-05
0.00027907308177945
0.000667302169942039
0.00105004932957893
0.00110191986413556
0.00079266211211437
0.000429805678225849
0.000238341262806314
0.00019539419061163
0.000198404255342703
0.000183406162157964
0.000143257961921823
9.83374862934897e-05
5.90385989275265e-05
2.82328402633462e-05
9.72735743157396e-06
2.27997358732351e-06
3.6107151432713e-07
5.16161948735754e-05
0.000194697027373275
0.000455114747579157
0.00066757921852536
0.000629007015968105
0.000393347674283932
0.00017056882083412
5.89057518609345e-05
2.99291951136755e-05
3.02164627021182e-05
2.96828035457227e-05
2.474021140149e-05
2.01234919761626e-05
1.50741680006509e-05
8.61121498319796e-06
3.36886535537294e-06
8.72021770450427e-07
1.4874329678256e-07
1.0134982191459e-05
3.76615756563414e-05
8.5862351928986e-05
0.000121175827297187
0.000108157950216179
6.33691862094249e-05
2.61288606531318e-05
1.02099215623571e-05
8.82240775572893e-06
1.22809732671768e-05
1.4171489214833e-05
1.27487766127831e-05
9.06425754362729e-06
4.95848837442319e-06
2.02109212422104e-06
6.06327637266312e-07
1.33982511605665e-07
2.15734552585392e-08
1.4874329678256e-07
5.52961721626768e-07
1.25920852009052e-06
1.77129422122743e-06
1.58394579398222e-06
1.03666129742349e-06
1.18426914919244e-06
3.45743006643431e-06
8.60553775812993e-06
1.4388359212432e-05
1.67750646310346e-05
1.43724629822415e-05
9.16077036978391e-06
4.21250100048318e-06
1.33641878101582e-06
2.81590363374617e-07
3.86051304626491e-08
3.40633504082198e-09
0
0
1.13544501360733e-09
2.27089002721465e-09
3.40633504082198e-09
2.72506803265758e-08
1.81671202177172e-07
7.70967164239375e-07
2.08808338002387e-06
3.77535467024436e-06
4.7734108372052e-06
4.31355560669423e-06
2.75231871298416e-06
1.20357171442377e-06
3.51987954218271e-07
6.69912558028323e-08
7.94811509525128e-09
1.13544501360733e-09
0
0
0
0
0
2.27089002721465e-09
1.13544501360733e-08
4.31469105170784e-08
1.23763506483199e-07
2.61152353129685e-07
3.88322194653706e-07
3.9059308468092e-07
2.55475128061648e-07
1.05596386265481e-07
2.72506803265758e-08
4.54178005442931e-09
0
0
0
0
0
0
1.13544501360733e-09
9.08356010885861e-09
3.63342404354344e-08
9.31064911158008e-08
1.4874329678256e-07
1.51014186809774e-07
9.87837161838374e-08
4.20114655034711e-08
1.24898951496806e-08
2.27089002721465e-09
0
0
0
0
0
0
0
0
2.27089002721465e-09
1.24898951496806e-08
4.99595805987224e-08
1.26034396510413e-07
2.00973767408497e-07
2.02109212422104e-07
1.27169841524021e-07
4.99595805987224e-08
1.24898951496806e-08
2.27089002721465e-09
0
0
0
0
0
0
0
0
0
2.27089002721465e-09
1.02190051224659e-08
2.72506803265758e-08
4.31469105170784e-08
4.42823555306857e-08
2.72506803265758e-08
1.13544501360733e-08
2.27089002721465e-09
0
0
0
0
0
0
0
0
0
0
0
0
0
1.13544501360733e-09
1.13544501360733e-09
0
0
0
0
0
0
0
0
0
0
0
0
0
0
0
0
0
0
0
0
0
0
0
0
0
0
0
0
0
0
0
0
0
0
0
0
0
0
0
0
0
0
0
0
0
0
0
0
0
0
0
0
0
0
0
0
0
0
0
0
0
0
0
0
0
0
0
0
0
0
0
0
0
0
0
0
0
0
0
0
0
0
0
0
0
0
0
0
0
0
0
0
0
0
0
0
0
0
2.59687629062132e-05
6.75884998799897e-05
0.000110479935269006
0.00011441879402121
7.57989027733843e-05
3.45197993036899e-05
1.62084775692446e-05
1.30258251961032e-05
1.28861654594295e-05
1.56430259524681e-05
2.17925961461654e-05
2.35457232471751e-05
1.63833361013401e-05
6.97730960861702e-06
1.78605500640432e-06
2.72506803265758e-07
2.49797902993612e-08
1.13544501360733e-09
0.000132990132663772
0.000358906220686181
0.000623015272631299
0.000711336998459759
0.000547881740635889
0.000301657083100099
0.00014544482901803
8.9057494197277e-05
7.37187675084557e-05
8.12308717184817e-05
0.000105664512966298
0.000110345952757401
7.55990644509894e-05
3.19593707980054e-05
8.15817242276864e-06
1.24558317992724e-06
1.13544501360733e-07
6.81267008164396e-09
0.000158080061129453
0.000484211661497858
0.000991751040800278
0.0013813426629792
0.00131835612173936
0.000871008953498289
0.000423282546622675
0.000189493282875913
0.000112130872318792
9.70805486634264e-05
0.000100174636325506
9.00532794742107e-05
5.73740365375782e-05
2.37943857051551e-05
6.28582359533016e-06
1.0854854330086e-06
1.33982511605665e-07
1.36253401632879e-08
9.99520891028393e-05
0.00036244086101354
0.000843111069513957
0.00126861795291829
0.00125263315801672
0.000826567635665698
0.000375036352549486
0.000129809751180658
5.26221991556315e-05
4.01765863614816e-05
3.71188329398371e-05
2.90560378982115e-05
1.82159443533023e-05
9.15736403474309e-06
3.64704938370673e-06
1.09797532815828e-06
2.33901672803109e-07
3.29279053946125e-08
6.6147620157722e-05
0.000243087422963193
0.000544274431827658
0.000746062313310912
0.000636058129502607
0.000347551770550107
0.000127467328117586
3.40860593084919e-05
9.5468216744104e-06
5.98379522171061e-06
5.15605580679087e-06
3.74696854490418e-06
2.49343724988169e-06
1.59189390907747e-06
8.31145749960563e-07
3.06570153673978e-07
7.49393708980835e-08
1.13544501360733e-08
1.28895717944704e-05
4.66247785937576e-05
0.000101540576676876
0.000132743741095819
0.000104542693292854
5.03127039979542e-05
1.5377331819284e-05
3.46310729150235e-06
1.23422872979116e-06
1.23422872979116e-06
1.31143899071646e-06
1.11160066832157e-06
7.5166459900805e-07
3.96270309748957e-07
1.55555966864204e-07
4.42823555306857e-08
9.08356010885861e-09
1.13544501360733e-09
1.89619317272424e-07
6.84673343205218e-07
1.4874329678256e-06
1.9370691932141e-06
1.51581909316578e-06
7.31226588763118e-07
2.9294481351069e-07
3.6107151432713e-07
8.06165959661202e-07
1.301219985594e-06
1.45109872739016e-06
1.18313370417883e-06
7.25549363695082e-07
3.2700816391891e-07
1.03325496238267e-07
2.15734552585392e-08
3.40633504082198e-09
0
0
1.13544501360733e-09
1.13544501360733e-09
2.27089002721465e-09
1.13544501360733e-09
3.40633504082198e-09
1.70316752041099e-08
7.03975908436542e-08
1.85077537217994e-07
3.16789158796444e-07
3.76967744517632e-07
3.22466383864481e-07
1.98702877381282e-07
8.62938210341568e-08
2.49797902993612e-08
4.54178005442931e-09
1.13544501360733e-09
0
0
0
0
0
0
0
1.13544501360733e-09
2.27089002721465e-09
7.94811509525128e-09
1.58962301905026e-08
2.38443452857539e-08
2.38443452857539e-08
1.58962301905026e-08
6.81267008164396e-09
1.13544501360733e-09
0
0
0
0
0
0
0
0
0
1.13544501360733e-09
3.40633504082198e-09
4.54178005442931e-09
4.54178005442931e-09
3.40633504082198e-09
1.13544501360733e-09
0
0
0
0
0
0
0
0
0
0
0
0
1.13544501360733e-09
4.54178005442931e-09
6.81267008164396e-09
6.81267008164396e-09
4.54178005442931e-09
1.13544501360733e-09
0
0
0
0
0
0
0
0
0
0
0
0
0
1.13544501360733e-09
1.13544501360733e-09
1.13544501360733e-09
1.13544501360733e-09
0
0
0
0
0
0
0
0
0
0
0
0
0
0
0
0
0
0
0
0
0
0
0
0
0
0
0
0
0
0
0
0
0
0
0
0
0
0
0
0
0
0
0
0
0
0
0
0
0
0
0
0
0
0
0
0
0
0
0
0
0
0
0
0
0
0
0
0
0
0
0
0
0
0
0
0
0
0
0
0
0
0
0
0
0
0
0
0
0
0
0
0
0
0
0
0
0
0
0
0
0
0
0
0
0
0
0
0
0
0
0
0
0
0
0
1.73427871378383e-05
4.5258838242388e-05
7.42626456699736e-05
7.72579496158697e-05
5.10848066072072e-05
2.16767807547775e-05
6.50382903794277e-06
2.25158746198333e-06
1.74631443092807e-06
2.53658416039877e-06
3.92977519209496e-06
4.3544316271841e-06
3.04639897150846e-06
1.29894909556678e-06
3.32685388986947e-07
5.10950256123297e-08
4.54178005442931e-09
0
9.4045504142054e-05
0.000261619021030278
0.000471713818233082
0.000561704648231544
0.00044784789949207
0.000242050761665769
9.15736403474309e-05
2.81227020970263e-05
1.20164145790063e-05
1.27941944133274e-05
1.85043473867586e-05
2.00973767408497e-05
1.39398584320571e-05
5.9202103009486e-06
1.51354820313857e-06
2.30495337762287e-07
2.04380102449319e-08
1.13544501360733e-09
0.000129615590083331
0.000421457886485808
0.000906464359493191
0.00129773303395721
0.00123728648321281
0.000783176604470694
0.000329768430746989
9.64923881463778e-05
2.56724117576616e-05
1.40522674884043e-05
1.53705191492024e-05
1.5033291980161e-05
9.96352999440429e-06
4.16254141988446e-06
1.07072464783171e-06
1.70316752041099e-07
1.70316752041099e-08
1.13544501360733e-09
7.9376690011261e-05
0.000290989577197258
0.000677237313811103
0.00100805943753072
0.000972555207400233
0.000617772923003474
0.000262545544161381
7.70331315031754e-05
1.82466013686697e-05
6.53789238835098e-06
4.90171612374283e-06
3.88435739155066e-06
2.37308007843931e-06
1.04915119257317e-06
3.38362614054983e-07
8.17520409797275e-08
1.47607851768952e-08
2.27089002721465e-09
4.81757964823452e-05
0.000176458374119701
0.000392307606651467
0.000530839846426656
0.000442867837662388
0.000234942875880587
8.54433727189649e-05
2.58484057347708e-05
8.67366445894637e-06
3.22579928365841e-06
1.16156024892029e-06
4.51907115415716e-07
2.08921882503748e-07
1.05596386265481e-07
4.8824135585115e-08
1.70316752041099e-08
3.40633504082198e-09
1.13544501360733e-09
9.20164639027377e-06
3.31459108372251e-05
7.16488512486495e-05
9.24229532176092e-05
7.11185984272949e-05
3.31322854970618e-05
1.03007571634457e-05
3.23034106371284e-06
1.48970385785281e-06
6.52880882824213e-07
2.23682667680643e-07
8.17520409797275e-08
3.97405754762564e-08
1.93025652313245e-08
6.81267008164396e-09
2.27089002721465e-09
0
0
1.35117956619272e-07
4.85970465823936e-07
1.04801574755956e-06
1.34663778613829e-06
1.02871318232824e-06
4.73480570674255e-07
1.4874329678256e-07
6.24494757484029e-08
6.35849207620103e-08
7.72102609252982e-08
7.60748159116909e-08
5.79076956939736e-08
3.40633504082198e-08
1.47607851768952e-08
4.54178005442931e-09
1.13544501360733e-09
0
0
0
0
1.13544501360733e-09
1.13544501360733e-09
1.13544501360733e-09
0
1.13544501360733e-09
3.40633504082198e-09
9.08356010885861e-09
1.58962301905026e-08
1.81671202177172e-08
1.47607851768952e-08
7.94811509525128e-09
3.40633504082198e-09
1.13544501360733e-09
0
0
0
0
0
0
0
0
0
0
0
0
1.13544501360733e-09
1.13544501360733e-09
1.13544501360733e-09
0
0
0
0
0
0
0
0
0
0
0
0
0
0
0
0
0
0
0
0
0
0
0
0
0
0
0
0
0
0
0
0
0
0
0
0
0
0
0
0
0
0
0
0
0
0
0
0
0
0
0
0
0
0
0
0
0
0
0
0
0
0
0
0
0
0
0
0
0
0
0
0
0
0
0
0
0
0
0
0
0
0
0
0
0
0
0
0
0
0
0
0
0
0
0
0
0
0
0
0
0
0
0
0
0
0
0
0
0
0
0
0
0
0
0
0
0
0
0
0
0
0
0
0
0
0
0
0
0
0
0
0
0
0
0
0
0
0
0
0
0
0
0
0
0
0
0
0
0
0
0
0
0
0
0
0
0
0
0
0
0
0
0
0
0
0
0
0
6.5095062630108e-06
1.71100209100488e-05
2.83736354450335e-05
2.99689356891518e-05
2.02290883624281e-05
8.74179115976281e-06
2.46050934448708e-06
5.13221146150512e-07
1.79400312149958e-07
2.4639156795279e-07
4.04218424844208e-07
4.54178005442931e-07
3.19060048823659e-07
1.36253401632879e-07
3.51987954218271e-08
5.67722506803663e-09
0
0
4.03673411237677e-05
0.000119628215743641
0.000232121295021773
0.000298369969785706
0.000255091347647049
0.000144614818713084
5.40142547423141e-05
1.34027929406209e-05
2.65580588682754e-06
1.35345045621993e-06
1.88256783256095e-06
2.08013526492862e-06
1.45223417240377e-06
6.18817532415993e-07
1.57826856891418e-07
2.38443452857539e-08
2.27089002721465e-09
0
7.1601162558078e-05
0.000252960117356508
0.000580144275252527
0.000864710640007809
0.000837302132824342
0.00052466529644266
0.000211406236193521
5.47715965663902e-05
9.63425094045816e-06
1.97680976869036e-06
1.49197474788003e-06
1.48629752281199e-06
1.00827517208331e-06
4.2465643508914e-07
1.09002721306303e-07
1.70316752041099e-08
1.13544501360733e-09
0
4.01152723307468e-05
0.000151228785917346
0.000358852854770541
0.000540142547423141
0.000522299029034302
0.000330730152673515
0.000144033470866117
5.01946177165391e-05
1.766752441173e-05
6.09733972307134e-06
1.75993977109136e-06
5.35930046422658e-07
2.23682667680643e-07
8.62938210341568e-08
2.38443452857539e-08
4.54178005442931e-09
1.13544501360733e-09
0
1.97839939170941e-05
7.28626419681957e-05
0.000163015840603604
0.000222828813030411
0.000191851602169176
0.000119264873339286
7.98853693773571e-05
6.78905282536093e-05
4.73174000520581e-05
2.09228452657422e-05
5.53870077637654e-06
8.76563550504856e-07
8.85647110613715e-08
9.08356010885861e-09
2.27089002721465e-09
0
0
0
3.57778723787669e-06
1.28861654594295e-05
2.78570079638421e-05
3.60730880823048e-05
2.88323552305308e-05
1.76493572915123e-05
1.47732750720449e-05
1.53682482591752e-05
1.1404409716672e-05
5.11745067632822e-06
1.35685679126076e-06
2.1232821754457e-07
2.04380102449319e-08
1.13544501360733e-09
0
0
0
0
5.2230470625937e-08
1.88483872258816e-07
4.05353869857816e-07
5.2230470625937e-07
4.14437429966674e-07
2.53204238034434e-07
2.16869997598999e-07
2.2935989274868e-07
1.71452197054706e-07
7.83457059389055e-08
2.27089002721465e-08
4.54178005442931e-09
1.13544501360733e-09
0
0
0
0
0
0
0
0
0
0
0
0
0
0
0
0
0
0
0
0
0
0
0
0
0
0
0
0
0
0
0
0
0
0
0
0
0
0
0
0
0
0
0
0
0
0
0
0
0
0
0
0
0
0
0
0
0
0
0
0
0
0
0
0
0
0
0
0
0
0
0
0
0
0
0
0
0
0
0
0
0
0
0
0
0
0
0
0
0
0
0
0
0
0
0
0
0
0
0
0
0
0
0
0
0
0
0
0
0
0
0
0
0
0
0
0
0
0
0
0
0
0
0
0
0
0
0
0
0
0
0
0
0
0
0
0
0
0
0
0
0
0
0
0
0
0
0
0
0
0
0
0
0
0
0
0
0
0
0
0
0
0
0
0
0
0
0
0
0
0
0
0
0
0
0
0
0
0
0
0
0
0
0
0
0
0
0
0
0
0
0
0
0
0
0
0
0
0
0
0
0
0
0
1.37048213142404e-06
3.67430006403331e-06
6.26425014007162e-06
6.87625500240597e-06
4.89036167360676e-06
2.26067102209219e-06
6.81267008164396e-07
1.36253401632879e-07
2.27089002721465e-08
1.47607851768952e-08
2.27089002721465e-08
2.61152353129685e-08
1.81671202177172e-08
7.94811509525128e-09
2.27089002721465e-09
0
0
0
1.13907843765087e-05
3.74356220986335e-05
8.04247057588205e-05
0.00011317548173131
0.00010406921272218
6.20611535537493e-05
2.37058209940938e-05
5.72604920362175e-06
8.87918000640929e-07
1.41930626700916e-07
1.10138166319911e-07
1.19221726428769e-07
8.40229310069422e-08
3.51987954218271e-08
9.08356010885861e-09
1.13544501360733e-09
0
0
2.81079413118494e-05
0.00010723256253009
0.000259328828437832
0.00039915434008352
0.000392278085081114
0.000245848825236286
9.7923048863523e-05
2.50967411357627e-05
4.52361293421159e-06
7.63019049144123e-07
1.93025652313245e-07
9.76482711702301e-08
5.9043140707581e-08
2.38443452857539e-08
5.67722506803663e-09
1.13544501360733e-09
0
0
1.40488611533635e-05
5.49532677685674e-05
0.000134172130922937
0.000206973458860398
0.000207547994037283
0.000149809479650337
0.000104034013926758
8.31838371418863e-05
5.61102862374332e-05
2.45857908796394e-05
6.48452647271144e-06
1.02190051224659e-06
1.02190051224659e-07
9.08356010885861e-09
1.13544501360733e-09
0
0
0
4.80860963262703e-06
1.80161060309074e-05
4.14164923163408e-05
6.14548259164829e-05
7.59885220906567e-05
0.000126235370277822
0.000229202065891789
0.00028860741355871
0.000219900500340317
9.89812836162051e-05
2.62140190291523e-05
4.08192482391834e-06
3.7356140947681e-07
2.04380102449319e-08
0
0
0
0
7.55070934048872e-07
2.72960981271201e-06
5.99287878181947e-06
8.6316529934429e-06
1.23286619577484e-05
2.70678736793851e-05
5.48158789219209e-05
7.06485241916615e-05
5.4081245998117e-05
2.43666499920132e-05
6.45500490235765e-06
1.00486883704248e-06
9.19710461021934e-08
4.54178005442931e-09
0
0
0
0
1.13544501360733e-08
3.97405754762564e-08
8.62938210341568e-08
1.23763506483199e-07
1.7826486713635e-07
4.00812089803386e-07
8.17520409797275e-07
1.05482841764121e-06
8.07301404674809e-07
3.64477849367952e-07
9.65128261566227e-08
1.47607851768952e-08
1.13544501360733e-09
0
0
0
0
0
0
0
0
0
0
0
1.13544501360733e-09
1.13544501360733e-09
1.13544501360733e-09
0
0
0
0
0
0
0
0
0
0
0
0
0
0
0
0
0
0
0
0
0
0
0
0
0
0
0
0
0
0
0
0
0
0
0
0
0
0
0
0
0
0
0
0
0
0
0
0
0
0
0
0
0
0
0
0
0
0
0
0
0
0
0
0
0
0
0
0
0
0
0
0
0
0
0
0
0
0
0
0
0
0
0
0
0
0
0
0
0
0
0
0
0
0
0
0
0
0
0
0
0
0
0
0
0
0
0
0
0
0
0
0
0
0
0
0
0
0
0
0
0
0
0
0
0
0
0
0
0
0
0
0
0
0
0
0
0
0
0
0
0
0
0
0
0
0
0
0
0
0
0
0
0
0
0
0
0
0
0
0
0
0
0
0
0
0
0
0
0
0
0
0
0
0
0
0
0
0
0
0
0
0
0
0
0
0
0
0
0
1.66910417000277e-07
4.7120968064704e-07
8.58396430287139e-07
1.0230359572602e-06
8.0275962462038e-07
4.14437429966674e-07
1.39659736673701e-07
3.06570153673978e-08
4.54178005442931e-09
1.13544501360733e-09
1.13544501360733e-09
1.13544501360733e-09
1.13544501360733e-09
0
0
0
0
0
2.32993316792223e-06
8.55217184249038e-06
2.00848868457e-05
3.02164627021182e-05
2.91275709340687e-05
1.79059678645875e-05
6.94438170322241e-06
1.67705228509802e-06
2.50933348007219e-07
2.49797902993612e-08
4.54178005442931e-09
3.40633504082198e-09
2.27089002721465e-09
1.13544501360733e-09
0
0
0
0
7.66425384184945e-06
3.06354419121393e-05
7.62939567993171e-05
0.00011947379522179
0.000118550678425727
7.50324773891993e-05
3.11781846286436e-05
9.7784524571863e-06
3.11906745237933e-06
1.02644229230102e-06
2.53204238034434e-07
4.08760204898638e-08
5.67722506803663e-09
1.13544501360733e-09
0
0
0
0
3.51533776212828e-06
1.4171489214833e-05
3.55439707059637e-05
5.77112637066196e-05
7.09005929846823e-05
9.62164750080712e-05
0.000151404779894455
0.000183294888546631
0.000138503853649849
6.22394184208856e-05
1.64775780374695e-05
2.56610573075256e-06
2.35037117816717e-07
1.24898951496806e-08
0
0
0
0
7.72102609252982e-07
3.02709640627713e-06
7.98331389067311e-06
2.06866727029119e-05
7.62950922443307e-05
0.000257992409656816
0.000562404082359926
0.000731402582740227
0.000560462471386658
0.000252552492596623
6.69004202017437e-05
1.04165725548336e-05
9.53773811430154e-07
5.10950256123297e-08
0
0
0
0
8.74292660477641e-08
3.31549943973339e-07
9.299294661444e-07
3.47332629662481e-06
1.71849602809469e-05
6.25278214543419e-05
0.000138097364334977
0.000180013452457306
0.000138003122398848
6.21917297303141e-05
1.64741717024287e-05
2.56497028573895e-06
2.35037117816717e-07
1.24898951496806e-08
0
0
0
0
1.13544501360733e-09
4.54178005442931e-09
1.24898951496806e-08
4.99595805987224e-08
2.55475128061648e-07
9.33335801185222e-07
2.0619681447109e-06
2.68873379222215e-06
2.0608326996973e-06
9.28794021130793e-07
2.4639156795279e-07
3.86051304626491e-08
3.40633504082198e-09
0
0
0
0
0
0
0
0
0
0
1.13544501360733e-09
2.27089002721465e-09
2.27089002721465e-09
2.27089002721465e-09
1.13544501360733e-09
0
0
0
0
0
0
0
0
0
0
0
0
0
0
0
0
0
0
0
0
0
0
0
0
0
0
0
0
0
0
0
0
0
0
0
0
0
0
0
0
0
0
0
0
0
0
0
0
0
0
0
0
0
0
0
0
0
0
0
0
0
0
0
0
0
0
0
0
0
0
0
0
0
0
0
0
0
0
0
0
0
0
0
0
0
0
0
0
0
0
0
0
0
0
0
0
0
0
0
0
0
0
0
0
0
0
0
0
0
0
0
0
0
0
0
0
0
0
0
0
0
0
0
0
0
0
0
0
0
0
0
0
0
0
0
0
0
0
0
0
0
0
0
0
0
0
0
0
0
0
0
0
0
0
0
0
0
0
0
0
0
0
0
0
0
0
0
0
0
0
0
0
0
0
0
0
0
0
0
0
0
0
0
0
0
0
0
0
1.24898951496806e-08
4.08760204898638e-08
8.28874859933348e-08
1.11273611333518e-07
9.87837161838374e-08
5.67722506803663e-08
2.04380102449319e-08
4.54178005442931e-09
1.13544501360733e-09
0
0
0
0
0
0
0
0
0
3.4403983912302e-07
1.35685679126076e-06
3.34615645510079e-06
5.20033816232156e-06
5.11972156635543e-06
3.18946504322298e-06
1.24671862494084e-06
3.03163818633156e-07
4.65532455579004e-08
4.54178005442931e-09
0
0
0
0
0
0
0
0
1.33187700096139e-06
5.43083350008384e-06
1.36923314190907e-05
2.1629092064206e-05
2.17789708060021e-05
1.47074192612557e-05
8.08436849688416e-06
4.94826936930073e-06
3.00438750600499e-06
1.2864592004171e-06
3.37227169041376e-07
5.2230470625937e-08
4.54178005442931e-09
0
0
0
0
0
5.8588962702138e-07
2.41054976388835e-06
6.35508574116021e-06
1.30065226308719e-05
3.19434745678149e-05
9.08969151193209e-05
0.000190911453697909
0.000246550530254695
0.000188678033356143
8.49994137186445e-05
2.25147391748197e-05
3.50625420201942e-06
3.21330938850873e-07
1.70316752041099e-08
0
0
0
0
9.08356010885861e-08
4.33739995197999e-07
2.19481521130296e-06
1.55953372618966e-05
9.27306588162967e-05
0.000345925813290622
0.000766144929266584
0.000998974741976848
0.000765853119898087
0.000345135543561151
9.14260324956619e-05
1.42362095806087e-05
1.30349087562121e-06
7.03975908436542e-08
0
0
0
0
5.67722506803663e-09
3.86051304626491e-08
3.69019629422381e-07
3.57097456779504e-06
2.25669696454456e-05
8.50187162838758e-05
0.000188603093985245
0.000245988484972959
0.00018859514587015
8.49926010485628e-05
2.25147391748197e-05
3.50625420201942e-06
3.21330938850873e-07
1.70316752041099e-08
0
0
0
0
0
0
5.67722506803663e-09
5.33659156395443e-08
3.37227169041376e-07
1.26942752521299e-06
2.81703907875978e-06
3.6731646190197e-06
2.81590363374617e-06
1.26942752521299e-06
3.36091724027769e-07
5.2230470625937e-08
4.54178005442931e-09
0
0
0
0
0
0
0
0
0
0
1.13544501360733e-09
2.27089002721465e-09
3.40633504082198e-09
2.27089002721465e-09
1.13544501360733e-09
0
0
0
0
0
0
0
0
0
0
0
0
0
0
0
0
0
0
0
0
0
0
0
0
0
0
0
0
0
0
0
0
0
0
0
0
0
0
0
0
0
0
0
0
0
0
0
0
0
0
0
0
0
0
0
0
0
0
0
0
0
0
0
0
0
0
0
0
0
0
0
0
0
0
0
0
0
0
0
0
0
0
0
0
0
0
0
0
0
0
0
0
0
0
0
0
0
0
0
0
0
0
0
0
0
0
0
0
0
0
0
0
0
0
0
0
0
0
0
0
0
0
0
0
0
0
0
0
0
0
0
0
0
0
0
0
0
0
0
0
0
0
0
0
0
0
0
0
0
0
0
0
0
0
0
0
0
0
0
0
0
0
0
0
0
0
0
0
0
0
0
0
0
0
0
0
0
0
0
0
0
0
0
0
0
0
0
0
0
