0
1.89732795818889e-09
8.2217544854852e-09
2.9092362025563e-08
7.90553315912038e-08
1.63802647056974e-07
2.64361028840986e-07
3.51638114917675e-07
4.4460718486893e-07
6.6722699862976e-07
1.20480325344995e-06
2.1237424278661e-06
3.14071021345535e-06
3.67955135358099e-06
3.35827048599434e-06
2.37924925956887e-06
1.31231850441398e-06
5.67301059498479e-07
1.94159894387997e-07
5.3125182829289e-08
1.2016410401863e-08
0
1.26488530545926e-09
8.85419713821483e-09
4.30061003856149e-08
1.58743105835137e-07
4.66110235061738e-07
1.12258570859509e-06
2.33624315918326e-06
4.42962833971833e-06
7.83280225405648e-06
1.2806963717775e-05
1.91010329977403e-05
2.57815247385234e-05
3.10794968404395e-05
3.27137286550929e-05
2.94370432713007e-05
2.24283137937509e-05
1.44791420915922e-05
7.93336063584049e-06
3.66563761522094e-06
1.40592001701797e-06
4.38915200994364e-07
0
2.52977061091852e-09
2.02381648873482e-08
1.23326317282278e-07
5.69830830109397e-07
2.06935235973135e-06
6.00883764358422e-06
1.42419760968186e-05
2.83264739731074e-05
4.86702567834615e-05
7.41254411131764e-05
0.000102114823152379
0.000128950629793003
0.000149854756793675
0.000159613979367946
0.000154960466329161
0.000136145929853108
0.000106280090463256
7.13306770307641e-05
3.96377108171769e-05
1.76736099305295e-05
6.18908379961217e-06
0
8.2217544854852e-09
6.76713638420705e-08
4.19941921412475e-07
1.98270771630739e-06
7.15925082889942e-06
1.9894748526916e-05
4.30389874035568e-05
7.39755522044795e-05
0.000104607279646786
0.000128306803172524
0.000145506713556159
0.000161262757363612
0.000181189760465817
0.000210207494258358
0.000246565989921132
0.000272305773444575
0.000260561945826039
0.000203429606349055
0.000125234396765563
5.97190299266481e-05
2.18584829636415e-05
0
4.42709856910742e-09
3.79465591637778e-08
2.34003781509963e-07
1.10108265840229e-06
3.94580971038017e-06
1.07995907380112e-05
2.2697101921161e-05
3.70067493818216e-05
4.77437282972126e-05
5.06909110589326e-05
4.77861019549454e-05
4.54871729122732e-05
5.07231656342218e-05
6.84581225020661e-05
9.74062876028068e-05
0.000124566537324281
0.000130538693294007
0.000107506396766899
6.83278393156038e-05
3.32380236142057e-05
1.23256748590478e-05
0
6.32442652729631e-10
5.69198387456668e-09
3.47843459001297e-08
1.63802647056974e-07
5.85009453774909e-07
1.5880635010041e-06
3.28933423684681e-06
5.21259234379762e-06
6.35668110258552e-06
6.05057885866438e-06
4.71043287753029e-06
3.58531739832428e-06
3.99387535198762e-06
6.81077492724539e-06
1.17805092923948e-05
1.67426543457115e-05
1.85071693468272e-05
1.56788858038203e-05
1.0128569083465e-05
4.97795611963492e-06
1.85938139902511e-06
0
0
0
6.32442652729631e-10
1.89732795818889e-09
6.95686918002594e-09
1.89732795818889e-08
3.98438871219667e-08
6.26118226202335e-08
7.58931183275557e-08
7.14660197584483e-08
5.43900681347482e-08
3.98438871219667e-08
4.49034283438038e-08
7.90553315912038e-08
1.40402268905978e-07
2.01749206220752e-07
2.25149584371749e-07
1.92262566429808e-07
1.25223645240467e-07
6.19793799675038e-08
2.34003781509963e-08
0
0
0
0
0
0
0
0
0
0
0
0
0
0
0
0
0
0
0
0
0
0
0
0
0
0
0
0
0
0
0
0
0
0
0
0
0
0
0
0
0
0
0
0
0
0
0
0
0
0
0
0
0
0
0
0
0
0
0
0
0
0
0
0
0
0
0
0
0
0
0
0
0
0
0
0
0
0
0
0
0
0
0
0
0
0
0
0
0
0
0
0
0
0
0
0
0
0
0
0
0
0
0
0
0
0
0
0
0
0
0
0
0
0
0
0
0
0
0
0
0
0
0
0
0
0
0
0
0
0
0
0
0
0
0
0
0
0
0
0
0
0
0
0
0
0
0
0
0
0
0
0
0
0
0
0
0
0
0
0
0
0
0
0
0
0
0
0
0
0
0
0
0
0
0
0
0
0
0
0
0
0
0
0
0
0
0
0
0
0
0
0
0
0
0
0
0
0
0
0
0
0
0
0
0
0
0
0
0
0
0
0
0
0
0
0
0
0
0
0
0
0
0
0
0
0
0
0
0
0
0
0
0
0
0
0
0
0
0
0
0
0
0
0
0
0
0
0
0
0
0
0
0
0
0
0
0
0
0
0
0
0
0
0
0
0
0
0
0
0
0
0
0
0
0
0
0
0
0
0
0
0
0
0
0
0
0
0
0
0
0
0
0
0
0
0
0
0
0
0
0
0
0
0
0
0
0
0
0
0
0
0
0
0
0
0
0
0
0
0
0
0
0
0
0
0
0
0
0
0
6.32442652729631e-10
6.95686918002594e-09
4.42709856910742e-08
2.0554386213713e-07
7.26044165333616e-07
1.95171802632364e-06
4.00778909034767e-06
6.35857843054371e-06
8.09083885637017e-06
9.27034440371093e-06
1.21302500793543e-05
2.02318404608209e-05
3.49532080884085e-05
5.15541952799086e-05
6.03451481528505e-05
5.49004493555011e-05
3.86397163111695e-05
2.10578105652858e-05
8.91997117409871e-06
2.95477207355283e-06
7.72844921635609e-07
1.61905319098785e-07
4.42709856910742e-09
3.47843459001297e-08
2.15662944580804e-07
1.024557097422e-06
3.71623302743931e-06
1.04251846875952e-05
2.30594915611751e-05
4.15748826624877e-05
6.45072532504641e-05
9.2091239549267e-05
0.000127439724295632
0.000173220983041424
0.000225999587297017
0.000270968157234052
0.000284971702450792
0.000254183129230608
0.000189534208825932
0.000118237051255763
6.21033387274388e-05
2.7525169132099e-05
1.02348194491236e-05
3.16727280486999e-06
2.52977061091852e-09
3.54167885528593e-08
2.54241946397312e-07
1.41224444354527e-06
6.11445556659007e-06
2.09629441673763e-05
5.7843205018652e-05
0.000130917526442992
0.000249228573489124
0.000410121351900889
0.000598827060851746
0.000793245624284708
0.00096713573165272
0.00108653647738951
0.00111226171473194
0.00102358250329415
0.00083916096087288
0.000606574483347683
0.000378882479511962
0.000198758384915994
8.5197614634514e-05
2.93219387085039e-05
6.32442652729631e-10
5.88171667038557e-08
4.88245727907275e-07
3.00726481372939e-06
1.41369906164654e-05
5.09261797257481e-05
0.000141597585519637
0.000307456303640635
0.000532505962073253
0.000762414677406792
0.000950499327672668
0.00109218355783573
0.00120196548326715
0.00128333112786877
0.00133632665995425
0.00135812189865262
0.0013118353182273
0.00113719007433193
0.000832473512262917
0.00049256341389746
0.000229734793604038
8.35633828198607e-05
0
3.09896899837519e-08
2.59933930271878e-07
1.60766922323872e-06
7.55515992950817e-06
2.70571615690791e-05
7.41089976042054e-05
0.000156212070338913
0.000256453598353907
0.000335721430676428
0.000366412607728092
0.00035871072110315
0.000344507324008148
0.000348814258473237
0.000384261404273427
0.000447548675646776
0.000502244846025445
0.000490476985586105
0.000389749109171162
0.000243563152205972
0.000117912608174912
4.40110517608023e-05
0
4.42709856910742e-09
3.85790018165075e-08
2.38430880079071e-07
1.11562883941507e-06
3.97363718710027e-06
1.07850445569984e-05
2.23600099872561e-05
3.55919751676654e-05
4.39604563485839e-05
4.31629461634918e-05
3.56577492035493e-05
2.80968972901666e-05
2.60111014214643e-05
3.2065474936045e-05
4.54251935323057e-05
5.94989398834982e-05
6.40145804239878e-05
5.40251487241233e-05
3.52074500348058e-05
1.76489446670731e-05
6.81836423907815e-06
0
0
6.32442652729631e-10
3.16221326364815e-09
1.32812957073222e-08
4.80656416074519e-08
1.29650743809574e-07
2.68788127410093e-07
4.2753123324523e-07
5.25559844418323e-07
5.12278548711001e-07
4.18044593454286e-07
3.26972851461219e-07
3.0863201453206e-07
4.04130855094234e-07
6.14734258453201e-07
8.62651778323216e-07
1.00242160457646e-06
9.29058256859828e-07
6.81773179642542e-07
3.96541543261479e-07
1.84040811944323e-07
0
0
0
0
0
0
0
0
0
6.32442652729631e-10
6.32442652729631e-10
6.32442652729631e-10
6.32442652729631e-10
6.32442652729631e-10
1.26488530545926e-09
2.52977061091852e-09
4.42709856910742e-09
6.95686918002594e-09
7.58931183275557e-09
6.95686918002594e-09
4.42709856910742e-09
2.52977061091852e-09
0
0
0
0
0
0
0
0
0
0
0
0
0
0
0
0
0
0
0
0
0
0
0
0
0
0
0
0
0
0
0
0
0
0
0
0
0
0
0
0
0
0
0
0
0
0
0
0
0
0
0
0
0
0
0
0
0
0
0
0
0
0
0
0
0
0
0
0
0
0
0
0
0
0
0
0
0
0
0
0
0
0
0
0
0
0
0
0
0
0
0
0
0
0
0
0
0
0
0
0
0
0
0
0
0
0
0
0
0
0
0
0
0
0
0
0
0
0
0
0
0
0
0
0
0
0
0
0
0
0
0
0
0
0
0
0
0
0
0
0
0
0
0
0
0
0
0
0
0
0
0
0
0
0
0
0
0
0
0
0
0
0
0
0
0
0
0
0
0
0
0
0
0
0
0
0
0
0
0
0
0
0
0
0
0
0
0
0
0
0
0
0
0
0
0
0
0
0
0
0
0
0
0
0
0
0
0
0
0
0
0
0
0
0
0
0
0
0
0
0
0
0
0
0
0
0
0
0
0
0
0
0
0
0
0
0
0
0
0
0
0
0
0
0
0
0
0
0
0
0
0
0
0
0
0
0
0
0
0
0
0
0
0
0
0
0
0
0
0
0
0
0
0
0
0
0
0
0
0
0
0
0
0
0
0
0
0
0
0
0
0
0
0
0
0
0
0
0
0
0
0
0
0
0
0
0
0
0
6.95686918002594e-09
5.50225107874779e-08
3.36459491252164e-07
1.56909022142221e-06
5.54715450709159e-06
1.49047759968792e-05
3.05811320300886e-05
4.84286636901188e-05
6.12640873272666e-05
6.87351323839617e-05
8.53139840826163e-05
0.000133562401616707
0.000221110173148764
0.000318032642122233
0.000366423991695841
0.000329835919350126
0.000230378620224517
0.000124775243399682
5.25186703253213e-05
1.72587275503389e-05
4.4694722268403e-06
9.34117798081665e-07
3.16221326364815e-08
2.64361028840986e-07
1.64118868383339e-06
7.74299539736887e-06
2.78685854925312e-05
7.70359422010381e-05
0.000165453322380599
0.000281969497178284
0.000396550397458617
0.000491204927079397
0.000583492856293663
0.000708355376779421
0.000872486894015815
0.00102009837672026
0.00105350463008009
0.000917141772397096
0.000659899518055235
0.000392439520215874
0.000195372919395932
8.31965660812775e-05
3.13419605413223e-05
1.1045610929923e-05
2.02381648873482e-08
2.08073632748049e-07
1.41224444354527e-06
7.32874545983096e-06
2.96862256764761e-05
9.52591447967897e-05
0.000246070154881392
0.000521448334732928
0.000927379754059483
0.00141920573982386
0.00191856854468082
0.00235219968731162
0.00267111901403298
0.00282658922914025
0.00275415367479516
0.00242504063739711
0.00190320714508867
0.001319064137748
0.000798233699486787
0.000416812595166769
0.000188075796068738
7.56641740872676e-05
5.69198387456668e-09
1.63170204404245e-07
1.28891812626299e-06
7.64623167150124e-06
3.49873599916559e-05
0.000123958127492355
0.000342398127761295
0.000746499258050851
0.00131368521298653
0.00193587407298746
0.00251012125014087
0.00299853584023642
0.00336591165812462
0.0035321827288552
0.00344941685622043
0.00316017110632249
0.00272208503764585
0.00214861766228326
0.00148542817754853
0.000866521062472616
0.000422237055799231
0.000176421775306889
1.89732795818889e-09
7.58931183275557e-08
6.07144946620446e-07
3.632750597279e-06
1.66673936700367e-05
5.87317869457372e-05
0.000159486225952095
0.000336488583614189
0.000561032287924623
0.000764645935085622
0.000902466573083158
0.000989560883233208
0.00105220812264199
0.00108259699210565
0.00107220785664926
0.00104004625043
0.000987422594624329
0.000871885441053069
0.000669654945973589
0.000428632315903633
0.000225935710589091
9.91916732114626e-05
0
1.13839677491334e-08
8.9174414034878e-08
5.28722057681971e-07
2.40075230976168e-06
8.35962698378026e-06
2.23340798384942e-05
4.59880674932351e-05
7.3787084293966e-05
9.46969032785131e-05
0.000102701097491459
0.000102732087181443
0.000102520218892779
0.000104132315214586
0.000108045237907025
0.000117350999099288
0.000130326825005342
0.000135244066630315
0.000120827536361343
8.9195284642418e-05
5.36311369514727e-05
2.6152136133023e-05
0
0
1.26488530545926e-09
6.32442652729631e-09
2.9092362025563e-08
1.00558381784011e-07
2.68788127410093e-07
5.55917091749345e-07
9.04392993403372e-07
1.20606813875541e-06
1.43374749373807e-06
1.68419478421901e-06
2.04974663749673e-06
2.56076030090227e-06
3.36965445374347e-06
4.82680232563254e-06
7.03086497039531e-06
9.23113295924169e-06
1.00665897034975e-05
8.77324447866544e-06
6.01326474215333e-06
3.21786821708836e-06
0
0
0
0
0
0
0
6.32442652729631e-10
6.32442652729631e-10
1.89732795818889e-09
3.79465591637778e-09
7.58931183275557e-09
1.51786236655111e-08
3.03572473310223e-08
6.64064785366112e-08
1.41667154211437e-07
2.5677171700823e-07
3.71243837152293e-07
4.16147265496097e-07
3.5985986940316e-07
2.37798437426341e-07
1.20796546671359e-07
0
0
0
0
0
0
0
0
0
0
0
0
0
0
6.32442652729631e-10
1.26488530545926e-09
2.52977061091852e-09
3.79465591637778e-09
3.79465591637778e-09
3.16221326364815e-09
2.52977061091852e-09
1.26488530545926e-09
0
0
0
0
0
0
0
0
0
0
0
0
0
0
0
0
0
0
0
0
0
0
0
0
0
0
0
0
0
0
0
0
0
0
0
0
0
0
0
0
0
0
0
0
0
0
0
0
0
0
0
0
0
0
0
0
0
0
0
0
0
0
0
0
0
0
0
0
0
0
0
0
0
0
0
0
0
0
0
0
0
0
0
0
0
0
0
0
0
0
0
0
0
0
0
0
0
0
0
0
0
0
0
0
0
0
0
0
0
0
0
0
0
0
0
0
0
0
0
0
0
0
0
0
0
0
0
0
0
0
0
0
0
0
0
0
0
0
0
0
0
0
0
0
0
0
0
0
0
0
0
0
0
0
0
0
0
0
0
0
0
0
0
0
0
0
0
0
0
0
0
0
0
0
0
0
0
0
0
0
0
0
0
0
0
0
0
0
0
0
0
0
0
0
0
0
0
0
0
0
0
0
0
0
0
0
0
0
0
0
0
0
0
0
0
0
0
0
0
0
0
0
0
0
0
0
0
0
0
0
0
0
0
0
0
0
0
0
0
0
0
0
0
0
0
0
0
0
0
0
0
0
0
0
0
0
0
0
0
0
0
0
0
0
0
0
0
0
0
0
0
0
0
0
0
0
0
0
0
0
0
0
0
0
0
0
1.96057222346186e-08
1.51153794002382e-07
9.16409403805235e-07
4.25950126613406e-06
1.50540324629234e-05
4.04813893159182e-05
8.32503237067595e-05
0.00013267571701758
0.000170285816690106
0.000194944755720034
0.000239568644411331
0.000349026759204554
0.000528463388637005
0.000708505265688118
0.000778961274530157
0.000683172775233033
0.00047384943580319
0.000259756213886461
0.00011297006884383
3.92923971287865e-05
1.1122768933556e-05
2.6872488314482e-06
9.36015126039854e-08
7.28573935944535e-07
4.46061802970209e-06
2.09420735598363e-05
7.50810619614508e-05
0.000206395762390357
0.000439156794087706
0.000737013250702559
0.00101251665419934
0.00121684369667261
0.00140086300556674
0.00164751880234456
0.00194677169233664
0.00215671798777942
0.00210494243757106
0.00174700266406159
0.00121755582709959
0.000716195135902658
0.000364407132076286
0.00016964957938146
7.92494914855918e-05
3.96143104390259e-05
6.32442652729631e-08
5.55917091749345e-07
3.62136662952987e-06
1.81068331476493e-05
7.04465222022481e-05
0.000216034820860609
0.000530467599403505
0.00106370023808474
0.00178263258578842
0.00256011394451119
0.00323439014894827
0.00369255437452111
0.00389823168205797
0.00384116891127279
0.00350159843461185
0.00290472245934377
0.00217436882977445
0.00148161391590992
0.000946977254539616
0.000596043680737082
0.000382286285868953
0.000242614488226877
3.09896899837519e-08
3.62389640014078e-07
2.54811144784768e-06
1.36082685587835e-05
5.68091612814391e-05
0.000186621810410112
0.000486742411721737
0.00102196850964438
0.00176681329771569
0.00260640178982181
0.00343544936023489
0.00420254221594393
0.00480521452812427
0.00503539329647052
0.00474677429724144
0.00402953816073239
0.00313823230314195
0.00229807145043511
0.00162252087405277
0.00113254541549028
0.000785982652860761
0.000521618461806512
1.51786236655111e-08
1.70759516237e-07
1.1611647104116e-06
6.03223802173522e-06
2.43610585404926e-05
7.68500040611356e-05
0.000190748498719173
0.000377768115557852
0.000613103188851811
0.00085651265749317
0.00110348910269592
0.0013796761767003
0.00165994566802805
0.00184162683643504
0.00184233580464875
0.00168741454976405
0.00146860899764184
0.00125160527463724
0.00104350128464187
0.000822661796948469
0.000583838169982053
0.000356814025587614
2.52977061091852e-09
2.65625914146445e-08
1.73921729500648e-07
8.80360172599646e-07
3.44365024411284e-06
1.04612339188008e-05
2.48347580873871e-05
4.6844394845031e-05
7.28580260371062e-05
0.000100909387456276
0.000138062863533531
0.000194661421411611
0.000266766840691969
0.000333475626816585
0.000380022141172181
0.000415211250370057
0.000454865404696205
0.000490242981804595
0.000484387827725624
0.000409538239775072
0.000283502538168501
0.000156943174045469
0
6.32442652729631e-10
1.89732795818889e-09
1.07515250964037e-08
4.17412150801556e-08
1.29018301156845e-07
3.21913310239382e-07
7.01378901877161e-07
1.49446198840012e-06
3.35004873150885e-06
7.39641682367303e-06
1.44576390413994e-05
2.39038025025691e-05
3.41677143137183e-05
4.55010866506333e-05
6.11470854365116e-05
8.27861107996559e-05
0.000103647864142596
0.000109995691048043
9.40056434590796e-05
6.31538259736227e-05
3.30090793739176e-05
0
0
0
0
0
0
6.32442652729631e-10
2.52977061091852e-09
8.85419713821483e-09
2.9092362025563e-08
7.84228889384742e-08
1.72656844195189e-07
3.40254147168541e-07
6.81773179642542e-07
1.47042916759639e-06
3.0799957187933e-06
5.52248924363514e-06
7.90743048707857e-06
8.78842310233095e-06
7.4982400907625e-06
4.88751682029459e-06
2.42921222913451e-06
0
0
0
0
0
0
0
0
0
0
0
0
1.26488530545926e-09
3.79465591637778e-09
1.26488530545926e-08
3.09896899837519e-08
6.00820520093149e-08
8.79095287294187e-08
9.86610538258224e-08
8.41148728130409e-08
5.43900681347482e-08
2.65625914146445e-08
0
0
0
0
0
0
0
0
0
0
0
0
0
0
0
0
0
0
0
0
0
0
0
0
0
0
0
0
0
0
0
0
0
0
0
0
0
0
0
0
0
0
0
0
0
0
0
0
0
0
0
0
0
0
0
0
0
0
0
0
0
0
0
0
0
0
0
0
0
0
0
0
0
0
0
0
0
0
0
0
0
0
0
0
0
0
0
0
0
0
0
0
0
0
0
0
0
0
0
0
0
0
0
0
0
0
0
0
0
0
0
0
0
0
0
0
0
0
0
0
0
0
0
0
0
0
0
0
0
0
0
0
0
0
0
0
0
0
0
0
0
0
0
0
0
0
0
0
0
0
0
0
0
0
0
0
0
0
0
0
0
0
0
0
0
0
0
0
0
0
0
0
0
0
0
0
0
0
0
0
0
0
0
0
0
0
0
0
0
0
0
0
0
0
0
0
0
0
0
0
0
0
0
0
0
0
0
0
0
0
0
0
0
0
0
0
0
0
0
0
0
0
0
0
0
0
0
0
0
0
0
0
0
0
0
0
0
0
0
0
0
0
0
0
0
0
0
0
0
0
0
0
0
0
0
0
0
0
0
0
0
0
0
0
0
0
0
0
0
0
0
0
0
0
0
0
0
0
0
0
0
0
0
0
0
0
1.46094252780545e-07
3.78200706332319e-07
1.28891812626299e-06
4.99060497268952e-06
1.68862188278811e-05
4.50330790876134e-05
9.27679531876877e-05
0.000149345640458228
0.000196699784081359
0.000236023803342782
0.000300352075322524
0.000423088323609805
0.00058929615007511
0.000727364073149863
0.000759598410274187
0.000664315865099246
0.000487191446005175
0.00029963298802637
0.000153563400509282
6.49411089102367e-05
2.2626900786708e-05
6.68681616731039e-06
6.8556783555892e-07
1.80372644558491e-06
6.30418836240896e-06
2.48594233508436e-05
8.54411050558149e-05
0.000232522600817271
0.000493338788589707
0.000828649131541861
0.00114940633661205
0.00142402748260827
0.00173598488060838
0.00216933648358668
0.00264710959360741
0.0029449989372402
0.00288396695636649
0.00247492138941789
0.00187318888701951
0.00125464479402626
0.000747895691428078
0.000409263759663788
0.000219146438712039
0.000119464622444711
4.07925511010612e-07
1.30915629115034e-06
5.63000449459917e-06
2.49258298293802e-05
9.27983104350187e-05
0.00027550656571004
0.000651766937983785
0.0012487333525512
0.00198717023166505
0.00271392083544177
0.00330550200082119
0.00372961677885637
0.00399502829494354
0.00406078715220376
0.00384479154278762
0.00334106045652826
0.00268272054205466
0.00206025403972918
0.0015936359532173
0.00127478113564652
0.00101189116841579
0.000734034445808202
1.35975170336871e-07
9.18306731763424e-07
5.59332282074085e-06
2.74638221947842e-05
0.000105725438256812
0.000318524682506057
0.000757062315236741
0.00143973419588881
0.00224134703646913
0.00296797178415796
0.00354569233636015
0.00407428474329832
0.00462238357897462
0.00502935789623552
0.00502237319957878
0.00452355998738704
0.00376503167008128
0.00309405934606205
0.00269019158711135
0.00245284661106702
0.00214399134427854
0.00164125509031193
5.12278548711001e-08
4.49034283438038e-07
2.84029995340877e-06
1.36949132022074e-05
5.070419235464e-05
0.000144991272794184
0.000323328084453538
0.000572167705711233
0.00083057681674738
0.00105216701386957
0.00127464832268945
0.00158651211917696
0.00200473632634462
0.002412702313685
0.00264620899526992
0.00264210064779779
0.0024946396864447
0.00234923353127032
0.00223169469670317
0.00202009646105146
0.0016138855020724
0.00107978704939957
8.2217544854852e-09
6.95686918002594e-08
4.33223217119797e-07
2.04848175219127e-06
7.3957843810203e-06
2.05493266724912e-05
4.45947963292717e-05
7.89339026018798e-05
0.000125176844484165
0.000203342961705631
0.000355022315552431
0.000607953208330634
0.000928077970748097
0.00122727900044265
0.00143894680478616
0.00157447230839694
0.0016830348843939
0.00175286351012443
0.00168266237567144
0.00139308712315143
0.000949348914487352
0.000519571877382279
0
6.32442652729631e-10
5.05954122183705e-09
2.52977061091852e-08
9.4233955256715e-08
2.97248046782926e-07
8.47473154657705e-07
2.50257557685115e-06
7.65635075394491e-06
2.17402161875811e-05
5.22941531836023e-05
0.000102775093281829
0.000165833420414889
0.000228174557579754
0.000287896117277013
0.000361040639835806
0.000456750716243992
0.000542354991504211
0.000553074262025326
0.000456953097892866
0.000296960917818587
0.000149771274363515
0
0
0
0
0
6.32442652729631e-10
4.42709856910742e-09
2.08706075400778e-08
8.15851022021224e-08
2.55506831702771e-07
6.44459063131494e-07
1.34330819439774e-06
2.52344618439123e-06
4.90206300130737e-06
1.04403633112607e-05
2.18161093059086e-05
3.90742044135948e-05
5.58497457772482e-05
6.19009570785653e-05
5.2603417640787e-05
3.4107632261709e-05
1.68330936450519e-05
0
0
0
0
0
0
0
0
0
0
6.32442652729631e-10
1.89732795818889e-09
7.58931183275557e-09
2.97248046782926e-08
9.29690699512557e-08
2.30841568246315e-07
4.42077414258012e-07
6.48886161700601e-07
7.26676607986346e-07
6.19793799675038e-07
4.01601084483316e-07
1.97954550304374e-07
0
0
0
0
0
0
0
0
0
0
0
0
0
0
0
0
0
6.32442652729631e-10
6.32442652729631e-10
6.32442652729631e-10
0
0
0
0
0
0
0
0
0
0
0
0
0
0
0
0
0
0
0
0
0
0
0
0
0
0
0
0
0
0
0
0
0
0
0
0
0
0
0
0
0
0
0
0
0
0
0
0
0
0
0
0
0
0
0
0
0
0
0
0
0
0
0
0
0
0
0
0
0
0
0
0
0
0
0
0
0
0
0
0
0
0
0
0
0
0
0
0
0
0
0
0
0
0
0
0
0
0
0
0
0
0
0
0
0
0
0
0
0
0
0
0
0
0
0
0
0
0
0
0
0
0
0
0
0
0
0
0
0
0
0
0
0
0
0
0
0
0
0
0
0
0
0
0
0
0
0
0
0
0
0
0
0
0
0
0
0
0
0
0
0
0
0
0
0
0
0
0
0
0
0
0
0
0
0
0
0
0
0
0
0
0
0
0
0
0
0
0
0
0
0
0
0
0
0
0
0
0
0
0
0
0
0
0
0
0
0
0
0
0
0
0
0
0
0
0
0
0
0
0
0
0
0
0
0
0
0
0
0
0
0
0
0
0
0
0
0
0
0
0
0
0
0
0
0
0
0
0
0
0
0
0
0
0
0
0
0
0
0
0
0
0
0
0
0
0
3.14576975467718e-06
5.37323277759094e-06
7.34645385410739e-06
8.98005322610803e-06
1.25723274936123e-05
2.25990733099879e-05
4.17102253901719e-05
6.65437185922536e-05
9.21412025188326e-05
0.000125695447459403
0.000191210814298318
0.000307502471954285
0.000456582486498366
0.000583917225313644
0.000638182702245805
0.000603848023071766
0.000496649625876746
0.000349267087412591
0.000204179050892539
9.68706086759448e-05
3.70023222832525e-05
1.16021604643251e-05
1.46726695433274e-05
2.51535091843629e-05
3.48918611510937e-05
4.47288741716504e-05
6.85890381311812e-05
0.000133184833353027
0.000257269449375928
0.000425799605262057
0.000604216104695655
0.000805119102647055
0.00112358623287171
0.00164805005417286
0.0023131659592278
0.00288760097184907
0.00314394895227998
0.00300547500102217
0.00253132325763097
0.00185962678677437
0.00118075398913725
0.00065913615977339
0.000342138193831023
0.000175201793429773
8.15471556429586e-06
1.45196184213669e-05
2.31619472709173e-05
4.25836286935915e-05
0.000101961772030418
0.000255361369892643
0.000553538474932429
0.000984175634045215
0.00144516308361984
0.00182218554929013
0.00211465738915964
0.00244737029013703
0.00291735486888939
0.00344368566090139
0.00380889599514665
0.00384673693638742
0.00355848285656896
0.00307133821132009
0.00253372464238339
0.00202888994369502
0.00155241523844034
0.00108106584844339
1.30915629115034e-06
3.16031593568997e-06
9.95654468192258e-06
3.8135659516944e-05
0.00013438331217995
0.000383888263108317
0.000865442747749712
0.00154609397412631
0.0022306359877025
0.00269963648568722
0.00293471794947743
0.00314778218719817
0.00354328968672243
0.00407793962938844
0.00449256650274738
0.00458644186301999
0.00442231540532482
0.00422407941803998
0.00409661945557946
0.00389490313637665
0.00338800351242712
0.00253735676053802
8.34824301603113e-08
6.21058684980498e-07
3.76746088231041e-06
1.78943324163322e-05
6.54337817367131e-05
0.000184904096165299
0.000409411751244526
0.000729795815149608
0.00109930549454812
0.00149885619995128
0.00196388242830624
0.00250275708789248
0.00302031906252439
0.00336765214030493
0.0034621182020152
0.00336460439916143
0.00324798450376869
0.00323577140370183
0.00323904429442971
0.00301584073610041
0.00243586299607062
0.00163771720611256
1.07515250964037e-08
9.04392993403372e-08
5.59711747665723e-07
2.6530969282008e-06
9.66688594697241e-06
2.75738672163592e-05
6.4208107875723e-05
0.000132429064383016
0.000265868772125093
0.000533424901247669
0.00100375289636046
0.00164963875011651
0.00229892082091772
0.00274270962499402
0.00291490035895415
0.0029308410760162
0.00293372501451265
0.00291335656643884
0.00270016204553164
0.00217412660423846
0.00144795848014491
0.000778182105181994
0
1.26488530545926e-09
6.95686918002594e-09
3.41519032474001e-08
1.50521351349652e-07
6.02717848051338e-07
2.3223294208232e-06
8.57149527244469e-06
2.79615545624824e-05
7.59196809189703e-05
0.000167176096166634
0.000297646485654146
0.000435792199175185
0.000548002704393087
0.000641368948330257
0.000765330238035875
0.000945241831900526
0.00110966300787187
0.0011209185897625
0.000915474021121848
0.000586190224207555
0.000290167218842966
0
0
0
0
6.32442652729631e-10
3.79465591637778e-09
2.08706075400778e-08
9.23366272985261e-08
3.2634040880849e-07
9.15776961152505e-07
2.06871991707862e-06
3.87118147735807e-06
6.59700931062278e-06
1.20492974198049e-05
2.53109874048926e-05
5.32339629655585e-05
9.59592588133614e-05
0.000137586001773373
0.000152633077367116
0.000129657068236102
8.39599243631221e-05
4.13522628487269e-05
0
0
0
0
0
0
0
0
0
6.32442652729631e-10
1.89732795818889e-09
5.05954122183705e-09
1.96057222346186e-08
7.39957903693668e-08
2.33371338857234e-07
5.80582355205801e-07
1.11246662615142e-06
1.63296692934791e-06
1.82839170904136e-06
1.55897113897854e-06
1.01064335906195e-06
4.97732367698219e-07
0
0
0
0
0
0
0
0
0
0
0
0
0
0
0
6.32442652729631e-10
6.32442652729631e-10
1.26488530545926e-09
1.26488530545926e-09
1.26488530545926e-09
6.32442652729631e-10
6.32442652729631e-10
0
0
0
0
0
0
0
0
0
0
0
0
0
0
0
0
0
0
0
0
0
0
0
0
0
0
0
0
0
0
0
0
0
0
0
0
0
0
0
0
0
0
0
0
0
0
0
0
0
0
0
0
0
0
0
0
0
0
0
0
0
0
0
0
0
0
0
0
0
0
0
0
0
0
0
0
0
0
0
0
0
0
0
0
0
0
0
0
0
0
0
0
0
0
0
0
0
0
0
0
0
0
0
0
0
0
0
0
0
0
0
0
0
0
0
0
0
0
0
0
0
0
0
0
0
0
0
0
0
0
0
0
0
0
0
0
0
0
0
0
0
0
0
0
0
0
0
0
0
0
0
0
0
0
0
0
0
0
0
0
0
0
0
0
0
0
0
0
0
0
0
0
0
0
0
0
0
0
0
0
0
0
0
0
0
0
0
0
0
0
0
0
0
0
0
0
0
0
0
0
0
0
0
0
0
0
0
0
0
0
0
0
0
0
0
0
0
0
0
0
0
0
0
0
0
0
0
0
0
0
0
0
0
0
0
0
0
0
0
0
0
0
0
0
0
0
0
0
0
0
0
0
0
0
0
0
0
0
0
0
0
0
0
0
2.41397036120373e-05
4.08089946100322e-05
5.32567309010568e-05
5.38638758476772e-05
4.28195298030597e-05
2.82935869551655e-05
1.85874895637238e-05
1.65915005517091e-05
2.32897006867687e-05
4.63200998859182e-05
0.000102425352494869
0.000203679421196883
0.000334793004862221
0.000451514723522043
0.000512580223856353
0.000507334744494613
0.000447123041741489
0.000347856107854352
0.000231712441779124
0.00012790962918661
5.71879944304241e-05
2.049114194844e-05
0.000112549494479765
0.000190683989568595
0.000250832448056446
0.00026100465568295
0.000228197325515253
0.000195491818614645
0.000197415076721596
0.000230440599604485
0.000279150700275068
0.000373033017416865
0.000604471611527357
0.00105428253454295
0.00166703282039454
0.00222638091353494
0.00250260087455726
0.00241209137408247
0.00202355086282067
0.0014781474977303
0.000932859237202733
0.000509648219718298
0.000247906768344919
0.000112970701286483
6.22481680949139e-05
0.000107214840703991
0.00014953157859813
0.000187316864885462
0.000253613298400498
0.000400771952165587
0.000639446955108611
0.000897410826517237
0.00106858206292116
0.00112443244114107
0.00116991518695477
0.00136862297645854
0.00179420881610398
0.00234823743409227
0.00282521682858382
0.00305211638177567
0.00296705094765558
0.00261137974594145
0.00209598768205106
0.00155260813344943
0.00107081521792795
0.00067939329794032
9.21785166353437e-06
1.64909421699251e-05
2.64885956242751e-05
4.83660518674985e-05
0.000111719729719384
0.000267425845936113
0.000557466576248533
0.00096546039106564
0.00141034458581647
0.00181503262288775
0.00216762256399779
0.00249241791540566
0.00278960208548066
0.00302969123019519
0.00319129487414862
0.00329758255392371
0.00339984094155826
0.00349146543842981
0.0034593259677034
0.00316447045147575
0.00257253195599753
0.00180362398987516
1.45461810127815e-07
4.93937711781842e-07
2.15030501928074e-06
9.42529285362969e-06
3.43985558819646e-05
0.000101066233234153
0.000245874730101699
0.000522298970100849
0.00101718218364852
0.00182509478549268
0.00290427152773237
0.00393314757602987
0.00445547310872213
0.00428180119406931
0.00368486260697862
0.00315032397421949
0.00297647940272247
0.00308421411128701
0.00313455844377225
0.00283302496557442
0.00216588208181748
0.00137031982009582
5.05954122183705e-09
4.23736577328853e-08
2.62463700882797e-07
1.28638835565207e-06
5.03867061429697e-06
1.64036650838484e-05
4.82939534050873e-05
0.000135571671924429
0.000354572016383687
0.000808826481477356
0.00152804912035863
0.00233862430577078
0.0029056451931741
0.00300469013969013
0.00273413749727892
0.00239746550529544
0.00220498980569166
0.00211779809937309
0.00194193224115796
0.00155305969750348
0.00102694077378014
0.00054803116431246
0
6.32442652729631e-10
3.16221326364815e-09
2.02381648873482e-08
1.29018301156845e-07
7.01378901877161e-07
3.36902201109074e-06
1.36266093957126e-05
4.44695726840313e-05
0.000114965425413192
0.000234465464646456
0.00037921577678995
0.000495774957688021
0.000549328304193208
0.000570233696079186
0.000632933428228149
0.000772127731667413
0.000917762198639424
0.000937098500303979
0.000768193305924782
0.000490846964537952
0.000241388814365887
0
0
0
0
6.32442652729631e-10
6.95686918002594e-09
3.66816738583186e-08
1.58110663182408e-07
5.28722057681971e-07
1.38441696682516e-06
2.86939231543433e-06
4.83502408011803e-06
7.29585844188902e-06
1.2053724518374e-05
2.44970337108295e-05
5.18109669969168e-05
9.42459716671169e-05
0.000135844887150408
0.000151070944014874
0.000128445308113472
8.3178857687001e-05
4.09474995509799e-05
0
0
0
0
0
0
0
0
6.32442652729631e-10
6.32442652729631e-10
2.52977061091852e-09
6.32442652729631e-09
2.02381648873482e-08
7.46282330220964e-08
2.34003781509963e-07
5.8247968316399e-07
1.11689372472053e-06
1.63992379852793e-06
1.83661346352685e-06
1.56592800815857e-06
1.01507045763106e-06
4.99629695656408e-07
0
0
0
0
0
0
0
0
0
0
0
0
0
0
0
6.32442652729631e-10
6.32442652729631e-10
1.26488530545926e-09
1.26488530545926e-09
1.26488530545926e-09
6.32442652729631e-10
6.32442652729631e-10
0
0
0
0
0
0
0
0
0
0
0
0
0
0
0
0
0
0
0
0
0
0
0
0
0
0
0
0
0
0
0
0
0
0
0
0
0
0
0
0
0
0
0
0
0
0
0
0
0
0
0
0
0
0
0
0
0
0
0
0
0
0
0
0
0
0
0
0
0
0
0
0
0
0
0
0
0
0
0
0
0
0
0
0
0
0
0
0
0
0
0
0
0
0
0
0
0
0
0
0
0
0
0
0
0
0
0
0
0
0
0
0
0
0
0
0
0
0
0
0
0
0
0
0
0
0
0
0
0
0
0
0
0
0
0
0
0
0
0
0
0
0
0
0
0
0
0
0
0
0
0
0
0
0
0
0
0
0
0
0
0
0
0
0
0
0
0
0
0
0
0
0
0
0
0
0
0
0
0
0
0
0
0
0
0
0
0
0
0
0
0
0
0
0
0
0
0
0
0
0
0
0
0
0
0
0
0
0
0
0
0
0
0
0
0
0
0
0
0
0
0
0
0
0
0
0
0
0
0
0
0
0
0
0
0
0
0
0
0
0
0
0
0
0
0
0
0
0
0
0
0
0
0
0
0
0
0
0
0
0
0
0
0
0
6.64229220455822e-05
0.000112266160171342
0.000146364938235913
0.000147374949152322
0.000114871823900588
6.9883015798666e-05
3.4261948268975e-05
1.55100236155415e-05
1.08786460696024e-05
1.93337718939448e-05
4.66793273126686e-05
9.99638856904455e-05
0.000177943432329356
0.000272055958596747
0.000378115326574201
0.000491779817450728
0.000580896679204208
0.000586421698218454
0.000480799980556689
0.000310646344381004
0.000155800982614639
6.02559737388156e-05
0.000309638863235205
0.000524207049584134
0.000687493623436482
0.000706831189986343
0.000590941765857512
0.000443243638509645
0.000350315044888164
0.000310681128726904
0.000282051082280486
0.000266192582763291
0.000325685830662914
0.000522119988830127
0.000840465690065461
0.00117645337909869
0.00140623054636046
0.00146303528054333
0.00134592081499616
0.00109046521114826
0.000760926539844919
0.00044502649434769
0.00021419061808525
8.49136478834384e-05
0.000171003639100954
0.000292986015746182
0.000400653685389527
0.000470635362242018
0.000551738543142761
0.000725046803270262
0.000980601068171987
0.00117536621017865
0.00117116615852187
0.000997297554204049
0.000830461079741931
0.000833572697593361
0.00104274298590124
0.00137024708919075
0.00166947910857529
0.00181281717627524
0.00174772934066957
0.00150413962587219
0.00116611863371043
0.000831951114631762
0.000566633200057196
0.000376216101288054
2.51528767417101e-05
4.35866827408207e-05
6.20147967560567e-05
8.19139723815418e-05
0.000120635273794913
0.000204549029844386
0.000346698737799856
0.000542850826543951
0.000803661322332513
0.00116770922698205
0.0016373914981464
0.00210961682121738
0.00242588874299442
0.00250630951827287
0.00241796992853959
0.00231809268749257
0.00231466421587212
0.00236124677945892
0.00231847468285482
0.00211292955583238
0.00177618546538649
0.001362218862157
3.12426670448438e-07
5.95760978871312e-07
1.15420784123158e-06
3.01042702699304e-06
9.6966107516507e-06
3.18283089412714e-05
0.000100483121108336
0.000294691713580593
0.000758691487510172
0.00162599551398687
0.00281145614134573
0.0038769569436628
0.00428025803399665
0.00387998001954285
0.00311121055836143
0.00258219251751798
0.00253728213230499
0.00272371168014868
0.00271658594878037
0.00231987554333061
0.0016647199776135
0.0010087428688905
1.26488530545926e-09
6.95686918002594e-09
3.98438871219667e-08
2.3969576538453e-07
1.25160400975194e-06
5.78242317390701e-06
2.42902249633869e-05
8.78804363673931e-05
0.000260465182100171
0.000615348992711654
0.00114606830429095
0.00168042226379547
0.00195316695244104
0.00183896235553909
0.00148459272080427
0.00116036972999712
0.00101048145374285
0.000973688469977652
0.000903022490174907
0.000722336154060662
0.000474641254004408
0.000251669169686007
0
0
6.32442652729631e-10
5.69198387456668e-09
5.88171667038557e-08
3.88952231428723e-07
2.04784930953854e-06
8.53418115593364e-06
2.78236820641874e-05
7.06931748368127e-05
0.000139983591869871
0.000216881029129961
0.000266222940010622
0.000268342887782571
0.000244304374994971
0.000238895725428827
0.000274812776119996
0.00032482064911398
0.000333957548117965
0.000275084094018017
0.0001759841249912
8.64169640689768e-05
0
0
0
0
6.32442652729631e-10
4.42709856910742e-09
2.34003781509963e-08
9.86610538258224e-08
3.24443080850301e-07
8.32294530992194e-07
1.67091348851168e-06
2.67333509308815e-06
3.68650822276102e-06
5.35995148188362e-06
9.94832292743709e-06
2.04993637029255e-05
3.72192501131388e-05
5.3744976628964e-05
5.98512104410686e-05
5.0921752627179e-05
3.29831492251557e-05
1.62354353382224e-05
0
0
0
0
0
0
0
0
0
6.32442652729631e-10
1.26488530545926e-09
3.16221326364815e-09
8.85419713821483e-09
3.03572473310223e-08
9.36015126039854e-08
2.32738896204504e-07
4.46504512827119e-07
6.55210588227898e-07
7.34265919819101e-07
6.26118226202335e-07
4.06028183052423e-07
1.99851878262563e-07
0
0
0
0
0
0
0
0
0
0
0
0
0
0
0
0
0
6.32442652729631e-10
6.32442652729631e-10
6.32442652729631e-10
0
0
0
0
0
0
0
0
0
0
0
0
0
0
0
0
0
0
0
0
0
0
0
0
0
0
0
0
0
0
0
0
0
0
0
0
0
0
0
0
0
0
0
0
0
0
0
0
0
0
0
0
0
0
0
0
0
0
0
0
0
0
0
0
0
0
0
0
0
0
0
0
0
0
0
0
0
0
0
0
0
0
0
0
0
0
0
0
0
0
0
0
0
0
0
0
0
0
0
0
0
0
0
0
0
0
0
0
0
0
0
0
0
0
0
0
0
0
0
0
0
0
0
0
0
0
0
0
0
0
0
0
0
0
0
0
0
0
0
0
0
0
0
0
0
0
0
0
0
0
0
0
0
0
0
0
0
0
0
0
0
0
0
0
0
0
0
0
0
0
0
0
0
0
0
0
0
0
0
0
0
0
0
0
0
0
0
0
0
0
0
0
0
0
0
0
0
0
0
0
0
0
0
0
0
0
0
0
0
0
0
0
0
0
0
0
0
0
0
0
0
0
0
0
0
0
0
0
0
0
0
0
0
0
0
0
0
0
0
0
0
0
0
0
0
0
0
0
0
0
0
0
0
0
0
0
0
0
0
0
0
0
0
0
0
0
7.46744013357457e-05
0.000126208358450767
0.000164521734353128
0.00016558107579645
0.000128844379427344
7.78840477983486e-05
3.72331638514988e-05
1.50337942980361e-05
6.56412229268084e-06
5.90005750731473e-06
1.17204272403855e-05
2.74347298327587e-05
6.20242833958476e-05
0.000134959467436587
0.000273588367144311
0.000480693097748378
0.000688016653510289
0.000774255268751196
0.000673542570959919
0.000449626882203646
0.000229701274143444
8.97676452431383e-05
0.000348040781108949
0.000588907830286334
0.000770872965444398
0.000787236786641124
0.000643676731570067
0.000453804165924925
0.000319341165970731
0.000249639028770745
0.000200917544132413
0.000152487615556989
0.00012525210515984
0.000149611266372374
0.000237638429435201
0.000383270999079253
0.000573013913980586
0.000777703978536531
0.000928907103065825
0.000936039158860657
0.000767037200755593
0.000499103503369337
0.000255115349700731
0.000102733984509401
0.00019195266952997
0.000327521811683788
0.000441512642969124
0.000496484558344384
0.000528648061891602
0.000616371652481118
0.000767104872119435
0.00087590334922586
0.000838729634983718
0.000678941101443619
0.000519846357493564
0.000460819852271655
0.00051719958499189
0.000648101300368564
0.000798720047886736
0.000922862848633688
0.000985736502512152
0.000960528603259654
0.00084690901581147
0.000690397800097816
0.000546038337513709
0.000423875714712453
2.81936610160342e-05
4.84324583460351e-05
6.68245231300655e-05
8.06180973860988e-05
9.99398528696417e-05
0.000141863211433783
0.000213908548662132
0.000317656338743859
0.000477389849773171
0.000737672888389356
0.00109765165701123
0.00146547081719899
0.0017178932260844
0.00180304593729057
0.0017791313832629
0.00176584123335844
0.00183076147166114
0.00191649982476374
0.00193274601162706
0.00188222586008436
0.00179406841383507
0.00160247623661716
3.4278391777946e-07
6.04615176009527e-07
9.10084977277939e-07
1.5090081694129e-06
3.63148571197354e-06
1.23376912694496e-05
4.57275011203105e-05
0.0001526292827112
0.000418679565877626
0.000911108901932708
0.00155810975208552
0.00210147412206349
0.00227141652239316
0.00205707158830065
0.00174819924556055
0.00166233946346863
0.0018367171841219
0.00201124985322508
0.0019208352191482
0.00155485077509601
0.00109842323704756
0.000707416199440118
0
6.32442652729631e-10
3.16221326364815e-09
4.36385430383445e-08
3.44048803084919e-07
2.08010388482776e-06
1.00381297841247e-05
3.79958896906908e-05
0.000112019507536778
0.000257101852072955
0.0004604365920241
0.000646474657865743
0.000718960175180392
0.00065181690095335
0.000523312143230522
0.000439913827943024
0.000433738657881772
0.000447214745926135
0.000409812719886357
0.000310086000190685
0.000190558765923354
9.55013703327852e-05
0
0
0
1.26488530545926e-09
1.45461810127815e-08
1.0308815239493e-07
5.52754878485697e-07
2.3052534691995e-06
7.47863436852788e-06
1.8870191429494e-05
3.70624043352618e-05
5.6788290673899e-05
6.83196175611184e-05
6.58429721330291e-05
5.41257071059073e-05
4.43304353004307e-05
4.31243671616753e-05
4.6970883375577e-05
4.69101688809149e-05
3.81868873718151e-05
2.42775761103323e-05
1.1882965002137e-05
0
0
0
0
0
1.26488530545926e-09
5.69198387456668e-09
2.46652634564556e-08
8.09526595493927e-08
2.08073632748049e-07
4.16779708148827e-07
6.57107916186086e-07
8.52532695879542e-07
1.05111968883665e-06
1.57478220529678e-06
2.8921602509326e-06
5.07724961611348e-06
7.2762527196544e-06
8.0914712990229e-06
6.88287338965657e-06
4.45808825909117e-06
2.19394356231909e-06
0
0
0
0
0
0
0
0
0
0
0
6.32442652729631e-10
1.26488530545926e-09
4.42709856910742e-09
1.26488530545926e-08
3.16221326364815e-08
6.07144946620446e-08
8.85419713821483e-08
9.9293496478552e-08
8.47473154657705e-08
5.50225107874779e-08
2.71950340673741e-08
0
0
0
0
0
0
0
0
0
0
0
0
0
0
0
0
0
0
0
0
0
0
0
0
0
0
0
0
0
0
0
0
0
0
0
0
0
0
0
0
0
0
0
0
0
0
0
0
0
0
0
0
0
0
0
0
0
0
0
0
0
0
0
0
0
0
0
0
0
0
0
0
0
0
0
0
0
0
0
0
0
0
0
0
0
0
0
0
0
0
0
0
0
0
0
0
0
0
0
0
0
0
0
0
0
0
0
0
0
0
0
0
0
0
0
0
0
0
0
0
0
0
0
0
0
0
0
0
0
0
0
0
0
0
0
0
0
0
0
0
0
0
0
0
0
0
0
0
0
0
0
0
0
0
0
0
0
0
0
0
0
0
0
0
0
0
0
0
0
0
0
0
0
0
0
0
0
0
0
0
0
0
0
0
0
0
0
0
0
0
0
0
0
0
0
0
0
0
0
0
0
0
0
0
0
0
0
0
0
0
0
0
0
0
0
0
0
0
0
0
0
0
0
0
0
0
0
0
0
0
0
0
0
0
0
0
0
0
0
0
0
0
0
0
0
0
0
0
0
0
0
0
0
0
0
0
0
0
0
0
0
0
0
0
0
0
0
0
0
0
0
0
0
0
0
0
0
0
0
0
0
0
0
0
0
0
3.20699020346141e-05
5.42003353389294e-05
7.06501687364271e-05
7.10890839374214e-05
5.52729580779588e-05
3.33183438311024e-05
1.57718548737715e-05
6.1321639608665e-06
2.25465805698113e-06
1.19405172835354e-06
1.67723791503898e-06
4.70157868039208e-06
1.50907141367817e-05
4.45935314439663e-05
0.000109765481922449
0.000213913608203354
0.00032251286587417
0.000372554258328749
0.000328516011533879
0.000220907791499891
0.000113318544745484
4.43924146803982e-05
0.000149454420594497
0.000252810096231532
0.000330567023056682
0.000336305175244898
0.000271531663637634
0.000184579653084448
0.000120491076870091
8.6325259884331e-05
6.51200901809592e-05
4.5401160711502e-05
2.95983161477467e-05
2.50421992774825e-05
3.81059347122657e-05
7.75349394540418e-05
0.000155324753297134
0.000270929578232236
0.000387247166036964
0.000438804523530136
0.0003877189682559
0.000265349536707202
0.00014069003031297
5.82669415959809e-05
8.23636391076325e-05
0.000140204314355674
0.00018746232669559
0.000205466071690844
0.000205693751045827
0.000219780146250074
0.00025685962653696
0.00028577996416098
0.00027259416729422
0.000223201661001341
0.000174114624509731
0.000153065035698931
0.000164664666392645
0.000206924484448039
0.000286539527786908
0.000409669155404187
0.000550851226100981
0.000642777398117886
0.00062769490573559
0.000519117783557619
0.000383272263964558
0.000266990092948383
1.20897737495796e-05
2.06834045148698e-05
2.81405358332049e-05
3.25790183700615e-05
3.71629627170458e-05
4.83458137026112e-05
7.01695123203525e-05
0.000105675475287247
0.000166018093669486
0.000266764943364011
0.000403370659025653
0.000540365326918724
0.000641464447170819
0.000709713231154832
0.000794964603414828
0.000953919577538629
0.00117285920750323
0.0013398139487414
0.00135165137787255
0.00123185788524841
0.00107084873738855
0.00089129004652412
1.46726695433274e-07
2.55506831702771e-07
3.67449181235915e-07
5.43268238694753e-07
1.14598608674609e-06
3.7756826367959e-06
1.41344608458545e-05
4.70891501516374e-05
0.000126807914085555
0.000267800251986529
0.000441489875033626
0.000574426790866784
0.000610357122853659
0.000580807504790173
0.000593138239190443
0.000727248336144413
0.000932854810104164
0.00105023426912282
0.000967379222074021
0.000734269714475018
0.000487543716562745
0.000306795401068533
0
0
6.32442652729631e-10
1.13839677491334e-08
9.23366272985261e-08
5.6477128888756e-07
2.68535150349001e-06
9.83068859402938e-06
2.76915015497669e-05
6.01857726043626e-05
0.00010144316905518
0.000133915937059583
0.000141906849976822
0.000129930915904734
0.000122519952900048
0.000140044306364533
0.000173942600108189
0.000191360070764363
0.000169058245501158
0.000117008215181509
6.37938579381851e-05
2.80804537811956e-05
0
0
0
0
1.89732795818889e-09
1.45461810127815e-08
7.65255609802853e-08
3.0799957187933e-07
9.67004816023605e-07
2.36596796386155e-06
4.52512718028051e-06
6.7810501225671e-06
8.00862131151532e-06
7.59120916071376e-06
6.11635289454826e-06
4.81352102992522e-06
4.32274553140703e-06
4.23610088798307e-06
3.80603988412692e-06
2.81247247668867e-06
1.64435089709704e-06
7.51974314095531e-07
0
0
0
0
0
0
6.32442652729631e-10
2.52977061091852e-09
8.2217544854852e-09
2.15030501928074e-08
4.36385430383445e-08
6.89362491475298e-08
8.60122007712298e-08
9.17041846457965e-08
9.99259391312817e-08
1.39137383600519e-07
2.16927829886263e-07
3.01042702699304e-07
3.32032392683056e-07
2.81436980464686e-07
1.82143483986134e-07
8.98068566876076e-08
0
0
0
0
0
0
0
0
0
0
0
0
0
0
6.32442652729631e-10
1.26488530545926e-09
2.52977061091852e-09
3.79465591637778e-09
3.79465591637778e-09
3.16221326364815e-09
2.52977061091852e-09
1.26488530545926e-09
0
0
0
0
0
0
0
0
0
0
0
0
0
0
0
0
0
0
0
0
0
0
0
0
0
0
0
0
0
0
0
0
0
0
0
0
0
0
0
0
0
0
0
0
0
0
0
0
0
0
0
0
0
0
0
0
0
0
0
0
0
0
0
0
0
0
0
0
0
0
0
0
0
0
0
0
0
0
0
0
0
0
0
0
0
0
0
0
0
0
0
0
0
0
0
0
0
0
0
0
0
0
0
0
0
0
0
0
0
0
0
0
0
0
0
0
0
0
0
0
0
0
0
0
0
0
0
0
0
0
0
0
0
0
0
0
0
0
0
0
0
0
0
0
0
0
0
0
0
0
0
0
0
0
0
0
0
0
0
0
0
0
0
0
0
0
0
0
0
0
0
0
0
0
0
0
0
0
0
0
0
0
0
0
0
0
0
0
0
0
0
0
0
0
0
0
0
0
0
0
0
0
0
0
0
0
0
0
0
0
0
0
0
0
0
0
0
0
0
0
0
0
0
0
0
0
0
0
0
0
0
0
0
0
0
0
0
0
0
0
0
0
0
0
0
0
0
0
0
0
0
0
0
0
0
0
0
0
0
0
0
0
0
0
0
0
0
0
0
0
0
0
0
0
0
0
0
0
0
0
0
0
0
0
0
0
4.47073711214576e-06
7.5557923721609e-06
9.84902943095854e-06
9.90911148296786e-06
7.70251906759417e-06
4.63833441511911e-06
2.18825157844452e-06
8.3988384282495e-07
2.92820948213819e-07
1.23958759935008e-07
1.32180514420493e-07
4.39547643647093e-07
1.75123370540835e-06
5.84313766856906e-06
1.52500896852696e-05
3.05552018813267e-05
4.67020952481669e-05
5.43363105092662e-05
4.8109912593143e-05
3.24360863305446e-05
1.66711883259531e-05
6.5419867998353e-06
2.08345583088722e-05
3.52390721674423e-05
4.60589010703408e-05
4.67919021048545e-05
3.76012454753875e-05
2.52028397112758e-05
1.59483063738831e-05
1.098236666465e-05
8.04909764129001e-06
5.44975833857123e-06
3.25454989094668e-06
2.27236645125756e-06
3.56507923343693e-06
9.2633875345309e-06
2.26781286415791e-05
4.49552886413276e-05
6.96622933128634e-05
8.34716786352149e-05
7.70979215810056e-05
5.49080386673338e-05
3.02358183416982e-05
1.29562201838192e-05
1.14788341470428e-05
1.95222398044582e-05
2.60231178318661e-05
2.82442564282526e-05
2.75801916428865e-05
2.83441823673839e-05
3.21293516439707e-05
3.53162301710753e-05
3.37174151449748e-05
2.79432137255533e-05
2.2315739001565e-05
2.03039389232321e-05
2.37779464146759e-05
3.67910864372408e-05
6.7770657338549e-05
0.000122746367369725
0.00019043038006485
0.000238172211034104
0.000236016214030949
0.000186690114216607
0.000121632635858268
6.90842407282685e-05
1.68419478421901e-06
2.87761406991982e-06
3.8952142981618e-06
4.44101230746747e-06
4.9026954439601e-06
6.15050479779566e-06
8.81372080844014e-06
1.34577472074338e-05
2.16782368076136e-05
3.54680164077304e-05
5.40586681847179e-05
7.33532286341935e-05
9.18983445401845e-05
0.000118896056499907
0.000174787543492235
0.000274752694067986
0.000398545754027979
0.000484380870856444
0.000478588328600094
0.00039102980554294
0.000279181057522399
0.000185950156312913
2.02381648873482e-08
3.54167885528593e-08
5.05954122183705e-08
7.20984624111779e-08
1.46094252780545e-07
4.73699546894493e-07
1.7651474437684e-06
5.82922393020901e-06
1.54733419416831e-05
3.20762264611414e-05
5.1812864324875e-05
6.66360552195521e-05
7.34436679335338e-05
8.34419538305366e-05
0.00011836859932753
0.000189134505069407
0.00027199397921678
0.000315474411591942
0.000286892430787132
0.000206426119637688
0.000122567386099002
6.50909978189336e-05
0
0
0
1.26488530545926e-09
1.13839677491334e-08
6.70389211893409e-08
3.14323998406626e-07
1.12385059390055e-06
3.07430373491874e-06
6.44522307396767e-06
1.04169629331097e-05
1.32243758685766e-05
1.40610974981379e-05
1.5080595054338e-05
2.05796839198222e-05
3.25916672231161e-05
4.64459559738114e-05
5.26869000709473e-05
4.59583426885568e-05
3.06273003437378e-05
1.56567503109747e-05
6.23651699856689e-06
0
0
0
0
0
1.26488530545926e-09
5.69198387456668e-09
2.08706075400778e-08
6.07144946620446e-08
1.39137383600519e-07
2.49182405175475e-07
3.52903000223134e-07
4.05395740399693e-07
4.06028183052423e-07
4.17412150801556e-07
4.98364810350949e-07
6.20426242327768e-07
6.73551425157057e-07
5.81214797858531e-07
3.86422460817804e-07
1.96689664998915e-07
7.65255609802853e-08
0
0
0
0
0
0
0
0
6.32442652729631e-10
6.32442652729631e-10
1.89732795818889e-09
2.52977061091852e-09
3.16221326364815e-09
3.16221326364815e-09
2.52977061091852e-09
2.52977061091852e-09
3.16221326364815e-09
3.79465591637778e-09
4.42709856910742e-09
3.79465591637778e-09
2.52977061091852e-09
1.26488530545926e-09
0
0
0
0
0
0
0
0
0
0
0
0
0
0
0
0
0
0
0
0
0
0
0
0
0
0
0
0
0
0
0
0
0
0
0
0
0
0
0
0
0
0
0
0
0
0
0
0
0
0
0
0
0
0
0
0
0
0
0
0
0
0
0
0
0
0
0
0
0
0
0
0
0
0
0
0
0
0
0
0
0
0
0
0
0
0
0
0
0
0
0
0
0
0
0
0
0
0
0
0
0
0
0
0
0
0
0
0
0
0
0
0
0
0
0
0
0
0
0
0
0
0
0
0
0
0
0
0
0
0
0
0
0
0
0
0
0
0
0
0
0
0
0
0
0
0
0
0
0
0
0
0
0
0
0
0
0
0
0
0
0
0
0
0
0
0
0
0
0
0
0
0
0
0
0
0
0
0
0
0
0
0
0
0
0
0
0
0
0
0
0
0
0
0
0
0
0
0
0
0
0
0
0
0
0
0
0
0
0
0
0
0
0
0
0
0
0
0
0
0
0
0
0
0
0
0
0
0
0
0
0
0
0
0
0
0
0
0
0
0
0
0
0
0
0
0
0
0
0
0
0
0
0
0
0
0
0
0
0
0
0
0
0
0
0
0
0
0
0
0
0
0
0
0
0
0
0
0
0
0
0
0
0
0
0
0
0
0
0
0
0
0
0
0
0
0
0
0
0
0
0
0
0
0
0
0
0
0
1.84040811944323e-07
3.11161785142978e-07
4.05395740399693e-07
4.07925511010612e-07
3.16853769017545e-07
1.90997681124348e-07
8.98068566876076e-08
3.41519032474001e-08
1.2016410401863e-08
4.42709856910742e-09
4.42709856910742e-09
1.58110663182408e-08
6.89362491475298e-08
2.3969576538453e-07
6.35604865993279e-07
1.28449102769388e-06
1.97322107651645e-06
2.30335614124132e-06
2.04595198158036e-06
1.38378452417243e-06
7.13395312279024e-07
2.81436980464686e-07
8.57592237101379e-07
1.45082344536177e-06
1.89606307288343e-06
1.92578787756173e-06
1.54505740061849e-06
1.0308815239493e-06
6.45723948436953e-07
4.38915200994364e-07
3.18751096975734e-07
2.13765616622615e-07
1.25856087893197e-07
9.29690699512557e-08
1.8846791051343e-07
5.89436552344016e-07
1.58173907447681e-06
3.31589682826145e-06
5.36121636718908e-06
6.67479975690852e-06
6.40411430154024e-06
4.74142256751404e-06
2.71254653755739e-06
1.20227348283903e-06
4.72434661589034e-07
8.03834611619361e-07
1.07009296841854e-06
1.15800249714795e-06
1.12195326594237e-06
1.13839677491334e-06
1.27690171586112e-06
1.39769826253248e-06
1.33508643991225e-06
1.11309906880415e-06
9.09452534625209e-07
9.12614747888857e-07
1.41414177150345e-06
3.16917013282818e-06
7.51594848503893e-06
1.53424263125681e-05
2.50162691287205e-05
3.18630932871715e-05
3.15487692887649e-05
2.43559989992708e-05
1.48301477638571e-05
7.3104046229018e-06
6.95686918002594e-08
1.18266776060441e-07
1.60007991140597e-07
1.81511041333404e-07
1.98586992957104e-07
2.46020191911826e-07
3.51005672264945e-07
5.38841140125645e-07
8.75933074030539e-07
1.44449901883448e-06
2.23189012148287e-06
3.18814341241007e-06
4.71802218936305e-06
8.42350369170595e-06
1.71208550520438e-05
3.25537206639523e-05
5.12480930359874e-05
6.38748105977345e-05
6.23873054785144e-05
4.80991610680466e-05
3.00309069222138e-05
1.59685445387704e-05
6.32442652729631e-10
1.26488530545926e-09
1.89732795818889e-09
3.16221326364815e-09
5.69198387456668e-09
1.89732795818889e-08
7.0201134452989e-08
2.31474010899045e-07
6.10939602536823e-07
1.26045820689015e-06
2.03962755505306e-06
2.72266562000106e-06
3.54167885528593e-06
5.79633691226707e-06
1.15724356596468e-05
2.16649555119062e-05
3.28674122197062e-05
3.87130796588862e-05
3.51113187515909e-05
2.4638700865041e-05
1.36177551985744e-05
6.18086204512668e-06
0
0
0
0
6.32442652729631e-10
2.52977061091852e-09
1.2016410401863e-08
4.36385430383445e-08
1.17634333407711e-07
2.43490421300908e-07
3.90217116734182e-07
5.06586564836434e-07
6.28647996813253e-07
9.91037636827331e-07
1.96246955142004e-06
3.65045899155543e-06
5.4491258959185e-06
6.24726852366329e-06
5.44596368265485e-06
3.60365823525344e-06
1.81321308537585e-06
6.97584245960783e-07
0
0
0
0
0
0
0
6.32442652729631e-10
1.89732795818889e-09
3.79465591637778e-09
6.32442652729631e-09
8.2217544854852e-09
1.01190824436741e-08
1.45461810127815e-08
2.59301487619149e-08
4.55358709965334e-08
6.70389211893409e-08
7.58931183275557e-08
6.57740358838816e-08
4.36385430383445e-08
2.15030501928074e-08
8.2217544854852e-09
0
0
0
0
0
0
0
0
0
0
0
0
0
0
0
0
0
0
0
0
0
0
0
0
0
0
0
0
0
0
0
0
0
0
0
0
0
0
0
0
0
0
0
0
0
0
0
0
0
0
0
0
0
0
0
0
0
0
0
0
0
0
0
0
0
0
0
0
0
0
0
0
0
0
0
0
0
0
0
0
0
0
0
0
0
0
0
0
0
0
0
0
0
0
0
0
0
0
0
0
0
0
0
0
0
0
0
0
0
0
0
0
0
0
0
0
0
0
0
0
0
0
0
0
0
0
0
0
0
0
0
0
0
0
0
0
0
0
0
0
0
0
0
0
0
0
0
0
0
0
0
0
0
0
0
0
0
0
0
0
0
0
0
0
0
0
0
0
0
0
0
0
0
0
0
0
0
0
0
0
0
0
0
0
0
0
0
0
0
0
0
0
0
0
0
0
0
0
0
0
0
0
0
0
0
0
0
0
0
0
0
0
0
0
0
0
0
0
0
0
0
0
0
0
0
0
0
0
0
0
0
0
0
0
0
0
0
0
0
0
0
0
0
0
0
0
0
0
0
0
0
0
0
0
0
0
0
0
0
0
0
0
0
0
0
0
0
0
0
0
0
0
0
0
0
0
0
0
0
0
0
0
0
0
0
0
0
0
0
0
0
0
0
0
0
0
0
0
0
0
0
0
0
0
0
0
0
0
0
0
0
0
0
0
0
0
0
0
0
0
0
0
0
0
0
0
0
0
0
0
1.89732795818889e-09
3.79465591637778e-09
5.05954122183705e-09
5.05954122183705e-09
3.79465591637778e-09
2.52977061091852e-09
1.26488530545926e-09
6.32442652729631e-10
0
0
0
0
6.32442652729631e-10
3.16221326364815e-09
7.58931183275557e-09
1.58110663182408e-08
2.46652634564556e-08
2.9092362025563e-08
2.59301487619149e-08
1.77083942764297e-08
8.85419713821483e-09
3.79465591637778e-09
1.01190824436741e-08
1.70759516237e-08
2.21354928455371e-08
2.27679354982667e-08
1.83408369291593e-08
1.2016410401863e-08
7.58931183275557e-09
5.05954122183705e-09
3.79465591637778e-09
2.52977061091852e-09
1.26488530545926e-09
1.89732795818889e-09
5.05954122183705e-09
1.70759516237e-08
4.74331989547223e-08
1.01823267089471e-07
1.67597302973352e-07
2.13765616622615e-07
2.09338518053508e-07
1.58743105835137e-07
9.29690699512557e-08
4.17412150801556e-08
5.69198387456668e-09
9.48663979094446e-09
1.26488530545926e-08
1.32812957073222e-08
1.32812957073222e-08
1.32812957073222e-08
1.45461810127815e-08
1.64435089709704e-08
1.58110663182408e-08
1.32812957073222e-08
1.13839677491334e-08
1.45461810127815e-08
3.6049231205589e-08
1.08147693616767e-07
2.87761406991982e-07
6.12204487842283e-07
1.01317312967287e-06
1.29713988074847e-06
1.28322614238842e-06
9.82183439689117e-07
5.83744568469449e-07
2.71950340673741e-07
6.32442652729631e-10
1.26488530545926e-09
1.89732795818889e-09
1.89732795818889e-09
2.52977061091852e-09
3.16221326364815e-09
3.79465591637778e-09
6.32442652729631e-09
1.01190824436741e-08
1.70759516237e-08
2.78274767201038e-08
4.6168313649263e-08
9.61312832149039e-08
2.48549962522745e-07
6.17896471716849e-07
1.27184217463929e-06
2.05923327728768e-06
2.58732289231692e-06
2.51712175786393e-06
1.901755056758e-06
1.12574792185874e-06
5.32516713598349e-07
0
0
0
0
0
0
6.32442652729631e-10
2.52977061091852e-09
6.95686918002594e-09
1.45461810127815e-08
2.46652634564556e-08
3.79465591637778e-08
7.08335771057186e-08
1.73921729500648e-07
4.21206806717934e-07
8.37986514866761e-07
1.29461011013755e-06
1.53304099021663e-06
1.389476508047e-06
9.67004816023605e-07
5.19867860543756e-07
2.19457600497182e-07
0
0
0
0
0
0
0
6.32442652729631e-10
1.26488530545926e-09
2.52977061091852e-09
4.42709856910742e-09
6.95686918002594e-09
1.26488530545926e-08
2.97248046782926e-08
7.14660197584483e-08
1.40402268905978e-07
2.12500731317156e-07
2.44755306606367e-07
2.13133173969886e-07
1.41034711558708e-07
7.08335771057186e-08
2.71950340673741e-08
0
0
0
0
0
0
0
0
0
0
0
0
0
6.32442652729631e-10
6.32442652729631e-10
1.89732795818889e-09
2.52977061091852e-09
3.16221326364815e-09
2.52977061091852e-09
1.89732795818889e-09
6.32442652729631e-10
6.32442652729631e-10
0
0
0
0
0
0
0
0
0
0
0
0
0
0
0
0
0
0
0
0
0
0
0
0
0
0
0
0
0
0
0
0
0
0
0
0
0
0
0
0
0
0
0
0
0
0
0
0
0
0
0
0
0
0
0
0
0
0
0
0
0
0
0
0
0
0
0
0
0
0
0
0
0
0
0
0
0
0
0
0
0
0
0
0
0
0
0
0
0
0
0
0
0
0
0
0
0
0
0
0
0
0
0
0
0
0
0
0
0
0
0
0
0
0
0
0
0
0
0
0
0
0
0
0
0
0
0
0
0
0
0
0
0
0
0
0
0
0
0
0
0
0
0
0
0
0
0
0
0
0
0
0
0
0
0
0
0
0
0
0
0
0
0
0
0
0
0
0
0
0
0
0
0
0
0
0
0
0
0
0
0
0
0
0
0
0
0
0
0
0
0
0
0
0
0
0
0
0
0
0
0
0
0
0
0
0
0
0
0
0
0
0
0
0
0
0
0
0
0
0
0
0
0
0
0
0
0
0
0
0
0
0
0
0
0
0
0
0
0
0
0
0
0
0
0
0
0
0
0
0
0
0
0
0
0
0
0
0
0
0
0
0
0
0
0
0
0
0
0
0
0
0
0
0
0
0
0
0
0
0
0
0
0
0
0
0
0
0
0
0
0
0
0
0
0
0
0
0
0
0
0
0
0
0
0
0
0
0
0
0
0
0
0
0
0
0
0
0
0
0
0
0
0
0
0
0
0
0
0
0
0
0
0
0
0
0
0
0
0
0
0
0
0
0
0
0
0
0
0
0
0
0
0
0
0
0
0
0
0
0
0
0
0
0
0
0
6.32442652729631e-10
1.26488530545926e-09
1.89732795818889e-09
2.52977061091852e-09
2.52977061091852e-09
1.89732795818889e-09
1.26488530545926e-09
6.32442652729631e-10
0
0
0
0
0
0
0
0
0
0
0
0
6.32442652729631e-10
1.26488530545926e-09
3.16221326364815e-09
6.95686918002594e-09
1.2016410401863e-08
1.51786236655111e-08
1.51786236655111e-08
1.13839677491334e-08
6.95686918002594e-09
3.16221326364815e-09
0
0
0
0
0
0
0
0
0
0
0
0
6.32442652729631e-10
2.52977061091852e-09
6.95686918002594e-09
1.45461810127815e-08
2.4032820803726e-08
3.03572473310223e-08
2.97248046782926e-08
2.21354928455371e-08
1.26488530545926e-08
5.69198387456668e-09
0
0
0
0
0
0
0
0
0
0
0
0
6.32442652729631e-10
1.89732795818889e-09
5.05954122183705e-09
9.48663979094446e-09
1.51786236655111e-08
1.77083942764297e-08
1.64435089709704e-08
1.13839677491334e-08
5.69198387456668e-09
2.52977061091852e-09
0
0
0
0
0
0
0
0
0
0
0
0
0
0
6.32442652729631e-10
1.89732795818889e-09
2.52977061091852e-09
2.52977061091852e-09
2.52977061091852e-09
1.89732795818889e-09
6.32442652729631e-10
0
0
0
0
0
0
0
0
0
0
0
0
0
0
0
0
0
0
0
0
0
0
0
0
0
0
0
0
0
0
0
0
0
0
0
0
0
0
0
0
0
0
0
0
0
0
0
0
0
0
0
0
0
0
0
0
0
0
0
0
0
0
0
0
0
0
0
0
0
0
0
0
0
0
0
0
0
0
0
0
0
0
0
0
0
0
0
0
0
0
0
0
0
0
0
0
0
0
0
0
0
0
0
0
0
0
0
0
0
0
0
0
0
0
0
0
0
0
0
0
0
0
0
0
0
0
0
0
0
0
0
0
0
0
0
0
0
0
0
0
0
0
0
0
0
0
0
0
0
0
0
0
0
0
0
0
0
0
0
0
0
0
0
0
0
0
0
0
0
0
0
0
0
0
0
0
0
0
0
0
0
0
0
0
0
0
0
0
0
0
0
0
0
0
0
0
0
0
0
0
0
0
0
0
0
0
0
0
0
0
0
0
0
0
0
0
0
0
0
0
0
0
0
0
0
0
0
0
0
0
0
0
0
0
0
0
0
0
0
0
0
0
0
0
0
0
0
0
0
0
0
0
0
0
0
0
0
0
0
0
0
0
0
0
0
0
0
0
0
0
0
0
0
0
0
0
0
0
0
0
0
0
0
0
0
0
0
0
0
0
0
0
0
0
0
0
0
0
0
0
0
0
0
0
0
0
0
0
0
0
0
0
0
0
0
0
0
0
0
0
0
0
0
0
0
0
0
0
0
0
0
0
0
0
0
0
0
0
0
0
0
0
0
0
0
0
0
0
0
0
0
0
0
0
0
0
0
0
0
0
0
0
0
0
0
0
0
0
0
0
0
0
0
0
0
0
0
0
0
0
0
0
0
0
0
0
0
0
0
0
0
0
0
0
0
0
0
0
0
0
0
0
0
0
0
0
0
0
0
0
0
0
0
0
0
0
0
0
0
0
0
0
0
0
0
0
0
0
0
0
0
0
0
0
0
0
0
0
0
0
0
0
0
0
0
0
0
0
0
0
0
0
0
0
0
0
0
0
0
0
0
0
0
0
0
0
0
0
0
0
0
0
0
0
0
0
0
0
0
0
0
0
0
0
0
0
0
0
0
0
0
0
0
0
0
0
0
0
0
0
0
0
0
0
0
0
0
0
0
0
0
0
0
0
0
0
0
0
0
0
0
0
0
0
0
0
0
0
0
0
0
0
0
0
0
0
0
0
0
0
0
0
0
0
0
0
0
0
0
0
0
0
0
0
0
0
0
0
0
0
0
0
0
0
0
0
0
0
0
0
0
0
0
0
0
0
0
0
0
0
0
0
0
0
0
0
0
0
0
0
0
0
0
0
0
0
0
0
0
0
0
0
0
0
0
0
0
0
0
0
0
0
0
0
0
0
0
0
0
0
0
0
0
0
0
0
0
0
0
0
0
0
0
0
0
0
0
0
0
0
0
0
0
0
0
0
0
0
0
0
0
0
0
0
0
0
0
0
0
0
0
0
0
0
0
0
0
0
0
0
0
0
0
0
0
0
0
0
0
0
0
0
0
0
0
0
0
0
0
0
0
0
0
0
0
0
0
0
0
0
0
0
0
0
0
0
0
0
0
0
0
0
0
0
0
0
0
0
0
0
0
0
0
0
0
0
0
0
0
0
0
0
0
0
0
0
0
0
0
0
0
0
0
0
0
0
0
0
0
0
0
0
0
0
0
0
0
0
0
0
0
0
0
0
0
0
0
0
0
0
0
0
0
0
0
0
0
0
0
0
0
0
0
0
0
0
0
0
0
0
0
0
0
0
0
0
0
0
0
0
0
0
0
0
0
0
0
0
0
0
0
0
0
0
0
0
0
0
0
0
0
0
0
0
0
0
0
0
0
0
0
0
0
0
0
0
0
0
0
0
0
0
0
0
0
0
0
0
0
0
0
0
0
0
0
0
0
0
0
0
0
0
0
0
0
0
0
0
0
0
0
0
0
0
0
0
0
0
0
0
0
0
0
0
0
0
0
0
0
0
0
0
0
0
0
0
0
0
0
0
0
0
0
0
0
0
0
0
0
0
0
0
0
0
0
0
0
0
0
0
0
0
0
0
0
0
0
0
0
0
0
0
0
0
0
0
0
0
0
0
0
0
0
0
0
0
0
0
0
0
0
0
0
0
0
0
0
0
0
0
0
0
0
0
0
0
0
0
0
0
0
0
0
0
0
0
0
0
0
0
0
0
0
0
0
0
0
0
0
0
0
0
0
0
0
0
0
0
0
0
0
0
0
0
0
0
0
0
0
0
0
0
0
0
0
0
0
0
0
0
0
0
0
0
0
0
0
0
0
0
0
0
0
0
0
0
0
0
0
0
0
0
0
0
0
0
0
0
0
0
0
0
0
0
0
0
0
0
0
0
0
0
0
0
0
0
0
0
0
0
0
0
0
0
0
0
0
0
0
0
0
0
0
0
0
0
0
0
0
0
0
0
0
0
0
0
0
0
0
0
0
0
0
0
0
0
0
0
0
0
0
0
0
0
0
0
0
0
0
0
0
0
0
0
0
0
0
0
0
0
0
0
0
0
0
0
0
0
0
0
0
0
0
0
0
0
0
0
0
0
0
0
0
0
0
0
0
0
0
0
0
0
0
0
0
0
0
0
0
0
0
0
0
0
0
0
0
0
0
0
0
0
0
0
0
0
0
0
0
0
0
0
0
0
0
0
0
0
0
0
0
0
0
0
0
0
0
0
0
0
0
0
0
0
0
0
0
0
0
0
0
0
0
0
0
0
0
0
0
0
0
0
0
0
0
0
0
0
0
0
0
0
0
0
0
0
0
0
0
0
0
0
0
0
0
0
0
0
0
0
0
0
0
0
0
0
0
0
0
0
0
0
0
0
0
0
0
0
0
0
0
0
0
0
0
0
0
0
0
0
0
0
0
0
0
0
0
0
0
0
0
0
0
0
0
0
0
0
0
0
0
0
0
0
0
0
0
0
0
0
0
0
0
0
0
0
0
0
0
0
0
0
0
0
0
0
0
0
0
0
0
0
0
0
0
0
0
0
0
0
0
0
0
0
0
0
0
0
0
0
0
0
0
0
0
0
0
0
0
0
0
0
0
0
0
0
0
0
0
0
0
0
0
0
0
0
0
0
0
0
0
0
0
0
0
0
0
0
0
0
0
0
0
0
0
0
0
0
0
0
0
0
0
0
0
0
0
0
0
0
0
0
0
0
0
0
0
0
0
0
0
0
0
0
0
0
0
0
0
0
0
0
0
0
0
0
0
0
0
0
0
0
0
0
0
0
0
0
0
0
0
0
0
0
0
0
0
0
0
0
0
0
0
0
0
0
0
0
0
0
0
0
0
0
0
0
0
0
0
0
0
0
0
0
0
0
0
0
0
0
0
0
0
0
0
0
0
0
0
0
0
0
0
0
0
0
0
0
0
0
0
0
0
0
0
0
0
0
0
0
0
0
0
0
0
0
0
0
0
0
0
0
0
0
0
0
0
0
0
0
0
0
0
0
0
0
0
0
0
0
0
0
0
0
0
0
0
0
0
0
0
0
0
0
0
0
0
0
0
0
0
0
0
0
0
0
0
0
0
0
0
0
0
0
0
0
0
0
0
0
0
0
0
0
0
0
0
0
0
0
0
0
0
0
0
0
0
0
0
0
0
0
0
0
0
0
0
0
0
0
0
0
0
0
0
0
0
0
0
0
0
0
0
0
0
0
0
0
0
0
0
0
0
0
0
0
0
0
0
0
0
0
0
0
0
0
0
0
0
0
0
0
0
0
0
0
0
0
0
0
0
0
0
0
0
0
0
0
0
0
0
0
0
0
0
0
0
0
0
0
0
0
0
0
0
0
0
0
0
0
0
0
0
0
0
0
0
0
0
0
0
0
0
0
0
0
0
0
0
0
0
0
0
0
0
0
0
0
0
0
0
0
0
0
0
0
0
0
0
0
0
0
0
0
0
0
0
0
0
0
0
0
0
0
0
0
0
0
0
0
0
0
0
0
0
0
0
0
0
0
0
0
0
0
0
0
0
0
0
0
0
0
0
0
0
0
0
0
0
0
0
0
0
0
0
0
0
0
0
0
0
0
0
0
0
0
0
0
0
0
0
0
0
0
0
0
0
0
0
0
0
0
0
0
0
0
0
0
0
0
0
0
0
0
0
0
0
0
0
0
0
0
0
0
0
0
0
0
0
0
0
0
0
0
0
0
0
0
0
0
0
0
0
0
0
0
0
0
0
0
0
0
0
0
0
0
0
0
0
0
0
0
0
0
0
0
0
0
0
0
0
0
0
0
0
0
0
0
0
0
0
0
0
0
0
0
0
0
0
0
0
0
0
0
0
0
0
0
0
0
0
0
0
0
0
0
0
0
0
0
0
0
0
0
0
0
0
0
0
0
0
0
0
0
0
0
0
0
0
0
0
0
0
0
0
0
0
0
0
0
0
0
0
0
0
0
0
0
0
0
0
0
0
0
0
0
0
0
0
0
0
0
0
0
0
0
0
0
0
0
0
0
0
0
0
0
0
0
0
0
0
0
0
0
0
0
0
0
0
0
0
0
0
0
0
0
0
0
0
0
0
0
0
0
0
0
0
0
0
0
0
0
0
0
0
0
0
0
0
0
0
0
0
0
0
0
0
0
0
0
0
0
0
0
0
0
0
0
0
0
0
0
0
0
0
0
0
0
0
0
0
0
0
0
0
0
0
0
0
0
0
0
0
0
0
0
0
0
0
0
0
0
0
0
0
0
0
0
0
0
0
0
0
0
0
0
0
0
0
0
0
0
0
0
0
0
0
0
0
0
0
0
0
0
0
0
0
0
0
0
0
0
0
0
0
0
0
0
0
0
0
0
0
0
0
0
0
0
0
0
0
0
0
0
0
0
0
0
0
0
0
0
0
0
0
0
0
0
0
0
0
0
0
0
0
0
0
0
0
0
0
0
0
0
0
0
0
0
0
0
0
0
0
0
0
0
0
0
0
0
0
0
0
0
0
0
0
0
0
0
0
0
0
0
0
0
0
0
0
0
0
0
0
0
0
0
0
0
0
0
0
0
0
0
0
0
0
0
0
0
0
0
0
0
0
0
0
0
0
0
0
0
0
0
0
0
0
0
0
0
0
0
0
0
0
0
0
0
0
0
0
0
0
0
0
0
0
0
0
0
0
0
0
0
0
0
0
0
0
0
0
0
0
0
0
0
0
0
0
0
0
0
0
0
0
0
0
0
0
0
0
0
0
0
0
0
0
0
0
0
0
0
0
0
0
0
0
0
0
0
0
0
0
0
0
0
0
0
0
0
0
0
0
0
0
0
0
0
0
0
0
0
0
0
0
0
0
0
0
0
0
0
0
0
0
0
0
0
0
0
0
0
0
0
0
0
0
0
0
0
0
0
0
0
0
0
0
0
0
0
0
0
0
0
0
0
0
0
0
0
0
0
0
0
0
0
0
0
0
0
0
0
0
0
0
0
0
0
0
0
0
0
0
0
0
0
0
0
0
0
0
0
0
0
0
0
0
0
0
0
0
0
0
0
0
0
0
0
0
0
0
0
0
0
0
0
0
0
0
0
0
0
0
0
0
0
0
0
0
0
0
0
0
0
0
0
0
0
0
0
0
0
0
0
0
0
0
0
0
0
0
0
0
0
0
0
0
0
0
0
0
0
0
0
0
0
0
0
0
0
0
0
0
0
0
0
0
0
0
0
0
0
0
0
0
0
0
0
0
0
0
0
0
0
0
0
0
0
0
0
0
0
0
0
0
0
0
0
0
0
0
0
0
0
0
0
0
0
0
0
0
0
0
0
0
0
0
0
0
0
0
0
0
0
0
0
0
0
0
0
0
0
0
0
0
0
0
0
0
0
0
0
0
0
0
0
0
0
0
0
0
0
0
0
0
0
0
0
0
0
0
0
0
0
0
0
0
0
0
0
0
0
0
0
0
0
0
0
0
0
0
0
0
0
0
0
0
0
0
0
0
0
0
0
0
0
0
0
0
0
0
0
0
0
0
0
0
0
0
0
0
0
0
0
0
0
0
0
0
0
0
0
0
0
0
0
0
0
0
0
0
0
0
0
0
0
0
0
0
0
0
0
0
0
0
0
0
0
0
0
0
0
0
0
0
0
0
0
0
0
0
0
0
0
0
0
0
0
0
0
0
0
0
0
0
0
0
0
0
0
0
0
0
0
0
0
0
0
0
0
0
0
0
0
0
0
0
0
0
0
0
0
0
0
0
0
0
0
0
0
0
0
0
0
0
0
0
0
0
0
0
0
0
0
0
0
0
0
0
0
0
0
0
0
0
0
0
0
0
0
0
0
0
0
0
0
0
0
0
0
0
0
0
0
0
0
0
0
0
0
0
0
0
0
0
0
0
0
0
0
0
0
0
0
0
0
0
0
0
0
0
0
0
0
0
0
0
0
0
0
0
0
0
0
0
0
0
0
0
0
0
0
0
0
0
0
0
0
0
0
0
0
0
0
0
0
0
0
0
0
0
0
0
0
0
0
0
0
0
0
0
0
0
0
0
0
0
0
0
0
0
0
0
0
0
0
0
0
0
0
0
0
0
0
0
0
0
0
0
0
0
0
0
0
0
0
0
0
0
0
0
0
0
0
0
0
0
0
0
0
0
0
0
0
0
0
0
0
0
0
0
0
0
0
0
0
0
0
0
0
0
0
0
0
0
0
0
0
0
0
0
0
0
0
0
0
0
0
0
0
0
0
0
0
0
0
0
0
0
0
0
0
0
0
0
0
0
0
0
0
0
0
0
0
0
0
0
0
0
0
0
0
0
0
0
0
0
0
0
0
0
0
0
0
0
0
0
0
0
0
0
0
0
0
0
0
0
0
0
0
0
0
0
0
0
0
0
0
0
0
0
0
0
0
0
0
0
0
0
0
0
0
0
0
0
0
0
0
0
0
0
0
0
0
0
0
0
0
0
0
0
0
0
0
0
0
0
0
0
0
0
0
0
0
0
0
0
0
0
0
0
0
0
0
0
0
0
0
0
0
0
0
0
0
0
0
0
0
0
0
0
0
0
0
0
0
0
0
0
0
0
0
0
0
0
0
0
0
0
0
0
0
0
0
0
0
0
0
0
0
0
0
0
0
0
0
0
0
0
0
0
0
0
0
0
0
0
0
0
0
0
0
0
0
0
0
0
0
0
0
0
0
0
0
0
0
0
0
0
0
0
0
0
0
0
0
0
0
0
0
0
0
0
0
0
0
0
0
0
0
0
0
0
0
0
0
0
0
0
0
0
0
0
0
0
0
0
0
0
0
0
0
0
0
0
0
0
0
0
0
0
0
0
0
0
0
0
0
0
0
0
0
0
0
0
0
0
0
0
0
0
0
0
0
0
0
0
0
0
0
0
0
0
0
0
0
0
0
0
0
0
0
0
0
0
0
0
0
0
0
0
0
0
0
0
0
0
0
0
0
0
0
0
0
0
0
0
0
0
0
0
0
0
0
0
0
0
0
0
0
0
0
0
0
0
0
0
0
0
0
0
0
0
0
0
0
0
0
0
0
0
0
0
0
0
0
0
0
0
0
0
0
0
0
0
0
0
0
0
0
0
0
0
0
0
0
0
0
0
0
0
0
0
0
0
0
0
0
0
0
0
0
0
0
0
0
0
0
0
0
0
0
0
0
0
0
0
0
0
0
0
0
0
0
0
0
0
0
0
0
0
0
0
0
0
0
0
0
0
0
0
0
0
0
0
0
0
0
0
0
0
0
0
0
0
0
0
0
0
0
0
0
0
0
0
0
0
0
0
0
0
0
0
0
0
0
0
0
0
0
0
0
0
0
0
0
0
0
0
0
0
0
0
0
0
0
0
0
0
0
0
0
0
0
0
0
0
0
0
0
0
0
0
0
0
0
0
0
0
0
0
0
0
0
0
0
0
0
0
0
0
0
0
0
0
0
0
0
0
0
0
0
0
0
0
0
0
0
0
0
0
0
0
0
0
0
0
0
0
0
0
0
0
0
0
0
0
0
0
0
0
0
0
0
0
0
0
0
0
0
0
0
0
0
0
0
0
0
0
0
0
0
0
0
0
0
0
0
0
0
0
0
0
0
0
0
0
0
0
0
0
0
0
0
0
0
0
0
0
0
0
0
0
0
0
0
0
0
0
0
0
0
0
0
0
0
0
0
0
0
0
0
0
0
0
0
0
0
0
0
0
0
0
0
0
0
0
0
0
0
0
0
0
0
0
0
0
0
0
0
0
0
0
0
0
0
0
0
0
0
0
0
0
0
0
0
0
0
0
0
0
0
0
0
0
0
0
0
0
0
0
0
0
0
0
0
0
0
0
0
0
0
0
0
0
0
0
0
0
0
0
0
0
0
0
0
0
0
0
0
0
0
0
0
0
0
0
0
0
0
0
0
0
0
0
0
0
0
0
0
0
0
0
0
0
0
0
0
0
0
0
0
0
0
0
0
0
0
0
0
0
0
0
0
0
0
0
0
0
0
0
0
0
0
0
0
0
0
0
0
0
0
0
0
0
0
0
0
0
0
0
0
0
0
0
0
0
0
0
0
0
0
0
0
0
0
0
0
0
0
0
0
0
0
0
0
0
0
0
0
0
0
0
0
0
0
0
0
0
0
0
0
0
0
0
0
0
0
0
0
0
0
0
0
0
0
0
0
0
0
0
0
0
0
0
0
0
0
0
0
0
0
0
0
0
0
0
0
0
0
0
0
0
0
0
0
0
0
0
0
0
0
0
0
0
0
0
0
0
0
0
0
0
0
0
0
0
0
0
0
0
0
0
0
0
0
0
0
0
0
0
0
0
0
0
0
0
0
0
0
0
0
0
0
0
0
0
0
0
0
0
0
0
0
0
0
0
0
0
0
0
0
0
0
0
0
0
0
0
0
0
0
0
0
0
0
0
0
0
0
0
0
0
0
0
0
0
0
0
0
0
0
0
0
0
0
0
0
0
0
0
0
0
0
0
0
0
0
0
0
0
0
0
0
0
0
0
0
0
0
0
0
0
0
0
0
0
0
0
0
0
0
0
0
0
0
0
0
0
0
0
0
0
0
0
0
0
0
0
0
0
0
0
0
0
0
0
0
0
0
0
0
0
0
0
0
0
0
0
0
0
0
0
0
0
0
0
0
0
0
0
0
0
0
0
0
0
0
0
0
0
0
0
0
0
0
0
0
0
0
0
0
0
0
0
0
0
0
0
0
0
0
0
0
0
0
0
0
0
0
0
0
0
0
0
0
0
0
0
0
0
0
0
0
0
0
0
0
0
0
0
0
0
0
0
0
0
0
0
0
0
0
0
0
0
0
0
0
0
0
0
0
0
0
0
0
0
0
0
0
0
0
0
0
0
0
0
0
0
0
0
0
0
0
0
0
0
0
0
0
0
0
0
0
0
0
0
0
0
0
0
0
0
0
0
0
0
0
0
0
0
0
0
0
0
0
0
0
0
0
0
0
0
0
0
0
0
0
0
0
0
0
0
0
0
0
0
0
0
0
0
0
0
0
0
0
0
0
0
0
0
0
0
0
0
0
