0
0
0
0
0
0
0
0
0
0
0
0
0
0
0
0
0
0
0
0
0
0
0
0
0
0
0
0
0
0
0
0
0
0
0
0
0
0
0
0
0
0
0
0
0
0
0
0
0
0
0
0
0
0
0
0
0
0
0
0
0
0
0
0
0
0
0
0
0
0
0
0
0
0
0
0
0
0
0
0
0
0
0
0
0
0
0
0
0
0
0
0
0
0
0
0
0
0
0
0
0
0
0
0
0
0
0
0
0
0
0
0
0
0
0
0
0
0
0
0
0
0
0
0
0
0
0
0
0
0
0
0
0
0
0
0
0
0
0
0
0
0
0
0
0
0
0
0
0
0
0
0
0
0
0
0
0
0
0
0
0
0
0
0
0
0
0
0
0
0
0
0
0
0
0
0
0
0
0
0
0
0
0
0
0
0
0
0
0
0
0
0
0
0
0
0
0
0
0
0
0
0
0
0
0
0
0
0
0
0
0
0
0
0
0
0
0
0
0
0
0
0
0
0
0
0
0
0
0
0
0
0
0
0
0
0
0
0
0
0
0
0
0
0
0
0
0
0
0
0
0
0
0
0
0
0
0
0
0
0
0
0
0
0
0
0
0
0
0
0
0
0
0
0
0
0
0
0
0
0
0
0
0
0
0
0
0
0
0
0
0
0
0
0
0
0
0
0
0
0
0
0
0
0
0
0
0
0
0
0
0
0
0
0
0
0
0
0
0
0
0
0
0
0
0
0
0
0
0
0
0
0
0
0
0
0
0
0
0
0
0
0
0
0
0
0
0
0
0
0
0
0
0
0
0
0
0
0
0
0
0
0
0
0
0
0
0
0
0
0
0
0
0
0
0
0
0
0
0
0
0
0
0
0
2.63856172112456e-10
0
0
0
0
0
0
0
0
0
0
0
0
0
0
0
5.27712344224913e-10
2.11084937689965e-09
2.90241789323702e-09
1.8469932047872e-09
5.27712344224913e-10
0
0
0
0
0
0
0
0
0
0
0
0
5.27712344224913e-10
4.74941109802422e-09
1.58313703267474e-08
2.34831993180086e-08
1.47759456382976e-08
3.69398640957439e-09
5.27712344224913e-10
0
0
0
0
0
0
0
0
0
0
0
1.31928086056228e-09
1.00265345402733e-08
3.40374462025069e-08
5.03965288734792e-08
3.16627406534948e-08
8.17954133548615e-09
7.91568516337369e-10
0
0
0
0
0
0
0
0
0
0
0
7.91568516337369e-10
6.59640430281141e-09
2.21639184574463e-08
3.29820215140571e-08
2.05807814247716e-08
5.27712344224913e-09
5.27712344224913e-10
0
0
0
0
0
0
0
0
0
0
0
2.63856172112456e-10
1.58313703267474e-09
5.27712344224913e-09
7.91568516337369e-09
5.01326727013667e-09
1.31928086056228e-09
2.63856172112456e-10
0
0
0
0
0
0
0
0
0
0
0
0
2.63856172112456e-10
5.27712344224913e-10
7.91568516337369e-10
5.27712344224913e-10
2.63856172112456e-10
0
0
0
0
0
0
0
0
0
0
0
0
0
0
0
0
0
0
0
0
0
0
0
0
0
0
0
0
0
0
0
0
0
0
0
0
0
0
0
0
0
0
0
0
0
0
0
0
0
0
0
0
0
0
0
0
0
0
0
0
0
0
0
0
0
0
0
0
0
0
0
0
0
0
0
0
0
0
0
0
0
0
0
0
0
0
0
0
0
0
0
0
0
0
0
0
0
0
0
0
0
0
0
0
0
0
0
0
0
0
0
0
0
0
0
0
0
0
0
0
0
0
0
0
0
0
0
0
0
0
0
0
0
0
0
0
0
0
0
0
0
0
0
0
0
0
0
0
0
0
0
0
0
0
0
0
0
0
0
0
0
0
0
0
0
0
0
0
0
0
0
0
0
0
2.63856172112456e-10
1.31928086056228e-09
2.37470554901211e-09
2.11084937689965e-09
1.05542468844983e-09
2.63856172112456e-10
0
0
0
0
0
0
0
0
0
0
0
2.63856172112456e-10
2.63856172112457e-09
1.08181030566107e-08
2.00530690805467e-08
1.7942219703647e-08
7.91568516337369e-09
1.8469932047872e-09
2.63856172112456e-10
0
0
0
0
0
0
0
0
0
0
5.27712344224913e-10
6.33254813069896e-09
2.74410418996955e-08
5.4882083799391e-08
5.38266591109411e-08
2.63856172112457e-08
6.33254813069896e-09
7.91568516337369e-10
2.63856172112456e-10
0
0
0
0
0
0
2.37470554901211e-09
2.11084937689965e-09
1.05542468844983e-09
1.31928086056228e-09
1.55675141546349e-08
9.73629275094964e-08
2.98949043003413e-07
4.21114450691481e-07
2.59106761014432e-07
6.91303170934636e-08
9.23496602393598e-09
1.05542468844983e-09
2.63856172112456e-10
0
0
0
0
0
1.95253567363218e-08
1.74145073594221e-08
7.91568516337369e-09
7.65182899126124e-09
8.73363929692231e-08
6.29560826660321e-07
2.11797349354669e-06
3.12986191359796e-06
1.96203449582823e-06
5.1768580968464e-07
6.12146319300899e-08
4.74941109802422e-09
5.27712344224913e-10
0
0
0
0
0
4.90772480129169e-08
4.38001245706678e-08
1.97892129084342e-08
1.66229388430848e-08
1.8469932047872e-07
1.34197249136395e-06
4.53410446158045e-06
6.71329258705723e-06
4.20876980136579e-06
1.10450193646274e-06
1.25595537925529e-07
8.17954133548615e-09
5.27712344224913e-10
0
0
0
0
0
4.51194054312301e-08
4.03699943332058e-08
1.82060758757595e-08
1.18735277450605e-08
1.21109982999618e-07
8.77057916101805e-07
2.96073010727387e-06
4.38133173792734e-06
2.745159614658e-06
7.18744212834331e-07
8.07399886664117e-08
5.01326727013667e-09
5.27712344224913e-10
0
0
0
0
0
1.60952264988598e-08
1.42482332940727e-08
6.33254813069896e-09
3.69398640957439e-09
3.3509733858282e-08
2.27971732705162e-07
7.42491268324453e-07
1.07864403159572e-06
6.70722389509864e-07
1.77047491487458e-07
2.34831993180086e-08
4.48555492591176e-09
1.31928086056228e-09
2.63856172112456e-10
0
0
0
0
1.8469932047872e-09
1.58313703267474e-09
7.91568516337369e-10
1.31928086056228e-09
1.24012400892855e-08
5.69929331762906e-08
1.25859394097642e-07
1.38788346531152e-07
7.59905775683875e-08
2.82326104160328e-08
1.97892129084342e-08
1.39843771219602e-08
5.01326727013667e-09
1.05542468844983e-09
0
0
0
0
0
0
0
7.91568516337369e-10
7.91568516337369e-09
3.03434597929325e-08
4.96049603571418e-08
3.53567270630692e-08
1.53036579825225e-08
1.7942219703647e-08
2.74410418996955e-08
2.08446375968841e-08
7.65182899126124e-09
1.31928086056228e-09
0
0
0
0
0
0
0
2.63856172112456e-10
2.37470554901211e-09
9.23496602393598e-09
1.503980181041e-08
1.02903907123858e-08
4.74941109802422e-09
7.91568516337369e-09
1.26650962613979e-08
9.76267836816089e-09
3.69398640957439e-09
5.27712344224913e-10
0
0
0
0
0
0
0
0
2.63856172112456e-10
1.05542468844983e-09
1.58313703267474e-09
1.05542468844983e-09
5.27712344224913e-10
1.05542468844983e-09
1.58313703267474e-09
1.31928086056228e-09
5.27712344224913e-10
0
0
0
0
0
0
0
0
0
0
0
0
0
0
0
0
0
0
0
0
0
0
0
0
0
0
0
0
0
0
0
0
0
0
0
0
0
0
0
0
0
0
0
0
0
0
0
0
0
0
0
0
0
0
0
0
0
0
0
0
0
0
0
0
0
0
0
0
0
0
0
0
0
0
0
0
0
0
0
0
0
0
0
0
0
0
0
0
0
0
0
0
0
0
0
0
0
0
2.63856172112456e-10
1.31928086056228e-09
5.54097961436159e-09
1.02903907123858e-08
9.23496602393598e-09
4.2216987537993e-09
1.05542468844983e-09
2.63856172112456e-10
0
0
0
0
0
0
0
0
0
2.63856172112456e-10
4.2216987537993e-09
4.16892751937681e-08
1.72298080389434e-07
3.2111296146086e-07
2.88130939946803e-07
1.30872661367778e-07
3.24543091698321e-08
6.59640430281141e-09
1.8469932047872e-09
2.63856172112456e-10
0
0
0
0
0
0
0
1.58313703267474e-09
3.56205832351816e-08
3.43276879918306e-07
1.42033777448135e-06
2.64911596800906e-06
2.37760796690535e-06
1.08101873714473e-06
2.67550158522031e-07
5.46182276272785e-08
1.45120894661851e-08
2.90241789323702e-09
2.63856172112456e-10
0
0
0
0
9.76267836816089e-09
8.70725367971107e-09
7.38797281914878e-09
8.46978312480985e-08
8.09510736041017e-07
3.36891560553184e-06
6.35787832322175e-06
5.80852977288362e-06
2.70320648329212e-06
6.98691143753785e-07
1.53300435997337e-07
4.11615628495432e-08
7.91568516337369e-09
7.91568516337369e-10
0
0
0
0
3.07128584338899e-07
2.7388270665273e-07
1.24540113237079e-07
1.06597893533432e-07
8.50936155062672e-07
4.15995640952499e-06
1.00486984587308e-05
1.2050575236548e-05
6.97794032768602e-06
2.09528186274502e-06
4.99743589980993e-07
1.27706387302429e-07
2.24277746295588e-08
2.11084937689965e-09
0
0
0
0
2.59449774038178e-06
2.31190778004934e-06
1.02824750272224e-06
3.52775702114354e-07
1.88393306888294e-06
1.29371319748459e-05
4.24884955390968e-05
6.21887889175291e-05
3.93346227138366e-05
1.12489801856704e-05
1.99633579820285e-06
3.83383018079399e-07
6.22700566185397e-08
5.54097961436159e-09
2.63856172112456e-10
0
0
0
6.52912097892274e-06
5.81776473890755e-06
2.58447120584151e-06
7.96581783607506e-07
3.65361641524119e-06
2.61523683550982e-05
8.82741378049108e-05
0.000130846803462911
8.27344774714098e-05
2.28465143747013e-05
3.44569775161657e-06
5.22171364610551e-07
7.88929954616245e-08
6.86026047492387e-09
2.63856172112456e-10
0
0
0
5.99982549766515e-06
5.34625375934259e-06
2.37312241197943e-06
6.72833238886764e-07
2.45201540744106e-06
1.72743997320304e-05
5.79486202316819e-05
8.56173700079105e-05
5.39451305322196e-05
1.46725140188295e-05
2.07206251959912e-06
2.95255056593839e-07
5.06603850455916e-08
5.80483578647404e-09
2.63856172112456e-10
0
0
0
2.12773617191485e-06
1.89607045280011e-06
8.43548182243523e-07
2.77576693062304e-07
1.13616467711624e-06
6.25259971054888e-06
1.73654301114092e-05
2.30444065037856e-05
1.38656418445096e-05
3.98501976741443e-06
1.07151991494869e-06
5.11089405381828e-07
1.75464354454784e-07
3.13988844813823e-08
2.63856172112457e-09
0
0
0
2.4169225365501e-07
2.15306636443765e-07
1.01584626263296e-07
1.62535402021273e-07
1.34461105308508e-06
5.34071277972823e-06
9.21755151657656e-06
7.32227263229278e-06
3.19028497701171e-06
2.01401416173438e-06
2.51164690233847e-06
1.87601738371957e-06
6.87609184525062e-07
1.25595537925529e-07
1.10819592287232e-08
5.27712344224913e-10
0
0
7.38797281914878e-09
6.86026047492387e-09
7.91568516337369e-09
1.11347304631457e-07
1.03246920147604e-06
3.97182695880881e-06
6.36500243986879e-06
4.38634500519748e-06
1.85438117760634e-06
2.35861032251325e-06
3.69583340277918e-06
2.82246947308695e-06
1.03985717429519e-06
1.90504156265194e-07
1.68867950151972e-08
7.91568516337369e-10
0
0
0
0
1.58313703267474e-09
3.45651585467318e-08
3.22959954665647e-07
1.24144328978911e-06
1.98340684576934e-06
1.36519183450985e-06
6.49350039568756e-07
1.05463311993349e-06
1.70266387864168e-06
1.30397720257976e-06
4.81009801761008e-07
8.81279614855605e-08
7.91568516337369e-09
2.63856172112456e-10
0
0
0
0
2.63856172112456e-10
3.69398640957439e-09
3.48290147188443e-08
1.33511223088903e-07
2.13195787066865e-07
1.47231744038751e-07
7.38797281914878e-08
1.29817236679329e-07
2.11084937689965e-07
1.61743833504936e-07
5.96314948974152e-08
1.10819592287232e-08
1.05542468844983e-09
0
0
0
0
0
0
0
1.05542468844983e-09
3.95784258168685e-09
6.59640430281141e-09
4.48555492591176e-09
2.37470554901211e-09
4.2216987537993e-09
6.59640430281141e-09
5.27712344224913e-09
1.8469932047872e-09
2.63856172112456e-10
0
0
0
0
0
0
0
0
0
0
0
0
0
0
0
0
0
0
0
0
0
0
0
0
0
0
0
0
0
0
0
0
0
0
0
0
0
0
0
0
0
0
0
0
0
0
0
0
0
0
0
0
0
0
0
0
0
0
0
0
0
0
0
0
0
0
0
0
0
0
0
0
0
0
0
0
0
0
0
2.63856172112457e-09
2.53301925227958e-08
1.05014756500758e-07
1.9762827291223e-07
1.82060758757595e-07
9.39327972720345e-08
3.90507134726436e-08
1.97892129084342e-08
8.44339750759861e-09
2.11084937689965e-09
2.63856172112456e-10
0
0
0
0
0
0
3.69398640957439e-09
8.31146942154238e-08
8.00275770017081e-07
3.31878293283048e-06
6.23835147725481e-06
5.75206455205155e-06
2.9528144221105e-06
1.20001787076745e-06
5.80483578647404e-07
2.32721143803187e-07
5.51459399715034e-08
9.23496602393598e-09
1.8469932047872e-09
5.27712344224913e-10
2.63856172112456e-10
0
1.58313703267474e-09
1.8469932047872e-09
3.03434597929325e-08
6.85234478976049e-07
6.59877900836042e-06
2.73713838702578e-05
5.14786030353124e-05
4.75376472486407e-05
2.4441261078949e-05
9.83893280190139e-06
4.65178431434261e-06
1.83248111532101e-06
4.2744699882218e-07
6.9921885609801e-08
1.34566647777353e-08
2.90241789323702e-09
5.27712344224913e-10
0
1.84171608134495e-07
1.65173963742398e-07
1.42482332940727e-07
1.61954918442626e-06
1.54619716857899e-05
6.42352573884333e-05
0.000121294154607752
0.00011301645877624
5.89926991047309e-05
2.36927011186659e-05
1.07049087587745e-05
4.06285733818761e-06
9.29565294352184e-07
1.5145344279255e-07
2.87603227602578e-08
5.54097961436159e-09
1.05542468844983e-09
2.63856172112456e-10
5.84942747956105e-06
5.21327024859792e-06
2.36626215150451e-06
1.83037026594411e-06
1.31213035829804e-05
5.64778859283271e-05
0.000114714900956128
0.000118882245338472
7.02976167988891e-05
3.13790952684739e-05
1.39149829486946e-05
4.76708946155575e-06
9.71782281890177e-07
1.33247366916791e-07
2.16362061132214e-08
3.69398640957439e-09
5.27712344224913e-10
0
4.93946669879682e-05
4.40143757824231e-05
1.95264121610102e-05
5.01748896889047e-06
1.00745563635978e-05
5.7207448244218e-05
0.000169545005089613
0.000240216242228213
0.000164756279421944
6.99369254116114e-05
2.74629419619808e-05
8.58799068991623e-06
1.55147429202124e-06
1.4934259341565e-07
1.05542468844983e-08
1.05542468844983e-09
0
0
0.000124305017387727
0.00011076444634726
4.90922878147273e-05
1.15107255084059e-05
1.39656433337402e-05
9.03211339881592e-05
0.000301853307889855
0.000452499350795741
0.000305947300256352
0.000113280578804525
3.65778534276056e-05
1.05663842684154e-05
1.85781130784381e-06
1.65173963742398e-07
7.12411664703633e-09
2.63856172112456e-10
0
0
0.000114229669455613
0.000101786740091134
4.51093788966898e-05
1.04428995798668e-05
1.05027949309363e-05
6.34895998460435e-05
0.000205824437186559
0.000304611924169291
0.000204298820799405
7.25863052357926e-05
2.15797408923894e-05
6.32806257577304e-06
1.26519034527923e-06
1.41954620596502e-07
8.44339750759861e-09
2.63856172112456e-10
0
0
4.05085188235649e-05
3.60971074820167e-05
1.60445661138143e-05
4.73278815918113e-06
1.29701139963599e-05
5.53198211889255e-05
0.000115537604500775
0.000123301572365184
7.28773385936326e-05
3.36727969726475e-05
2.16348868323609e-05
1.24819800779519e-05
4.07050916717887e-06
6.89720033901961e-07
5.83122140368529e-08
2.37470554901211e-09
0
0
4.59927693609223e-06
4.10058877079969e-06
1.93353802924008e-06
3.05096891813633e-06
2.48399477550109e-05
9.60003742367077e-05
0.000156520272865626
0.000112868963176029
4.85577152100275e-05
4.31705637440075e-05
5.70797418569156e-05
4.1264202900495e-05
1.47210635544982e-05
2.63407616619865e-06
2.2981872590995e-07
9.23496602393598e-09
2.63856172112456e-10
0
1.43010045284951e-07
1.29025668162991e-07
1.49606449587763e-07
2.12061205526781e-06
1.96348570477484e-05
7.54631290803347e-05
0.000120732140961152
8.33107393513034e-05
3.71604478556299e-05
5.05638136865985e-05
7.81243824322609e-05
5.89591893708726e-05
2.15396347542283e-05
3.92169428610744e-06
3.4591544163943e-07
1.39843771219602e-08
2.63856172112456e-10
0
1.05542468844983e-09
1.58313703267474e-09
2.95518912765951e-08
6.60168142625366e-07
6.14890423490869e-06
2.36256816509494e-05
3.7754124242883e-05
2.6065031962129e-05
1.28814583225301e-05
2.17844932819486e-05
3.50854829181376e-05
2.67895810107498e-05
9.85898587098194e-06
1.80504007342132e-06
1.59896840300149e-07
6.33254813069896e-09
0
0
0
0
3.16627406534948e-09
7.09773102982508e-08
6.61223567313816e-07
2.54119879361507e-06
4.06048263263859e-06
2.8087489521371e-06
1.45674992623287e-06
2.65333766676286e-06
4.32090867451359e-06
3.30954796680654e-06
1.22033479602011e-06
2.23750033951363e-07
1.97892129084342e-08
7.91568516337369e-10
0
0
0
0
0
2.11084937689965e-09
2.03169252526592e-08
7.78375707731747e-08
1.24276257064967e-07
8.60171121086608e-08
4.53832616033425e-08
8.41701189038736e-08
1.3746906567059e-07
1.0527861267287e-07
3.87868573005311e-08
7.12411664703633e-09
5.27712344224913e-10
0
0
0
0
0
0
0
2.63856172112456e-10
5.27712344224913e-10
1.05542468844983e-09
7.91568516337369e-10
2.63856172112456e-10
7.91568516337369e-10
1.05542468844983e-09
7.91568516337369e-10
2.63856172112456e-10
0
0
0
0
0
0
0
0
0
0
0
0
0
0
0
0
0
0
0
0
0
0
0
0
0
0
0
0
0
0
0
0
0
0
0
0
0
0
0
0
0
0
0
0
0
0
0
0
0
0
0
0
0
0
0
0
0
0
0
0
0
2.63856172112456e-10
8.17954133548615e-09
7.8629139289512e-08
3.3193106451747e-07
6.55418731527342e-07
7.09509246810396e-07
6.16104161882586e-07
6.24547559390185e-07
5.50140118854472e-07
3.09239433715799e-07
1.11347304631457e-07
3.32458776861695e-08
1.24012400892855e-08
6.0686919585865e-09
2.37470554901211e-09
5.27712344224913e-10
0
2.63856172112456e-10
1.10819592287232e-08
2.55940486949083e-07
2.48367814809455e-06
1.04866997044375e-05
2.0687379318305e-05
2.21082448051306e-05
1.77176781011793e-05
1.50862404967018e-05
1.11867101290518e-05
5.55997725875368e-06
2.02720697034e-06
7.11620096187295e-07
2.41164541310785e-07
7.91568516337369e-08
2.34831993180086e-08
4.48555492591176e-09
4.2216987537993e-09
5.54097961436159e-09
9.34050849278096e-08
2.1119048015881e-06
2.04897510453928e-05
8.66015535298899e-05
0.00017132075712793
0.000184048387302118
0.000146548092696807
0.00011988120480609
8.45044246739401e-05
3.99248689708521e-05
1.42405814650814e-05
5.1810797956002e-06
1.65622519234989e-06
4.14518046388669e-07
9.36689410999221e-08
1.60952264988598e-08
5.38794303453636e-07
4.84176075826358e-07
4.28766279682742e-07
5.00482387262907e-06
4.81326429167543e-05
0.00020417454454234
0.000408624818784537
0.000450381905014538
0.000363160553336356
0.00028055510153311
0.000184430187183165
8.36798741360887e-05
2.96608638756776e-05
1.10927773317798e-05
3.52432689090608e-06
7.87082961411458e-07
1.46176319350301e-07
2.24277746295588e-08
1.7125584850959e-05
1.52651349813941e-05
6.96369209439195e-06
5.7594525248707e-06
4.10388697295109e-05
0.000176136132268982
0.000372765709569766
0.000456045050036588
0.000401803081310742
0.000293493816644988
0.000167009874987956
6.65239458253368e-05
2.14420079705467e-05
7.83257046915827e-06
2.50689749124045e-06
5.25337638675901e-07
8.07399886664117e-08
1.05542468844983e-08
0.000144614554667567
0.000128876589425748
5.73676089406903e-05
1.59406067820019e-05
2.89458136492528e-05
0.00012540951932419
0.000330079849613929
0.000501216962846069
0.000484088475577216
0.000355235897063131
0.000192134523552676
6.51157454347726e-05
1.3927648044956e-05
2.84305025451172e-06
7.2613218565348e-07
1.39052202703265e-07
1.66229388430848e-08
1.58313703267474e-09
0.000363933651920646
0.000324332270616804
0.000144276818767263
3.67018658284985e-05
3.81264253017336e-05
0.000158999729314966
0.000465900869633505
0.000738398067526472
0.00066458403952184
0.00043859360281307
0.000225145305389494
7.27834057963606e-05
1.30160249703075e-05
1.30740733281722e-06
1.15832859557368e-07
1.45120894661851e-08
1.31928086056228e-09
0
0.000334436906584022
0.000298073304368172
0.000132836806712984
3.44627823519522e-05
3.43414085127804e-05
0.000132723612415147
0.000378971079025507
0.00061015420520145
0.000560270612726558
0.000348656907267679
0.000163131453114075
5.19954972764807e-05
9.81597731492761e-06
1.00159802933888e-06
5.46182276272785e-08
1.8469932047872e-09
0
0
0.000118600710802828
0.000105742471823444
4.7610999264488e-05
1.70395677388503e-05
4.54513364957475e-05
0.000167528616222329
0.000340057834618534
0.000416178229423601
0.000373996862468843
0.00028850904584144
0.00019496411714241
9.36963821418217e-05
2.57373225963653e-05
3.73805039031717e-06
2.79687542439204e-07
1.02903907123858e-08
2.63856172112456e-10
0
1.34664274561034e-05
1.20284113180906e-05
5.9204047898593e-06
1.03376209671939e-05
7.68335980382868e-05
0.000289755766254671
0.000481145423833474
0.000393365752495102
0.0002698808000903
0.00031400837017056
0.000352732165845956
0.000225456127960242
7.35295910510946e-05
1.22204986113884e-05
1.01215227622338e-06
3.9314569644756e-08
5.27712344224913e-10
0
4.18739745142468e-07
3.81536024874612e-07
4.82065226449458e-07
6.49033412162221e-06
5.83747479496435e-05
0.000222619146397689
0.000357950449361824
0.000260190418313298
0.000158929543573184
0.00025991838259985
0.000374685263221884
0.000269906130282823
9.54275424870516e-05
1.69350806946938e-05
1.46888731015005e-06
5.85760702089653e-08
1.05542468844983e-09
0
3.43013023746193e-09
4.74941109802422e-09
9.02388108624601e-08
1.95675737238598e-06
1.80667598168841e-05
6.92503716517748e-05
0.000110978433702843
7.90061897594607e-05
4.91054806233329e-05
9.65502504993901e-05
0.000152523379570466
0.000114809889178088
4.18512828834452e-05
7.60697344200212e-06
6.70458533337752e-07
2.69133295554706e-08
5.27712344224913e-10
0
0
2.63856172112456e-10
1.02903907123858e-08
2.13195787066865e-07
1.94620312550148e-06
7.44839588256253e-06
1.19373809387118e-05
8.50144586546335e-06
5.41723106964084e-06
1.12814344948402e-05
1.82609579595589e-05
1.39176215104157e-05
5.11828202663743e-06
9.36689410999221e-07
8.28508380433113e-08
3.43013023746193e-09
0
0
0
2.63856172112456e-10
1.58313703267474e-09
1.16096715729481e-08
6.9921885609801e-08
2.38525979589661e-07
3.72037202678564e-07
2.66494733833581e-07
1.74408929766334e-07
3.58316681728716e-07
5.77581160754167e-07
4.40903663599915e-07
1.62535402021273e-07
2.98157474487076e-08
2.63856172112457e-09
0
0
0
0
0
5.27712344224913e-10
2.11084937689965e-09
4.74941109802422e-09
6.0686919585865e-09
5.01326727013667e-09
2.63856172112457e-09
1.58313703267474e-09
2.90241789323702e-09
4.74941109802422e-09
3.43013023746193e-09
1.31928086056228e-09
2.63856172112456e-10
0
0
0
0
0
0
0
2.63856172112456e-10
5.27712344224913e-10
5.27712344224913e-10
2.63856172112456e-10
0
0
0
0
0
0
0
0
0
0
0
0
0
0
0
0
0
0
0
0
0
0
0
0
0
0
0
0
0
0
0
0
0
0
0
0
0
0
0
0
0
0
0
0
0
0
0
0
0
2.63856172112456e-10
6.0686919585865e-09
6.12146319300899e-08
2.81534535643991e-07
6.97371862893223e-07
1.38893888999997e-06
3.23144653986125e-06
6.42621707179888e-06
7.78006309090789e-06
5.22804619423621e-06
2.11797349354669e-06
7.46712967078252e-07
4.17948176626131e-07
2.68869439382593e-07
1.08708742910332e-07
2.24277746295588e-08
0
2.63856172112456e-10
8.17954133548615e-09
1.91823437125756e-07
1.92905247431417e-06
8.84868058796334e-06
2.10079645674217e-05
3.26920435809055e-05
4.5055816093751e-05
5.80100987197841e-05
5.83261984139748e-05
4.35317828436294e-05
2.64225570753414e-05
1.35107552930183e-05
6.32647943874037e-06
3.00294709481187e-06
1.0865597167591e-06
2.19264479025451e-07
2.63856172112457e-09
3.95784258168685e-09
7.09773102982508e-08
1.59553827276402e-06
1.5980712920163e-05
7.34182437464631e-05
0.000174837432189844
0.000267796600186784
0.000336546436680061
0.000365710987095995
0.000313629208851234
0.000229459881515877
0.000162732766438013
9.25486077931326e-05
3.75311657774479e-05
1.31255252817341e-05
3.99636558281527e-06
7.68349173191473e-07
3.35625050927045e-07
3.11086426920586e-07
3.73092627367014e-07
4.19372999955538e-06
3.94282916549365e-05
0.000180550182172251
0.000439238203441541
0.00069272007857888
0.000853657039909496
0.000846951135295258
0.000652897585802807
0.000454623392981246
0.000335144041125284
0.00019694251072091
7.56074584064802e-05
2.21750004166751e-05
5.78214415567237e-06
1.05199455821236e-06
1.06558315107616e-05
9.60594780192609e-06
5.29928736070658e-06
9.40779181666964e-06
5.40477705831714e-05
0.00021978770581475
0.000539167659937175
0.000878570075824182
0.00104059438844007
0.000901911848233938
0.000578769041241018
0.000341326191237878
0.000237754991854748
0.000140298923116496
5.23794080069043e-05
1.33461090416202e-05
2.87814312540268e-06
4.78371240039884e-07
8.99541100527508e-05
8.06990909597343e-05
4.04053510602689e-05
3.68084637220319e-05
0.000126475498259524
0.00038843296135746
0.000835985536638436
0.00122029600916281
0.00125876623905681
0.000975631415728954
0.000539490356035669
0.000216449661381356
8.97477745261588e-05
4.23096010544045e-05
1.46252837640214e-05
3.15255354439963e-06
4.91036336301282e-07
6.43809059954394e-08
0.000226363793192309
0.000203012258104185
0.000101407314915636
8.5599955500551e-05
0.000247972294407459
0.000666291980523924
0.00133567899394673
0.001825035094144
0.00169561839113394
0.00119280087674783
0.00060878030611326
0.00019771692858606
4.2622798330702e-05
8.32967549741814e-06
1.8047762172492e-06
3.09767146060024e-07
3.40374462025069e-08
2.90241789323702e-09
0.000208032385634796
0.00018709882850791
9.89787827075131e-05
0.000102283845119394
0.000263266189711613
0.000623239360488851
0.00125504507546151
0.0018324338850662
0.00175601216651258
0.00115171609604437
0.000525925510227367
0.00015795723357895
2.96972760274291e-05
3.47736049227006e-06
2.82326104160328e-07
2.11084937689965e-08
1.58313703267474e-09
0
7.38034737577473e-05
6.7118149924934e-05
4.33069773849896e-05
7.74555070359558e-05
0.000207663514706183
0.000443570457931455
0.000826291988587369
0.00123339646810819
0.00130664716318537
0.000991351966463414
0.000571719068178345
0.000232807952483812
5.61617862341364e-05
7.2950954465652e-06
5.13727967102953e-07
2.24277746295588e-08
7.91568516337369e-10
0
8.3945841157578e-06
8.00460469337559e-06
9.47164501032085e-06
3.76984505905672e-05
0.000136399128892674
0.000331579344240044
0.00053491772857296
0.000655566754839897
0.000758648501023759
0.000846193340368951
0.000761463846380199
0.000423840084949402
0.000125317169663951
1.911294953931e-05
1.48894037923059e-06
5.7784501692628e-08
1.05542468844983e-09
0
2.63592315940344e-07
3.2111296146086e-07
1.40846424673629e-06
1.13798528470381e-05
6.04626418395694e-05
0.000180500313355722
0.000285769163350224
0.000293067425070854
0.000343673191888819
0.000524436305991965
0.000627573725828142
0.000416075061660305
0.000140070159815274
2.39481138932708e-05
2.02615154565155e-06
7.99484201500743e-08
1.31928086056228e-09
0
2.63856172112457e-09
1.47759456382976e-08
2.15042780271652e-07
2.29238242331302e-06
1.48770025522166e-05
5.00426977466764e-05
8.27595438077604e-05
8.29117888190693e-05
9.50686980929786e-05
0.000163758903091359
0.000223578263583318
0.000161155961953469
5.76889857583233e-05
1.03640065844052e-05
9.066098073784e-07
3.6412151751519e-08
5.27712344224913e-10
0
7.91568516337369e-10
1.63590826709723e-08
1.68867950151972e-07
8.6465667601252e-07
2.8150815002678e-06
6.61645737189196e-06
9.81571345875549e-06
9.92679690721484e-06
1.12671862615461e-05
1.86395915665403e-05
2.57671383438141e-05
1.89818130217701e-05
6.92384981240297e-06
1.2625517835581e-06
1.11611160803569e-07
4.48555492591176e-09
0
0
7.91568516337369e-10
1.74145073594221e-08
1.70451087184647e-07
7.40380418947553e-07
1.52403325012155e-06
1.63643597944146e-06
1.04381501687688e-06
5.86552270605991e-07
5.25601494848013e-07
6.74680232091551e-07
8.29036092777338e-07
5.98953510695276e-07
2.18736766681226e-07
4.01061381610934e-08
3.43013023746193e-09
2.63856172112456e-10
0
0
2.63856172112456e-10
6.86026047492387e-09
6.75471800607889e-08
2.9103335784004e-07
5.84441421229091e-07
5.78636585442617e-07
2.85492378225678e-07
7.17688788145882e-08
1.58313703267474e-08
8.97110985182352e-09
7.38797281914878e-09
5.01326727013667e-09
1.8469932047872e-09
2.63856172112456e-10
0
0
0
0
0
7.91568516337369e-10
7.91568516337369e-09
3.43013023746193e-08
6.91303170934636e-08
6.83387485771262e-08
3.32458776861695e-08
7.65182899126124e-09
7.91568516337369e-10
0
0
0
0
0
0
0
0
0
0
0
2.63856172112456e-10
1.05542468844983e-09
2.11084937689965e-09
2.11084937689965e-09
1.05542468844983e-09
2.63856172112456e-10
0
0
0
0
0
0
0
0
0
0
0
0
0
0
0
0
0
0
0
0
0
0
0
0
0
0
0
0
0
0
0
1.8469932047872e-09
2.29554869737837e-08
1.6438239522606e-07
9.0766523206685e-07
5.17105326105992e-06
2.21151050656055e-05
5.3397101262742e-05
6.70331882375138e-05
4.23351951030994e-05
1.44543049644925e-05
5.12144830070278e-06
4.60217935398547e-06
3.62828622271839e-06
1.53326821614548e-06
3.20321392944522e-07
0
0
2.37470554901211e-09
5.40905152830536e-08
6.38268080340032e-07
3.95335702676094e-06
1.44524579712877e-05
3.91509788180463e-05
9.78895844290329e-05
0.000197484471298429
0.00025581779382905
0.000201534663540355
0.000111840451817135
6.42128296138037e-05
5.16799252946342e-05
3.64765326575144e-05
1.49743654797261e-05
3.1095449883453e-06
7.91568516337369e-10
6.0686919585865e-09
5.67290770041781e-08
5.8971854467134e-07
5.47897341391516e-06
3.16107609875886e-05
0.000107572314377044
0.000234464441532334
0.000381058181346916
0.000530105783562145
0.000640953344603621
0.000652733994976098
0.000541241569449979
0.000360502202402323
0.000229653288090035
0.00013547061902301
5.26530268573849e-05
1.07977861313581e-05
8.04761324942992e-08
2.41956109827123e-07
1.40002084922869e-06
6.37529283058117e-06
2.56705669848209e-05
0.000101921834451255
0.000305988989531546
0.000623353346355204
0.000911275312213693
0.00105650649875549
0.00111951165866953
0.00120549578875668
0.00111723669075358
0.000743043255436512
0.000399159242466175
0.000198930139265433
7.24836651848408e-05
1.46271307572261e-05
2.30161738933696e-06
3.91034847070661e-06
1.46083969690062e-05
5.46609723271607e-05
0.000149068710708998
0.000360688221003663
0.000755986192247144
0.00118523348173165
0.00141242710258525
0.00140219581565542
0.00125729022763001
0.00115289738012692
0.000964630460345069
0.000582891793930275
0.000259457689723342
0.000103112353499827
3.35303146397068e-05
6.55418731527342e-06
1.88820753887116e-05
2.49972060335899e-05
6.27418314542768e-05
0.000210059328748964
0.000548153281878465
0.00117558505308601
0.00203264187977318
0.00252883818737629
0.00226478913640202
0.00169878915075421
0.00118500999555387
0.000791668253970428
0.000481676830164108
0.000227402331085744
7.70903300937522e-05
2.08177242673286e-05
5.011684133104e-06
8.84182032748842e-07
4.71054508387205e-05
5.79319972928388e-05
0.000126711649533565
0.000412329887153341
0.00105202674866536
0.00211776979658182
0.00341413712330168
0.00403376086266408
0.00336377172945651
0.00216940011691609
0.0011868802081018
0.000570163636043742
0.000230176251023162
6.89785997944989e-05
1.52986447152523e-05
2.72299569620055e-06
4.20322882175143e-07
6.27977689627647e-08
4.31629119150162e-05
5.3711353963728e-05
0.000134918631910951
0.000484292700254431
0.00119337898562093
0.00214498418602967
0.00325833902477913
0.00397532120609609
0.00347594411233816
0.00220198582645964
0.00106812250287657
0.000419760340816199
0.000134426276293789
3.12540274428926e-05
5.47369629047291e-06
8.07136030492004e-07
8.57532559365484e-08
8.44339750759861e-09
1.54173799927029e-05
2.25531063113122e-05
8.86532991242364e-05
0.000382482740820152
0.000962226730617125
0.00152579686477595
0.00199016129991924
0.00242654062173594
0.00229122277543659
0.00153532919670585
0.000764454656091093
0.000291413046871709
8.32730079186913e-05
1.93673068892264e-05
4.47843080926472e-06
8.24022825507202e-07
8.04761324942992e-08
3.69398640957439e-09
1.83564738938636e-06
4.76234005045773e-06
3.6175208908962e-05
0.000195868879956584
0.000564272255432815
0.000895913869729478
0.00100700971942891
0.00117540958873156
0.0012524735332081
0.000987460087924755
0.000602060153265728
0.000270053362026862
7.58269867416777e-05
1.39297588943329e-05
2.39185620019942e-06
3.89451710037986e-07
3.66760079236315e-08
1.58313703267474e-09
7.62544337404999e-08
6.91303170934636e-07
8.66820296623842e-06
5.90027256392712e-05
0.000202874525182342
0.000364490916156147
0.000447899282291132
0.000578740808630602
0.000674800286649862
0.000556700374861704
0.000371356981466858
0.000190759041327454
5.86349101353464e-05
9.85661116543292e-06
9.6993528868539e-07
7.44074405357127e-08
5.01326727013667e-09
2.63856172112456e-10
7.91568516337369e-09
1.96836704395893e-07
2.41533939951743e-06
1.50738392566125e-05
4.9947973380888e-05
9.44855759526101e-05
0.000133726529725347
0.000194655141564867
0.000229541676929232
0.000176518987574717
0.000113260261879272
6.18653012505192e-05
2.05768235821899e-05
3.60163674933503e-06
3.15308125674386e-07
1.37205209498477e-08
2.63856172112456e-10
0
1.58313703267474e-08
3.67287791580539e-07
3.66575379915836e-06
1.63933839733469e-05
3.54965708342888e-05
4.13378187725143e-05
3.27274003079685e-05
3.11292234734834e-05
3.29440262252729e-05
2.32452010507632e-05
1.31545494606665e-05
6.92121125068185e-06
2.34752836328453e-06
4.20059026003031e-07
3.69398640957439e-08
1.58313703267474e-09
0
0
1.68867950151972e-08
3.93409552619673e-07
3.86628448996382e-06
1.67134415101193e-05
3.37329561798891e-05
3.3718707946595e-05
1.71968260174294e-05
5.30852232673051e-06
2.24858229874235e-06
1.23880472806798e-06
5.3272561149505e-07
2.27180164188825e-07
7.36158720193754e-08
1.31928086056228e-08
1.05542468844983e-09
0
0
0
6.86026047492387e-09
1.55938997718462e-07
1.5314212229407e-06
6.60484770031901e-06
1.32640497720932e-05
1.31075830620305e-05
6.41064955764424e-06
1.49896691377087e-06
1.90504156265194e-07
3.21904529977197e-08
8.44339750759861e-09
2.37470554901211e-09
5.27712344224913e-10
0
0
0
0
0
7.91568516337369e-10
1.8469932047872e-08
1.81269190241258e-07
7.81541981797096e-07
1.56915265555278e-06
1.54936344264434e-06
7.55947933102188e-07
1.73353505077884e-07
1.7942219703647e-08
1.05542468844983e-09
0
0
0
0
0
0
0
0
0
5.27712344224913e-10
5.80483578647404e-09
2.45386240064585e-08
4.93411041850294e-08
4.88133918408045e-08
2.37470554901211e-08
5.54097961436159e-09
5.27712344224913e-10
0
0
0
0
0
0
0
0
0
0
0
0
2.63856172112456e-10
5.27712344224913e-10
2.63856172112456e-10
2.63856172112456e-10
0
0
0
0
0
0
0
0
0
0
0
0
0
0
3.43013023746193e-09
7.54628652241626e-08
7.38797281914878e-07
3.71192862927804e-06
1.49398003211794e-05
5.48430330859183e-05
0.000127922485507389
0.000157142445719467
9.53125011960105e-05
2.9720495370575e-05
1.03632150158888e-05
1.10743073997319e-05
9.20409485179882e-06
3.95019075269559e-06
8.33257791531138e-07
0
2.63856172112456e-10
1.8469932047872e-09
3.98422819889809e-08
7.94734790402719e-07
7.46079712265182e-06
3.23793740169522e-05
8.5782807827825e-05
0.000214627470656747
0.000445987380468006
0.000558958719838814
0.000387513158741476
0.000170955580185726
0.000101616025147777
0.000112841522134129
9.02841941240635e-05
3.83000426629836e-05
8.05077952349527e-06
1.31928086056228e-09
1.87337882199844e-08
1.41426908252277e-07
6.70986245681977e-07
4.33621233249611e-06
3.21134069954629e-05
0.00013201199231896
0.000302379700953219
0.000551937770955074
0.00092571642436958
0.00114740917174698
0.000968518381041146
0.000634065643086797
0.000463973400296223
0.000439030812490261
0.000321796085090459
0.000133037073547617
2.77436849291085e-05
4.93411041850294e-08
6.48822327224531e-07
4.62882882736882e-06
1.73448493299844e-05
4.17826802786959e-05
0.000115051581431743
0.000341277377846038
0.00070812083563274
0.00112796561042402
0.00160219536398642
0.00190510093029066
0.0018257957914882
0.00141862772262989
0.000987595182284877
0.000728664413337244
0.0004633359237844
0.000182859715246752
3.77071578442469e-05
6.41698210577494e-07
7.09377318724339e-06
4.64603224979056e-05
0.000163258895645206
0.000340184485581148
0.000595464276675261
0.00110318133632132
0.00170615390423021
0.00210233421051324
0.00243285628307163
0.00265012600943591
0.00248335439657137
0.00184283377609001
0.00107460544902537
0.000554263399256073
0.000262103639417286
9.22113996051728e-05
1.93229790523115e-05
3.4166735726842e-06
3.09355530431529e-05
0.000179081822574445
0.000577665594729243
0.00114981184605024
0.00186055171804737
0.00297275192218766
0.00393592246633243
0.00388556762673415
0.00332941053173082
0.00288615459035653
0.00233116769747652
0.00149816531871999
0.000727717433535532
0.000278075117371425
8.99957993279446e-05
2.72328593798987e-05
7.40037405923807e-06
7.13150461985547e-06
5.88114299144897e-05
0.000325139142791124
0.00102277327871943
0.00203294689750814
0.0031965362574414
0.00472242705501462
0.00593348730658498
0.00560039474719787
0.004148174967584
0.00282833763435473
0.00183511070593228
0.000949914673914013
0.000360352595952736
0.000109627490101628
2.97136351101001e-05
9.12124401375551e-06
3.1327643314912e-06
6.02779425190907e-06
5.11297851757797e-05
0.000309990632237803
0.00108120739430779
0.00231037794196344
0.00356240107268574
0.00478018464337769
0.00565805207021554
0.0053212660521312
0.00392750993999697
0.00249185584243683
0.00142526608006407
0.000657221133039042
0.000231296320473779
6.66814679600879e-05
1.41337197153758e-05
2.49212154560215e-06
6.44336772298619e-07
2.27153778571614e-06
2.36140719793764e-05
0.000179389478871128
0.000766300593871192
0.00187488412146034
0.00288633691497146
0.00343901796876337
0.003733972229321
0.00339488987097077
0.00248656974788473
0.00158066575576673
0.000897641336088298
0.00044527602422799
0.000199152570018524
7.19087225858078e-05
1.52917844547774e-05
1.60477323878796e-06
1.11347304631457e-07
4.17420464281906e-07
6.90775458590411e-06
7.21182243864651e-05
0.000401770099289228
0.00119704421170774
0.00198450633443853
0.00225620985296578
0.00231693054614168
0.00202022296132036
0.00141293713656594
0.000921435621833227
0.000547869372637272
0.000257310955907035
0.000101643466189677
3.39582893508732e-05
7.03836339109978e-06
7.01593561647022e-07
3.13988844813823e-08
5.93676387253027e-08
1.54830801795589e-06
2.1128282981905e-05
0.000147963944916363
0.000525018636563817
0.000983745784589928
0.00121267188506962
0.00131721486673464
0.00118870319039493
0.000775240832550879
0.00044517602273876
0.000243122090251688
9.45568171190805e-05
2.46262242555998e-05
5.33226938222063e-06
9.24024314737823e-07
8.86556738297854e-08
3.95784258168685e-09
3.85230011284186e-08
9.65977446103703e-07
1.11410630112764e-05
6.39790530453121e-05
0.000195940384979227
0.00034284151723432
0.000410341203184129
0.000445154650388819
0.000413509851955027
0.000253496914939149
0.000116535772399876
5.08783302437565e-05
1.58994452191524e-05
2.89265521486886e-06
3.44332304606756e-07
3.66760079236315e-08
3.16627406534948e-09
2.63856172112456e-10
9.28773725835847e-08
2.16282904280581e-06
2.1485016526601e-05
9.51293850125645e-05
0.00020160775170003
0.000222408853028516
0.000144244892170438
8.25539998496848e-05
6.06085543027476e-05
3.46838938241824e-05
1.32959763689188e-05
4.54967197573509e-06
1.15252375978721e-06
1.60160696472261e-07
1.2137383917173e-08
5.27712344224913e-10
0
0
1.00265345402733e-07
2.32641986951553e-06
2.28544300598646e-05
9.87410482964398e-05
0.000199023808206533
0.0001981678587842
9.89022644176005e-05
2.54929917809892e-05
5.54942301186918e-06
2.00082135312876e-06
6.12410175473011e-07
1.51717298964662e-07
3.11350283092699e-08
3.69398640957439e-09
2.63856172112456e-10
0
0
0
3.98422819889809e-08
9.2270503387726e-07
9.05659925158796e-06
3.90583653016348e-05
7.84328302974604e-05
7.74900721945026e-05
3.78499040333598e-05
8.73073687902907e-06
9.50409931949068e-07
7.96845639779619e-08
1.2137383917173e-08
1.8469932047872e-09
2.63856172112456e-10
0
0
0
0
0
4.74941109802422e-09
1.09236455254557e-07
1.0717837711208e-06
4.62223242306601e-06
9.27955771702298e-06
9.16319714512139e-06
4.46972355558501e-06
1.02376194779633e-06
1.0422318798442e-07
4.74941109802422e-09
2.63856172112456e-10
0
0
0
0
0
0
0
2.63856172112456e-10
3.43013023746193e-09
3.37735900303944e-08
1.45384750833964e-07
2.92088782528489e-07
2.88394796118915e-07
1.40635339735939e-07
3.21904529977197e-08
3.16627406534948e-09
2.63856172112456e-10
0
0
0
0
0
0
0
0
0
0
2.63856172112456e-10
1.05542468844983e-09
2.37470554901211e-09
2.37470554901211e-09
1.05542468844983e-09
2.63856172112456e-10
0
0
0
0
0
0
0
0
0
0
0
0
2.63856172112456e-10
8.70725367971107e-09
1.96045135879555e-07
1.85517274612268e-06
7.66211938197362e-06
1.70490665610464e-05
3.33836106080122e-05
6.07990584590128e-05
6.87263532939594e-05
3.98298807488916e-05
1.1869833758651e-05
4.20639509581678e-06
5.46155890655574e-06
5.60324967098013e-06
2.96811808009302e-06
7.70460022568373e-07
0
2.63856172112456e-10
2.63856172112457e-09
8.91833861740103e-08
1.93432959775642e-06
1.82087144374806e-05
7.3877881198283e-05
0.000147405889112345
0.000215246477236523
0.000307073438398928
0.000318231915917564
0.000190894927256092
7.12725653548446e-05
4.00261897409433e-05
5.29630578596171e-05
5.16142251077782e-05
2.66127973754345e-05
6.78822773993717e-06
1.31928086056228e-09
2.03169252526592e-08
1.5356429216945e-07
8.59379552570271e-07
8.28877779074071e-06
6.98195094150213e-05
0.000282739830638201
0.000568151732731384
0.000774785680653985
0.000956582319383295
0.000918461435061176
0.000592760542479625
0.000299841932289842
0.000201514346615102
0.000203704616699808
0.000167399326697994
7.95961721603042e-05
1.93997611983963e-05
4.98688165292543e-08
6.9605258203266e-07
4.93358270615871e-06
1.82469735824369e-05
4.88096978543949e-05
0.000182440447789265
0.000619912661870857
0.00124686579798219
0.0017102281073838
0.00200880986259563
0.00196655672676206
0.00152122951443668
0.00102851769144249
0.000695445976692974
0.000468893526337604
0.00027169560284209
0.000110820911568092
2.71172903765135e-05
5.74151030516705e-07
7.43784163567804e-06
4.88532341227934e-05
0.000166541530282457
0.000337143807053724
0.000648224165282352
0.0014067592081521
0.0023660777160402
0.00290673959348005
0.00309248114583862
0.00309563976807497
0.0027904117397438
0.00217055264067588
0.00142496528402786
0.000762916110751506
0.000346100668672253
0.000149912258891241
5.3685496058861e-05
2.69555465430086e-06
3.15703909932554e-05
0.000184292718117494
0.000567323224350951
0.00103841836658866
0.00165948988476744
0.00294511457129592
0.00435988128655929
0.00476335906299443
0.00427080054043623
0.00369579118579164
0.00321656769031583
0.00247559253955634
0.00152341450739795
0.000758421057003398
0.000369179376478414
0.000208672764564513
9.29425450580965e-05
5.40931538447747e-06
6.02911353276963e-05
0.000329564274653622
0.000958751217118059
0.00170587500825629
0.00262532168226413
0.0043603097889828
0.00623464113176256
0.00668457580056537
0.0055304857905405
0.00401671311538389
0.00286235054193323
0.00181538798477922
0.00091298615563367
0.000385932924126694
0.000185237323213657
0.000115425729483799
5.40308837881562e-05
4.72197005612452e-06
5.38477676047101e-05
0.000307034123829283
0.000960507179943468
0.00191924414882823
0.00325295715043655
0.00527542579163776
0.00699753850872585
0.00708549707454891
0.0057420311572508
0.00402451164840685
0.00255926291487023
0.00138881118361267
0.000609552613129034
0.000212743537587864
6.26056816694668e-05
2.55051291649064e-05
1.10508242004139e-05
1.84567392392663e-06
2.38766088706283e-05
0.000163045436001967
0.000631077471937624
0.00156255836209934
0.00300862184950549
0.0049165484155433
0.00625343798160768
0.00596842028063564
0.00470179297464308
0.00331545465107545
0.00208394211603614
0.00116436588864779
0.000583334280730907
0.000223070076595829
5.04292470388211e-05
6.92991850436156e-06
1.13299840305089e-06
3.52511845942242e-07
6.33175656218262e-06
6.07695065677362e-05
0.000322638841704186
0.00102621897647104
0.00219835094383262
0.00355291043003102
0.00434718056971465
0.0039186140291542
0.00297382370595878
0.00221858396282254
0.00144834478787023
0.000730067600460538
0.000308425701281004
0.000108134591879815
2.39045776248722e-05
2.76653196459911e-06
1.78102916175908e-07
6.09507757579774e-08
1.57416592282292e-06
2.05752404451572e-05
0.000143298176224898
0.000552314029856506
0.00125314372788526
0.00187529600094501
0.00204541674020217
0.00170203537323971
0.00124001239776774
0.000957222962169184
0.000618145880942392
0.000256059486082705
7.16351037353272e-05
1.7651186345807e-05
3.68184902565722e-06
4.74413397458197e-07
3.27181653419446e-08
6.70194677165639e-08
1.64197695905582e-06
1.81870782313674e-05
9.94563623790367e-05
0.000298466977776964
0.000538083738782137
0.000633708381829757
0.000553842812517726
0.000409987108201154
0.000282909754013041
0.000209005223341375
0.000122844573475085
4.12006135630159e-05
7.83045961978137e-06
1.1585924517458e-06
2.08974088313066e-07
3.21904529977197e-08
2.63856172112457e-09
1.70714943356759e-07
3.96971610943191e-06
3.93420106866557e-05
0.000173390972654324
0.000364836567741615
0.000397904342511608
0.000244136881089632
0.000103726874524677
4.89260584262965e-05
2.91473997647467e-05
1.9486042166677e-05
1.03046389456799e-05
2.88869737228717e-06
4.00533669266709e-07
3.53567270630692e-08
4.74941109802422e-09
7.91568516337369e-10
0
1.8469932047872e-07
4.27921939931982e-06
4.20322882175143e-05
0.00018153805968064
0.000365672200238695
0.000363584834061113
0.000180251760841592
4.36589615185876e-05
6.14230783060588e-06
1.33722308026593e-06
6.40642785889044e-07
2.96046625110176e-07
7.49351528799376e-08
8.70725367971107e-09
5.27712344224913e-10
0
0
0
7.33520158472629e-08
1.69738675519943e-06
1.66606702756968e-05
7.18504103717709e-05
0.000144275499486403
0.000142525605352953
6.95836219971528e-05
1.59812406325073e-05
1.6501565003913e-06
8.83918176576729e-08
8.44339750759861e-09
2.63856172112457e-09
5.27712344224913e-10
0
0
0
0
0
8.70725367971107e-09
2.00794546977579e-07
1.97179717419639e-06
8.50329285866814e-06
1.70709666233317e-05
1.68569792677485e-05
8.22228603536837e-06
1.88287764419449e-06
1.90768012437306e-07
8.17954133548615e-09
2.63856172112456e-10
0
0
0
0
0
0
0
2.63856172112456e-10
6.33254813069896e-09
6.20062004464273e-08
2.67550158522031e-07
5.37211166420961e-07
5.30350905946038e-07
2.58579048670207e-07
5.91037825531903e-08
6.0686919585865e-09
2.63856172112456e-10
0
0
0
0
0
0
0
0
0
0
5.27712344224913e-10
2.11084937689965e-09
4.2216987537993e-09
4.2216987537993e-09
2.11084937689965e-09
5.27712344224913e-10
0
0
0
0
0
0
0
0
0
0
0
0
0
3.69398640957439e-09
8.41701189038736e-08
7.87082961411458e-07
3.14938727033428e-06
6.04309790989159e-06
8.01595050877643e-06
1.01785156954101e-05
9.49750291518787e-06
5.17210868574837e-06
2.05966127950984e-06
2.82299718543117e-06
8.50540370804504e-06
1.32822558479689e-05
9.08061016325019e-06
2.78500189664698e-06
0
0
1.31928086056228e-09
4.35362683985553e-08
8.8180732719983e-07
8.02307462542346e-06
3.20031151155199e-05
6.15436605767141e-05
7.84668677436629e-05
9.137418397106e-05
8.17173119279162e-05
4.72547934321362e-05
2.23027068039775e-05
2.6597493717452e-05
7.15184793072534e-05
0.000109868918499111
7.48760490973845e-05
2.29433495898665e-05
5.27712344224913e-10
6.33254813069896e-09
5.62013646599532e-08
4.52777191344975e-07
4.71062424072369e-06
3.55255950132211e-05
0.000136444512154277
0.000271190318272494
0.000361683486484871
0.000420128684032468
0.000390616635037862
0.000269231977763076
0.000161127465486881
0.000126586581707984
0.000197654394673269
0.000266989464156292
0.000177253035445534
5.40683513645961e-05
1.503980181041e-08
2.16098204960102e-07
1.68076381635635e-06
8.14154604670196e-06
3.39303205966292e-05
0.000136852433796363
0.00040518281501933
0.000772353454459452
0.00107141199777429
0.001268021522006
0.0012704909519208
0.0010703626417778
0.000808506763306129
0.000557874534827604
0.000398904621260087
0.000314923687231618
0.000182882670733725
5.87161778363571e-05
1.72561936561547e-07
2.28525830666599e-06
1.61015590469905e-05
6.74738280449416e-05
0.000210265400419384
0.000571708250075288
0.00121287901216473
0.00189222158281751
0.00233558913535261
0.0025022778973791
0.00247830207858776
0.002335793623886
0.00200468737376255
0.00141711107735259
0.000844101224780271
0.000512155912029507
0.000314864583449064
0.000136350051644661
8.10302304557354e-07
9.61386348708947e-06
5.83744840934714e-05
0.000205462690374593
0.000531087328522403
0.0012635707960948
0.00247579201482246
0.00358756846595034
0.00399084808640022
0.00363075222250295
0.00310105884613782
0.0028667777846451
0.0025069046153571
0.00172311114884336
0.00102421578041236
0.000714801937766799
0.000527641366914615
0.000254244683330916
1.68023610401212e-06
1.89934226933431e-05
0.000106340369909451
0.000330850837348842
0.000735169523404504
0.0016437672231836
0.00332933111102302
0.00498235625571753
0.00549876368224828
0.00466803416055833
0.00340977690005752
0.00261956354902012
0.00193745022470399
0.0011075782355734
0.000556700638717876
0.00038568753788663
0.000302286823580636
0.000149244438919625
1.68947107003606e-06
2.11707638256151e-05
0.000135332358388823
0.00047100886126943
0.00107590309367982
0.00225438766224117
0.00425764229698915
0.00602198123658126
0.00635413763426971
0.00522836941804705
0.00359766782479412
0.00235142340809725
0.00141025398315173
0.00068276768762297
0.000275427320684276
0.000119647164381426
6.79730439225784e-05
3.09408301665951e-05
1.00370887871578e-06
1.68197755474807e-05
0.000139211307975048
0.000571858648093392
0.00135833500416516
0.00259689144357519
0.00447269035438425
0.00605616617838398
0.00625095245646638
0.00510847238187063
0.00351084093809324
0.00220168476656726
0.00128031669191409
0.000683737359055483
0.000314377768811517
0.000103942181161121
2.27963817019999e-05
4.05388622833578e-06
3.82591449563062e-07
8.16714009539686e-06
7.84264977493297e-05
0.000356920354865897
0.000934197553309791
0.0019056956621026
0.00328757666335474
0.00432260183957003
0.00419598148427202
0.00315722881191329
0.00209520983001003
0.00128655134940494
0.000705540058413308
0.000382133131392103
0.000196350945183033
7.06960396187789e-05
1.40909750154936e-05
1.38761960913941e-06
8.73363929692231e-08
2.06335526591941e-06
2.18042824948571e-05
0.000115999880514316
0.000385844268452864
0.000939214250710165
0.00162365425875198
0.00199054811306756
0.0017906285131567
0.00120162607413648
0.000727624556162948
0.000411461008778574
0.000185496957687015
8.77633122557011e-05
4.9427121297138e-05
2.00462088200718e-05
4.2618048919604e-06
4.18212032798244e-07
2.98157474487076e-08
7.22438199243906e-07
7.84365242838699e-06
4.29745186081279e-05
0.000141893669820744
0.000316830575787474
0.000474488068754905
0.000512231374894731
0.000438591491963693
0.000280377526329278
0.000155056134966573
7.65982383327625e-05
2.59576425000792e-05
8.69907413837558e-06
4.75732678318759e-06
2.05491186841181e-06
4.52777191344975e-07
4.51194054312301e-08
6.04230634137525e-08
1.40397869181038e-06
1.39168299418994e-05
6.15357448915508e-05
0.000131722014385808
0.00015290729030089
0.000111124610022194
6.73015299645522e-05
4.57093878320735e-05
2.78402562881016e-05
1.46566826485027e-05
6.62384534471111e-06
1.80583164193765e-06
3.60163674933503e-07
1.44593182317626e-07
6.20062004464273e-08
1.37205209498477e-08
1.31928086056228e-09
6.51724745117768e-08
1.50899344831114e-06
1.48218566122451e-05
6.40188953273011e-05
0.000129011947642041
0.000128540700518649
6.42407983680477e-05
1.61960195566068e-05
2.87814312540268e-06
9.16108629574449e-07
4.37473533362453e-07
1.89712587748856e-07
4.72302548081297e-08
6.33254813069896e-09
1.31928086056228e-09
5.27712344224913e-10
0
0
2.58579048670207e-08
5.98425798351051e-07
5.87502152825596e-06
2.53365250709265e-05
5.08756916820354e-05
5.02598513763249e-05
2.45402071434911e-05
5.63807868569897e-06
5.82858284196416e-07
3.19265968256072e-08
3.95784258168685e-09
1.58313703267474e-09
2.63856172112456e-10
0
0
0
0
0
3.16627406534948e-09
7.07134541261383e-08
6.95261013516323e-07
2.99846153988596e-06
6.01961471057358e-06
5.94415184534942e-06
2.89951547534378e-06
6.63862129034941e-07
6.72833238886764e-08
2.90241789323702e-09
0
0
0
0
0
0
0
0
0
2.11084937689965e-09
2.19000622853339e-08
9.44605096162594e-08
1.89448731576744e-07
1.87074026027732e-07
9.12942355509099e-08
2.08446375968841e-08
2.11084937689965e-09
0
0
0
0
0
0
0
0
0
0
0
2.63856172112456e-10
7.91568516337369e-10
1.58313703267474e-09
1.58313703267474e-09
7.91568516337369e-10
2.63856172112456e-10
0
0
0
0
0
0
0
0
0
0
0
0
0
1.05542468844983e-09
1.503980181041e-08
1.02640050951746e-07
3.52775702114354e-07
6.4987775191298e-07
9.04235101829388e-07
1.3026579217192e-06
2.14805309716751e-06
4.34597501086427e-06
6.73360951230989e-06
8.77348157891129e-06
1.68865311590251e-05
2.44747708128072e-05
1.66300629597318e-05
5.10667235506448e-06
0
0
1.31928086056228e-09
3.43013023746193e-08
3.72564915022789e-07
1.95200796128795e-06
5.35522486919442e-06
8.64920532184633e-06
1.11405352989321e-05
1.64786095169392e-05
3.03088946343858e-05
5.61105981367465e-05
7.40459575799187e-05
8.18368387738832e-05
0.000141813193688249
0.000201852082515406
0.000136862460330903
4.20138182854665e-05
0
7.91568516337369e-10
2.69133295554706e-08
5.37211166420961e-07
5.14361221916023e-06
2.30549607506701e-05
5.28211032390206e-05
7.39657453035965e-05
8.53107691359158e-05
0.000117469031680638
0.000208645323522613
0.000330153993198293
0.00035072923364345
0.000284448299352629
0.000359675013302751
0.000475265125181776
0.000319030608550548
9.78460481606343e-05
7.91568516337369e-10
1.7942219703647e-08
3.21904529977197e-07
4.59294438796153e-06
3.7650956479587e-05
0.000154572750459264
0.0003303109876207
0.00043859228353221
0.000475833735232678
0.000559826015076548
0.000786395352226933
0.00101500825543033
0.000922934588746998
0.000579979877214842
0.000416641824718002
0.00041909595097482
0.0002702829168966
8.48031098607714e-05
1.00265345402733e-08
1.6438239522606e-07
2.02245755924198e-06
2.03620446580904e-05
0.000135862973150941
0.000506134978038073
0.00104422214695045
0.00138396467344331
0.00146957544704691
0.00152204271915913
0.00171937151531601
0.0018579854529174
0.00154472010172751
0.000895291696875637
0.000450634943083594
0.000308578474004657
0.000206952158466168
8.51627458233607e-05
4.93411041850294e-08
6.52780169806217e-07
5.6069436573897e-06
4.0088723653734e-05
0.000223978533396412
0.000801687400537882
0.00174150561802601
0.00253359313945393
0.00284023622843614
0.00275358506994589
0.00258690000190581
0.00235775727550881
0.00176270698916759
0.000955973867050404
0.000460855675766542
0.000330524447263939
0.000263626881098891
0.000129339920863977
1.30081092851441e-07
1.80662321045399e-06
1.34651081752429e-05
6.13927348462658e-05
0.000226977522648643
0.000760614757218341
0.00189869212772622
0.00324309235972978
0.00396533794396805
0.00376715240682031
0.00310814707834545
0.00238960286848958
0.00148934038518751
0.000665884058881838
0.000271594018215826
0.000185199591781045
0.000150770583019123
7.52230199637123e-05
3.1794668739551e-07
6.16130547499797e-06
5.48087317835437e-05
0.000225021820700945
0.00050342543900665
0.000970637673815553
0.00202227734547643
0.00346475054194864
0.00428042073647145
0.00394924878616114
0.00313588073674002
0.0023159482096129
0.00134888789777885
0.000607384243106613
0.000270155210509297
0.00011839859697499
4.77334285283482e-05
1.69970868951402e-05
5.13200254758728e-07
1.13421214144261e-05
0.000106996316353322
0.000441799719160409
0.000902186522509107
0.00132523926064093
0.0021473113974677
0.00333148998222324
0.00394359487610512
0.00352119702899248
0.0027761183870443
0.00212554854039187
0.00137523578355748
0.000813565677694041
0.000477619777661707
0.000198932513970982
4.49341783984071e-05
5.43886727575407e-06
3.10822570748474e-07
7.08480207739157e-06
6.79524631411536e-05
0.000286398724176884
0.000618935338609353
0.00102033102599035
0.00174728063806504
0.00258442819728546
0.00273529535166357
0.00204156892564426
0.00134284875771154
0.000963799577259087
0.000684585656648825
0.000518231200392396
0.000362646825369253
0.000158911073641137
3.50569864515494e-05
3.52195218535707e-06
7.25604473309255e-08
1.67152885033241e-06
1.63102692791315e-05
7.28918506830988e-05
0.000190760096752143
0.000428844381109687
0.000862904934885865
0.00133461433429225
0.00138486046514763
0.000853273393035244
0.000365744496829854
0.000181562334448475
0.000132609890404967
0.000134236035993696
0.000110151244603271
5.05511485903371e-05
1.12801152139796e-05
1.12930441664131e-06
7.65182899126124e-09
1.79949909380695e-07
1.83195340297679e-06
9.39776528212936e-06
3.34894169330293e-05
9.86426299442419e-05
0.000217339912106063
0.000363091423019263
0.000406347476163035
0.000245135048988733
8.21452866390826e-05
2.38280593349596e-05
1.20772247099314e-05
1.3240038860431e-05
1.16888284245818e-05
5.47844570157093e-06
1.22930590587193e-06
1.23220832376517e-07
3.43013023746193e-09
7.83652831173996e-08
7.80486557108646e-07
3.56944629633731e-06
8.8415564713163e-06
1.55661948737744e-05
2.46483881740572e-05
3.82942378271971e-05
4.40323180021267e-05
2.6886152369743e-05
8.59933650531707e-06
2.02245755924198e-06
5.67554626213894e-07
4.15045758732894e-07
3.56997400868154e-07
1.68076381635635e-07
3.77314326120813e-08
3.69398640957439e-09
3.43013023746193e-09
7.96845639779619e-08
7.82861262657658e-07
3.38527468820282e-06
6.85973276257964e-06
7.00247895169248e-06
3.9483437594908e-06
1.90556927499616e-06
1.43089202136585e-06
8.34313216219587e-07
2.63856172112457e-07
5.91037825531903e-08
1.18735277450605e-08
3.95784258168685e-09
2.90241789323702e-09
1.31928086056228e-09
2.63856172112456e-10
0
1.31928086056228e-09
3.16627406534948e-08
3.10031002232136e-07
1.33748693643804e-06
2.68579197593269e-06
2.65465694762342e-06
1.29975550382596e-06
3.05809303478337e-07
4.08977066774308e-08
7.91568516337369e-09
2.11084937689965e-09
5.27712344224913e-10
0
0
0
0
0
0
2.63856172112456e-10
3.69398640957439e-09
3.66760079236315e-08
1.58313703267474e-07
3.17682831223398e-07
3.13724988641711e-07
1.53036579825225e-07
3.50928708909567e-08
3.43013023746193e-09
2.63856172112456e-10
0
0
0
0
0
0
0
0
0
0
1.05542468844983e-09
5.01326727013667e-09
1.00265345402733e-08
9.76267836816089e-09
4.74941109802422e-09
1.05542468844983e-09
0
0
0
0
0
0
0
0
0
0
0
0
0
0
0
0
0
0
0
0
0
0
0
0
0
0
0
0
0
0
0
1.31928086056228e-09
1.24012400892855e-08
5.01326727013667e-08
9.05026670345726e-08
8.36424065596487e-08
7.96845639779619e-08
3.82855305735174e-07
2.49344082646271e-06
8.73865256419245e-06
1.4699427348385e-05
1.30281623542247e-05
9.93181017448497e-06
9.42415089934061e-06
5.94098557128407e-06
1.80451236107709e-06
0
0
2.37470554901211e-09
5.30350905946038e-08
5.01854439357892e-07
2.01269488087382e-06
3.56812701547675e-06
3.13751374258922e-06
2.2580811209384e-06
6.87820269462752e-06
3.43530181843534e-05
9.95244372714417e-05
0.000149701173953551
0.000123665166170355
8.69844088356251e-05
7.84433845443449e-05
4.89527078996798e-05
1.48492976541448e-05
0
7.91568516337369e-10
3.58844394072941e-08
8.13468578622703e-07
7.72597257562484e-06
3.13571952061886e-05
5.74483489293567e-05
5.41409118119271e-05
3.67295707265703e-05
5.64361966531333e-05
0.000195919276485458
0.000452970334062962
0.000575597753908398
0.000416814122798392
0.000243271960557447
0.000189347674662825
0.00011435790355526
3.45387729295206e-05
0
4.48555492591176e-09
2.2770787653305e-07
4.98371537886008e-06
4.68861863596951e-05
0.000191872778229941
0.000363117808636474
0.00036781867019883
0.000260190154457126
0.00023346099650979
0.000464625652753685
0.000856660778572824
0.000938587328445226
0.000595656891680903
0.000275376396443058
0.000165284255622341
9.34095704827355e-05
2.83397360219105e-05
2.63856172112456e-10
1.47759456382976e-08
5.70193187935019e-07
1.1135522031662e-05
0.000100234474230596
0.000409257545885263
0.000806870855039031
0.000911994847995044
0.000764090270717406
0.000624073673705071
0.000680688764842896
0.000830477011333244
0.000739765634066531
0.000406940360981771
0.000155419728771744
7.70087985365694e-05
4.63426426451434e-05
1.74274363118556e-05
1.05542468844983e-09
3.11350283092699e-08
6.85762191320274e-07
1.01745578528284e-05
8.27930535416187e-05
0.000343942852896718
0.000783406125653071
0.00119429060869558
0.00145501876588764
0.00145745468606858
0.00122479449304116
0.000908295320605855
0.000554971061509679
0.000239542089708466
8.01690039099603e-05
4.74872507197672e-05
3.95230160207249e-05
1.9640925739707e-05
1.00265345402733e-08
2.1372349941109e-07
2.13829041879935e-06
1.15851329489416e-05
4.95458565745886e-05
0.000199349142866747
0.000620500533422324
0.00136760796547788
0.00215624952529801
0.00244421080572614
0.0020165070748485
0.00125421920564279
0.000573701683455598
0.000183494289340682
5.15226670160552e-05
2.82655924375469e-05
2.25087784743973e-05
1.12283994042456e-05
6.72833238886764e-08
1.51717298964662e-06
1.43669685715233e-05
5.86905837876622e-05
0.00011887195494776
0.000213670992032839
0.000569323781847908
0.00131333591714842
0.00209245754627873
0.002410885243476
0.00213759304693645
0.00145752777422826
0.000697011963074461
0.000251711927934809
0.000102808391189553
4.21494403579323e-05
1.25173368050149e-05
3.07656296683124e-06
1.39843771219602e-07
3.18632713443002e-06
3.02450414407346e-05
0.000122476494114988
0.000231623238271027
0.000302453052969067
0.000551934868537181
0.00108909563842927
0.00158219532999647
0.00170397577152942
0.00151188874208773
0.00114497800097714
0.000665819414119671
0.000351605763847208
0.000206034466699561
8.82759847981156e-05
1.97617718665345e-05
2.12193133612838e-06
8.73363929692231e-08
1.99712736671918e-06
1.9023766153136e-05
7.80407400257013e-05
0.00015618728637642
0.000234667874641032
0.000434818084846313
0.000754975359251781
0.000932436841073284
0.00081704910687827
0.000597467472733939
0.000435615194342265
0.000299538497691912
0.000222917303872176
0.000160588143471083
7.20385398224871e-05
1.60498432372565e-05
1.61110578691866e-06
1.97892129084342e-08
4.53832616033425e-07
4.35547383306032e-06
1.84960538089111e-05
4.29885029852499e-05
8.99108376405244e-05
0.000203899078698655
0.000370843253499755
0.000432484277003978
0.000293009904425334
0.000131736790331447
6.55067802818432e-05
5.3164643975111e-05
5.88842542179927e-05
4.99218516198489e-05
2.31758068774976e-05
5.19400874803371e-06
5.20852083749989e-07
1.8469932047872e-09
4.03699943332058e-08
3.92881840275448e-07
1.80398464873287e-06
5.49216622252078e-06
1.6684417331187e-05
4.71173243664656e-05
0.0001001199606519
0.000125549099239238
7.82206899350819e-05
2.41821543179345e-05
5.57871104697367e-06
4.00797525438821e-06
5.83254068454585e-06
5.35522486919442e-06
2.52404814242776e-06
5.67290770041782e-07
5.69929331762906e-08
0
1.58313703267474e-09
1.74145073594221e-08
9.10303793787975e-08
3.69926353301664e-07
1.40107627391714e-06
4.43674153407096e-06
1.03545077622091e-05
1.36210471729613e-05
8.4199143082806e-06
2.36678986384873e-06
3.62538380482515e-07
1.24540113237079e-07
1.74936642110559e-07
1.63854682881835e-07
7.75737146010622e-08
1.74145073594221e-08
1.8469932047872e-09
0
5.27712344224913e-10
6.0686919585865e-09
2.63856172112457e-08
5.88399263810778e-08
8.81279614855605e-08
1.54092004513675e-07
3.19265968256072e-07
4.19531313658806e-07
2.59106761014432e-07
7.15050226424757e-08
9.76267836816089e-09
1.58313703267474e-09
1.31928086056228e-09
1.31928086056228e-09
5.27712344224913e-10
2.63856172112456e-10
0
0
2.63856172112456e-10
2.37470554901211e-09
1.00265345402733e-08
2.03169252526592e-08
2.03169252526592e-08
1.08181030566107e-08
4.74941109802422e-09
3.69398640957439e-09
2.11084937689965e-09
5.27712344224913e-10
0
0
0
0
0
0
0
0
0
2.63856172112456e-10
1.31928086056228e-09
2.37470554901211e-09
2.37470554901211e-09
1.05542468844983e-09
2.63856172112456e-10
0
0
0
0
0
0
0
0
0
0
0
0
0
0
0
0
0
0
0
0
0
0
0
0
0
0
0
0
0
0
0
0
0
0
0
0
0
0
0
0
0
0
0
0
0
0
0
0
0
5.27712344224913e-10
4.2216987537993e-09
1.66229388430848e-08
2.82326104160328e-08
2.19000622853339e-08
1.60952264988598e-08
1.19526845966943e-07
8.88139875330528e-07
3.1963536689703e-06
5.37897192468454e-06
4.39003899160705e-06
2.00557076422678e-06
7.91832372509482e-07
3.41166030541406e-07
9.63075028210466e-08
0
0
7.91568516337369e-10
1.8469932047872e-08
1.73617361249996e-07
6.88400753041399e-07
1.18946362388295e-06
9.75740124471864e-07
6.02119784760626e-07
2.11586264416979e-06
1.17727346873136e-05
3.54802117516178e-05
5.40683513645961e-05
4.18840010487871e-05
1.83849703604517e-05
6.8460122416298e-06
2.83566228169257e-06
7.94207078058494e-07
0
2.63856172112456e-10
1.2137383917173e-08
2.79687542439204e-07
2.65439309145131e-06
1.06922436625131e-05
1.91791774385102e-05
1.71546090298914e-05
1.03584656047908e-05
1.59105271783811e-05
6.22455179945333e-05
0.000152737894638393
0.000200439396569916
0.000141137458031469
5.70045428478635e-05
1.84108282653188e-05
6.80669767198504e-06
1.85438117760634e-06
0
1.31928086056228e-09
7.17688788145882e-08
1.63010343131076e-06
1.55242417424085e-05
6.32764040589766e-05
0.000117139211465497
0.000113023582892887
7.35100656943583e-05
5.86631427457625e-05
0.000122967266595117
0.000250221140562373
0.000292381399023362
0.000188929726486199
7.00126521330077e-05
1.89390683218879e-05
5.82409728703825e-06
1.52033926371197e-06
0
2.63856172112457e-09
1.3641364098214e-07
3.05123277430845e-06
2.89801149516274e-05
0.000119542941193442
0.000231461494437522
0.000256998286343082
0.000226455878996376
0.000184979271877331
0.000153676431042597
0.000163323276551201
0.00015479465350001
9.15945038747739e-05
3.18305531789583e-05
8.09853749064763e-06
2.61481466563444e-06
8.34049360047475e-07
0
2.11084937689965e-09
8.44339750759861e-08
1.72456394092702e-06
1.61590796925111e-05
7.02464287014993e-05
0.000166171340072983
0.000302746197176284
0.000499450445773776
0.000582774905646029
0.000402924206186048
0.000178019801481693
6.6592548430086e-05
2.35525934912742e-05
6.77450721898732e-06
2.50188422397031e-06
1.70556629653492e-06
8.29827661293676e-07
5.27712344224913e-10
1.02903907123858e-08
1.10291879943007e-07
7.35367151677416e-07
4.4842356450512e-06
2.42995703145246e-05
0.000104637442174637
0.000347941593185082
0.000790034456552708
0.00107190277025442
0.00082450225217193
0.000374751491121085
0.000108699507944308
2.16718266964566e-05
4.01087767228145e-06
1.54646102475111e-06
1.01056913919071e-06
4.76260390662984e-07
3.43013023746193e-09
7.67821460847248e-08
7.29562315890942e-07
3.0058495127051e-06
6.90485216801087e-06
2.18261825571424e-05
9.66336290497776e-05
0.000324284248793479
0.000750999046738047
0.00108493489045123
0.00092466970693481
0.000487107254042355
0.000166558944789816
4.12531209412662e-05
1.2679344494692e-05
4.77579671523546e-06
1.18233950723592e-06
1.9446199884688e-07
7.12411664703633e-09
1.62271545849161e-07
1.54065618896463e-06
6.24705873093452e-06
1.24553306045685e-05
2.42402026757993e-05
8.11265379585564e-05
0.000260648472628085
0.000623850979095808
0.000897504394734972
0.000714008522257257
0.000358799010811337
0.000136096222007089
4.98416393435267e-05
2.52412729927939e-05
1.07426401913866e-05
2.39555018660899e-06
2.46177808580922e-07
4.48555492591176e-09
1.01584626263296e-07
9.65449733759478e-07
3.95309317058882e-06
8.09062180548425e-06
1.49933631241182e-05
4.37436593498357e-05
0.000139943772708833
0.000349854022720553
0.000493365394732518
0.000348167717924582
0.000144566005131899
5.3894470147174e-05
2.87806396855104e-05
1.95522700658773e-05
8.81068529917915e-06
1.96942246864738e-06
1.9762827291223e-07
1.05542468844983e-09
2.29554869737837e-08
2.19000622853339e-07
9.23496602393598e-07
2.12773617191485e-06
4.75363279677802e-06
1.37988862329651e-05
4.20148737101549e-05
0.000101043193398121
0.000136046880902904
8.770447232932e-05
2.94218101837437e-05
9.61280806240102e-06
7.41251144315524e-06
6.10958966526393e-06
2.84357796685594e-06
6.38268080340032e-07
6.41170498233269e-08
0
2.11084937689965e-09
1.95253567363218e-08
8.70725367971106e-08
2.51982644367396e-07
7.76001002182735e-07
2.53987951275451e-06
7.20248193015373e-06
1.43073370766258e-05
1.62735932712079e-05
9.28140471022777e-06
2.63671472791978e-06
7.41699699808115e-07
7.29562315890942e-07
6.57529580904242e-07
3.10294858404249e-07
6.96580294376885e-08
7.12411664703633e-09
0
0
5.27712344224913e-10
3.16627406534948e-09
1.34566647777353e-08
5.85760702089653e-08
2.16889773476439e-07
5.86288414433878e-07
9.38008691859783e-07
8.02914331738205e-07
3.60427531105616e-07
8.52255435923234e-08
2.05807814247716e-08
2.16362061132214e-08
2.00530690805467e-08
9.49882219604843e-09
2.11084937689965e-09
2.63856172112456e-10
0
0
0
0
2.63856172112456e-10
1.58313703267474e-09
6.0686919585865e-09
1.63590826709723e-08
2.34831993180086e-08
1.63590826709723e-08
5.54097961436159e-09
1.05542468844983e-09
2.63856172112456e-10
2.63856172112456e-10
2.63856172112456e-10
0
0
0
0
0
0
0
0
0
0
0
2.63856172112456e-10
0
0
0
0
0
0
0
0
0
0
0
0
0
0
0
0
0
0
0
0
0
0
0
0
0
0
0
0
0
0
0
0
0
0
0
0
0
0
0
0
0
0
0
0
0
0
0
0
0
0
0
0
0
0
0
0
0
0
0
0
0
0
0
0
0
0
0
2.63856172112456e-10
7.91568516337369e-10
1.58313703267474e-09
1.05542468844983e-09
7.91568516337369e-10
6.33254813069896e-09
4.69663986360173e-08
1.6965951866831e-07
2.85492378225678e-07
2.30082582082062e-07
9.39327972720345e-08
2.16362061132214e-08
3.95784258168685e-09
7.91568516337369e-10
0
0
0
1.05542468844983e-09
9.23496602393598e-09
3.61482955794065e-08
6.25339127906522e-08
5.1451953561929e-08
3.21904529977197e-08
1.12138873147794e-07
6.2085357298061e-07
1.8768089522359e-06
2.86442260445283e-06
2.19739420135254e-06
8.72572361175894e-07
1.9551742353533e-07
3.48290147188443e-08
6.59640430281141e-09
0
0
5.27712344224913e-10
1.47759456382976e-08
1.39579915047489e-07
5.62277502771645e-07
1.01267998856761e-06
9.4091110975302e-07
6.79165787017463e-07
1.02428966014056e-06
3.36601318763861e-06
8.04365540684824e-06
1.05661204122433e-05
7.4053873265082e-06
2.78078019789318e-06
5.87079982950216e-07
9.23496602393598e-08
1.55675141546349e-08
0
0
3.69398640957439e-09
8.52255435923234e-08
8.12677010106366e-07
3.32669861799385e-06
6.35207348743528e-06
7.44417418380874e-06
8.71807178276767e-06
9.97218016881818e-06
1.05246949932217e-05
1.39432155591107e-05
1.52659265499104e-05
9.82362914391887e-06
3.4887063076709e-06
6.90511602418299e-07
9.31412287556971e-08
1.34566647777353e-08
0
0
6.86026047492387e-09
1.55147429202124e-07
1.49052351626327e-06
6.31961917826545e-06
1.43173636111661e-05
2.90909345439147e-05
6.14492000670979e-05
8.04423589042688e-05
5.1538762242554e-05
1.93541140806208e-05
8.71622478956289e-06
4.53014661899877e-06
1.52667181184267e-06
2.93671919561164e-07
4.03699943332058e-08
7.12411664703633e-09
0
0
3.43013023746193e-09
7.8629139289512e-08
7.85763680550895e-07
4.03990185121382e-06
1.71026293639852e-05
7.40164056886421e-05
0.000210665670232479
0.000296442673224517
0.000189246881605078
5.51179712172595e-05
8.44075894587748e-06
1.16466114370438e-06
2.34304280835861e-07
4.80218233244671e-08
1.503980181041e-08
6.0686919585865e-09
0
0
1.31928086056228e-09
1.55675141546349e-08
1.82852327273932e-07
1.96652005075414e-06
1.79274437580087e-05
0.000103883077378567
0.000317092848822554
0.000462861246530769
0.000312219425323637
0.00010029859128042
1.67965562043348e-05
1.68419394659381e-06
1.48814881071425e-07
3.08711721371574e-08
1.10819592287232e-08
3.69398640957439e-09
0
5.27712344224913e-10
5.54097961436159e-09
2.53301925227958e-08
1.26650962613979e-07
1.31690615501327e-06
1.20537415106133e-05
7.12791617591475e-05
0.000228280708282706
0.000353298137335137
0.000259789356931687
9.64840226001898e-05
2.01074234520019e-05
2.80136097931795e-06
5.24546070159563e-07
1.75200498282671e-07
3.90507134726436e-08
4.48555492591176e-09
0
1.31928086056228e-09
1.16096715729481e-08
4.88133918408045e-08
1.46704031694526e-07
9.108315061322e-07
7.7824377964569e-06
5.08258228655062e-05
0.000176921104381016
0.000280149818452745
0.000199518802385416
6.92289993018337e-05
1.41120835092626e-05
2.62827133041218e-06
9.76003980643977e-07
4.04227655676283e-07
8.99749546903477e-08
8.97110985182352e-09
0
7.91568516337369e-10
7.12411664703633e-09
3.03434597929325e-08
8.02122763221868e-08
4.20850594519368e-07
4.12908523738783e-06
3.06529630828204e-05
0.000111168410146764
0.000174108925298642
0.000116510442207353
3.51559325160916e-05
5.96314948974152e-06
1.33854236112649e-06
7.41699699808115e-07
3.3193106451747e-07
7.44074405357127e-08
7.38797281914878e-09
0
2.63856172112456e-10
1.58313703267474e-09
6.86026047492387e-09
1.8469932047872e-08
9.4196653444147e-08
1.06940906557179e-06
8.64366434223196e-06
3.20434851098531e-05
5.01516703457588e-05
3.29339996907326e-05
9.35554829459137e-06
1.37627379373857e-06
3.37472044131832e-07
2.31665719114737e-07
1.07125605877657e-07
2.40109116622335e-08
2.37470554901211e-09
0
0
2.63856172112456e-10
5.27712344224913e-10
2.11084937689965e-09
1.02903907123858e-08
1.13194297836244e-07
9.10303793787975e-07
3.36179148888481e-06
5.24308599604662e-06
3.42247840847067e-06
9.53312349842305e-07
1.31400373712003e-07
3.32458776861695e-08
2.50663363506834e-08
1.16096715729481e-08
2.63856172112457e-09
2.63856172112456e-10
0
0
0
0
0
5.27712344224913e-10
4.48555492591176e-09
3.03434597929325e-08
1.05542468844983e-07
1.61216121160711e-07
1.0422318798442e-07
2.87603227602578e-08
3.95784258168685e-09
1.05542468844983e-09
7.91568516337369e-10
2.63856172112456e-10
0
0
0
0
0
0
0
0
0
2.63856172112456e-10
1.05542468844983e-09
1.31928086056228e-09
7.91568516337369e-10
2.63856172112456e-10
0
0
0
0
0
0
0
0
0
0
0
0
0
0
0
0
0
0
0
0
0
0
0
0
0
0
0
0
0
0
0
0
0
0
0
0
0
0
0
0
0
0
0
0
0
0
0
0
0
0
0
0
0
0
0
0
0
0
0
0
0
0
0
0
0
0
0
0
0
0
0
0
0
0
0
0
0
0
0
0
0
0
0
0
0
0
0
0
2.63856172112456e-10
1.31928086056228e-09
2.11084937689965e-09
1.8469932047872e-09
7.91568516337369e-10
2.63856172112456e-10
0
0
0
0
0
0
0
2.63856172112456e-10
5.27712344224913e-10
5.27712344224913e-10
5.27712344224913e-10
1.31928086056228e-09
5.01326727013667e-09
1.42482332940727e-08
2.16362061132214e-08
1.66229388430848e-08
6.59640430281141e-09
1.31928086056228e-09
2.63856172112456e-10
0
0
0
0
0
1.05542468844983e-09
4.48555492591176e-09
1.00265345402733e-08
2.16362061132214e-08
5.03965288734792e-08
7.17688788145882e-08
6.46447621675518e-08
7.07134541261383e-08
8.07399886664117e-08
5.59375084878408e-08
2.08446375968841e-08
3.95784258168685e-09
5.27712344224913e-10
0
0
0
0
5.27712344224913e-10
6.33254813069896e-09
3.08711721371574e-08
1.24012400892855e-07
5.43807570723773e-07
1.57865147774883e-06
2.2177111266052e-06
1.39421601344222e-06
4.44597650009489e-07
1.51189586620438e-07
7.54628652241626e-08
2.61217610391332e-08
4.74941109802422e-09
5.27712344224913e-10
0
0
0
0
1.31928086056228e-09
1.34566647777353e-08
1.06597893533432e-07
8.68086806249982e-07
5.08239758723014e-06
1.55527382089966e-05
2.19900372400242e-05
1.35355577731969e-05
3.55546191921535e-06
4.34571115469216e-07
5.06603850455916e-08
1.16096715729481e-08
2.11084937689965e-09
2.63856172112456e-10
0
0
0
0
7.91568516337369e-10
1.37205209498477e-08
2.45122383892472e-07
2.89740462596688e-06
1.82796917477789e-05
5.66338249260455e-05
8.03832551217156e-05
4.96643279958671e-05
1.30432021560351e-05
1.4614993373309e-06
7.51990090520501e-08
3.16627406534948e-09
2.63856172112456e-10
0
0
0
0
0
2.63856172112456e-10
1.24012400892855e-08
3.17682831223398e-07
4.04940067340987e-06
2.59325761637286e-05
8.0806480421784e-05
0.00011536715341359
7.20628145903214e-05
1.93910539447165e-05
2.28816072455922e-06
1.25859394097642e-07
3.95784258168685e-09
2.63856172112456e-10
0
0
0
0
0
0
5.80483578647404e-09
1.52772723653112e-07
2.00820932594791e-06
1.33294861027771e-05
4.28009012468779e-05
6.26959204803292e-05
4.05254056185801e-05
1.16389596080526e-05
1.56308396359419e-06
1.09236455254557e-07
6.59640430281141e-09
1.31928086056228e-09
2.63856172112456e-10
0
0
0
0
0
1.58313703267474e-09
3.85230011284186e-08
6.24547559390185e-07
5.03595890093834e-06
1.82242819516353e-05
2.8408866339004e-05
1.90298348450946e-05
5.64995221344403e-06
7.99748057672856e-07
6.51724745117768e-08
8.44339750759861e-09
2.90241789323702e-09
5.27712344224913e-10
0
0
0
0
0
5.27712344224913e-10
1.47759456382976e-08
2.97629762142851e-07
2.69713779133353e-06
1.02447435946103e-05
1.61548579937573e-05
1.06489712502866e-05
3.0037386633282e-06
3.84966155112074e-07
2.95518912765951e-08
5.80483578647404e-09
2.37470554901211e-09
5.27712344224913e-10
0
0
0
0
0
0
3.95784258168685e-09
8.4961687420211e-08
7.83125118829771e-07
2.98711572448512e-06
4.70508326110932e-06
3.08078466558504e-06
8.53838572955909e-07
1.05014756500758e-07
7.65182899126124e-09
1.8469932047872e-09
7.91568516337369e-10
2.63856172112456e-10
0
0
0
0
0
0
5.27712344224913e-10
8.97110985182352e-09
8.2059269526974e-08
3.12933420125373e-07
4.92619473333956e-07
3.22432242321422e-07
8.91833861740103e-08
1.08181030566107e-08
7.91568516337369e-10
2.63856172112456e-10
0
0
0
0
0
0
0
0
0
2.63856172112456e-10
2.37470554901211e-09
9.49882219604843e-09
1.503980181041e-08
9.76267836816089e-09
2.63856172112457e-09
2.63856172112456e-10
0
0
0
0
0
0
0
0
0
0
0
0
0
0
0
0
0
0
0
0
0
0
0
0
0
0
0
0
0
0
0
0
0
0
0
0
0
0
0
0
0
0
0
0
0
0
0
0
0
0
0
0
0
0
0
0
0
0
0
0
0
0
0
0
0
0
0
0
0
0
0
0
0
0
0
0
0
0
0
0
0
0
0
0
0
0
0
0
0
0
0
0
0
0
0
0
0
0
0
0
0
0
0
0
0
0
0
0
0
0
0
0
0
0
0
0
0
0
0
0
0
0
0
0
0
0
0
0
0
0
0
0
0
0
0
0
0
0
7.91568516337369e-10
2.37470554901211e-09
3.43013023746193e-09
2.11084937689965e-09
5.27712344224913e-10
2.63856172112456e-10
0
0
0
0
0
0
0
0
0
0
2.63856172112456e-10
3.95784258168685e-09
2.55940486949083e-08
7.96845639779619e-08
1.12666585492019e-07
6.91303170934636e-08
1.7942219703647e-08
2.11084937689965e-09
2.63856172112456e-10
0
0
0
0
0
0
0
0
0
3.16627406534948e-09
4.01061381610934e-08
2.5567663077697e-07
7.92360084853707e-07
1.12165258765005e-06
6.88400753041399e-07
1.77839060003796e-07
1.89976443920969e-08
7.91568516337369e-10
0
0
0
0
0
0
0
0
5.27712344224913e-10
1.13458154008356e-08
1.45384750833964e-07
9.29301438180072e-07
2.88236482415647e-06
4.08211883875181e-06
2.50663363506834e-06
6.48294614880306e-07
6.96580294376885e-08
3.16627406534948e-09
0
0
0
0
0
0
0
0
5.27712344224913e-10
1.58313703267474e-08
2.04752389559266e-07
1.31030975071046e-06
4.06998145483464e-06
5.77132605261576e-06
3.55071250811733e-06
9.21913465360923e-07
1.00265345402733e-07
4.48555492591176e-09
0
0
0
0
0
0
0
0
2.63856172112456e-10
7.38797281914878e-09
9.68352151652715e-08
6.34310237758345e-07
2.00398762719411e-06
2.87392142664888e-06
1.78657014137344e-06
4.71774835737072e-07
5.30350905946038e-08
2.63856172112457e-09
0
0
0
0
0
0
0
0
0
1.31928086056228e-09
2.26916308016713e-08
1.79158340864358e-07
6.33254813069896e-07
9.65185877587366e-07
6.23492134701735e-07
1.71770368045209e-07
2.08446375968841e-08
1.05542468844983e-09
0
0
0
0
0
0
0
0
0
5.27712344224913e-10
8.97110985182352e-09
8.31146942154238e-08
3.16099694190723e-07
4.97368884431981e-07
3.25598516386771e-07
9.02388108624601e-08
1.08181030566107e-08
5.27712344224913e-10
0
0
0
0
0
0
0
0
0
0
2.63856172112457e-09
2.40109116622335e-08
9.20858040672473e-08
1.44857038489739e-07
9.47243657883719e-08
2.61217610391332e-08
3.16627406534948e-09
2.63856172112456e-10
0
0
0
0
0
0
0
0
0
0
2.63856172112456e-10
2.63856172112457e-09
9.76267836816089e-09
1.53036579825225e-08
1.00265345402733e-08
2.63856172112457e-09
2.63856172112456e-10
0
0
0
0
0
0
0
0
0
0
0
0
0
2.63856172112456e-10
5.27712344224913e-10
2.63856172112456e-10
0
0
0
0
0
0
0
0
0
0
0
0
0
0
0
0
0
0
0
0
0
0
0
0
0
0
0
0
0
0
0
0
0
0
0
0
0
0
0
0
0
0
0
0
0
0
0
0
0
0
0
0
0
0
0
0
0
0
0
0
0
0
0
0
0
0
0
0
0
0
0
0
0
0
0
0
0
0
0
0
0
0
0
0
0
0
0
0
0
0
0
0
0
0
0
0
0
0
0
0
0
0
0
0
0
0
0
0
0
0
0
0
0
0
0
0
0
0
0
0
0
0
0
0
0
0
0
0
0
0
0
0
0
0
0
0
0
0
0
0
0
0
0
0
0
0
0
0
0
0
0
0
0
0
0
0
0
0
2.63856172112456e-10
5.27712344224913e-10
7.91568516337369e-10
5.27712344224913e-10
2.63856172112456e-10
0
0
0
0
0
0
0
0
0
0
0
0
2.63856172112456e-10
1.8469932047872e-09
6.0686919585865e-09
8.44339750759861e-09
5.27712344224913e-09
1.31928086056228e-09
2.63856172112456e-10
0
0
0
0
0
0
0
0
0
0
0
1.05542468844983e-09
6.86026047492387e-09
2.16362061132214e-08
3.0607315965045e-08
1.87337882199844e-08
4.74941109802422e-09
5.27712344224913e-10
0
0
0
0
0
0
0
0
0
0
0
1.58313703267474e-09
9.76267836816089e-09
3.03434597929325e-08
4.32724122264429e-08
2.63856172112457e-08
6.86026047492387e-09
7.91568516337369e-10
0
0
0
0
0
0
0
0
0
0
0
7.91568516337369e-10
4.74941109802422e-09
1.47759456382976e-08
2.11084937689965e-08
1.31928086056228e-08
3.43013023746193e-09
2.63856172112456e-10
0
0
0
0
0
0
0
0
0
0
0
2.63856172112456e-10
1.31928086056228e-09
4.48555492591176e-09
6.59640430281141e-09
4.2216987537993e-09
1.05542468844983e-09
2.63856172112456e-10
0
0
0
0
0
0
0
0
0
0
0
0
5.27712344224913e-10
2.11084937689965e-09
3.43013023746193e-09
2.11084937689965e-09
5.27712344224913e-10
0
0
0
0
0
0
0
0
0
0
0
0
0
2.63856172112456e-10
5.27712344224913e-10
1.05542468844983e-09
5.27712344224913e-10
2.63856172112456e-10
0
0
0
0
0
0
0
0
0
0
0
0
0
0
0
0
0
0
0
0
0
0
0
0
0
0
0
0
0
0
0
0
0
0
0
0
0
0
0
0
0
0
0
0
0
0
0
0
0
0
0
0
0
0
0
0
0
0
0
0
0
0
0
0
0
0
0
0
0
0
0
0
0
0
0
0
0
0
0
0
0
0
0
0
0
0
0
0
0
0
0
0
0
0
0
0
0
0
0
0
0
0
0
0
0
0
0
0
0
0
0
0
0
0
0
0
0
0
0
0
0
0
0
0
0
0
0
0
0
0
0
0
0
