5.16314040326113e-05
0.000157647705530253
0.000317808484143802
0.000423825919699694
0.00037688384653325
0.000228203139590368
0.000100428796497012
3.897871613084e-05
1.74157325542262e-05
8.27408899626455e-06
3.17309498513545e-06
8.75492969451238e-07
1.88253669597028e-07
4.53623300233802e-08
1.47427572575986e-08
4.53623300233802e-09
1.1340582505845e-09
2.62409738602749e-05
0.000113894604164452
0.0003341026330882
0.000663623670844038
0.00089602396001982
0.000832076683385861
0.000552299976733661
0.000296499529615319
0.000164439580393004
0.000102045963562346
5.67323980437404e-05
2.47440169695033e-05
1.01089952457103e-05
5.68957024318246e-06
3.62898640187042e-06
1.771398987413e-06
5.87442173802774e-07
1.32684815318387e-07
1.429934048162e-05
6.06006707364842e-05
0.000176792876916621
0.000358032396233784
0.000506689287953403
0.000509103697968897
0.000386907787410166
0.000267499392031372
0.000207126667003255
0.000163683163539864
0.000114155437562087
8.75266157801121e-05
9.49580994961924e-05
0.000101399550359512
7.82772366883449e-05
4.04586621478528e-05
1.38910795114096e-05
3.20484861615181e-06
2.05037731705679e-06
8.60296588893406e-06
2.50876366194304e-05
5.14726358775295e-05
7.48795981695937e-05
7.85834324160027e-05
6.40119179542424e-05
4.94574143662408e-05
4.47374639273081e-05
5.06697226361157e-05
8.72158838194519e-05
0.000187516531734148
0.000325659569412598
0.000388343505155406
0.000307163079345565
0.000160347898224895
5.54894702010998e-05
1.28783654936376e-05
1.92789902599366e-08
8.27862522926689e-08
2.42688465625084e-07
5.12594329264196e-07
8.01779183163245e-07
9.91166911010857e-07
1.15787347384678e-06
1.66593157010864e-06
3.03814205331589e-06
6.68413932894507e-06
1.72932542631631e-05
4.10823941856743e-05
7.21397134361815e-05
8.61770864619165e-05
6.83859806267468e-05
3.58929436309996e-05
1.25109306204483e-05
2.92700434475861e-06
0
0
0
1.1340582505845e-09
2.26811650116901e-09
9.07246600467604e-09
3.96920387704577e-08
1.30416698817218e-07
3.07329785908401e-07
5.23934911770041e-07
7.48478445385773e-07
1.08869592056112e-06
1.56046415280428e-06
1.78840986117176e-06
1.44705832774583e-06
7.94974833659738e-07
2.93721086901387e-07
7.25797280374083e-08
0
0
0
0
0
0
0
1.1340582505845e-09
3.40217475175351e-09
5.67029125292253e-09
6.80434950350703e-09
7.93840775409153e-09
9.07246600467604e-09
1.02065242552605e-08
7.93840775409153e-09
4.53623300233802e-09
2.26811650116901e-09
0
0
0
0
0
0
0
0
0
0
0
0
0
0
0
0
0
0
0
0
0
0
0
0
0
1.1340582505845e-09
2.26811650116901e-09
2.26811650116901e-09
2.26811650116901e-09
2.26811650116901e-09
1.1340582505845e-09
0
0
0
0
0
0
0
0
0
0
0
1.1340582505845e-09
4.53623300233802e-09
1.13405825058451e-08
1.70108737587676e-08
1.70108737587676e-08
1.13405825058451e-08
5.67029125292253e-09
1.1340582505845e-09
0
0
0
0
0
0
0
0
0
0
2.26811650116901e-09
6.80434950350703e-09
1.58768155081831e-08
2.38152232622746e-08
2.38152232622746e-08
1.58768155081831e-08
6.80434950350703e-09
2.26811650116901e-09
0
0
0
0
0
0
0
0
0
0
0
1.1340582505845e-09
3.40217475175351e-09
4.53623300233802e-09
4.53623300233802e-09
3.40217475175351e-09
1.1340582505845e-09
0
0
0
0
0
0
0
0
0
0
0
0
0
0
0
0
0
0
0
0
0
0
0
0
0
0
0
0
0
0
0
0
0
0
0
0
0
0
0
0
0
0
0
0
0
0
0
0
0
0
0
0
0
0
0
0
0
0
0
0
0
0
0
0
0
0
0
0
0
0
0
0
0
0
0
0
0
0
0
0
0
0
0
0
0
0
0
0
0
0
0
0
0
0
0
0
0
0
0
0
0
0
0
0
0
0
0
0
0
0
0
0
0
0
2.63759267920944e-05
0.000116253445325668
0.000341726906706879
0.000668848277204481
0.00087417859593881
0.000773416386316127
0.000482652923332264
0.000238447087767898
0.000116793257052946
6.35117982657346e-05
3.1906728880195e-05
1.22478291063127e-05
3.37609141199007e-06
7.34869746378759e-07
1.89387727847612e-07
7.03116115362393e-08
2.38152232622746e-08
6.80434950350703e-09
6.9542720042343e-05
0.000286449505398639
0.000799838809496495
0.00152508493756079
0.00200874490461958
0.00188010073884802
0.00134944426382677
0.000877993567893777
0.000610603045454461
0.000421698426421598
0.000239747852581318
0.000104739351907484
4.19760320871349e-05
2.29567411665821e-05
1.49480218009544e-05
7.78871206501438e-06
2.87143549047997e-06
7.58684969641034e-07
4.13114739522923e-05
0.000167289468776723
0.000467134470231266
0.000915295011872002
0.00128326629461391
0.00133823750019449
0.00115140253746894
0.000987198841192062
0.000908644894290575
0.000765027757436553
0.000528900952849351
0.000360277831569941
0.000335517937784929
0.000339660652574315
0.000262444894408517
0.000139032139346909
5.01355812000904e-05
1.26901118240406e-05
6.20783486369958e-06
2.49833032603766e-05
6.99884049348227e-05
0.000139821443889315
0.000204356162697077
0.000228544491123794
0.00021790362255856
0.000210286153289384
0.000218788187994016
0.000239434852504157
0.000337240572267567
0.000626603473311958
0.00103747504561523
0.00122293552974106
0.00096982960502611
0.000513579825883954
0.000183639186575399
4.57762612848436e-05
6.91775532856548e-08
2.75576154892035e-07
7.87036425905647e-07
1.7271707156402e-06
3.16062034437902e-06
5.19171867117586e-06
8.47141513186625e-06
1.50364783445e-05
2.71640972762506e-05
4.63217433033747e-05
8.17962194399086e-05
0.000151800501190239
0.00024140017545242
0.000278583677372585
0.000219143148226449
0.00011584858653021
4.14634377578707e-05
1.03324047210754e-05
0
1.1340582505845e-09
2.26811650116901e-09
7.93840775409153e-09
2.94855145151971e-08
1.20210174561958e-07
4.79706639997246e-07
1.55025762854902e-06
3.57455160584236e-06
5.79730577698799e-06
7.05837855163796e-06
7.51086779362118e-06
7.86242585130237e-06
7.43034965782968e-06
5.43100496204919e-06
2.83174345170951e-06
1.02518865852839e-06
2.56297164632098e-07
0
0
0
0
0
1.1340582505845e-09
4.53623300233802e-09
1.70108737587676e-08
4.42282717727957e-08
7.82500192903308e-08
9.97971260514364e-08
9.97971260514364e-08
8.27862522926689e-08
6.12391455315633e-08
3.74239222692887e-08
1.81449320093521e-08
6.80434950350703e-09
1.1340582505845e-09
0
0
0
0
0
0
0
2.26811650116901e-09
6.80434950350703e-09
1.47427572575986e-08
2.26811650116901e-08
2.38152232622746e-08
1.70108737587676e-08
7.93840775409153e-09
2.26811650116901e-09
0
0
0
0
0
0
0
1.1340582505845e-09
5.67029125292253e-09
2.04130485105211e-08
4.64963882739647e-08
7.14456697868238e-08
7.25797280374083e-08
4.98985630257182e-08
2.38152232622746e-08
7.93840775409153e-09
2.26811650116901e-09
0
0
0
0
0
0
0
1.1340582505845e-09
6.80434950350703e-09
3.62898640187042e-08
1.27014524065465e-07
2.91452970400218e-07
4.40014601226788e-07
4.41148659477372e-07
2.93721086901387e-07
1.29282640566634e-07
3.74239222692887e-08
6.80434950350703e-09
1.1340582505845e-09
0
0
0
0
0
0
1.1340582505845e-09
9.07246600467604e-09
5.10326212763027e-08
1.76913087091183e-07
4.04858795458668e-07
6.11257397065048e-07
6.13525513566217e-07
4.08260970210422e-07
1.79181203592352e-07
5.21666795268872e-08
9.07246600467604e-09
1.1340582505845e-09
0
0
0
0
0
0
0
2.26811650116901e-09
9.07246600467604e-09
3.40217475175352e-08
7.71159610397463e-08
1.1567394155962e-07
1.16807999810204e-07
7.71159610397463e-08
3.40217475175352e-08
1.02065242552605e-08
2.26811650116901e-09
0
0
0
0
0
0
0
0
0
0
0
1.1340582505845e-09
1.1340582505845e-09
1.1340582505845e-09
1.1340582505845e-09
0
0
0
0
0
0
0
0
0
0
0
0
0
0
0
0
0
0
0
0
0
0
0
0
0
0
0
0
0
0
0
0
0
0
0
0
0
0
0
0
0
0
0
0
0
0
0
0
0
0
0
0
0
0
0
0
0
0
0
0
0
0
0
0
0
0
0
0
0
0
0
0
0
0
0
0
0
0
0
0
0
0
0
0
0
0
0
0
0
0
0
0
0
0
0
0
0
3.64372915912801e-05
0.000153754483555997
0.000435113201467762
0.000827475809063239
0.00106711819422725
0.000961319631913724
0.000654048817034353
0.000392572408371836
0.000241812972655633
0.000147080550751307
7.53887903241061e-05
2.91543695060265e-05
8.29790421952682e-06
2.01862368604042e-06
6.60021901840182e-07
2.99391378154309e-07
1.20210174561958e-07
3.74239222692887e-08
0.0001075847040582
0.000424899872862998
0.00113857860677133
0.00210429271440607
0.00275895732507049
0.0027232685119246
0.00226829228019785
0.00183147572323771
0.00148067408240965
0.00107621901168819
0.000627000393699662
0.00028732386430984
0.000127319585734872
7.80957873682514e-05
5.53817346672943e-05
3.1792188996886e-05
1.32991011046045e-05
4.10188869236416e-06
7.06234775551501e-05
0.000276937024792736
0.000750021898664819
0.00144493423664248
0.00206115200449559
0.00233183242991985
0.00236318006808251
0.00243129727690387
0.00248201349592825
0.00218668544848579
0.00155237604936111
0.00102660849945812
0.000858610244274786
0.000815593146713615
0.000632109326118546
0.000352742014494807
0.00014157583200297
4.31044200464665e-05
1.16104883694842e-05
4.51922212857925e-05
0.000122913769431351
0.00024403799494328
0.000374241490809388
0.000477644922097683
0.000557235398240205
0.000640825697832538
0.000723890928454851
0.000790041680269696
0.000961995530631072
0.00146598122371508
0.00217057501697799
0.00243762305382563
0.0019103301955756
0.00103687966503367
0.000403327816820379
0.00012151434155013
2.46090640376838e-07
9.03844425715851e-07
2.44276147175902e-06
5.63967168015674e-06
1.2380513921631e-05
2.52282598425029e-05
4.72584754183575e-05
8.68212315482485e-05
0.0001524990810726
0.000233723735154214
0.000321260557458581
0.000440074706314069
0.000571043691499322
0.000593749805792525
0.000446174805643963
0.000236015666878645
9.00464932129109e-05
2.66106768499654e-05
1.1340582505845e-09
6.80434950350703e-09
2.83514562646126e-08
1.04333359053774e-07
3.4475370817769e-07
1.0614785225471e-06
3.35341024697838e-06
9.72568355701271e-06
2.16537082366605e-05
3.45230012642935e-05
4.04563940313516e-05
3.84207594715524e-05
3.27538703933817e-05
2.47485532025057e-05
1.50478189270058e-05
6.88486763929853e-06
2.3270875301994e-06
5.89710290303943e-07
0
0
0
1.1340582505845e-09
3.40217475175351e-09
1.13405825058451e-08
4.87645047751337e-08
1.78047145341767e-07
4.87645047751337e-07
9.514748722404e-07
1.32004380368036e-06
1.30870322117452e-06
9.34463998481632e-07
4.89913164252506e-07
1.97326135601704e-07
6.35072620327323e-08
1.70108737587676e-08
3.40217475175351e-09
0
0
0
0
0
2.26811650116901e-09
1.13405825058451e-08
5.10326212763027e-08
1.63304388084169e-07
3.69702989690549e-07
5.70431300044006e-07
5.91978406805112e-07
4.09395028461006e-07
1.85985553095859e-07
5.44347960280562e-08
1.02065242552605e-08
1.1340582505845e-09
0
0
0
0
2.26811650116901e-09
1.47427572575986e-08
7.71159610397463e-08
2.68771805388528e-07
6.18061746568555e-07
9.45804580987477e-07
9.79826328505012e-07
6.9971394061064e-07
3.58362407184704e-07
1.3835510657131e-07
4.19601552716267e-08
1.02065242552605e-08
1.1340582505845e-09
0
0
0
0
1.1340582505845e-09
1.02065242552605e-08
8.95906017961759e-08
4.8084069824783e-07
1.67840621086507e-06
3.83992123647913e-06
5.80297606824091e-06
5.82225505850085e-06
3.87621110049784e-06
1.70335549237793e-06
4.89913164252506e-07
9.18587182973449e-08
1.13405825058451e-08
1.1340582505845e-09
0
0
0
0
1.1340582505845e-09
1.47427572575986e-08
1.24746407564296e-07
6.69094367844858e-07
2.3350259379535e-06
5.34141436025302e-06
8.07222662766051e-06
8.09830996742395e-06
5.39131292327874e-06
2.36904768547103e-06
6.81569008601287e-07
1.27014524065465e-07
1.47427572575986e-08
1.1340582505845e-09
0
0
0
0
0
2.26811650116901e-09
2.38152232622746e-08
1.27014524065465e-07
4.42282717727957e-07
1.01271401777196e-06
1.53097863828908e-06
1.53551487129142e-06
1.02178648377664e-06
4.49087067231464e-07
1.29282640566634e-07
2.38152232622746e-08
3.40217475175351e-09
0
0
0
0
0
0
0
0
1.1340582505845e-09
4.53623300233802e-09
1.02065242552605e-08
1.47427572575986e-08
1.47427572575986e-08
1.02065242552605e-08
4.53623300233802e-09
1.1340582505845e-09
0
0
0
0
0
0
0
0
0
0
0
0
0
0
0
0
0
0
0
0
0
0
0
0
0
0
0
0
0
0
0
0
0
0
0
0
0
0
0
0
0
0
0
0
0
0
0
0
0
0
0
0
0
0
0
0
0
0
0
0
0
0
0
0
0
0
0
0
0
0
0
0
0
0
0
0
0
0
0
0
0
0
0
0
0
0
0
0
0
0
0
0
0
0
0
2.95399493112252e-05
0.000119944804931321
0.000328078515661095
0.000610735730269779
0.00079327147816736
0.000764602485592584
0.000614591528321767
0.000467313651434858
0.000344217298625163
0.000226579168175531
0.000121153711026444
4.93292657839248e-05
1.54299965574528e-05
4.65190694389764e-06
2.03563455979919e-06
1.07962345455645e-06
4.75170406994908e-07
1.57634096831246e-07
9.82514046558898e-05
0.000375374415001722
0.000975059881677806
0.00177679143439453
0.00240508805667461
0.00266523534906744
0.00269768075561666
0.00261008042605026
0.00232711134542267
0.00178293689605444
0.00110779572961747
0.000574794022134005
0.00031768827396924
0.000235413481947584
0.000182007276752808
0.000111967839196709
5.06969400341297e-05
1.70086056422664e-05
7.70059573894396e-05
0.00029215495245733
0.000767146178248645
0.0014623295561482
0.00217106266202574
0.00275991333617574
0.00330984766739868
0.00390506154239271
0.00429918534245134
0.00401756579114194
0.00308956592468864
0.00223928647232265
0.00191706423346757
0.00178206480525974
0.00140268716463346
0.000840880377585148
0.000383609946017466
0.000138718005211497
1.69485005549854e-05
6.2342584209382e-05
0.000160226553992082
0.000311860348619486
0.000513915507126127
0.000781134786769605
0.00110662651556112
0.00143961550344724
0.00172344420022878
0.00193966941657648
0.00225738150576898
0.00295737555876751
0.00377792113786143
0.00386721461639595
0.00293392890443668
0.00167087266190643
0.000767239171025193
0.000306201397949069
1.07168504680236e-06
3.73445381917478e-06
9.47392262538295e-06
2.11195668006352e-05
4.74694102529662e-05
9.99264086920031e-05
0.000184082603351378
0.000314996019682352
0.000514069739048207
0.000743044038248972
0.000932471458135355
0.00108751876809702
0.00117748134099939
0.00106083097528601
0.000731680774578116
0.000386065182129982
0.000167236168038945
6.45120376427502e-05
1.36086990070141e-08
6.91775532856548e-08
3.00525436404894e-07
1.11704737682574e-06
3.28309863544214e-06
7.68324464771002e-06
1.65323011770209e-05
3.64713133387977e-05
7.28110759205276e-05
0.000113004368437744
0.000132839047240467
0.000126312542008353
0.000103570137851131
7.10952457873932e-05
3.77822846764734e-05
1.50206015289918e-05
4.6258236041342e-06
1.21004015337367e-06
0
0
2.26811650116901e-09
1.02065242552605e-08
3.40217475175352e-08
1.20210174561958e-07
4.74036348744323e-07
1.73964535639663e-06
4.88098671051571e-06
9.8288828578159e-06
1.39557208316929e-05
1.38196338416228e-05
9.43990087786542e-06
4.41602282777606e-06
1.42210904623297e-06
3.24340659667168e-07
5.67029125292253e-08
7.93840775409153e-09
0
0
0
0
2.26811650116901e-09
2.26811650116901e-08
1.42891339573648e-07
6.57753785339013e-07
2.13202951109887e-06
4.78005552621369e-06
7.31240759976889e-06
7.54829171589047e-06
5.19285272942645e-06
2.35203681171226e-06
6.92909591107133e-07
1.31550757067803e-07
1.58768155081831e-08
1.1340582505845e-09
0
0
1.1340582505845e-09
1.24746407564296e-08
1.02065242552605e-07
5.47750135032316e-07
1.92109467649015e-06
4.43870399278775e-06
6.86899082379035e-06
7.2749836774996e-06
5.45141801055972e-06
3.04041016981706e-06
1.32571409493329e-06
4.54757358484387e-07
1.1567394155962e-07
2.04130485105211e-08
2.26811650116901e-09
0
0
0
5.67029125292253e-09
7.59819027891618e-08
6.37340736828492e-07
3.42825809151696e-06
1.19722529514206e-05
2.7389774868117e-05
4.13976623793368e-05
4.15337493694069e-05
2.76540104405032e-05
1.21571044462659e-05
3.49970376130378e-06
6.54351610587259e-07
7.93840775409154e-08
5.67029125292253e-09
0
0
0
0
7.93840775409153e-09
1.06601475554943e-07
8.86833551957083e-07
4.76984900195843e-06
1.66536454098335e-05
3.81009550448876e-05
5.75840757899294e-05
5.77677932265241e-05
3.84559152773206e-05
1.68963338754585e-05
4.85830554550402e-06
9.06112542217019e-07
1.08869592056112e-07
7.93840775409153e-09
0
0
0
0
1.1340582505845e-09
2.04130485105211e-08
1.67840621086507e-07
9.03844425715851e-07
3.15721816962726e-06
7.2239510562233e-06
1.0917578778377e-05
1.09527345841451e-05
7.29086049300778e-06
3.20371455790123e-06
9.20855299474618e-07
1.7124279583826e-07
2.04130485105211e-08
1.1340582505845e-09
0
0
0
0
0
0
1.1340582505845e-09
9.07246600467604e-09
3.06195727657816e-08
6.91775532856548e-08
1.04333359053774e-07
1.04333359053774e-07
6.91775532856548e-08
3.06195727657816e-08
9.07246600467604e-09
1.1340582505845e-09
0
0
0
0
0
0
0
0
0
0
0
0
0
0
0
0
0
0
0
0
0
0
0
0
0
0
0
0
0
0
0
0
0
0
0
0
0
0
0
0
0
0
0
0
0
0
0
0
0
0
0
0
0
0
0
0
0
0
0
0
0
0
0
0
0
0
0
0
0
0
0
0
0
0
0
0
0
0
0
0
0
0
0
0
0
0
0
0
0
0
0
0
0
0
1.40214962102268e-05
5.51458505511727e-05
0.000147010239139771
0.00027271492592581
0.000372649273025567
0.000416810635361578
0.000428322460663262
0.000418154494388521
0.000370173623864541
0.000277802311237932
0.000164667526101371
7.33860434535739e-05
2.5585488191437e-05
9.20401676174384e-06
4.73129102143855e-06
2.68658399563469e-06
1.23498943488653e-06
4.26405902219774e-07
5.65940429371691e-05
0.00020907611313601
0.000527394923492575
0.000960630124497368
0.00139753513800105
0.00183408745938881
0.002283625881804
0.00260884657067363
0.00261907691015215
0.0022146422524792
0.00153057264543537
0.000926011862340026
0.000623408831220061
0.000519725287543872
0.000420475911627467
0.000269531624416419
0.000128163325073307
4.50935582179917e-05
7.22417786787341e-05
0.000256582947311245
0.000622807780347251
0.00111125914351475
0.00164973041394079
0.00232688680188905
0.00326153451780728
0.00435989715089638
0.00521069827005765
0.005259409474095
0.00451787940361056
0.00377715338042578
0.00352326722363443
0.00332830559948519
0.00268082865001298
0.00170206493408876
0.000843217671639603
0.000331179030918193
2.8672394749528e-05
9.77036545208575e-05
0.000226245755049859
0.000397942174188353
0.000648968236071735
0.00110591205886325
0.00179622465657654
0.00254445701132194
0.00316900670514209
0.00363398873281374
0.00415498870183127
0.0050166779142564
0.00576927752732479
0.00544626144769431
0.00402467973854786
0.00244353263136942
0.00131874077075044
0.000632017467400248
3.71857700366659e-06
1.32219851435647e-05
3.46023853418344e-05
7.85323997947264e-05
0.000171394759643839
0.000336113318366486
0.000553367125547461
0.000807948460046425
0.00113772692902515
0.00151198316259179
0.00182060123867286
0.00203288900477452
0.00205738012675414
0.00171439895162212
0.00111532587640135
0.000593672689831485
0.000288755045822077
0.000131885304251725
8.16521940420844e-08
4.74036348744323e-07
2.18873242362809e-06
7.87830266681056e-06
2.12182298684361e-05
4.24364597368722e-05
6.80899914233443e-05
0.000104545427946634
0.00016627448664245
0.000239146801708509
0.00028105705841711
0.000275746263629622
0.000233136292980411
0.000161722376824603
8.52051985411656e-05
3.31927509363579e-05
1.00296111681694e-05
2.64689195686423e-06
0
3.40217475175351e-09
1.92789902599366e-08
7.59819027891618e-08
2.55163106381514e-07
9.1631906647228e-07
3.7253813531701e-06
1.34249815704194e-05
3.62524400964349e-05
7.01210897501411e-05
9.61114367370368e-05
9.22794539083118e-05
6.10463556289639e-05
2.73807024021123e-05
8.2559440642552e-06
1.68747867686974e-06
2.43822523875669e-07
2.72173980140281e-08
0
0
0
1.1340582505845e-09
1.81449320093521e-08
1.67840621086507e-07
1.07508722155411e-06
4.84696496299817e-06
1.52871052178791e-05
3.34377075184841e-05
5.02421826756453e-05
5.12435561109114e-05
3.49936354382861e-05
1.57747502656305e-05
4.63489607013887e-06
8.78895144202991e-07
1.06601475554943e-07
7.93840775409153e-09
0
0
3.40217475175351e-09
4.76304465245492e-08
4.02590678957499e-07
2.1739896663705e-06
7.64582072544073e-06
1.77922398934203e-05
2.79670105176645e-05
3.06161705910299e-05
2.44434915330984e-05
1.50364783445e-05
7.33282064827941e-06
2.74782314116626e-06
7.40540037631682e-07
1.34952931819556e-07
1.58768155081831e-08
1.1340582505845e-09
0
0
2.15471067611056e-08
3.01659494655478e-07
2.52441366580111e-06
1.35780794342483e-05
4.74149754569382e-05
0.000108479476017911
0.000163959873753007
0.000164507623888039
0.000109548892948213
4.81736604265792e-05
1.38808729871543e-05
2.60152962684085e-06
3.15268193662492e-07
2.38152232622746e-08
0
0
0
0
3.06195727657816e-08
4.20735610966851e-07
3.51104434380963e-06
1.88888742217355e-05
6.59568278539948e-05
0.000150896656764524
0.000228057980134293
0.000228787179589419
0.000152300620878747
6.69173751922399e-05
1.92427003959179e-05
3.58816030484937e-06
4.29808076971527e-07
3.17536310163661e-08
0
0
0
0
5.67029125292253e-09
7.93840775409154e-08
6.65692193093104e-07
3.58135595534587e-06
1.25052603291953e-05
2.86088874874953e-05
4.32382389200354e-05
4.33765940266067e-05
2.88753911763827e-05
1.26867096492889e-05
3.64826539213035e-06
6.80434950350703e-07
8.16521940420844e-08
5.67029125292253e-09
0
0
0
0
0
1.1340582505845e-09
6.80434950350703e-09
3.40217475175352e-08
1.19076116311373e-07
2.73308038390866e-07
4.1279720321276e-07
4.13931261463344e-07
2.75576154892035e-07
1.21344232812542e-07
3.51558057681197e-08
6.80434950350703e-09
1.1340582505845e-09
0
0
0
0
0
0
0
0
0
0
0
0
0
0
0
0
0
0
0
0
0
0
0
0
0
0
0
0
0
0
0
0
0
0
0
0
0
0
0
0
0
0
0
0
0
0
0
0
0
0
0
0
0
0
0
0
0
0
0
0
0
0
0
0
0
0
0
0
0
0
0
0
0
0
0
0
0
0
0
0
0
0
0
0
0
0
0
0
0
0
0
0
0
3.90342849851187e-06
1.49877138397248e-05
3.95378068483782e-05
7.60476781676957e-05
0.000119812120116002
0.000178261482351128
0.000261592082604077
0.000352447159349655
0.000398087333644428
0.000348979209219367
0.000224489098819704
0.000104250572801482
3.80850782293794e-05
1.49673007912143e-05
8.08129909366518e-06
4.54303735184153e-06
2.06512007431438e-06
7.11054523116485e-07
2.80520648864583e-05
9.77909770061525e-05
0.000231165299740895
0.000404942715769212
0.000625282295450027
0.000997940640941599
0.00159907430000368
0.00229368611254494
0.00272021789523053
0.00253972912247525
0.00186297759332245
0.00120117295191235
0.000866586075951147
0.00074395128484944
0.000609878382232337
0.000401309193134339
0.000197928320532764
7.1931046718074e-05
8.19640600609951e-05
0.000271999335169691
0.000593830323928316
0.000913917131097542
0.00118766405003138
0.00169259781581288
0.00272265045017803
0.00412891103235908
0.00527956962761564
0.00555338572410277
0.00508249525294557
0.00465031018988082
0.00457982393337399
0.00437730834721761
0.00358220082874255
0.00235625777652094
0.00121667099196483
0.000490516483241817
4.80228306792515e-05
0.000159734372711329
0.000354799196161367
0.000584404031749458
0.000894639274895856
0.00151463572483991
0.00253541062865703
0.0036680535745448
0.00455640449644117
0.00509837773874501
0.00554774038213136
0.00624698368856801
0.00674063584287269
0.00610676986052399
0.00448228811947422
0.00283174231765126
0.0016362748127976
0.000826389381259179
8.39656728732768e-06
3.26064428208057e-05
9.62339150280999e-05
0.000238972156737919
0.000515208333531794
0.000919644125262994
0.00131706236453958
0.0016003818691666
0.00186368978190381
0.00218499910386717
0.00248291507223747
0.00270689951513566
0.00270927876934539
0.00224379095169397
0.00145693597510842
0.000779569786383798
0.000383773250405551
0.000176990203052223
3.60630523685873e-07
2.22388822939621e-06
1.01055930709585e-05
3.38731858867086e-05
8.31695639813664e-05
0.000149894149271007
0.00020794999329318
0.000257093273524008
0.000333823654758556
0.000431875465162343
0.000485003826085726
0.000464269839090289
0.000389784893191899
0.000276223702153118
0.000152864247829288
6.32838525573671e-05
1.98335447444724e-05
5.0284142830917e-06
3.40217475175351e-09
1.92789902599366e-08
9.29927765479294e-08
3.40217475175352e-07
1.11024302732223e-06
4.2447800319378e-06
1.80666819900618e-05
6.39302657602003e-05
0.000164331844859198
0.000300099030502674
0.000389868813502442
0.000358221783961631
0.000228940277453248
9.97324847311531e-05
2.91849890787922e-05
5.74287098095993e-06
7.84768309404477e-07
7.93840775409154e-08
0
0
0
5.67029125292253e-09
8.16521940420844e-08
7.53014678388111e-07
4.70520768167511e-06
2.03937695202612e-05
6.16859644822936e-05
0.000130237517613626
0.000190661275263019
0.000191122836971007
0.000129109129654294
5.78233620808027e-05
1.69235512734726e-05
3.20031238314947e-06
3.87847921699901e-07
2.83514562646126e-08
0
0
7.93840775409153e-09
1.06601475554943e-07
8.92503843210005e-07
4.82655191448765e-06
1.70573701470415e-05
4.0125249022181e-05
6.45676064970288e-05
7.40891595689363e-05
6.40844976822798e-05
4.37667100648078e-05
2.35124297093685e-05
9.39794072259379e-06
2.61740644234904e-06
4.85376931250168e-07
5.78369707798098e-08
4.53623300233802e-09
0
0
4.87645047751337e-08
6.67960309594273e-07
5.5841028258781e-06
3.0040068999733e-05
0.000104894717887814
0.000239992809163445
0.000362747810439714
0.000363995274515357
0.000242444643101208
0.00010667178716648
3.07772068626129e-05
5.78596519448214e-06
7.07652348364731e-07
5.44347960280562e-08
0
0
0
0
6.80434950350703e-08
9.29927765479294e-07
7.76829901650386e-06
4.17866443592873e-05
0.000145913604811455
0.000333825922875057
0.000504525504811288
0.00050614040376012
0.000336929840306907
0.000148039964031301
4.25702786104411e-05
7.93840775409153e-06
9.514748722404e-07
6.91775532856548e-08
0
0
0
0
1.24746407564296e-08
1.75779028840598e-07
1.47314166750927e-06
7.92253093858335e-06
2.76642169647584e-05
6.32917909651212e-05
9.56555453203018e-05
9.59617410479596e-05
6.38803671971746e-05
2.80679417019665e-05
8.07109256940992e-06
1.50489529852564e-06
1.80315261842936e-07
1.36086990070141e-08
0
0
0
0
0
1.1340582505845e-09
1.36086990070141e-08
7.59819027891618e-08
2.6423557238619e-07
6.03318989310957e-07
9.11782833469942e-07
9.15185008221696e-07
6.08989280563879e-07
2.67637747137943e-07
7.71159610397463e-08
1.47427572575986e-08
2.26811650116901e-09
0
0
0
0
0
0
0
0
0
0
0
0
0
0
0
0
0
0
0
0
0
0
0
0
0
0
0
0
0
0
0
0
0
0
0
0
0
0
0
0
0
0
0
0
0
0
0
0
0
0
0
0
0
0
0
0
0
0
0
0
0
0
0
0
0
0
0
0
0
0
0
0
0
0
0
0
0
0
0
0
0
0
0
0
0
0
0
0
0
0
0
0
0
7.13322639617654e-07
2.67410935487826e-06
7.22054888147154e-06
1.6412091002459e-05
3.87020059176974e-05
9.62135019795894e-05
0.000213281201129177
0.000370114652835511
0.000470782735623396
0.000424586872785836
0.000268489424884132
0.000122769744033527
4.78300407766521e-05
2.21878496726858e-05
1.25086625039471e-05
6.36433490228024e-06
2.55049700556455e-06
7.904386006574e-07
1.75858412918139e-05
5.80365650319126e-05
0.00012665616165828
0.000203506753067389
0.000322737101300842
0.000653767570588208
0.00138265062346213
0.00237862820957197
0.00303440079514721
0.00281503083527065
0.00197125974320476
0.0012122424944963
0.000850931535860079
0.000710907095543909
0.000568709799619619
0.000372268229453371
0.00018571678129047
6.83224733647141e-05
8.1579614314047e-05
0.000265700775645945
0.000560547982390162
0.00081156723992404
0.000983802336731562
0.00143929229684583
0.00257694778020118
0.00415632235433396
0.00526072498166568
0.00525570563984859
0.00459461205296161
0.0041563972021785
0.00408435841992662
0.003855190196765
0.00313030016299139
0.00206916299197772
0.00107580167825198
0.000429933957437342
5.43440713680095e-05
0.000185423060203569
0.000431027189590906
0.000757189146808513
0.00120308384006458
0.00195919449747679
0.00306261389630525
0.00417138378195997
0.00489745437037245
0.00515034368996154
0.00520938276248697
0.00547945986892192
0.00569038903323938
0.00508530885146527
0.00370630422527877
0.00230172545148333
0.00128415199410761
0.00062187331634877
1.30382677069701e-05
5.83609056915798e-05
0.000197056229738065
0.000520760682726655
0.00108338512577364
0.00175233093198767
0.00220623888084237
0.00228841160762147
0.0022365704028125
0.00229027373126893
0.00241124939515003
0.00254455680844799
0.00256598257097628
0.00219589286742229
0.00146858388740017
0.000775565426700984
0.000350740401682525
0.000143947147804942
1.11024302732223e-06
6.75331688223073e-06
2.88016773900947e-05
8.77953875855006e-05
0.000194019221742999
0.000316244617816246
0.000400871446649613
0.0004584702651968
0.000561082123826187
0.000690162902024217
0.000725180352685765
0.000633296685106908
0.000489596762000593
0.000339428170632945
0.000195282562634151
8.59309958215397e-05
2.79103076051353e-05
6.77032775598949e-06
1.02065242552605e-08
6.23732037821478e-08
2.71039921889697e-07
8.99308192713512e-07
2.78751517993671e-06
1.10763469334589e-05
4.86431605423212e-05
0.000169780994753257
0.000420008679628227
0.000730240520599873
0.000902026530340163
0.000792876825896157
0.000489355207593219
0.000207585960594742
5.94212501558763e-05
1.14301731076412e-05
1.5151018227809e-06
1.47427572575986e-07
0
0
0
1.36086990070141e-08
2.12068892859302e-07
1.92449685124191e-06
1.1668325340264e-05
4.85819213967896e-05
0.000140810342683825
0.000286215889399019
0.000406897832193219
0.000399693160127256
0.000266518431644616
0.000118416094409533
3.44912476332771e-05
6.50269000885155e-06
7.85902367655062e-07
5.89710290303943e-08
0
0
9.07246600467604e-09
1.29282640566634e-07
1.08529374580937e-06
5.8914326117865e-06
2.09880160435674e-05
5.02637297824064e-05
8.39531982325203e-05
0.000103130123249904
9.85768793738075e-05
7.49226923831159e-05
4.36646448222552e-05
1.82866892906751e-05
5.20986360318522e-06
9.75290095502674e-07
1.16807999810204e-07
9.07246600467604e-09
0
0
5.89710290303943e-08
8.09717590917337e-07
6.77032775598949e-06
3.64180126010202e-05
0.000127171024104045
0.000290966459410717
0.00043982407944069
0.000441407224758506
0.000294118007289091
0.000129525329032259
3.74545418420545e-05
7.07992565839906e-06
8.77761085952407e-07
6.91775532856548e-08
1.1340582505845e-09
0
0
0
8.16521940420844e-08
1.127253901081e-06
9.41835377110432e-06
5.06595161118604e-05
0.000176897210275675
0.000404710233827842
0.000611656585569254
0.000613612836051512
0.000408474173161532
0.000179474924679253
5.16098569258502e-05
9.62361831446011e-06
1.15447129909503e-06
8.39203105432534e-08
0
0
0
0
1.58768155081831e-08
2.13202951109887e-07
1.7861417446706e-06
9.60433932420017e-06
3.35386387027862e-05
7.67315152927982e-05
0.00011596652858827
0.000116337365636211
7.74448379324158e-05
3.40274178087881e-05
9.78465458604311e-06
1.82469972519047e-06
2.18873242362809e-07
1.58768155081831e-08
0
0
0
0
0
2.26811650116901e-09
1.70108737587676e-08
9.18587182973449e-08
3.1980442666483e-07
7.31467571627006e-07
1.10570679431989e-06
1.10910896907165e-06
7.38271921130513e-07
3.24340659667168e-07
9.29927765479294e-08
1.70108737587676e-08
2.26811650116901e-09
0
0
0
0
0
0
0
0
0
0
0
0
0
0
0
0
0
0
0
0
0
0
0
0
0
0
0
0
0
0
0
0
0
0
0
0
0
0
0
0
0
0
0
0
0
0
0
0
0
0
0
0
0
0
0
0
0
0
0
0
0
0
0
0
0
0
0
0
0
0
0
0
0
0
0
0
0
0
0
0
0
0
0
0
0
0
0
0
0
0
0
0
0
1.68974679337091e-07
6.08989280563879e-07
1.97893164726996e-06
7.43715400733318e-06
2.92972608456001e-05
9.51588278065458e-05
0.000229213585491639
0.000394652271203408
0.000476626537788658
0.000400235239971035
0.000236639398916466
0.000108021316484675
5.11494292761129e-05
3.14610439877153e-05
1.89478452507659e-05
8.67894779172322e-06
2.87483766523172e-06
7.07652348364731e-07
9.76083936278083e-06
3.18126020453965e-05
6.96413831101439e-05
0.000122087040966675
0.000252059188949664
0.000651525537426803
0.00149619026739415
0.00255251789736709
0.00309530312537835
0.00267150669119317
0.00173023834320803
0.00100492076947395
0.000690042691849655
0.000551526549006762
0.000404421048973943
0.000241072432618001
0.000112029078342241
3.93348104215236e-05
4.98747478024559e-05
0.00016385100416095
0.00035371843864856
0.000547620852391749
0.000785421526956814
0.00140420226645624
0.00271465647356966
0.00433945234875485
0.00523412564539822
0.00484406857822618
0.00383360793419813
0.00314297666611642
0.00288148551469665
0.00256701910021732
0.00195342327503956
0.00120983375477206
0.000594185284160749
0.00022486900833365
3.80499224236113e-05
0.000141065505790207
0.000370941381300187
0.000754236059123991
0.00131337100493392
0.00207904290745681
0.0029509499847197
0.00364037461482279
0.00392255098873322
0.00382486321102787
0.00361776489548088
0.00364088720915205
0.00373990637124359
0.00333339752103032
0.00235702099772358
0.00134161812783948
0.000651670696882878
0.0002747324155536
1.63826054879438e-05
8.29983211855282e-05
0.000298185874233938
0.000774805607673093
0.00148641808744886
0.00214592172466853
0.00238407735946603
0.00215359022655898
0.00180557043061961
0.00162629056395946
0.00159415135313789
0.00165415437517632
0.00172149702221253
0.00155086434971308
0.00107433760905047
0.000555391419524754
0.000223010286860942
7.5031561975172e-05
2.32368535544765e-06
1.3366010541389e-05
5.21870925753977e-05
0.000142002237905189
0.000277008470462523
0.000400993924940676
0.000463652911401971
0.000511603162353185
0.000634478373804017
0.000778809967355907
0.00078159181224459
0.000622704581046448
0.000431289157046791
0.000281303149057486
0.000163177373560103
7.4521235762409e-05
2.48041220567843e-05
5.88009202928066e-06
2.15471067611056e-08
1.2588046581488e-07
4.95583455505429e-07
1.45499673549992e-06
4.0690010030972e-06
1.59210437799559e-05
7.06359521959065e-05
0.000243807781118411
0.00058685359757072
0.00098286900679133
0.00116442152618565
0.000983682126557
0.000587462586851284
0.000243023012809006
6.82260784134144e-05
1.28919741926447e-05
1.67046780311098e-06
1.56500038580662e-07
0
0
0
2.04130485105211e-08
3.02793552906063e-07
2.70132675289229e-06
1.59743445177333e-05
6.42954325168885e-05
0.000179454511630743
0.000351942503428145
0.000485878184996926
0.000467245607939823
0.000307217514141593
0.000135304489877237
3.9199857489704e-05
7.36684239579694e-06
8.87967610207668e-07
6.57753785339013e-08
0
0
5.67029125292253e-09
8.27862522926689e-08
7.03116115362393e-07
3.84332341123089e-06
1.39012860356649e-05
3.43642331092117e-05
6.09975911241888e-05
8.25821218075637e-05
8.87706776810033e-05
7.46720655097367e-05
4.64204063711755e-05
2.00943781421068e-05
5.810914475995e-06
1.09436621181405e-06
1.32684815318387e-07
1.02065242552605e-08
0
0
3.74239222692887e-08
5.21666795268872e-07
4.36045397349742e-06
2.34557267968393e-05
8.19062230902153e-05
0.000187412198375094
0.000283326308976529
0.000284432015770849
0.000189657633711251
8.36651474368719e-05
2.42926617857707e-05
4.63716418664004e-06
5.88576232053358e-07
4.87645047751337e-08
1.1340582505845e-09
0
0
0
5.33007377774717e-08
7.25797280374083e-07
6.06607758237652e-06
3.26268558693162e-05
0.000113929759970221
0.000260650814256092
0.000393933278272537
0.000395193216988937
0.000263074296737591
0.000115588887190826
3.32392473246318e-05
6.19762833944432e-06
7.42808154132851e-07
5.44347960280562e-08
0
0
0
0
1.02065242552605e-08
1.37221048320725e-07
1.14993506609269e-06
6.18628775693847e-06
2.16004074988831e-05
4.94177223274704e-05
7.46879423252449e-05
7.49260945578677e-05
4.98781499772077e-05
2.19156756925456e-05
6.30196169849809e-06
1.17488434760555e-06
1.40623223072479e-07
1.02065242552605e-08
0
0
0
0
0
1.1340582505845e-09
1.13405825058451e-08
5.89710290303943e-08
2.0639860160638e-07
4.71768232243154e-07
7.12188581367069e-07
7.14456697868238e-07
4.75170406994908e-07
2.08666718107549e-07
6.01050872809788e-08
1.13405825058451e-08
1.1340582505845e-09
0
0
0
0
0
0
0
0
0
0
0
0
0
0
0
0
0
0
0
0
0
0
0
0
0
0
0
0
0
0
0
0
0
0
0
0
0
0
0
0
0
0
0
0
0
0
0
0
0
0
0
0
0
0
0
0
0
0
0
0
0
0
0
0
0
0
0
0
0
0
0
0
0
0
0
0
0
0
0
0
0
0
0
0
0
0
0
0
0
0
0
0
0
4.34344309973865e-07
1.12385172632924e-06
2.61854050059962e-06
8.32738973404202e-06
3.15687795215209e-05
9.74269443077148e-05
0.000215475603844058
0.000333574161943427
0.000359692657512639
0.000270892494317121
0.000147877793701468
7.064275654541e-05
4.37950615210724e-05
3.33798705477043e-05
2.09573964708017e-05
9.19721241224034e-06
2.73875067516158e-06
5.60224775788745e-07
5.32326942824367e-06
1.58031017218951e-05
3.51308564866068e-05
7.84337367269255e-05
0.000225111696799275
0.000642724111344016
0.00141232098947217
0.00221978860882035
0.00247274483784623
0.00198586868158879
0.00123265667706507
0.000723981653114898
0.000517307475353625
0.000404653530915313
0.000266771326634497
0.000133882380831004
5.10643749073191e-05
1.5050087043507e-05
1.94411605897702e-05
6.53467045151803e-05
0.000153821392992781
0.000292991887446261
0.000579329121078092
0.00126755845378506
0.00251113044151201
0.00389017589379554
0.004541523384077
0.00409396162519257
0.00310668907021422
0.0023333758831989
0.00192962733076755
0.00156297835994582
0.00105344825607471
0.000555612560883618
0.000229612773995845
7.46743336262379e-05
2.07532659856964e-05
8.96779242814709e-05
0.000276990325530514
0.000639674628708195
0.00117192218745502
0.00179607382682921
0.002352981482235
0.00265209274800142
0.00264286605007466
0.00243376725577364
0.00220479862686413
0.00214747425041358
0.00216608754848042
0.00188702870070084
0.00125566331679468
0.000625825509352057
0.000244566466088052
8.01064726465377e-05
1.87902111539347e-05
9.7986035025253e-05
0.000343181903442379
0.000824339003942123
0.00140292078063308
0.00176165175674922
0.0017043636701627
0.00134924013334166
0.000991699918388632
0.000799953349379804
0.000741259030562552
0.000770641345776946
0.000833160843073419
0.000779125235549569
0.000547712711110047
0.000275696365066597
0.000100222397895406
2.76415357997467e-05
3.38176170324299e-06
1.8177819698619e-05
6.47104978366024e-05
0.000155965897144636
0.000262906456116505
0.000325808131043425
0.000329584545017871
0.000343253349112166
0.00043355727354796
0.000537607118039088
0.000524994122176087
0.000391014212335533
0.000245064317660059
0.000147553453041801
8.39259808345063e-05
3.88698465387839e-05
1.31165177262604e-05
3.08804061634161e-06
3.17536310163661e-08
1.73510912339429e-07
6.16927688317971e-07
1.57180473531012e-06
3.6596059746362e-06
1.27876408335909e-05
5.55620499291372e-05
0.000189321952469078
0.000445733656984486
0.000723645971872724
0.000826000399279229
0.000671729919219216
0.000387934110126945
0.000156304980561561
4.30170975611714e-05
7.99624472487135e-06
1.0172502507743e-06
9.18587182973449e-08
0
0
0
1.70108737587676e-08
2.35884116121577e-07
2.06738819081555e-06
1.1957510194163e-05
4.66925803513158e-05
0.000125793143329585
0.000238039960855938
0.000318553560414436
0.000299162298387691
0.000193531576695248
8.43523867367261e-05
2.42813212032648e-05
4.5453054683427e-06
5.46616076781731e-07
4.08260970210422e-08
0
0
2.26811650116901e-09
2.83514562646126e-08
2.37018174372162e-07
1.31323945417686e-06
4.88665700176863e-06
1.27728980763333e-05
2.49050532410863e-05
3.8159926073918e-05
4.61777179055505e-05
4.21915031547459e-05
2.74419415476439e-05
1.21332892230036e-05
3.54052985832482e-06
6.69094367844858e-07
8.16521940420844e-08
5.67029125292253e-09
0
0
1.24746407564296e-08
1.73510912339429e-07
1.45046050249758e-06
7.80572293877315e-06
2.72570900527986e-05
6.2375471898649e-05
9.43207587593639e-05
9.47448965450825e-05
6.32634395088566e-05
2.8001032265182e-05
8.19583897697422e-06
1.59448590032181e-06
2.10934834608718e-07
1.92789902599366e-08
1.1340582505845e-09
0
0
0
1.81449320093521e-08
2.415544073745e-07
2.01862368604042e-06
1.08574736910961e-05
3.791156731704e-05
8.67350431212041e-05
0.000131086927243314
0.00013150652879603
8.75424925956203e-05
3.84638536850747e-05
1.10604701179507e-05
2.06285195781321e-06
2.47224698627422e-07
1.81449320093521e-08
0
0
0
0
3.40217475175351e-09
4.53623300233802e-08
3.82177630446978e-07
2.05831572481088e-06
7.18766119220459e-06
1.64449786917259e-05
2.48528865615594e-05
2.49334046973509e-05
1.65969424973042e-05
7.29312860950895e-06
2.09687370533075e-06
3.91250096451654e-07
4.64963882739647e-08
3.40217475175351e-09
0
0
0
0
0
0
3.40217475175351e-09
1.92789902599366e-08
6.80434950350703e-08
1.56500038580662e-07
2.37018174372162e-07
2.38152232622746e-07
1.58768155081831e-07
6.91775532856548e-08
2.04130485105211e-08
3.40217475175351e-09
0
0
0
0
0
0
0
0
0
0
0
0
0
0
0
0
0
0
0
0
0
0
0
0
0
0
0
0
0
0
0
0
0
0
0
0
0
0
0
0
0
0
0
0
0
0
0
0
0
0
0
0
0
0
0
0
0
0
0
0
0
0
0
0
0
0
0
0
0
0
0
0
0
0
0
0
0
0
0
0
0
0
0
0
0
0
0
0
0
0
0
0
0
0
2.78978329643788e-06
6.55712480487961e-06
1.07520062737917e-05
1.53766958196753e-05
3.04483299699434e-05
7.55135367316704e-05
0.00015131625831724
0.000211597124627059
0.000202807039126779
0.000135142319547404
6.71385165511039e-05
3.33401785089339e-05
2.48767017848217e-05
2.08825486262631e-05
1.33285866191197e-05
5.78256301973039e-06
1.66479751185805e-06
3.16402251913077e-07
1.6177340944588e-05
3.93166654895142e-05
6.8066176200082e-05
0.00010339435882229
0.000204173579318733
0.000492300356869987
0.000988704870548839
0.0014264411487502
0.00145964297215256
0.00109752910027493
0.000665395069831451
0.000400658243698503
0.000293545307872546
0.000226101729652035
0.000140724154256781
6.30196169849809e-05
1.99367440452756e-05
4.57932721586023e-06
2.02985086272121e-05
5.94915617674126e-05
0.000132774405920183
0.000252701065919495
0.000485054858707002
0.000979683437165439
0.00178836903507474
0.00259750485410953
0.00291515683821475
0.00259914356828162
0.00196180283145313
0.00140405370482541
0.00106218504083721
0.000791003361666191
0.000484613710047525
0.000220480202903888
7.34121267933373e-05
1.84749429602722e-05
1.93220844734588e-05
8.25163464290298e-05
0.000252876844948335
0.000570845231305469
0.00100443312442619
0.00146037443972419
0.00178875234676344
0.00185096451427401
0.00169070960882566
0.00146023495055937
0.00124848472806848
0.00111938693899669
0.00104228231853945
0.000855761489949318
0.000532991500959209
0.000237795004273812
7.64854246524214e-05
1.86824756201291e-05
2.08995595000218e-05
9.90815352953176e-05
0.000316016672107878
0.000683403914850733
0.00102750440547609
0.00112341397984452
0.000949254386185755
0.000669076222912849
0.000446181609993467
0.000331726781053225
0.000288125643493003
0.000285199773206495
0.000299249620872986
0.000274041774078994
0.000187775097015281
9.06668230759806e-05
3.05560655037489e-05
7.32034600752298e-06
3.90569661501303e-06
1.86541241638645e-05
5.95301197479324e-05
0.0001273740205309
0.000185901632785316
0.000192948670754448
0.000159901079274165
0.000143492390446457
0.000175727996219322
0.000218026100849623
0.000208672388398802
0.000147779130633667
8.49534376095359e-05
4.66755694775571e-05
2.53666149490742e-05
1.16603869325099e-05
3.94198647903174e-06
9.24257474226372e-07
3.74239222692887e-08
1.78047145341767e-07
5.67029125292253e-07
1.25086625039471e-06
2.27718896717369e-06
6.07515004838119e-06
2.42711146790096e-05
8.09479438684714e-05
0.00018645391915335
0.000293564586862806
0.000322265333068599
0.000251034000291135
0.000139186371268988
5.42204590186958e-05
1.45442970637463e-05
2.65142818986657e-06
3.31145009170675e-07
2.94855145151971e-08
0
0
0
7.93840775409153e-09
1.02065242552605e-07
8.74358911200653e-07
4.9399577395461e-06
1.8693816202635e-05
4.8452638756223e-05
8.79292064590696e-05
0.000113154064126821
0.000102955478279314
6.51062841660564e-05
2.79534018186575e-05
7.9701613851079e-06
1.48334819176453e-06
1.78047145341767e-07
1.36086990070141e-08
0
0
0
4.53623300233802e-09
4.08260970210422e-08
2.34750057870993e-07
9.19721241224034e-07
2.62874702485488e-06
5.80637824299267e-06
1.01135314787126e-05
1.34748801334451e-05
1.30167206002089e-05
8.69822678198315e-06
3.89208791600602e-06
1.14086260008801e-06
2.1660512586164e-07
2.60833397634436e-08
2.26811650116901e-09
0
0
2.26811650116901e-09
2.94855145151971e-08
2.44956582126253e-07
1.31664162892861e-06
4.59974026437075e-06
1.05285967984265e-05
1.592898218771e-05
1.60185727895061e-05
1.07259229340282e-05
4.7789214679631e-06
1.42097498798238e-06
2.85782679147295e-07
4.08260970210422e-08
4.53623300233802e-09
0
0
0
0
3.40217475175351e-09
4.08260970210422e-08
3.40217475175352e-07
1.83150407469398e-06
6.39722259154719e-06
1.4635021723793e-05
2.21186721194002e-05
2.21889837309364e-05
1.47711087138632e-05
6.49021536809512e-06
1.8666598804621e-06
3.48155882929443e-07
4.19601552716267e-08
3.40217475175351e-09
0
0
0
0
0
7.93840775409153e-09
6.46413202833168e-08
3.47021824678859e-07
1.21230826987484e-06
2.77504053918028e-06
4.1937474106615e-06
4.20735610966851e-06
2.79998982069314e-06
1.23045320188419e-06
3.53826174182366e-07
6.57753785339013e-08
7.93840775409153e-09
1.1340582505845e-09
0
0
0
0
0
0
1.1340582505845e-09
3.40217475175351e-09
1.13405825058451e-08
2.60833397634436e-08
3.96920387704577e-08
3.96920387704577e-08
2.72173980140281e-08
1.13405825058451e-08
3.40217475175351e-09
1.1340582505845e-09
0
0
0
0
0
0
0
0
0
0
0
0
0
0
0
0
0
0
0
0
0
0
0
0
0
0
0
0
0
0
0
0
0
0
0
0
0
0
0
0
0
0
0
0
0
0
0
0
0
0
0
0
0
0
0
0
0
0
0
0
0
0
0
0
0
0
0
0
0
0
0
0
0
0
0
0
0
0
0
0
0
0
0
0
0
0
0
0
0
0
0
0
0
0
1.07281910505294e-05
2.49764989108731e-05
3.87836581117395e-05
4.18422132135659e-05
3.82302376854542e-05
4.71144500205333e-05
7.43114349860509e-05
9.46984001568085e-05
8.3056158156308e-05
4.97794869094068e-05
2.21322808184072e-05
1.04129228568669e-05
8.06428821990641e-06
6.93930243532659e-06
4.44664240054184e-06
1.92336279299132e-06
5.488841932829e-07
1.02065242552605e-07
6.02207612225384e-05
0.000142894741748399
0.000230405480713003
0.000265953670635825
0.000263540394678581
0.000324613967705559
0.00049223004525845
0.00063496942102652
0.000599553915919016
0.000421446665489968
0.000244804618320675
0.000143112480932512
0.000100401579098998
7.43726741315824e-05
4.48860255581347e-05
1.92540409784237e-05
5.61585645689447e-06
1.11024302732223e-06
6.4113983196795e-05
0.000170539679722898
0.000329561863852859
0.00048809753699332
0.000610662016483491
0.000757014501837923
0.000992803357066451
0.00121595880338347
0.0012509467685305
0.00107289848913048
0.000792710119333321
0.000537760215902917
0.000369934337573668
0.000253997294499913
0.000146861677508944
6.22802110055998e-05
1.83762798924713e-05
3.77868209094757e-06
4.32359708035343e-05
0.000150653968298899
0.00037506028086631
0.000687836948552268
0.000988332899442647
0.0012018533868627
0.00127600038340241
0.0011610080108514
0.000925997119582768
0.000704872771592548
0.000537675161534123
0.000418613787980008
0.000338537934906236
0.000254053997412442
0.000149315779563209
6.25081567139673e-05
1.81029718540805e-05
3.6596059746362e-06
3.36112184308236e-05
0.00012384256313858
0.000312986468462316
0.000550497958173482
0.000691806152429314
0.000651281714902927
0.00049182178428824
0.000320737756605061
0.000198071211872338
0.000132135931125104
0.000100357350827225
8.46359012993722e-05
7.6903892146887e-05
6.42137803228464e-05
4.13273507678005e-05
1.88480481247145e-05
5.94019711656164e-06
1.29396046391692e-06
5.95153769906748e-06
2.1840827848007e-05
5.47149084159506e-05
9.42731283128393e-05
0.000112809310418643
9.57496721551003e-05
6.22790769473493e-05
4.18467494465682e-05
4.34185541818784e-05
5.1828730168213e-05
4.84775880377358e-05
3.29251131892199e-05
1.75121275055259e-05
8.67214344221971e-06
4.37292861425385e-06
1.94831207450418e-06
6.49815377584921e-07
1.50829747327739e-07
5.67029125292253e-08
2.07532659856964e-07
5.19398678767703e-07
9.03844425715851e-07
1.1930292796149e-06
1.9392396084995e-06
6.10576962114698e-06
1.94490989975243e-05
4.37292861425385e-05
6.67019041246288e-05
7.01517093229069e-05
5.19001758379999e-05
2.72775031013091e-05
1.01282742359702e-05
2.61400426759728e-06
4.62695766238478e-07
5.67029125292253e-08
4.53623300233802e-09
0
0
0
2.26811650116901e-09
2.49492815128591e-08
2.07532659856964e-07
1.14426477483977e-06
4.19034523590975e-06
1.0393643866607e-05
1.79101819514811e-05
2.18578387217657e-05
1.89807329400329e-05
1.1581002854969e-05
4.85036713774993e-06
1.36086990070141e-06
2.50626873379176e-07
2.94855145151971e-08
2.26811650116901e-09
0
0
0
0
3.40217475175351e-09
2.26811650116901e-08
9.63949512996829e-08
3.10731960660154e-07
7.80232076402139e-07
1.50376124027505e-06
2.1297613945977e-06
2.11955487034244e-06
1.4345836869894e-06
6.45279144582583e-07
1.89387727847612e-07
3.62898640187042e-08
4.53623300233802e-09
0
0
0
0
2.26811650116901e-09
2.04130485105211e-08
1.11137708557281e-07
3.88981979950485e-07
8.91369784959421e-07
1.35066337644615e-06
1.36086990070141e-06
9.1631906647228e-07
4.13931261463344e-07
1.27014524065465e-07
2.72173980140281e-08
4.53623300233802e-09
0
0
0
0
0
0
3.40217475175351e-09
2.83514562646126e-08
1.55365980330077e-07
5.40945785528809e-07
1.23839160963828e-06
1.87233017171502e-06
1.87800046296794e-06
1.24973219214412e-06
5.488841932829e-07
1.57634096831246e-07
2.94855145151971e-08
3.40217475175351e-09
0
0
0
0
0
0
1.1340582505845e-09
5.67029125292253e-09
2.94855145151971e-08
1.0319930080319e-07
2.34750057870993e-07
3.5496023243295e-07
3.56094290683535e-07
2.37018174372162e-07
1.04333359053774e-07
2.94855145151971e-08
5.67029125292253e-09
1.1340582505845e-09
0
0
0
0
0
0
0
0
0
1.1340582505845e-09
2.26811650116901e-09
3.40217475175351e-09
3.40217475175351e-09
2.26811650116901e-09
1.1340582505845e-09
0
0
0
0
0
0
0
0
0
0
0
0
0
0
0
0
0
0
0
0
0
0
0
0
0
0
0
0
0
0
0
0
0
0
0
0
0
0
0
0
0
0
0
0
0
0
0
0
0
0
0
0
0
0
0
0
0
0
0
0
0
0
0
0
0
0
0
0
0
0
0
0
0
0
0
0
0
0
0
0
0
0
0
0
0
0
0
0
0
0
0
0
0
0
0
0
2.31302520789216e-05
5.37872487669725e-05
8.29393501564978e-05
8.55692312396032e-05
6.10384172212098e-05
3.6039237145325e-05
2.77413329257982e-05
2.74566843049014e-05
2.21130018281473e-05
1.2312470426596e-05
4.9399577395461e-06
1.99934469578048e-06
1.39942788122128e-06
1.18055463885847e-06
7.53014678388111e-07
3.25474717917753e-07
9.29927765479294e-08
1.70108737587676e-08
0.000129401716682945
0.000305556118804487
0.000485814677734894
0.000530852667098607
0.000417066932526211
0.000273816096487128
0.000207085840906234
0.000191222634097058
0.000158646810849018
0.000103361471133024
5.63456841802911e-05
3.03598734263978e-05
1.90669213670773e-05
1.30496082894759e-05
7.60159245366794e-06
3.19691020839772e-06
9.08380658718189e-07
1.7124279583826e-07
0.000136176580671937
0.000353093572552488
0.000649654341313338
0.000873915494424675
0.000887667084771262
0.000726063784062971
0.000547735392275058
0.000434207088925545
0.000353761532862082
0.000272968954973941
0.00019091530431115
0.000120363272425786
7.33713006963163e-05
4.51616017130267e-05
2.46181365036884e-05
1.00761075564433e-05
2.84308403421535e-06
5.37543610777055e-07
9.22477002772954e-05
0.000295349594549226
0.000651769359950678
0.00101111726375514
0.00115035580170366
0.00103672770122809
0.00081092763107071
0.000574389163338546
0.000370956124057444
0.000231930789060039
0.000149159279524628
9.75584950647826e-05
6.55576393497891e-05
4.32688584928012e-05
2.38379044272863e-05
9.58732845044141e-06
2.65029413161599e-06
4.94449397254844e-07
6.74288354632535e-05
0.000216239959104952
0.000455842652230196
0.000641154574725208
0.00062206837436787
0.000445437667781083
0.000263307912737212
0.000143896115183666
7.69106964963905e-05
4.28050286683121e-05
2.64711876851435e-05
1.78670877379589e-05
1.29997097264502e-05
9.33329940231048e-06
5.50698686483836e-06
2.35884116121577e-06
6.98579882360055e-07
1.41757281323063e-07
1.17375028935496e-05
3.70474149300946e-05
7.60885042647168e-05
0.000102461028882059
9.20027436951691e-05
5.6853742276553e-05
2.58508578220738e-05
1.07803577300563e-05
7.12415393017186e-06
7.28519020175486e-06
6.52423711561266e-06
4.26519308044832e-06
2.11842081209186e-06
9.40134289734555e-07
4.27539960470358e-07
1.79181203592352e-07
5.78369707798098e-08
1.36086990070141e-08
1.11137708557281e-07
3.51558057681197e-07
7.21261047371745e-07
9.69619804249752e-07
8.82297318954745e-07
6.71362484346027e-07
9.85496619757935e-07
2.65256224811716e-06
5.76895432072338e-06
8.54172674340249e-06
8.6143064714399e-06
6.02978771835781e-06
2.97236667478199e-06
1.03426112453307e-06
2.5176093162976e-07
4.30942135222112e-08
4.53623300233802e-09
0
0
0
0
1.1340582505845e-09
3.40217475175351e-09
2.83514562646126e-08
1.49695689077155e-07
5.29605203022964e-07
1.25653654164763e-06
2.04584108405445e-06
2.33729405445466e-06
1.90181568623021e-06
1.0977683865658e-06
4.41148659477372e-07
1.20210174561958e-07
2.15471067611056e-08
2.26811650116901e-09
0
0
0
0
0
0
1.1340582505845e-09
5.67029125292253e-09
2.15471067611056e-08
6.01050872809788e-08
1.22478291063127e-07
1.78047145341767e-07
1.78047145341767e-07
1.21344232812542e-07
5.44347960280562e-08
1.58768155081831e-08
3.40217475175351e-09
0
0
0
0
0
0
1.1340582505845e-09
4.53623300233802e-09
1.58768155081831e-08
3.74239222692887e-08
5.67029125292253e-08
5.78369707798098e-08
3.96920387704577e-08
1.81449320093521e-08
5.67029125292253e-09
1.1340582505845e-09
0
0
0
0
0
0
0
0
1.1340582505845e-09
6.80434950350703e-09
2.26811650116901e-08
5.21666795268872e-08
7.93840775409154e-08
7.93840775409154e-08
5.33007377774717e-08
2.26811650116901e-08
6.80434950350703e-09
1.1340582505845e-09
0
0
0
0
0
0
0
0
0
1.1340582505845e-09
4.53623300233802e-09
1.02065242552605e-08
1.47427572575986e-08
1.47427572575986e-08
1.02065242552605e-08
4.53623300233802e-09
1.1340582505845e-09
0
0
0
0
0
0
0
0
0
0
0
0
0
0
0
0
0
0
0
0
0
0
0
0
0
0
0
0
0
0
0
0
0
0
0
0
0
0
0
0
0
0
0
0
0
0
0
0
0
0
0
0
0
0
0
0
0
0
0
0
0
0
0
0
0
0
0
0
0
0
0
0
0
0
0
0
0
0
0
0
0
0
0
0
0
0
0
0
0
0
0
0
0
0
0
0
0
0
0
0
0
0
0
0
0
0
0
0
0
0
0
0
0
2.74952422854213e-05
6.39189251776945e-05
9.84521329662432e-05
0.000100924379952517
6.91106438488703e-05
3.24465406074733e-05
1.22773146208279e-05
5.79276954398565e-06
3.54620014957775e-06
1.81449320093521e-06
6.71362484346027e-07
2.26811650116901e-07
1.28148582316049e-07
1.02065242552605e-07
6.35072620327323e-08
2.72173980140281e-08
7.93840775409153e-09
1.1340582505845e-09
0.000153492516100112
0.000361406219529272
0.000571025546567312
0.000614312549992123
0.000458537174633585
0.000247287071831204
0.000108578139085712
5.01389833748421e-05
2.7739064809297e-05
1.53143226158932e-05
7.64582072544073e-06
3.72197917841835e-06
2.00161281228165e-06
1.20210174561958e-06
6.60021901840182e-07
2.71039921889697e-07
7.59819027891618e-08
1.36086990070141e-08
0.000161340199194156
0.000413078449658905
0.00074187595825087
0.000957784772346652
0.000904900233947145
0.00063578480890869
0.00034502588215783
0.000160655228010803
7.74675190974275e-05
4.38880542976203e-05
2.68964595291127e-05
1.54492755477127e-05
8.19130274397188e-06
4.33096845898222e-06
2.1592469091129e-06
8.51677746188963e-07
2.35884116121577e-07
4.30942135222112e-08
0.000115882608277727
0.000361313226752724
0.000762786858333398
0.00110276844939263
0.00111664592020503
0.000825268931707602
0.000477005313244353
0.000236152887926966
0.000108701751435026
5.03011537046757e-05
2.52656837647722e-05
1.34952931819556e-05
7.34416123078525e-06
4.05992853709253e-06
2.03563455979919e-06
7.85902367655062e-07
2.12068892859302e-07
3.85579805198732e-08
8.77046629254539e-05
0.000273342060138383
0.00055074518287211
0.000720857322634537
0.000622405189668294
0.000368015511013679
0.00016202630443576
6.16587470842795e-05
2.36110927771694e-05
9.77558212003843e-06
4.58046127411082e-06
2.40987378249207e-06
1.36086990070141e-06
7.98377008411491e-07
4.20735610966851e-07
1.68974679337091e-07
4.76304465245492e-08
9.07246600467604e-09
1.53324675479025e-05
4.71167181370344e-05
9.26979214027774e-05
0.000116524485247558
9.37491934010693e-05
4.86851206975928e-05
1.67466381863814e-05
4.19488146891208e-06
1.14993506609269e-06
6.62290018341351e-07
5.09192154512443e-07
3.15268193662492e-07
1.47427572575986e-07
5.89710290303943e-08
2.38152232622746e-08
9.07246600467604e-09
2.26811650116901e-09
1.1340582505845e-09
1.45159456074817e-07
4.46818950730295e-07
8.78895144202991e-07
1.10230461956814e-06
8.83431377205329e-07
4.64963882739647e-07
2.08666718107549e-07
2.24543533615732e-07
4.2300372746802e-07
6.0672116406271e-07
5.90844348554527e-07
3.93518212952823e-07
1.82583378344105e-07
5.89710290303943e-08
1.36086990070141e-08
2.26811650116901e-09
0
0
0
0
0
0
1.1340582505845e-09
2.26811650116901e-09
1.13405825058451e-08
3.74239222692887e-08
8.50543687938379e-08
1.31550757067803e-07
1.40623223072479e-07
1.05467417304359e-07
5.67029125292253e-08
2.15471067611056e-08
5.67029125292253e-09
1.1340582505845e-09
0
0
0
0
0
0
0
0
0
1.1340582505845e-09
2.26811650116901e-09
5.67029125292253e-09
7.93840775409153e-09
7.93840775409153e-09
5.67029125292253e-09
2.26811650116901e-09
1.1340582505845e-09
0
0
0
0
0
0
0
0
0
0
1.1340582505845e-09
1.1340582505845e-09
1.1340582505845e-09
1.1340582505845e-09
0
0
0
0
0
0
0
0
0
0
0
0
0
0
1.1340582505845e-09
1.1340582505845e-09
1.1340582505845e-09
1.1340582505845e-09
0
0
0
0
0
0
0
0
0
0
0
0
0
0
0
0
0
0
0
0
0
0
0
0
0
0
0
0
0
0
0
0
0
0
0
0
0
0
0
0
0
0
0
0
0
0
0
0
0
0
0
0
0
0
0
0
0
0
0
0
0
0
0
0
0
0
0
0
0
0
0
0
0
0
0
0
0
0
0
0
0
0
0
0
0
0
0
0
0
0
0
0
0
0
0
0
0
0
0
0
0
0
0
0
0
0
0
0
0
0
0
0
0
0
0
0
0
0
0
0
0
0
0
0
0
0
0
0
0
0
0
0
0
1.74849101075119e-05
4.06423795844475e-05
6.25807364420047e-05
6.40799614492775e-05
4.36124781427283e-05
1.9720138919414e-05
6.05360294162009e-06
1.45499673549992e-06
4.1279720321276e-07
1.54231922079493e-07
5.10326212763027e-08
1.47427572575986e-08
6.80434950350703e-09
4.53623300233802e-09
2.26811650116901e-09
1.1340582505845e-09
0
0
9.74745747542394e-05
0.000229093375317077
0.000360640730210128
0.0003851307181315
0.000282871551618045
0.00014578772434564
5.48079011924985e-05
1.6392812012199e-05
4.66551564290465e-06
1.54345327904551e-06
6.04453047561541e-07
2.58565281133267e-07
1.17942058060789e-07
5.89710290303943e-08
2.94855145151971e-08
1.13405825058451e-08
3.40217475175351e-09
1.1340582505845e-09
0.000102454224532556
0.000260353690994439
0.000460941378124824
0.000581576824530751
0.000531461656379171
0.00035451341348222
0.000173355546359099
6.32407583438449e-05
1.86257727075999e-05
5.62946515590148e-06
2.31234477294181e-06
1.12611984283041e-06
5.17130562266534e-07
2.27945708367486e-07
9.86630678008519e-08
3.62898640187042e-08
1.02065242552605e-08
2.26811650116901e-09
7.68040950208356e-05
0.000236823116353061
0.000490354312911983
0.000687429821640308
0.000662945504010189
0.000450757535034575
0.000223909595053655
8.57109885209263e-05
2.74680248874073e-05
8.34440060780079e-06
2.80566011194607e-06
1.11364520207398e-06
4.77438523496077e-07
2.10934834608718e-07
9.18587182973449e-08
3.28876892669506e-08
9.07246600467604e-09
1.1340582505845e-09
5.98295111260867e-05
0.00018532779931052
0.000369645152719769
0.000475591142605874
0.000398326619935302
0.000222462536725909
8.80732318568938e-05
2.85295034099544e-05
9.27546243153067e-06
3.14020729586849e-06
9.77558212003843e-07
2.90318912149633e-07
9.75290095502674e-08
4.08260970210422e-08
1.81449320093521e-08
6.80434950350703e-09
2.26811650116901e-09
0
1.05047815751643e-05
3.21652941613283e-05
6.29141495676766e-05
7.83146606106142e-05
6.1987623976949e-05
3.14111454246896e-05
1.06215895749745e-05
2.89638477199283e-06
9.52608930490984e-07
3.75373280943471e-07
1.23612349313711e-07
3.28876892669506e-08
7.93840775409153e-09
2.26811650116901e-09
1.1340582505845e-09
0
0
0
9.97971260514364e-08
3.05061669407232e-07
5.9651463980745e-07
7.41674095882266e-07
5.85174057301605e-07
2.94855145151971e-07
1.00931184302021e-07
3.40217475175352e-08
2.49492815128591e-08
2.60833397634436e-08
2.26811650116901e-08
1.47427572575986e-08
6.80434950350703e-09
2.26811650116901e-09
0
0
0
0
0
0
0
0
0
0
0
1.1340582505845e-09
3.40217475175351e-09
4.53623300233802e-09
4.53623300233802e-09
3.40217475175351e-09
1.1340582505845e-09
1.1340582505845e-09
0
0
0
0
0
0
0
0
0
0
0
0
0
0
0
0
0
0
0
0
0
0
0
0
0
0
0
0
0
0
0
0
0
0
0
0
0
0
0
0
0
0
0
0
0
0
0
0
0
0
0
0
0
0
0
0
0
0
0
0
0
0
0
0
0
0
0
0
0
0
0
0
0
0
0
0
0
0
0
0
0
0
0
0
0
0
0
0
0
0
0
0
0
0
0
0
0
0
0
0
0
0
0
0
0
0
0
0
0
0
0
0
0
0
0
0
0
0
0
0
0
0
0
0
0
0
0
0
0
0
0
0
0
0
0
0
0
0
0
0
0
0
0
0
0
0
0
0
0
0
0
0
0
0
0
0
0
0
0
0
0
0
0
0
0
0
0
0
0
0
0
0
0
0
0
0
0
0
0
0
0
0
0
0
5.77575867022688e-06
1.34249815704194e-05
2.06693456751532e-05
2.11581247811551e-05
1.43832607921633e-05
6.46753420308343e-06
1.91996061823957e-06
3.84445746948147e-07
5.89710290303943e-08
1.02065242552605e-08
2.26811650116901e-09
0
0
0
0
0
0
0
3.2174366627333e-05
7.55418881879351e-05
0.000118668989399413
0.000126222951406557
9.2027692976682e-05
4.67470151473439e-05
1.69655114287442e-05
4.56004822560029e-06
9.53742988741569e-07
1.72376854088845e-07
3.40217475175352e-08
1.02065242552605e-08
3.40217475175351e-09
1.1340582505845e-09
1.1340582505845e-09
0
0
0
3.38210192071817e-05
8.55794377638585e-05
0.000150277460959705
0.000187146828744457
0.000168011863882345
0.000109605595860742
5.19375997602692e-05
1.78035804759261e-05
4.44664240054184e-06
8.66420503446562e-07
1.72376854088845e-07
5.10326212763027e-08
1.81449320093521e-08
6.80434950350703e-09
2.26811650116901e-09
1.1340582505845e-09
0
0
2.59892129286451e-05
7.9701613851079e-05
0.000163471094647005
0.000225954302079459
0.000214052360739575
0.000143550227417237
7.28212824447828e-05
3.15948628612843e-05
1.30768256874899e-05
4.85717148725344e-06
1.38922135696602e-06
2.85782679147295e-07
4.64963882739647e-08
7.93840775409153e-09
2.26811650116901e-09
1.1340582505845e-09
0
0
2.05774869568558e-05
6.36218019160413e-05
0.000126583581930242
0.000162829217677174
0.000139456277132627
9.03957831540909e-05
6.18197833558625e-05
5.1083653897579e-05
3.63692480962451e-05
1.77162579906311e-05
5.54327672885706e-06
1.10117056131755e-06
1.39489164821894e-07
1.13405825058451e-08
0
0
0
0
3.62104799411632e-06
1.10865534577141e-05
2.16888640424287e-05
2.71493545189931e-05
2.23897120412899e-05
1.43197535301305e-05
1.07928323708127e-05
1.0038683634174e-05
7.51540402662352e-06
3.72084512016776e-06
1.16921405635262e-06
2.32481941369824e-07
2.94855145151971e-08
2.26811650116901e-09
0
0
0
0
3.40217475175352e-08
1.05467417304359e-07
2.05264543355795e-07
2.57431222882683e-07
2.12068892859302e-07
1.34952931819556e-07
1.02065242552605e-07
9.63949512996829e-08
7.25797280374083e-08
3.62898640187042e-08
1.13405825058451e-08
2.26811650116901e-09
0
0
0
0
0
0
0
0
0
0
0
0
0
0
0
0
0
0
0
0
0
0
0
0
0
0
0
0
0
0
0
0
0
0
0
0
0
0
0
0
0
0
0
0
0
0
0
0
0
0
0
0
0
0
0
0
0
0
0
0
0
0
0
0
0
0
0
0
0
0
0
0
0
0
0
0
0
0
0
0
0
0
0
0
0
0
0
0
0
0
0
0
0
0
0
0
0
0
0
0
0
0
0
0
0
0
0
0
0
0
0
0
0
0
0
0
0
0
0
0
0
0
0
0
0
0
0
0
0
0
0
0
0
0
0
0
0
0
0
0
0
0
0
0
0
0
0
0
0
0
0
0
0
0
0
0
0
0
0
0
0
0
0
0
0
0
0
0
0
0
0
0
0
0
0
0
0
0
0
0
0
0
0
0
0
0
0
0
0
0
0
0
0
0
0
0
0
0
0
0
0
0
0
0
9.70753862500336e-07
2.25677591866316e-06
3.47362042154034e-06
3.55527261558242e-06
2.41667813199558e-06
1.08529374580937e-06
3.20938484915415e-07
6.23732037821478e-08
7.93840775409153e-09
1.1340582505845e-09
0
0
0
0
0
0
0
0
5.40492162228575e-06
1.26844415327877e-05
1.99027222977581e-05
2.11252370918882e-05
1.53438081304084e-05
7.74448379324158e-06
2.77957677218262e-06
7.30333513376421e-07
1.44025397824232e-07
2.15471067611056e-08
2.26811650116901e-09
0
0
0
0
0
0
0
5.68276589367895e-06
1.4345836869894e-05
2.50808322699269e-05
3.10244315612403e-05
2.76392676832456e-05
1.79918341455232e-05
8.72544417999718e-06
3.308047916955e-06
1.07395316330353e-06
3.16402251913077e-07
7.82500192903308e-08
1.47427572575986e-08
2.26811650116901e-09
0
0
0
0
0
4.42396123553015e-06
1.35440576867307e-05
2.7779890906318e-05
3.91896509654487e-05
4.20780973296875e-05
4.43292029570977e-05
5.34073392530267e-05
5.75375794016554e-05
4.37508332492996e-05
2.1606077790136e-05
6.777132105493e-06
1.34272496869205e-06
1.67840621086507e-07
1.36086990070141e-08
0
0
0
0
3.53259145057073e-06
1.09731476326557e-05
2.24464149538191e-05
3.39468996729966e-05
5.46117091151474e-05
0.000113363864903179
0.000206606134266237
0.000255827664516356
0.000202348879593543
0.000101080879991098
3.18228085696518e-05
6.31103416450277e-06
7.88170484156231e-07
6.23732037821478e-08
0
0
0
0
6.22597979570893e-07
1.9176925017384e-06
3.88981979950485e-06
5.9651463980745e-06
1.04038503908622e-05
2.32878861757528e-05
4.35217534826815e-05
5.42261293099487e-05
4.29603946486422e-05
2.14699908000658e-05
6.76012123173423e-06
1.34045685219088e-06
1.67840621086507e-07
1.36086990070141e-08
0
0
0
0
5.67029125292253e-09
1.81449320093521e-08
3.74239222692887e-08
5.67029125292253e-08
9.97971260514364e-08
2.23409475365148e-07
4.17333436215098e-07
5.19398678767703e-07
4.11663144962175e-07
2.0639860160638e-07
6.46413202833168e-08
1.24746407564296e-08
1.1340582505845e-09
0
0
0
0
0
0
0
0
0
0
0
0
0
0
0
0
0
0
0
0
0
0
0
0
0
0
0
0
0
0
0
0
0
0
0
0
0
0
0
0
0
0
0
0
0
0
0
0
0
0
0
0
0
0
0
0
0
0
0
0
0
0
0
0
0
0
0
0
0
0
0
0
0
0
0
0
0
0
0
0
0
0
0
0
0
0
0
0
0
0
0
0
0
0
0
0
0
0
0
0
0
0
0
0
0
0
0
0
0
0
0
0
0
0
0
0
0
0
0
0
0
0
0
0
0
0
0
0
0
0
0
0
0
0
0
0
0
0
0
0
0
0
0
0
0
0
0
0
0
0
0
0
0
0
0
0
0
0
0
0
0
0
0
0
0
0
0
0
0
0
0
0
0
0
0
0
0
0
0
0
0
0
0
0
0
0
0
0
0
0
0
0
0
0
0
0
0
0
0
0
0
0
0
8.16521940420844e-08
1.90521786098197e-07
2.93721086901387e-07
3.00525436404894e-07
2.04130485105211e-07
9.18587182973449e-08
2.72173980140281e-08
5.67029125292253e-09
1.1340582505845e-09
0
0
0
0
0
0
0
0
0
4.55891416734971e-07
1.07055098855177e-06
1.67954026911565e-06
1.78047145341767e-06
1.29055828916517e-06
6.49815377584921e-07
2.32481941369824e-07
6.12391455315633e-08
1.24746407564296e-08
2.26811650116901e-09
0
0
0
0
0
0
0
0
4.79706639997246e-07
1.21004015337367e-06
2.1150186373401e-06
2.63668543260897e-06
2.48585568528124e-06
2.06512007431438e-06
1.8666598804621e-06
1.71583013313436e-06
1.23385537663594e-06
5.98782756308619e-07
1.87119611346443e-07
3.74239222692887e-08
4.53623300233802e-09
0
0
0
0
0
3.76507339194056e-07
1.18622493011139e-06
2.81813475270249e-06
7.03683144487685e-06
2.23420815947653e-05
6.34471569454513e-05
0.000123969577662645
0.000155392063669841
0.000123168932537732
6.15521456087246e-05
1.93799214442386e-05
3.84332341123089e-06
4.79706639997246e-07
3.74239222692887e-08
0
0
0
0
3.01659494655478e-07
1.10910896907165e-06
4.10755898361708e-06
2.04448021415375e-05
9.31504106447607e-05
0.000290714698479087
0.000579824704533598
0.000730197426386351
0.000579465208068162
0.000289673633005051
9.12134391527623e-05
1.80916312715746e-05
2.26017809341492e-06
1.78047145341767e-07
0
0
0
0
5.33007377774717e-08
2.00728310353457e-07
7.98377008411491e-07
4.2379756824343e-06
1.96895193466482e-05
6.16961710065488e-05
0.000123154189780475
0.000155122157806202
0.00012310655933395
6.15419390844693e-05
1.9378787385988e-05
3.84332341123089e-06
4.79706639997246e-07
3.74239222692887e-08
0
0
0
0
0
2.26811650116901e-09
7.93840775409153e-09
4.08260970210422e-08
1.88253669597028e-07
5.91978406805112e-07
1.18055463885847e-06
1.48788442476687e-06
1.18055463885847e-06
5.89710290303943e-07
1.85985553095859e-07
3.62898640187042e-08
4.53623300233802e-09
0
0
0
0
0
0
0
0
0
0
0
0
1.1340582505845e-09
0
0
0
0
0
0
0
0
0
0
0
0
0
0
0
0
0
0
0
0
0
0
0
0
0
0
0
0
0
0
0
0
0
0
0
0
0
0
0
0
0
0
0
0
0
0
0
0
0
0
0
0
0
0
0
0
0
0
0
0
0
0
0
0
0
0
0
0
0
0
0
0
0
0
0
0
0
0
0
0
0
0
0
0
0
0
0
0
0
0
0
0
0
0
0
0
0
0
0
0
0
0
0
0
0
0
0
0
0
0
0
0
0
0
0
0
0
0
0
0
0
0
0
0
0
0
0
0
0
0
0
0
0
0
0
0
0
0
0
0
0
0
0
0
0
0
0
0
0
0
0
0
0
0
0
0
0
0
0
0
0
0
0
0
0
0
0
0
0
0
0
0
0
0
0
0
0
0
0
0
0
0
0
0
0
0
0
0
0
0
3.40217475175351e-09
7.93840775409153e-09
1.24746407564296e-08
1.24746407564296e-08
9.07246600467604e-09
3.40217475175351e-09
1.1340582505845e-09
0
0
0
0
0
0
0
0
0
0
0
1.92789902599366e-08
4.53623300233802e-08
7.03116115362393e-08
7.48478445385773e-08
5.44347960280562e-08
2.72173980140281e-08
1.02065242552605e-08
3.40217475175351e-09
1.1340582505845e-09
0
0
0
0
0
0
0
0
0
2.04130485105211e-08
5.10326212763027e-08
9.52608930490984e-08
1.61036271583e-07
3.60630523685873e-07
9.00442250964097e-07
1.7056236088791e-06
2.12295704509419e-06
1.67954026911565e-06
8.39203105432534e-07
2.6423557238619e-07
5.21666795268872e-08
6.80434950350703e-09
0
0
0
0
0
1.58768155081831e-08
1.02065242552605e-07
7.81366134652724e-07
5.59430935013336e-06
2.76528763822526e-05
8.75016664985992e-05
0.000174912608337152
0.000220355456496323
0.000174878586589634
8.74222824210583e-05
2.75281299746883e-05
5.46049047656439e-06
6.81569008601287e-07
5.33007377774717e-08
0
0
0
0
1.24746407564296e-08
2.92587028650802e-07
3.28876892669506e-06
2.57986911425469e-05
0.000129654611672825
0.00041153613043811
0.000823148242779009
0.00103714957089731
0.000823133500021751
0.000411491902166337
0.000129572959478783
2.57000280747461e-05
3.21051890740473e-06
2.52894989880345e-07
0
0
0
0
2.26811650116901e-09
6.01050872809788e-08
6.95177707608302e-07
5.47636729207257e-06
2.75406046154447e-05
8.74290867705618e-05
0.000174878586589634
0.000220344115913818
0.000174876318473133
8.74222824210583e-05
2.75281299746883e-05
5.46049047656439e-06
6.81569008601287e-07
5.33007377774717e-08
0
0
0
0
0
1.1340582505845e-09
6.80434950350703e-09
5.21666795268872e-08
2.6423557238619e-07
8.38069047181949e-07
1.67727215261448e-06
2.11275052083893e-06
1.67727215261448e-06
8.38069047181949e-07
2.6423557238619e-07
5.21666795268872e-08
6.80434950350703e-09
0
0
0
0
0
0
0
0
0
0
0
1.1340582505845e-09
1.1340582505845e-09
1.1340582505845e-09
0
0
0
0
0
0
0
0
0
0
0
0
0
0
0
0
0
0
0
0
0
0
0
0
0
0
0
0
0
0
0
0
0
0
0
0
0
0
0
0
0
0
0
0
0
0
0
0
0
0
0
0
0
0
0
0
0
0
0
0
0
0
0
0
0
0
0
0
0
0
0
0
0
0
0
0
0
0
0
0
0
0
0
0
0
0
0
0
0
0
0
0
0
0
0
0
0
0
0
0
0
0
0
0
0
0
0
0
0
0
0
0
0
0
0
0
0
0
0
0
0
0
0
0
0
0
0
0
0
0
0
0
0
0
0
0
0
0
0
0
0
0
0
0
0
0
0
0
0
0
0
0
0
0
0
0
0
0
0
0
0
0
0
0
0
0
0
0
0
0
0
0
0
0
0
0
0
0
0
0
0
0
0
0
0
0
0
0
0
0
