0
0
0
2.21384811419589e-09
6.64154434258766e-09
7.19500637113663e-09
2.76731014274486e-09
0
0
0
0
0
0
0
0
0
1.66038608564691e-09
1.71573228850181e-08
5.58996648834461e-08
6.30946712545828e-08
2.26919431705078e-08
2.21384811419589e-09
0
0
0
0
0
0
0
0
3.32077217129383e-09
4.20631141697218e-08
1.35598196994498e-07
1.53862443936614e-07
5.53462028548972e-08
4.98115825694075e-09
0
0
0
0
0
0
0
0
2.76731014274486e-09
3.59750318556832e-08
1.15673563966735e-07
1.31170500766106e-07
4.70442724266626e-08
3.8742341998428e-09
0
0
0
0
0
0
0
0
1.10692405709794e-09
1.16227025995284e-08
3.8188879969879e-08
4.31700382268198e-08
1.54969367993712e-08
1.10692405709794e-09
0
0
0
0
0
0
0
0
0
1.10692405709794e-09
3.8742341998428e-09
4.42769622839177e-09
1.66038608564691e-09
0
0
0
0
0
0
0
0
0
0
0
0
0
0
0
0
0
0
0
0
0
0
0
0
0
0
0
0
0
0
0
0
0
0
0
0
0
0
0
0
0
0
0
0
0
0
0
0
0
0
0
0
0
0
0
0
0
0
0
0
0
0
0
0
0
0
0
0
0
0
0
0
0
0
0
0
0
0
0
0
0
0
0
0
0
0
0
0
0
0
0
0
0
0
0
0
0
0
0
0
0
0
0
0
0
0
0
0
0
0
0
0
0
0
0
0
0
0
0
0
1.10692405709794e-09
5.58996648834461e-08
6.81865219172333e-07
2.19835117739652e-06
2.49777413484151e-06
9.09891574934509e-07
8.13589181966988e-08
1.66038608564691e-09
0
0
0
0
0
0
8.30193042823457e-09
4.75423882523567e-07
5.81079783773565e-06
1.87341362043541e-05
2.12855961559649e-05
7.75677033011384e-06
6.95701769886057e-07
1.54969367993712e-08
0
0
0
0
0
0
2.0478095056312e-08
1.1572891016959e-06
1.41365271331978e-05
4.55803653611506e-05
5.17962974037841e-05
1.88868917242337e-05
1.69857496561679e-06
3.76354179413301e-08
0
0
0
0
0
0
1.71573228850181e-08
9.84608948788621e-07
1.2024516032255e-05
3.87783170302837e-05
4.40959802005822e-05
1.61201350435173e-05
1.46667437565477e-06
3.37611837414873e-08
0
0
0
0
0
0
5.53462028548972e-09
3.24882210758246e-07
3.97275044092452e-06
1.28342309800221e-05
1.4670064528719e-05
5.47097215220658e-06
5.41839325949443e-07
1.60503988279202e-08
0
0
0
0
0
0
5.53462028548972e-10
3.54215698271342e-08
4.32807306325296e-07
1.42903895771345e-06
1.74617270007201e-06
8.16356492109733e-07
1.47220899594026e-07
9.40885448533252e-09
0
0
0
0
0
0
0
1.10692405709794e-09
1.43900127422733e-08
6.30946712545828e-08
1.36705121051596e-07
1.47774361622575e-07
5.36858167692502e-08
4.42769622839177e-09
0
0
0
0
0
0
0
0
5.53462028548972e-10
4.42769622839177e-09
1.77107849135671e-08
2.65661773703506e-08
1.05157785424305e-08
1.10692405709794e-09
0
0
0
0
0
0
0
0
0
5.53462028548972e-10
1.10692405709794e-09
2.21384811419589e-09
1.10692405709794e-09
0
0
0
0
0
0
0
0
0
0
0
0
0
0
0
0
0
0
0
0
0
0
0
0
0
0
0
0
0
0
0
0
0
0
0
0
0
0
0
0
0
0
0
0
0
0
0
0
0
0
0
0
0
0
0
0
0
0
0
0
0
0
0
0
0
0
0
0
0
0
0
0
0
0
0
0
0
7.7484683996856e-09
4.32807306325296e-07
5.32153740449836e-06
1.76017528939429e-05
2.18335235642284e-05
1.08445349873886e-05
2.18783539885408e-06
1.57736678136457e-07
3.32077217129383e-09
0
0
0
0
0
6.53085193687787e-08
3.68993134433599e-06
4.53595340117595e-05
0.000150097241756395
0.000186443646633235
9.29307022896007e-05
1.87778597046095e-05
1.32277424823204e-06
2.65661773703506e-08
1.66038608564691e-09
5.53462028548972e-10
0
0
5.53462028548972e-10
1.58843602193555e-07
8.97936795117852e-06
0.000110427850860148
0.000366096867638203
0.000457317925721616
0.000231422952231381
4.77521503611767e-05
3.37777876023437e-06
7.58242979112091e-08
1.43900127422733e-08
4.42769622839177e-09
5.53462028548972e-10
0
5.53462028548972e-10
1.36705121051596e-07
7.65991447511777e-06
9.42579042340612e-05
0.00031518112832184
0.000403118496189872
0.000215923801583896
4.80122775145947e-05
3.50894926100048e-06
9.24281587676783e-08
2.93334875130955e-08
9.40885448533252e-09
5.53462028548972e-10
0
0
5.09185066265054e-08
2.60625269243711e-06
3.20426841428427e-05
0.000113986611703718
0.000170004717461273
0.000121243052360023
3.53086635733102e-05
2.85309675716995e-06
6.64154434258766e-08
1.49434747708222e-08
4.98115825694075e-09
5.53462028548972e-10
0
0
1.38365507137243e-08
3.94064964326868e-07
4.74759728089308e-06
2.61981251213656e-05
7.21315992567304e-05
8.87681143728839e-05
3.372963640586e-05
2.92504682088132e-06
5.47927408263482e-08
2.21384811419589e-09
5.53462028548972e-10
0
0
0
4.42769622839177e-09
7.02896776257194e-08
8.24658422537968e-07
8.06947637624401e-06
3.10984779221382e-05
4.45188251903936e-05
1.77246214642808e-05
1.55301445210841e-06
2.82265634559976e-08
0
0
0
0
0
1.10692405709794e-09
2.0478095056312e-08
2.00353254334728e-07
1.62994567407672e-06
6.18161739686346e-06
9.02364491346243e-06
3.62240897685302e-06
3.18240666415659e-07
5.53462028548972e-09
0
0
0
0
0
1.10692405709794e-09
1.82642469421161e-08
9.57489309389721e-08
3.30416831043736e-07
7.41639118255622e-07
8.2355149848087e-07
3.0163680555919e-07
2.60127153418017e-08
5.53462028548972e-10
0
0
0
0
0
1.10692405709794e-09
1.10692405709794e-08
4.59373483695646e-08
1.05157785424305e-07
1.38365507137243e-07
6.80758295115235e-08
1.21761646280774e-08
5.53462028548972e-10
0
0
0
0
0
0
0
2.76731014274486e-09
9.96231651388149e-09
1.71573228850181e-08
1.71573228850181e-08
6.08808231403869e-09
5.53462028548972e-10
0
0
0
0
0
0
0
0
5.53462028548972e-10
1.10692405709794e-09
1.10692405709794e-09
5.53462028548972e-10
0
0
0
0
0
0
0
0
0
0
0
0
0
0
0
0
0
0
0
0
0
0
0
0
0
0
0
0
0
0
0
0
0
0
0
0
0
6.64154434258766e-09
3.78568027527497e-07
4.8699123892024e-06
1.90601253391695e-05
3.63259267817832e-05
3.90910230764139e-05
1.92078997007921e-05
3.93898925718303e-06
2.94441799188053e-07
2.32454051990568e-08
6.08808231403869e-09
5.53462028548972e-10
0
0
5.8113512997642e-08
3.24273402526842e-06
4.16070614581975e-05
0.000162913761951504
0.000306889160210119
0.000313341420538943
0.000130536786743418
1.99927088572745e-05
1.7788269597564e-06
6.28179402403083e-07
1.97032482163434e-07
1.66038608564691e-08
0
1.66038608564691e-09
1.92051323906493e-07
8.48678674576993e-06
0.000103548317845284
0.000408071981345385
0.000783303739764789
0.000798578738290712
0.000311746896434694
4.09506554923384e-05
7.13467901002479e-06
4.96455439608428e-06
1.59397064222104e-06
1.32277424823204e-07
0
1.05157785424305e-08
6.75777136858294e-07
1.31170500766106e-05
0.000106150142841493
0.000401144850596066
0.000823875273767571
0.000871086691726855
0.000327049568062044
3.77710161383246e-05
1.19896479244564e-05
1.00148954065936e-05
3.22391631629776e-06
2.67322159789153e-07
0
3.70819559127811e-08
2.10647648065739e-06
2.58887398474067e-05
9.63942676642602e-05
0.000273972006062169
0.000662441469280407
0.00078181935460422
0.00029493105962129
2.90324041695649e-05
6.51812231022124e-06
5.22302116341665e-06
1.66315339578966e-06
1.37258583080145e-07
0
5.42392787977992e-08
2.99699688459268e-06
3.45847352399681e-05
0.000102084964241801
0.00023864784555206
0.000642970675116054
0.000817520422755772
0.000314433954583299
2.89023405928559e-05
1.97364559380563e-06
8.63400764536396e-07
2.4241636850445e-07
1.9371170999214e-08
0
2.76731014274486e-08
1.5065236417103e-06
1.79853020797274e-05
6.22024904645618e-05
0.000168703528232155
0.000412241764268473
0.000482534209204335
0.000180396520509309
1.66968424772654e-05
8.9882233436353e-07
1.47774361622575e-07
2.0478095056312e-08
1.10692405709794e-09
0
8.30193042823457e-09
4.63247717895489e-07
6.63877703244491e-06
3.57879616900336e-05
0.000105674718958969
0.000175804999520467
0.000143258111469616
4.55482645634947e-05
4.50850168455992e-06
4.32253844296747e-07
8.41262283394437e-08
1.77107849135671e-08
1.66038608564691e-09
0
7.7484683996856e-09
4.49411167181765e-07
6.24969322637499e-06
3.06562617613275e-05
8.00914901513217e-05
0.000104686235775981
4.75534574929276e-05
7.51047972740955e-06
8.75576929164473e-07
2.41309444447352e-07
9.35350828247762e-08
3.21007976558404e-08
2.76731014274486e-09
0
4.98115825694075e-09
2.95548723245151e-07
3.81833453495936e-06
1.55688868630826e-05
3.49339697799825e-05
4.31152454859934e-05
1.70056742891957e-05
1.72624806704424e-06
2.12529418962805e-07
9.96231651388149e-08
5.31323547407013e-08
1.9371170999214e-08
1.66038608564691e-09
0
1.66038608564691e-09
7.9145070082503e-08
9.81288176617327e-07
3.47352769117335e-06
5.8960309901322e-06
5.78976628065079e-06
2.10038839834335e-06
2.11975956934256e-07
3.8188879969879e-08
2.54592533132527e-08
1.38365507137243e-08
4.42769622839177e-09
5.53462028548972e-10
0
0
7.7484683996856e-09
9.40885448533252e-08
3.07724887873228e-07
4.00706508669455e-07
2.57359843275272e-07
7.41639118255622e-08
9.96231651388149e-09
6.64154434258766e-09
6.08808231403869e-09
2.21384811419589e-09
5.53462028548972e-10
0
0
0
0
2.76731014274486e-09
8.30193042823457e-09
9.96231651388149e-09
4.42769622839177e-09
1.10692405709794e-09
5.53462028548972e-10
5.53462028548972e-10
5.53462028548972e-10
0
0
0
0
0
0
0
0
0
0
0
0
0
0
0
0
0
0
0
3.32077217129383e-09
2.05887874620217e-07
3.21229361369823e-06
1.86560980583287e-05
4.8218165389215e-05
7.3285567586255e-05
7.37106264241806e-05
2.7202658703182e-05
2.80273171257199e-06
3.9295804026977e-07
1.03497399338658e-07
8.30193042823457e-09
0
5.53462028548972e-10
4.15096521411729e-08
1.84247509303953e-06
2.35415073843305e-05
0.000104796928181691
0.000238110987384367
0.000345100732123169
0.000309396896661475
0.000114344701636189
2.40130570326542e-05
1.14051920223087e-05
3.33294833592191e-06
2.70089469931898e-07
0
7.7484683996856e-09
4.92027743380036e-07
9.38339523201927e-06
7.45762410368312e-05
0.000282561183283221
0.000619088235122137
0.000826821905607566
0.00060574869331005
0.000252419641208444
0.000138786691740969
9.15332106675146e-05
2.69524938662778e-05
2.1823007785686e-06
5.53462028548972e-10
7.69312219683071e-08
4.34523038613798e-06
5.50318364226813e-05
0.000217807786329077
0.000558551111901479
0.00113554745282841
0.00131451438091798
0.000732310515764429
0.000362364319717668
0.000296600854561422
0.000191391597168463
5.50567422139661e-05
4.43489123476291e-06
1.66038608564691e-09
3.11045660044522e-07
1.64477845644183e-05
0.000193011580526026
0.000599013613884638
0.00105286077922522
0.00181948372691157
0.00190553766349645
0.000931204290729873
0.000456912238054689
0.000283363149762588
0.000125602119296875
3.07116079641824e-05
2.37269171638944e-06
4.98115825694075e-09
6.47550573402297e-07
2.79343355049237e-05
0.000311042892734379
0.00093733886385431
0.00150920295139051
0.00238977321497655
0.00241459488003291
0.00115163493361224
0.000543126678627848
0.000260239506209812
6.39663739495474e-05
8.30746504852006e-06
4.76530806580665e-07
8.30193042823457e-09
7.43852966369818e-07
2.3683193663639e-05
0.000247295689748137
0.000844050071632238
0.00159644959864691
0.00232711522526249
0.00206457608432406
0.000959124236222055
0.000460006090794278
0.000200110284504195
3.96815670608756e-05
3.72645983822023e-06
1.68252456678887e-07
5.53462028548972e-09
4.69335800209528e-07
1.48084300358563e-05
0.000166201879863113
0.000699161461026517
0.00145892978148929
0.00170017336395524
0.00111063169922719
0.000489995430811204
0.000292979552508627
0.000124043570224481
2.84706402105876e-05
6.05819536449704e-06
4.82065426866154e-07
1.66038608564691e-09
2.0478095056312e-07
8.91516635586684e-06
0.00011340215580157
0.000503457287731601
0.00107652128094569
0.00117756739695991
0.000585791406022603
0.000212590299785946
0.000166356849231107
7.9417373400549e-05
3.18235131795373e-05
1.09889885768398e-05
9.6357739170376e-07
5.53462028548972e-10
7.41639118255622e-08
3.98935430178099e-06
5.16457557320187e-05
0.000212347329955413
0.000428112841399143
0.000469403322577011
0.000230364179370767
7.54960949282796e-05
6.02050460035286e-05
3.36206043862358e-05
1.81092775741224e-05
6.57623582321888e-06
5.7615397171948e-07
0
1.71573228850181e-08
9.56382385332623e-07
1.19990567789417e-05
4.33261145188706e-05
7.11016064216007e-05
6.77614630793077e-05
3.63895749150663e-05
1.40407782022589e-05
1.20350318107974e-05
8.76683853221571e-06
4.76420114174955e-06
1.45505167305525e-06
1.20654722223676e-07
0
1.66038608564691e-09
9.13212347105803e-08
1.11688637361182e-06
3.69380557853584e-06
4.92138435785746e-06
3.70266097099262e-06
2.34501861496199e-06
1.59673795236378e-06
2.33284245033392e-06
2.0467025815741e-06
8.31853428909104e-07
1.54415905965163e-07
1.05157785424305e-08
0
0
2.76731014274486e-09
3.15473356272914e-08
1.01283551224462e-07
1.23422032366421e-07
8.08054561681499e-08
6.36481332831317e-08
1.08478557595598e-07
2.41309444447352e-07
2.15850191134099e-07
7.30569877684643e-08
8.30193042823457e-09
5.53462028548972e-10
0
0
0
0
5.53462028548972e-10
1.10692405709794e-09
5.53462028548972e-10
5.53462028548972e-10
2.76731014274486e-09
7.19500637113663e-09
6.64154434258766e-09
2.21384811419589e-09
0
0
0
0
1.9371170999214e-08
1.18385527906625e-06
1.89212063700037e-05
0.000109188649378227
0.000234838366409557
0.000226290698840647
0.00017361827104567
7.5376547130113e-05
1.69564161686548e-05
4.09063785300545e-06
9.17086581305646e-07
7.13966016828173e-08
0
5.53462028548972e-10
1.7766131116422e-07
9.88593875394173e-06
0.00012976526067562
0.000530806613872348
0.000937156774846917
0.000915816939412155
0.000712606160624029
0.000343218407764074
0.00015119032926278
7.91838124245014e-05
2.16896234368057e-05
1.74506577601491e-06
0
6.64154434258766e-09
7.5879644114064e-07
3.07874322620936e-05
0.000353971621516752
0.00123946991100499
0.00202996201559658
0.00215575563275533
0.00168171153106894
0.0011435112179572
0.000924296531151553
0.000581636013112257
0.000165414303396488
1.34967250281952e-05
5.53462028548972e-10
6.36481332831317e-08
3.86371842130037e-06
7.94262287930058e-05
0.000650626161894943
0.00208139745575775
0.00337038672138107
0.00351667669784308
0.00280458470344357
0.00255922447040927
0.00219145836129297
0.00131846720672587
0.000377740048332787
3.14482659241811e-05
5.53462028548972e-09
5.01990059893917e-07
1.83262346893135e-05
0.000243198410350789
0.00133433053538814
0.00358623193135692
0.00524468975529637
0.00476134583114426
0.00390749560737251
0.00384855577556624
0.00254270473578114
0.00116052685456291
0.000308322073402033
2.62722890331911e-05
3.8188879969879e-08
2.71749856017545e-06
6.48087431569989e-05
0.000621236221254936
0.00249140489381697
0.00530445590591126
0.00711139043478751
0.00653448043393703
0.00501749691334919
0.00451455379184211
0.00249190799080092
0.000738152307475764
0.000134366190518948
1.16442876186418e-05
8.19123802252478e-08
5.54015490577521e-06
0.000119305381798073
0.00102539245874834
0.00359365441062179
0.00654713257590966
0.00788938868754663
0.0070564122841816
0.00495519756702963
0.00382778213178669
0.00192808017191925
0.000467893478163129
6.27454367145684e-05
6.90831304034826e-06
5.47927408263482e-08
3.97109005483887e-06
9.89374256854427e-05
0.000957370868515611
0.00359801956564095
0.00643801753698123
0.00657318237320738
0.00491940407071931
0.0033192905534434
0.00257037783720859
0.00123706899272515
0.000359846620949799
8.00544081954089e-05
7.76230495039933e-06
1.43900127422733e-08
1.33162964068883e-06
4.57646682166574e-05
0.000533740516085686
0.00224094118741742
0.00421332156702579
0.0041246580569763
0.00281826794517539
0.00178679736642953
0.00150204059927905
0.00077928283812738
0.000375211280324347
0.000128422008332332
1.13088896293411e-05
2.21384811419589e-09
2.99422957444994e-07
1.44818874390124e-05
0.00018740279632871
0.000799933059874571
0.00151558436857968
0.00157062395347076
0.00118832393148475
0.000711064215412491
0.000601464343747053
0.000369068405269482
0.000218453123054365
7.64557980857835e-05
6.60722969681762e-06
0
5.36858167692502e-08
2.99865727067833e-06
3.8549737212493e-05
0.000149909064666689
0.000263786090888754
0.000296321356237005
0.000272471570502773
0.000183793670440542
0.000185517704659473
0.000143955473625588
6.97804925594544e-05
1.79150124021017e-05
1.40247278034309e-06
0
4.98115825694075e-09
2.76177552245937e-07
3.48681077985852e-06
1.28574763852212e-05
2.26067100181113e-05
2.95133626723739e-05
3.29082987554933e-05
3.46157291135669e-05
5.10546582855284e-05
4.29630434281425e-05
1.56325349963657e-05
2.27030124110788e-06
1.27296266566263e-07
0
0
7.7484683996856e-09
1.0239047528156e-07
4.18417293583023e-07
9.41438910561801e-07
1.55246099007987e-06
1.9631298152632e-06
3.16192856910028e-06
5.60546342514399e-06
4.73818842640775e-06
1.54194521153744e-06
1.53308981908065e-07
4.98115825694075e-09
0
0
0
1.10692405709794e-09
4.98115825694075e-09
1.71573228850181e-08
3.43146457700362e-08
4.59373483695646e-08
8.96608486249334e-08
1.68252456678887e-07
1.42239741337086e-07
4.48304243124667e-08
3.8742341998428e-09
0
0
0
1.38365507137243e-08
8.17463416166831e-07
1.21695230837348e-05
6.76153491037708e-05
0.000194842432916466
0.000317030798421251
0.000316633966146781
0.000231028887267055
9.51744373533383e-05
2.28541075448727e-05
4.18361947380168e-06
3.07171425844679e-07
0
5.53462028548972e-10
1.22315108309323e-07
6.95591077480348e-06
8.95108604151966e-05
0.000362281853875415
0.000840387259927301
0.00130283024403328
0.00120168505831596
0.000878349773927504
0.000551629515772446
0.000256960797152688
6.36448125109605e-05
5.05532216876631e-06
0
2.21384811419589e-09
3.94064964326868e-07
2.08478076913827e-05
0.000261035384606866
0.00101150664991407
0.00223157771681842
0.00333079868940302
0.00298806954207219
0.00255689716257922
0.0023109995179152
0.00144938034764871
0.000414686406048574
3.49981713752942e-05
5.53462028548972e-10
2.93334875130955e-08
1.33273656474592e-06
4.30504904286532e-05
0.000510732546096877
0.00217133503539695
0.00468214984255513
0.00609468511603928
0.00582768562461277
0.00590425764972455
0.00533222752357979
0.00358668410983424
0.00112363639651201
0.000100191017180106
1.10692405709794e-08
6.98469080028802e-07
1.27916144038238e-05
0.000135995582730996
0.00102845531761433
0.0039904828108572
0.00766438976908061
0.00837098090437837
0.00843795479099106
0.00887891736030702
0.00670708642293249
0.00412424738815111
0.00132315779741783
0.000124706617734683
9.18746967391293e-08
5.52631835506148e-06
8.66588705820838e-05
0.000560133459841101
0.00223334049337935
0.00606751400467172
0.0100619856163687
0.0102652013763151
0.00973324854258159
0.00919409682824278
0.00601380826326945
0.00268760275524135
0.000726190886114763
8.5921105698028e-05
1.9924633027763e-07
1.19669559812859e-05
0.000185372144145964
0.00111414784349456
0.00361103367178025
0.00780411402549795
0.011420726594526
0.0110350471333936
0.00940204081429905
0.00744765846639707
0.00471903089175155
0.00173699685310069
0.000392685736951724
7.50887468752675e-05
1.30063576709008e-07
7.9100793120219e-06
0.000128130887305315
0.000838796610057251
0.00297096147730771
0.00658794929359109
0.00946389517714766
0.00919628687748974
0.00743017736822535
0.00524719306405149
0.00327241176616328
0.00138364455559389
0.000338592018667433
4.844508482092e-05
3.15473356272914e-08
1.98526829640516e-06
3.61355358439624e-05
0.000299556895255903
0.00142742561590022
0.00382061756582712
0.00605253344794499
0.00629895466768802
0.00468435262142876
0.00301160219406406
0.00186163650192992
0.00118449286732314
0.000391076822834732
3.57968170824904e-05
2.76731014274486e-09
2.08655184762962e-07
5.19977575821759e-06
6.88185755538362e-05
0.000488988683381273
0.0016094343712987
0.00287884325727602
0.0031394795957603
0.00215673193977369
0.00146976214031205
0.00101864243584815
0.000681438499948322
0.000225545185488191
1.91287546307096e-05
0
1.27296266566263e-08
6.33714022688573e-07
1.369707828253e-05
0.000125220230497176
0.0004665125904019
0.000893988950468212
0.00100111152609387
0.000791032836993475
0.000772171404522555
0.000601152744624979
0.000265106097826843
5.68455314902363e-05
4.11332979617596e-06
0
5.53462028548972e-10
6.36481332831317e-08
1.89837475792297e-06
2.05904478481074e-05
8.31598836375972e-05
0.00016279698146348
0.000190667668835121
0.000207740865491799
0.000262353731158869
0.000206907351676805
7.07069879952453e-05
8.63511456942106e-06
4.02920356783651e-07
0
0
3.32077217129383e-09
1.31170500766106e-07
1.62994567407672e-06
6.90277842006278e-06
1.35515177690216e-05
1.6438375709933e-05
2.16137991388944e-05
2.96312500844548e-05
2.3297984091769e-05
7.39978732169975e-06
6.8352560525798e-07
1.8817708970665e-08
0
0
0
3.32077217129383e-09
4.37235002553688e-08
1.88730551735199e-07
3.70819559127811e-07
4.56052711524353e-07
6.37034794859866e-07
8.92180790020942e-07
7.00129466114449e-07
2.18617501276844e-07
1.82642469421161e-08
5.53462028548972e-10
0
0
1.66038608564691e-09
9.68558549960701e-08
1.4522843629125e-06
8.93564445092315e-06
3.70050246908128e-05
0.000110923199375699
0.000229718289183451
0.000280272617795171
0.000154511654896102
4.12445438294979e-05
5.91374177504576e-06
3.57536470442636e-07
0
0
1.49434747708222e-08
8.68935384821885e-07
1.20793087730813e-05
6.3476006592253e-05
0.000230316028174283
0.00054610873203767
0.000859106452656884
0.00107972139839476
0.000891325691186834
0.000367352119518952
6.56505589024219e-05
4.33139383542425e-06
0
5.53462028548972e-10
6.47550573402297e-08
3.64510092002353e-06
5.30399265819336e-05
0.000294546403511449
0.000930635331764525
0.0017317627626967
0.00205303750795287
0.00242524182907611
0.00263578819359062
0.00139701896551377
0.000304980269673654
2.24987849225442e-05
0
5.53462028548972e-09
3.96832274469613e-07
1.54853140967717e-05
0.000197995506093109
0.000933070011228112
0.00229786420359165
0.0036580718561246
0.00421641763361349
0.00423004940337665
0.00438456825327912
0.00266279049903947
0.000694501864208163
5.67957199076669e-05
1.66038608564691e-09
1.16227025995284e-07
3.21284707572678e-06
5.682505339518e-05
0.000510274279537238
0.00184132444548217
0.00360190542254339
0.005549456388627
0.00704517147038177
0.00619975102676684
0.00497800352337802
0.002950359406757
0.000844423658501509
8.29152534209785e-05
1.32830886851753e-08
8.47350365708476e-07
1.72076879296161e-05
0.000176054610895342
0.00102927388795455
0.00289251653669132
0.00485878116088422
0.00720151674497845
0.00882484135280764
0.00751192537022812
0.00543512607700355
0.00272385451811131
0.000845565450666405
0.000156127764019465
2.82265634559976e-08
1.78325465598479e-06
3.34999496640122e-05
0.000298214749836671
0.00154068497849843
0.00419135521257471
0.00673847104072338
0.00832146597745627
0.00864117885286787
0.00744911241114606
0.00560304645646531
0.00265862735766073
0.000957637637213372
0.000249499575545819
1.82642469421161e-08
1.14732678518202e-06
2.13116088713067e-05
0.000201845941425724
0.00123011363541237
0.00406899305999296
0.00749801686945068
0.00869239346167965
0.00744092449389571
0.00556277821965417
0.00399241107256466
0.00170914387651397
0.00050269074282206
0.00012379617269772
4.42769622839177e-09
2.75070628188839e-07
5.47927408263482e-06
7.60008522983162e-05
0.000706226403820945
0.00299981068554582
0.00615879428319219
0.00692611016533829
0.00520794375083491
0.00278806275496733
0.00150495568378342
0.000602078133136713
0.000131530804546692
1.98172613942245e-05
5.53462028548972e-10
2.65661773703506e-08
1.02943937310109e-06
3.77654815180391e-05
0.000474232832238129
0.00196734996323089
0.00355226652012689
0.00337345290101924
0.00228098029094873
0.00094730173383022
0.000326126946860453
0.000141785902473676
3.65799658528872e-05
3.17742550589965e-06
0
1.66038608564691e-09
3.42592995671813e-07
1.89632694841734e-05
0.000242737929943037
0.000920644235225159
0.00146949869238646
0.00127073498099773
0.00088319145975325
0.000369955604901246
0.000111868512520461
3.9330118672747e-05
8.10877218027098e-06
5.8113512997642e-07
0
5.53462028548972e-10
8.30193042823457e-08
4.73597457829355e-06
6.05559409296286e-05
0.000228257149428081
0.000376969629189047
0.000375097820608495
0.000297387324103991
0.000128213353147569
3.72717933885734e-05
1.0221890205271e-05
1.22370454512178e-06
5.64531269119951e-08
0
0
7.7484683996856e-09
4.52731939353059e-07
5.81909976816389e-06
2.23731490420636e-05
3.95492896360524e-05
4.40157282064426e-05
3.5668413891867e-05
1.50287079232188e-05
4.23453798042818e-06
1.07205594929936e-06
9.7409317024619e-08
2.76731014274486e-09
0
0
0
1.27296266566263e-08
1.68805918707436e-07
6.79097909029588e-07
1.35376812183078e-06
1.67422263636064e-06
1.23422032366421e-06
4.69889262238077e-07
1.27849728594812e-07
3.15473356272914e-08
2.76731014274486e-09
0
0
0
0
2.76731014274486e-09
1.37258583080145e-07
2.17123153799762e-06
1.60725373090621e-05
7.45109325174624e-05
0.000141550127649514
9.02076691091398e-05
3.6284417129642e-05
1.64035076021344e-05
4.58598636855678e-06
4.25612299954159e-07
0
0
5.53462028548972e-10
5.42392787977992e-08
2.64056733820714e-06
3.31595705164545e-05
0.000142498761566447
0.000393380885259581
0.000620129297197838
0.000407390116126213
0.00023762172695113
0.000139508406226197
4.05405401291836e-05
3.85873726304343e-06
0
0
6.64154434258766e-09
6.22644782117593e-07
2.26282950372247e-05
0.000247306758988708
0.000823917890343769
0.00138105878099651
0.0015491523940732
0.00100562113470248
0.000658755412170271
0.000390590883173666
0.000113378356934342
1.14068524083943e-05
0
5.53462028548972e-10
6.14342851689359e-08
3.5261065838855e-06
8.5299014377939e-05
0.000776151903431879
0.00233277548142846
0.00317101364829891
0.00276620155830167
0.00172366561321903
0.00103028838385288
0.000542873193018773
0.000153369309269177
1.57980201429018e-05
0
3.8742341998428e-09
2.91674489045308e-07
9.39557139664734e-06
0.000147831921673545
0.00107612168136108
0.00311853493221392
0.00434815986065509
0.0039284308620644
0.0028276297553883
0.00178546241601667
0.000852668028878774
0.000218898659987347
2.04233023154856e-05
0
1.54969367993712e-08
9.04910416677569e-07
1.77052502932816e-05
0.000163646545677303
0.00083167189336374
0.00233144551217386
0.00378248901321835
0.00422536434730498
0.0041214031467864
0.00312886031981853
0.00149297876548562
0.000376856169473195
4.14294001470333e-05
0
2.54592533132527e-08
1.36317697631612e-06
2.43794488955537e-05
0.000200807646660166
0.000916238677477909
0.00231771744001773
0.00335525174874837
0.00363153058454554
0.00408964162135406
0.00327589193539879
0.00151405404607074
0.000393301740189499
5.44125124127351e-05
0
1.32830886851753e-08
7.27249105513349e-07
1.60387761253206e-05
0.000175165197415464
0.00100219465128374
0.00279789390098045
0.00388357940619485
0.00335519363523538
0.00311505974413666
0.0021710140274204
0.000821372518474473
0.000175303562922601
2.44680028201215e-05
0
2.21384811419589e-09
1.84856317535357e-07
7.16954711782338e-06
0.000104205277273172
0.000653055860200273
0.00204695385333506
0.00315419836494753
0.00248881303113727
0.00166763256398671
0.000849959939173084
0.000229132172895217
3.03939207597953e-05
3.1226327650733e-06
0
5.53462028548972e-10
8.96608486249334e-08
5.01547290271078e-06
6.91539735431369e-05
0.000336377617091208
0.000902677197392374
0.00134168659920959
0.000977785868900669
0.000492423468730448
0.000168602798142959
2.89986429858234e-05
2.31291781730615e-06
1.2397549439497e-07
0
0
4.87046585123095e-08
2.81048018097168e-06
3.71367486536074e-05
0.000159420309627303
0.000369847679805679
0.000489702649398102
0.000287408957191281
8.82694450851613e-05
1.69553092445977e-05
1.70300266184519e-06
9.24281587676783e-08
3.32077217129383e-09
0
0
1.27296266566263e-08
7.30016415656094e-07
1.01720786227016e-05
5.1530082168052e-05
0.00015493948104417
0.000233645102276005
0.00011836837058374
2.16403653162648e-05
1.72071344675875e-06
8.41262283394437e-08
4.42769622839177e-09
0
0
0
1.10692405709794e-09
7.47173738541112e-08
1.2386480198926e-06
9.09006035688831e-06
3.78761739237489e-05
6.36093909411333e-05
2.92499147467846e-05
3.78734066136061e-06
1.85963241592455e-07
6.08808231403869e-09
5.53462028548972e-10
0
0
0
0
2.76731014274486e-09
6.47550573402297e-08
7.21714485227859e-07
3.65008207828047e-06
6.39968143611176e-06
2.78889516185827e-06
2.83926020645622e-07
8.85539245678355e-09
0
0
0
0
0
0
2.76731014274486e-09
1.45007051479831e-07
1.97087828366289e-06
1.01416382111314e-05
3.70548362733822e-05
6.25096618904065e-05
3.34672954043278e-05
3.20133506553296e-05
4.50756079911139e-05
1.96910720517153e-05
2.38708172913171e-06
0
0
0
4.98115825694074e-08
2.79609016822941e-06
3.38857126979108e-05
0.00011453121833981
0.00022095698527152
0.000287032049549839
0.00017554819313922
0.000260567155730713
0.000382238587700833
0.000170133120651897
2.17809446715162e-05
0
0
1.66038608564691e-09
3.70819559127811e-07
2.00059919459597e-05
0.000235328180304823
0.000700987885720729
0.000874293450720268
0.000725188012919032
0.000408000031281674
0.000616641379493922
0.000917445224700146
0.000431750747312796
6.3979103576204e-05
0
0
5.53462028548972e-09
9.71879322131994e-07
4.79292582103124e-05
0.000553513500517627
0.00163489639192209
0.00183662444593574
0.00116260012332186
0.00055176898820364
0.000561889041395658
0.000774930412734871
0.000398958675583298
7.27442817223341e-05
0
0
8.85539245678355e-09
1.02943937310109e-06
4.35596754949183e-05
0.000495214577740421
0.00157405763189587
0.00198022349001494
0.00136821237385186
0.000880110890102346
0.000563746459963469
0.000369000329439971
0.000159307956835507
3.06678844639271e-05
0
0
6.64154434258766e-09
4.94241591494232e-07
1.76216775269707e-05
0.000207838828270853
0.00083064964899701
0.00137630232832316
0.00127179154001023
0.00131225182814527
0.000876419298371925
0.000314610508970406
6.43244638820186e-05
6.93709306583281e-06
0
0
5.53462028548972e-09
2.50164836904135e-07
7.77503457705595e-06
0.000101080430659984
0.000515320746313548
0.000991686621209705
0.000926494328866921
0.00102134499093356
0.000707598436189718
0.000249156429088119
4.52029042576802e-05
3.38608069066261e-06
0
0
3.8742341998428e-09
2.33560976047666e-07
7.67873218408843e-06
0.000102098247330486
0.000539847969570724
0.00103084959434983
0.000775742341530753
0.000601581124235076
0.000355783102736193
0.000109463720006416
1.75862559571436e-05
1.20101260195127e-06
0
0
1.66038608564691e-09
1.344912729374e-07
4.15151867614584e-06
5.58432117565341e-05
0.000320976982684805
0.000647277163160194
0.000486064743484449
0.000315193857948497
0.000141418403686719
2.90683792014205e-05
3.00031765676397e-06
1.51095133793869e-07
0
0
1.10692405709794e-09
9.68558549960701e-08
3.03573922659111e-06
4.08991835236834e-05
0.000233336823926104
0.000446446271094828
0.000258373785711574
0.00010343541159146
3.47607361650467e-05
4.4675454944473e-06
2.44630216618645e-07
6.64154434258766e-09
0
0
1.10692405709794e-09
1.06264709481403e-07
4.83338389531817e-06
7.18808809577977e-05
0.000396491895322055
0.000709963379437707
0.000309919364816425
3.63298010159831e-05
3.88807075055653e-06
3.32630679157932e-07
9.96231651388149e-09
0
0
0
5.53462028548972e-10
6.91827535686215e-08
3.78069911701803e-06
5.87018431339896e-05
0.000324982387385414
0.000579432680776604
0.000246769347358987
2.225249431984e-05
4.98669287722623e-07
9.96231651388149e-09
0
0
0
0
0
2.0478095056312e-08
1.20599376020821e-06
1.90119741426857e-05
0.000105538013837918
0.000188213064738506
8.00593893536658e-05
7.12471669351091e-06
1.29510114680459e-07
5.53462028548972e-10
0
0
0
0
0
2.21384811419589e-09
1.2895665265191e-07
2.04116796128861e-06
1.13420973510541e-05
2.02306975295506e-05
8.60467415785086e-06
7.65437985483228e-07
1.38365507137243e-08
0
0
0
0
0
0
5.53462028548972e-10
1.9924633027763e-08
2.61234077475115e-07
1.22647185526452e-06
4.11000902400466e-06
6.7799098497249e-06
4.09783285937659e-06
8.17574108572541e-06
1.66453705086103e-05
1.13182984838265e-05
2.85973830151254e-06
0
0
0
7.19500637113663e-09
3.97385736498162e-07
4.77084268609214e-06
1.53170616400928e-05
2.615827585531e-05
3.15080398232644e-05
2.35431677704162e-05
7.53239682374008e-05
0.000160780719293476
0.000112714755962112
2.929363824704e-05
0
0
0
5.09185066265054e-08
2.84036713051332e-06
3.34523519295569e-05
9.68813142493833e-05
0.000110394643138435
8.1089935650824e-05
5.81815888271535e-05
0.000234472528008686
0.000536098264327305
0.000398705743436251
0.000109005453446777
0
0
5.53462028548972e-10
1.14013177881088e-07
6.38031026511255e-06
7.52653012623747e-05
0.000217778452841564
0.000228234457484911
0.000127788294309644
7.42624280666439e-05
0.000290378834436475
0.000699383952761994
0.000551416986353483
0.000159217189062825
0
0
5.53462028548972e-10
8.96608486249334e-08
5.01934713691062e-06
6.05719913284566e-05
0.000190202207269111
0.000225597210918875
0.000139757464139044
9.35765924769174e-05
0.000157853458624481
0.000331313992992014
0.000296926843696238
0.000105707926680682
0
0
0
2.82265634559976e-08
1.60337949670637e-06
2.1388540093275e-05
8.87138750940861e-05
0.000144064505645212
0.000121586198817724
0.000126023303900601
9.29500734605999e-05
0.000103532267446456
0.000152158334350712
8.71154767556367e-05
0
0
0
3.8742341998428e-09
2.40755982418803e-07
5.41673287340879e-06
4.32353467461886e-05
9.6142995903299e-05
8.19727075863596e-05
8.3344186493104e-05
5.29856873031358e-05
4.49765382880036e-05
8.04008754252806e-05
5.0998758620645e-05
0
0
0
1.10692405709794e-09
8.80004625392865e-08
3.70155404693552e-06
3.92498666786074e-05
9.21215408038621e-05
6.26480273975437e-05
3.73088753444862e-05
1.78142823129058e-05
1.09159315890714e-05
1.8845935534121e-05
1.2008465633427e-05
0
0
0
1.10692405709794e-09
6.75223674829745e-08
2.10758340471448e-06
2.02179679028939e-05
4.69020326853255e-05
3.26946624124734e-05
1.8297454663829e-05
6.67032436807221e-06
1.44066166031297e-06
1.70300266184519e-06
1.0781440316134e-06
0
0
0
4.42769622839177e-09
2.62341001532213e-07
4.27715455662645e-06
2.4863728170534e-05
4.62223813142674e-05
2.33394937439101e-05
7.06051509819923e-06
2.11145763891433e-06
2.08101722734413e-07
5.09185066265054e-08
2.98869495416445e-08
0
0
0
1.05157785424305e-08
6.1877054791775e-07
9.81564907631601e-06
5.45934944960706e-05
9.75078332657007e-05
4.1855565909016e-05
4.27438724648371e-06
2.98869495416445e-07
2.10315570848609e-08
5.53462028548972e-10
0
0
0
0
8.30193042823457e-09
5.1693353466474e-07
8.20396764918141e-06
4.55997365321498e-05
8.13423143358424e-05
3.46079806451672e-05
3.09385273958875e-06
6.25412092260338e-08
5.53462028548972e-10
0
0
0
0
0
2.76731014274486e-09
1.68252456678887e-07
2.66934736369169e-06
1.48361031372837e-05
2.64637868950691e-05
1.12557572746004e-05
1.00121280964509e-06
1.82642469421161e-08
0
0
0
0
0
0
5.53462028548972e-10
1.82642469421161e-08
2.86693330788367e-07
1.59507756627814e-06
2.84534828877026e-06
1.20986799440805e-06
1.073716335385e-07
1.66038608564691e-09
0
0
0
0
0
0
0
0
2.76731014274486e-09
8.30193042823457e-09
1.60503988279202e-08
2.21384811419589e-08
5.97738990832889e-08
5.72833199548186e-07
1.52644827473806e-06
1.25912611494891e-06
3.7137302115636e-07
0
0
0
0
6.64154434258766e-09
7.52708358826601e-08
2.04227488534571e-07
1.99799792306179e-07
1.36151659023047e-07
5.63424345062853e-07
5.92425755358819e-06
1.58317813266433e-05
1.30827354308406e-05
3.86427188332892e-06
0
0
0
1.10692405709794e-09
5.31323547407013e-08
6.11022079518065e-07
1.62164374364849e-06
1.35376812183078e-06
5.57889724777363e-07
2.06662721460186e-06
2.24594891185173e-05
6.06494760124534e-05
5.1139891437925e-05
1.5613717287395e-05
0
0
0
2.21384811419589e-09
1.22315108309323e-07
1.41686279308537e-06
3.75856063587607e-06
3.07005387236115e-06
1.08976673421293e-06
3.01083343530641e-06
3.39914239453636e-05
0.000105912154169217
0.00011883383214975
5.15666106619362e-05
0
0
0
1.66038608564691e-09
9.57489309389721e-08
1.11024482926924e-06
2.99035534025009e-06
2.53430262872574e-06
9.5250815113278e-07
1.78823581424173e-06
2.85431437363276e-05
0.000196901311662668
0.000418913195560602
0.000259076129025802
0
0
0
5.53462028548972e-10
2.93334875130955e-08
3.45913767843107e-07
9.99552423559443e-07
9.92910879216855e-07
5.20807768864582e-07
1.07260941132791e-06
3.2052092997328e-05
0.000346112460711356
0.000839946150690547
0.000540799924259828
0
0
0
0
3.32077217129383e-09
4.48304243124667e-08
2.04227488534571e-07
3.43146457700362e-07
2.59573691389468e-07
5.98845914889987e-07
1.95753984877486e-05
0.0002200531817789
0.000538642529272544
0.000347639462448123
0
0
0
0
5.53462028548972e-10
1.10692405709794e-08
1.17333950052382e-07
2.73410242103192e-07
1.84856317535357e-07
1.90944399849395e-07
4.63358410301199e-06
5.20309653038888e-05
0.000127410279744145
8.22400297461488e-05
0
0
0
0
0
6.08808231403869e-09
5.8666975026191e-08
1.37258583080145e-07
9.51954689104231e-08
6.03273611118379e-08
4.305934582111e-07
4.67398683109607e-06
1.14422739782214e-05
7.38539730895748e-06
0
0
0
0
5.53462028548972e-10
1.27296266566263e-08
7.36104497970132e-08
1.37258583080145e-07
6.86292915400725e-08
2.10315570848609e-08
1.77107849135671e-08
1.30617038737557e-07
3.19347590472757e-07
2.05887874620217e-07
0
0
0
0
1.66038608564691e-09
2.93334875130955e-08
1.63271298421947e-07
2.91121027016759e-07
1.25082418452068e-07
1.27296266566263e-08
1.10692405709794e-09
1.10692405709794e-09
2.21384811419589e-09
1.66038608564691e-09
0
0
0
0
1.66038608564691e-09
2.43523292561548e-08
1.36151659023047e-07
2.42969830532999e-07
1.03497399338658e-07
9.40885448533252e-09
0
0
0
0
0
0
0
0
5.53462028548972e-10
7.7484683996856e-09
4.42769622839177e-08
7.9145070082503e-08
3.37611837414873e-08
2.76731014274486e-09
0
0
0
0
0
0
0
0
0
1.10692405709794e-09
4.98115825694075e-09
8.30193042823457e-09
3.8742341998428e-09
5.53462028548972e-10
0
0
0
0
0
0
0
0
0
0
0
0
0
0
1.66038608564691e-09
4.42769622839177e-09
3.8742341998428e-09
1.10692405709794e-09
0
0
0
0
0
0
5.53462028548972e-10
5.53462028548972e-10
0
1.66038608564691e-09
1.77107849135671e-08
4.75977344552116e-08
4.04027280840749e-08
1.27296266566263e-08
0
0
0
0
0
1.66038608564691e-09
3.8742341998428e-09
3.32077217129383e-09
1.10692405709794e-09
6.08808231403869e-09
7.36104497970132e-08
2.62894463560762e-07
3.5532262232844e-07
1.7766131116422e-07
0
0
0
0
5.53462028548972e-10
3.8742341998428e-09
9.40885448533252e-09
7.19500637113663e-09
2.21384811419589e-09
1.27296266566263e-08
3.3927222350052e-07
3.01913536573464e-06
6.97638886985979e-06
4.42824969042032e-06
0
0
0
0
0
2.76731014274486e-09
7.19500637113663e-09
5.53462028548972e-09
1.66038608564691e-09
3.9849266055526e-08
2.04614911954555e-06
2.28424848422732e-05
5.5757425142109e-05
3.5956767608741e-05
0
0
0
0
0
1.10692405709794e-09
2.21384811419589e-09
1.66038608564691e-09
5.53462028548972e-10
7.8038146025405e-08
4.33692845570974e-06
4.91695666162906e-05
0.000120403450462715
7.77138172766753e-05
0
0
0
0
0
0
0
0
0
5.03650445979564e-08
2.79055554794392e-06
3.16630091912581e-05
7.75488855921677e-05
5.00562127860261e-05
0
0
0
0
0
0
0
0
0
1.16227025995284e-08
6.60280200058923e-07
7.49110855641033e-06
1.83472662463984e-05
1.18429804868909e-05
0
0
0
0
0
0
0
0
0
1.10692405709794e-09
5.922043705474e-08
6.7300982671555e-07
1.64765645899029e-06
1.06375401887112e-06
0
0
0
0
0
0
0
0
0
0
1.66038608564691e-09
1.8817708970665e-08
4.59373483695646e-08
2.98869495416445e-08
0
0
0
0
0
0
0
0
0
0
0
0
5.53462028548972e-10
0
0
0
0
0
0
0
0
0
0
0
0
0
0
0
0
0
0
0
0
0
0
0
0
0
0
0
0
0
0
0
0
0
0
0
0
0
0
0
0
0
0
0
0
0
0
0
0
0
0
0
0
0
0
0
0
0
0
0
0
0
0
0
0
0
0
0
0
0
0
0
0
0
0
0
0
0
0
0
0
0
0
0
5.53462028548972e-10
5.53462028548972e-10
0
0
0
0
0
0
0
0
0
0
5.53462028548972e-10
8.30193042823457e-09
2.0478095056312e-08
1.32830886851753e-08
0
0
0
0
0
0
0
0
0
0
6.08808231403869e-09
6.80758295115235e-08
1.6659207059324e-07
1.073716335385e-07
0
0
0
0
0
0
0
0
0
0
1.27296266566263e-08
1.46667437565477e-07
3.59750318556832e-07
2.32454051990568e-07
0
0
0
0
0
0
0
0
0
0
8.30193042823457e-09
9.46420068818742e-08
2.31900589962019e-07
1.49434747708222e-07
0
0
0
0
0
0
0
0
0
0
2.21384811419589e-09
2.21384811419589e-08
5.47927408263482e-08
3.54215698271342e-08
0
0
0
0
0
0
0
0
0
0
0
2.21384811419589e-09
4.98115825694075e-09
3.32077217129383e-09
0
0
0
0
0
0
0
0
0
0
0
0
0
0
0
0
0
0
0
0
0
0
0
0
0
0
0
0
0
0
0
0
0
0
0
0
0
0
0
0
0
0
0
0
0
0
0
0
0
0
0
0
0
0
0
0
0
0
0
0
0
0
0
0
0
0
0
0
0
0
0
