0.000128775237622088
0.000460324790271509
0.000789130500336537
0.000742304389442608
0.000497271694796114
0.000262951199597108
9.5601974816967e-05
2.20720281288215e-05
3.27704969211741e-06
3.95900556380106e-07
9.84030284644193e-08
3.43266378364253e-08
6.86532756728507e-09
4.38969044652207e-05
0.000285458031805191
0.000959168645080531
0.00169602882976228
0.00176690418312441
0.00133070415392434
0.000827681603069365
0.000413912887474139
0.00015676517811391
6.12867791931538e-05
4.33499667023603e-05
2.53811160162529e-05
7.602206059507e-06
1.15566347382632e-06
6.5609647118021e-06
4.16519423507185e-05
0.000140427986946294
0.000259635246382109
0.000304859447510338
0.000313155051654141
0.000322496474030694
0.000274253817215381
0.000273995223210347
0.00046811007173281
0.000588976451997386
0.000368640629052939
0.000109227361595505
1.61495388807769e-05
2.49440234944691e-07
1.55842935777371e-06
5.27943689924222e-06
1.01309350467903e-05
1.31013334409023e-05
1.66346886955317e-05
2.29324825172545e-05
3.34684718905147e-05
7.98780862453617e-05
0.000187981822562355
0.000246533912941207
0.000155884127742775
4.66682083598815e-05
6.96373059574949e-06
0
0
2.28844252242836e-09
9.15377008971342e-09
2.74613102691403e-08
1.00691470986848e-07
3.36401050796968e-07
1.13964437616932e-06
4.17869604595418e-06
1.05337009307377e-05
1.39137305363644e-05
8.81508059639403e-06
2.64315111340475e-06
3.95900556380106e-07
0
0
0
0
0
0
0
0
2.28844252242836e-09
4.57688504485671e-09
4.57688504485671e-09
2.28844252242836e-09
0
0
0
0
0
0
0
2.28844252242836e-09
2.28844252242836e-09
2.28844252242836e-09
2.28844252242836e-09
0
0
0
0
0
0
0
0
0
4.57688504485671e-09
2.28844252242836e-08
4.57688504485671e-08
4.57688504485671e-08
2.28844252242836e-08
4.57688504485671e-09
0
0
0
0
0
0
0
0
2.28844252242836e-09
1.37306551345701e-08
2.74613102691403e-08
2.74613102691403e-08
1.37306551345701e-08
4.57688504485671e-09
0
0
0
0
0
0
0
0
0
0
2.28844252242836e-09
2.28844252242836e-09
0
0
0
0
0
0
0
0
0
0
0
0
0
0
0
0
0
0
0
0
0
0
0
0
0
0
0
0
0
0
0
0
0
0
0
0
0
0
0
0
0
0
0
0
0
0
0
0
0
0
0
0
0
0
0
0
0
0
0
0
0
0
4.36177144774845e-05
0.000310280767845971
0.00106768430105156
0.00179531290859784
0.00169842025219822
0.00120057415832898
0.000697508127066073
0.0002932135635137
8.70042962602036e-05
1.93190317743402e-05
4.57001971728943e-06
1.91771483379496e-06
7.46032262311644e-07
1.62479419092413e-07
0.000154101431017803
0.000884483034918559
0.00270110363184273
0.00457549824868812
0.00499550297015696
0.00445821785785619
0.0034614134870518
0.00212278674511481
0.00094819785162801
0.000363857784181064
0.000207374084497413
0.000119738178101019
4.14688669489242e-05
8.34366143677379e-06
2.79464600838951e-05
0.000165159185286177
0.000532717381026007
0.00100407704114067
0.00135834167426771
0.00175751012656984
0.00206866050257434
0.00178086368251122
0.0014056437812063
0.00182369417276099
0.00217562917140021
0.0014042661388078
0.000466986446454298
9.11967229612924e-05
1.22431674949917e-06
7.45574573807158e-06
2.50035230000522e-05
5.03526008209911e-05
7.83905986057833e-05
0.000129500673901698
0.000209099570159324
0.000279103026920407
0.000415782545014963
0.000743624820778049
0.000910958026460533
0.000581012672019335
0.000189425829794007
3.56768189246581e-05
2.28844252242836e-09
1.83075401794268e-08
7.78070457625641e-08
2.15113597108265e-07
6.38475463757511e-07
2.13511687342566e-06
5.82408621958017e-06
1.14673854798885e-05
2.19987979681038e-05
4.19265554534099e-05
5.14762260995034e-05
3.27361702833376e-05
1.06298155166797e-05
1.98636810946781e-06
0
0
0
0
0
6.86532756728507e-09
3.43266378364253e-08
9.6114585941991e-08
1.3959499386813e-07
1.09845241076561e-07
5.03457354934238e-08
1.60190976569985e-08
4.57688504485671e-09
0
0
0
0
2.28844252242836e-09
2.28844252242836e-08
9.38261434195626e-08
1.89940729361554e-07
1.9451761440641e-07
1.02979913509276e-07
2.97497527915686e-08
4.57688504485671e-09
0
0
0
0
0
2.28844252242836e-09
3.8903522881282e-08
3.52420148453967e-07
1.45773788678686e-06
2.90632200348401e-06
2.92005265861858e-06
1.47604542696629e-06
3.56997033498823e-07
3.8903522881282e-08
2.28844252242836e-09
0
0
0
0
0
2.28844252242836e-08
2.15113597108265e-07
8.87915698702202e-07
1.76896606983712e-06
1.77811983992683e-06
8.97069468791915e-07
2.17402039630694e-07
2.28844252242836e-08
2.28844252242836e-09
0
0
0
0
0
2.28844252242836e-09
1.37306551345701e-08
5.26341780158522e-08
1.05268356031704e-07
1.05268356031704e-07
5.26341780158522e-08
1.37306551345701e-08
2.28844252242836e-09
0
0
0
0
0
0
0
0
0
0
0
0
0
0
0
0
0
0
0
0
0
0
0
0
0
0
0
0
0
0
0
0
0
0
0
0
0
0
0
0
0
0
0
0
0
0
0
0
0
0
0
0
0
0
0
0
0
0
0
4.78215833911854e-05
0.000313292358205487
0.00102539388323709
0.00170105653798406
0.00170082540528929
0.00139307565487313
0.000965196402684608
0.000514794299190348
0.000217571384377353
7.58870424862467e-05
3.01067498250674e-05
1.61014815878059e-05
6.62275265990766e-06
1.47375698444386e-06
0.000224143791301768
0.0011751701578875
0.00333088072557249
0.00563979336636396
0.00712952825649942
0.00804413863722575
0.00748977258993757
0.0054090382646149
0.00295953058057299
0.00137613202643707
0.000784924342980314
0.00046370939676218
0.000187569902908318
4.64416525501611e-05
5.56640759155473e-05
0.000304122569018116
0.000933636491857798
0.00185734800849582
0.00308617070132166
0.00480522126285957
0.0060177388027131
0.00547718350604777
0.00445393160501168
0.00495957899943988
0.00525904687636738
0.00343401167628824
0.00136043102229069
0.000374212986595052
3.32281854256597e-06
2.03900228748367e-05
6.94839803084922e-05
0.000151634489978625
0.00028787005022383
0.000560901839132235
0.000988314249046179
0.00136274921456591
0.0016515437955688
0.00207913241555697
0.00204597288340698
0.00121887941006588
0.000448022123270934
0.000120877822477188
3.8903522881282e-08
3.52420148453967e-07
1.46689165687658e-06
3.55623967985366e-06
7.75324326598727e-06
1.91908789930842e-05
4.4224151745928e-05
7.4328613128473e-05
9.93687512088841e-05
0.000123900855049316
0.000116847875195192
6.72161337687657e-05
2.40927228761257e-05
6.45111947072554e-06
0
0
2.28844252242836e-09
6.86532756728507e-09
4.11919654037104e-08
3.68439246110965e-07
2.01611786225938e-06
5.80120179435588e-06
8.43519913767092e-06
6.11700686245099e-06
2.26555809720407e-06
4.41669406828673e-07
4.80572929709955e-08
4.57688504485671e-09
0
0
2.28844252242836e-09
5.03457354934238e-08
4.48534734395958e-07
1.87423442586882e-06
3.81941056993293e-06
4.07342768992247e-06
2.4051530910722e-06
8.3528152068635e-07
1.87652286839125e-07
2.74613102691403e-08
2.28844252242836e-09
0
0
0
3.66150803588537e-08
7.64339802491071e-07
6.94771149809249e-06
2.87931838171936e-05
5.7414734445205e-05
5.76733284502394e-05
2.91410270806027e-05
7.06442206673633e-06
7.78070457625641e-07
3.66150803588537e-08
0
0
0
0
2.28844252242836e-08
4.64553832052956e-07
4.2290417814476e-06
1.75271812792788e-05
3.49513826450483e-05
3.51069967365734e-05
1.77400064338646e-05
4.29998349964288e-06
4.7370760214267e-07
2.28844252242836e-08
0
0
0
0
2.28844252242836e-09
2.74613102691403e-08
2.51728677467119e-07
1.04810667527219e-06
2.08934802297709e-06
2.0985017930668e-06
1.05954888788433e-06
2.56305562511976e-07
2.74613102691403e-08
2.28844252242836e-09
0
0
0
0
0
0
0
0
0
0
0
0
0
0
0
0
0
0
0
0
0
0
0
0
0
0
0
0
0
0
0
0
0
0
0
0
0
0
0
0
0
0
0
0
0
0
0
0
0
0
0
0
0
0
0
0
0
0
2.25091206506053e-05
0.000138334062038272
0.000443255297496716
0.000790260990942617
0.00100626936907715
0.00113848184736793
0.00104958958602672
0.000762165782094764
0.000427751099407263
0.000192835609152425
9.96662487367998e-05
6.03668252991376e-05
2.5985264842174e-05
5.9476621157913e-06
0.000138290581630346
0.000689903632564044
0.00193892640753535
0.00376556580582271
0.00638983955685995
0.00915041523297554
0.00991548733707379
0.00841204238778647
0.00557888646862953
0.00319547815840545
0.00204986552413763
0.00129548044661912
0.000575529563735597
0.000152989247951903
0.00010173042389203
0.000480886446335527
0.0012539200419693
0.00232112377009115
0.00427989326273848
0.00746120138504505
0.00995782581218124
0.00999189385601263
0.00912486477221263
0.00965976532740503
0.00916510016864197
0.0060713776069963
0.0028705582237435
0.000982158338660846
1.05771813386639e-05
6.90445993441859e-05
0.000247080850704067
0.000551901394691524
0.000999843422474173
0.00169509743365565
0.00262874307928354
0.00343946732326171
0.00393438649914477
0.0042322661969617
0.00343909659557308
0.00185975087314437
0.000783329298542181
0.000283382414437348
2.95209085393258e-07
2.69807373394303e-06
1.16824990769968e-05
2.84544943238742e-05
5.24602563841476e-05
9.64486985502655e-05
0.000187180867679505
0.000303902878535963
0.000375384669166535
0.000364093493760874
0.000247575154288912
0.000111527246330546
4.1349867937758e-05
1.47284160743489e-05
0
2.28844252242836e-09
1.37306551345701e-08
8.00954882849924e-08
7.43743819789216e-07
7.13536378493161e-06
3.92811158974827e-05
0.000112811062585628
0.000163580159945701
0.000118296459311889
4.34575235009145e-05
8.23610463821965e-06
7.89512670237783e-07
3.8903522881282e-08
0
0
1.60190976569985e-08
3.15805068095113e-07
2.88801446330459e-06
1.22385906099468e-05
2.59715341870394e-05
3.07269177486455e-05
2.22596804156606e-05
1.0284260695793e-05
2.97497527915686e-06
5.05745797456667e-07
4.57688504485671e-08
2.28844252242836e-09
0
4.57688504485671e-09
2.35709579810121e-07
4.87209413024997e-06
4.43065356767354e-05
0.000183636070212263
0.000366185130226373
0.000367832808842522
0.000185862724786586
4.50571448240919e-05
4.96820871619196e-06
2.40286464854977e-07
4.57688504485671e-09
0
0
2.28844252242836e-09
1.44171878912986e-07
2.96582150906715e-06
2.69715835693406e-05
0.00011178584033558
0.000222908032339656
0.00022391037016448
0.000113138309866335
2.74269836313038e-05
3.02303257212786e-06
1.46460321435415e-07
2.28844252242836e-09
0
0
0
9.15377008971342e-09
1.76210074226983e-07
1.61106353578956e-06
6.67996372296837e-06
1.33210239230555e-05
1.33805234286386e-05
6.76234765377579e-06
1.6385248460587e-06
1.8078695927184e-07
9.15377008971342e-09
0
0
0
0
0
0
0
2.28844252242836e-09
4.57688504485671e-09
4.57688504485671e-09
2.28844252242836e-09
0
0
0
0
0
0
0
0
0
0
0
0
0
0
0
0
0
0
0
0
0
0
0
0
0
0
0
0
0
0
0
0
0
0
0
0
0
0
0
0
0
0
0
0
0
0
0
6.64106020008709e-06
3.76288603962895e-05
0.000125191536631966
0.000291751248741869
0.000587189178387369
0.00102190858527543
0.00132352302128896
0.00115146418179766
0.000653329744170594
0.000287849454241128
0.000157344154072084
0.000100357358378573
4.44918995210521e-05
1.03849521667799e-05
7.89306710410764e-05
0.000389051247910477
0.00113736051053194
0.002525889030113
0.00504890377641783
0.00845684780393309
0.0106601694182972
0.0097699378157623
0.00668375338378551
0.00415168555886196
0.00292066138432955
0.0019505219457965
0.000901751622192804
0.000241245322271875
0.000175875961618709
0.000800627635569217
0.00192363961148553
0.00301863418559975
0.00470952546189918
0.00798114010302582
0.011081238265539
0.0117578140088524
0.0112023929895614
0.0114826219302028
0.0103436709521178
0.00703744819472447
0.00364207000509986
0.00131938780565093
2.59028809113666e-05
0.000188130571326313
0.000742773520159706
0.00174926029127649
0.00288992531281081
0.00377964888110573
0.00438139255393575
0.00486126064334879
0.00528044839083713
0.00560992232611871
0.00451506277011331
0.00242349953477451
0.00102593395567238
0.000375679878251929
9.77164957076908e-07
9.23386557799841e-06
4.23338982224022e-05
0.000108302830816444
0.000189743923304625
0.000306131821552808
0.000587253254777997
0.00101690376147888
0.00126189755260249
0.00109918928925783
0.000619071759609841
0.000217415770285828
6.21815602194233e-05
1.98179122442296e-05
0
9.15377008971342e-09
6.86532756728507e-08
4.34804079261388e-07
4.63180766539499e-06
4.519673981796e-05
0.000245048713744151
0.000692789358584826
0.000995472497256335
0.00071811555198054
0.000264287650030206
5.02084289420781e-05
4.78284487187526e-06
2.19690482153122e-07
0
0
3.43266378364253e-08
7.16282509520075e-07
6.65479085522166e-06
2.92371416665447e-05
6.79415700483755e-05
9.64235256825188e-05
8.94140262363207e-05
5.1233651192126e-05
1.68246294248933e-05
3.01616724456057e-06
2.79189987736259e-07
1.14422126121418e-08
0
1.14422126121418e-08
5.30918665203378e-07
1.09616396824318e-05
9.96708256218446e-05
0.000413107355706244
0.000823768366356013
0.000827475643242347
0.000418128198600452
0.000101368849973486
1.11790417220625e-05
5.4236087781552e-07
1.14422126121418e-08
0
0
6.86532756728507e-09
3.22670395662398e-07
6.67309839540109e-06
6.0673476597143e-05
0.000251470083462085
0.000501450390842069
0.000503702218284138
0.000254516000459437
6.16986988471909e-05
6.8035396191795e-06
3.29535723229683e-07
6.86532756728507e-09
0
0
0
1.83075401794268e-08
3.98188998902534e-07
3.62489295552652e-06
1.5028202044787e-05
2.99671548311993e-05
3.01021729400226e-05
1.52112774465813e-05
3.68668090363208e-06
4.07342768992247e-07
2.05959827018552e-08
0
0
0
0
0
0
0
4.57688504485671e-09
9.15377008971342e-09
9.15377008971342e-09
4.57688504485671e-09
0
0
0
0
0
0
0
0
0
0
0
0
0
0
0
0
0
0
0
0
0
0
0
0
0
0
0
0
0
0
0
0
0
0
0
0
0
0
0
0
0
0
0
0
0
0
0
3.54708590976395e-06
2.07699043335598e-05
7.35917346362511e-05
0.000192052961809755
0.000470542686134151
0.00102679212161829
0.00150433515342855
0.00128784162547926
0.000659739671675916
0.000262353916098754
0.000137649817724066
8.35899400167406e-05
3.54182249196237e-05
8.06904833408238e-06
6.0881724866684e-05
0.00033795719171222
0.00109585731694518
0.00247482243522501
0.00491413053094446
0.00870248007052046
0.0111219839846508
0.00917615563446782
0.00545036524812744
0.00330320659014876
0.00239415025942437
0.00155241304238225
0.000681557682684747
0.00017112744338467
0.000150941091894329
0.000720882278990156
0.00184391485088917
0.00302266642132427
0.00457119368830343
0.00721604282605982
0.00935933859306064
0.00927869845545531
0.0082692298437318
0.00811529775746066
0.00720471274713128
0.00482391783826781
0.00235623305527025
0.000776933101691994
3.6029239073112e-05
0.000294648416975263
0.00124914177398247
0.00298782030703525
0.0045971377611802
0.0050326260847558
0.0045147561188153
0.00412577581262302
0.00417015100157543
0.00457125776469406
0.0040239744470128
0.0022381951899634
0.000815145514931503
0.000231862707929919
1.76667762731469e-06
1.67834374594896e-05
7.72189160343e-05
0.000194316231464437
0.000321844267911802
0.000507862606789913
0.00105944133108577
0.00192895108658009
0.00236760661460672
0.00196609937404666
0.00103112872019829
0.000317596918590174
6.50512671425484e-05
1.3126506308649e-05
0
1.37306551345701e-08
1.18999011166275e-07
8.67319716000347e-07
1.04536054424527e-05
0.00010092031523909
0.000522616195732008
0.00141439936229711
0.00198028085235815
0.00141894192070413
0.000525726189119989
0.000101032448922689
9.70299629509623e-06
4.39380964306244e-07
0
0
3.2038195313997e-08
6.65936774026652e-07
6.38246619505268e-06
3.00426734344395e-05
7.96995877286123e-05
0.000135734391332793
0.000147808214081125
9.35309343341693e-05
3.23700194797491e-05
5.96139277092587e-06
5.58379975472519e-07
2.51728677467119e-08
0
9.15377008971342e-09
4.80572929709955e-07
9.96387874265306e-06
9.0601727905461e-05
0.000375521975717881
0.000748824162189007
0.000752206480237156
0.000380105726090305
9.21601572632347e-05
1.01675501271492e-05
4.94303584844525e-07
1.14422126121418e-08
0
0
6.86532756728507e-09
2.9292064287083e-07
6.06666112695757e-06
5.51514647905234e-05
0.000228590235122846
0.000455828000714937
0.00045787615677251
0.000231359250574984
5.60851493396741e-05
6.18337169560142e-06
2.99785970438115e-07
6.86532756728507e-09
0
0
0
1.83075401794268e-08
3.6157391854368e-07
3.29535723229683e-06
1.36620018588973e-05
2.72416197869871e-05
2.73629072406759e-05
1.38267697205121e-05
3.35256829535754e-06
3.68439246110965e-07
1.83075401794268e-08
0
0
0
0
0
0
0
4.57688504485671e-09
9.15377008971342e-09
9.15377008971342e-09
4.57688504485671e-09
0
0
0
0
0
0
0
0
0
0
0
0
0
0
0
0
0
0
0
0
0
0
0
0
0
0
0
0
0
0
0
0
0
0
0
0
0
0
0
0
0
0
0
0
0
0
0
1.86965754082397e-06
1.23758971612925e-05
4.82289261601776e-05
0.000136276752210609
0.000354035788874801
0.00074910106373422
0.00101529040950056
0.000814779364127914
0.000426345995698492
0.000200012164902761
0.000109517993795854
5.39340133685915e-05
1.77033913535058e-05
3.33654919770054e-06
3.18162163893214e-05
0.000204030669972145
0.000763891267756675
0.00201273096732619
0.00459878543979635
0.00828270648174638
0.0097562140259553
0.00731880076064442
0.00428360511650986
0.00272574329248171
0.00181299570396864
0.000941810808547912
0.000318677063460761
6.3547760405313e-05
6.25614416781464e-05
0.000336076091958783
0.00101200420603836
0.00206136723625536
0.00375684455136973
0.00598857031432223
0.0071517696293749
0.00649206428433682
0.00516615212905445
0.00451339449551446
0.00371105739338099
0.00218113974099421
0.000844462752086332
0.000211591684066248
3.57065686774496e-05
0.000308024363518857
0.00128112962356098
0.00280628273861606
0.00376634158783781
0.00352818795141374
0.00261432589139224
0.00201364405589264
0.00194320121816725
0.00221679596393617
0.00204808511585518
0.00112861408321122
0.000348042357908561
6.84290083056527e-05
2.12825154585837e-06
1.92984357916383e-05
8.23885076924657e-05
0.000183734473240728
0.000264358591748401
0.000405294612934674
0.000914356363606339
0.00168189998562881
0.00199945113536854
0.00160575892602257
0.000811749466228219
0.000231315770167058
3.78622815335771e-05
4.54255840702029e-06
0
1.14422126121418e-08
8.23839308074208e-08
6.86532756728507e-07
9.65951588717009e-06
9.07916686348226e-05
0.000433657569557651
0.00107676255253803
0.00142421906916085
0.00100480247742028
0.000378146819291106
7.4600937788642e-05
7.31386230168102e-06
3.3411260827454e-07
0
0
1.14422126121418e-08
2.72324660168974e-07
2.77359233718317e-06
1.45544944426443e-05
4.4256189941242e-05
8.38782837745665e-05
9.65219287109832e-05
6.30854950157825e-05
2.25274281907847e-05
4.2770990744186e-06
4.09631211514676e-07
1.83075401794268e-08
0
4.57688504485671e-09
1.85363844316697e-07
3.84687188020207e-06
3.49719786277501e-05
0.000144954526255657
0.000289053175007926
0.000290362164130755
0.000146732646095584
3.55829927812385e-05
3.92696736848706e-06
1.89940729361554e-07
4.57688504485671e-09
0
0
2.28844252242836e-09
1.12133683598989e-07
2.34107670044421e-06
2.1289380786151e-05
8.82377667797925e-05
0.000175951480221949
0.000176740992892187
8.93064694377666e-05
2.16486662621722e-05
2.38684555089277e-06
1.14422126121418e-07
2.28844252242836e-09
0
0
0
6.86532756728507e-09
1.3959499386813e-07
1.27237404247017e-06
5.27257157167493e-06
1.05153933905583e-05
1.05634506835293e-05
5.33664796230293e-06
1.29297002517202e-06
1.41883436390558e-07
6.86532756728507e-09
0
0
0
0
0
0
0
2.28844252242836e-09
2.28844252242836e-09
2.28844252242836e-09
2.28844252242836e-09
0
0
0
0
0
0
0
0
0
0
0
0
0
0
0
0
0
0
0
0
0
0
0
0
0
0
0
0
0
0
0
0
0
0
0
0
0
0
0
0
0
0
0
0
0
0
0
2.74841946943645e-06
1.13323673710652e-05
2.91524692932148e-05
7.02643392086402e-05
0.000182816807789234
0.00035113175531384
0.000417546934199755
0.00033337801822484
0.00022663361676617
0.000141711803201376
7.14428871076908e-05
2.61202829509973e-05
6.11471841992857e-06
8.28416193119065e-07
4.30982380248932e-05
0.000181063860817054
0.000473668698619788
0.00112054503487713
0.00275889138241909
0.00496566625654954
0.00555156017646922
0.00435775294267906
0.0031663325544398
0.00215039680414791
0.00114155751411807
0.000430948053611096
0.00010350167840439
1.44721105118369e-05
3.45509052036233e-05
0.000201971071701959
0.000673548133856248
0.00148502298698178
0.00270807880465109
0.00396295770403729
0.00429846168536547
0.00373774521007755
0.0027342517217801
0.00193898133015589
0.0013241592083102
0.000648295170621251
0.0001899659022293
3.25828446343349e-05
4.08349683702116e-05
0.000284483155290636
0.00100968143687809
0.00189244813990483
0.00215143346861057
0.00173629855282945
0.00106109816347201
0.000629996784211914
0.000541138849508544
0.000604137383708474
0.000535014977318525
0.000275716131987213
7.45872071335074e-05
1.08655250964898e-05
2.59738226295618e-06
1.82480406738437e-05
6.49963445220102e-05
0.000121589528101663
0.000142766775204215
0.000178516824289591
0.000365356714033254
0.000646604011597177
0.000741727701926956
0.00058078153932457
0.000286643445031809
7.73104537351971e-05
1.09959663202682e-05
9.17665451493771e-07
0
6.86532756728507e-09
3.2038195313997e-08
2.47151792422262e-07
3.8011030297535e-06
3.47431343755073e-05
0.000153451513341433
0.000345234438933542
0.000423103272644211
0.000291817613575019
0.00011236023940871
2.29896935803153e-05
2.3159038326975e-06
1.07556798554133e-07
0
0
2.28844252242836e-09
4.57688504485671e-08
5.40072435293092e-07
3.35027985283511e-06
1.16321533415033e-05
2.31315770167058e-05
2.65619523578259e-05
1.74585280036059e-05
6.42594660297882e-06
1.26779715742531e-06
1.2586433873356e-07
4.57688504485671e-09
0
0
2.74613102691403e-08
5.65245303039804e-07
5.13984190537409e-06
2.13076883263304e-05
4.24895123139273e-05
4.26840299283337e-05
2.15731476589321e-05
5.23366804879365e-06
5.78975958174374e-07
2.74613102691403e-08
0
0
0
0
1.60190976569985e-08
3.43266378364253e-07
3.12830092815956e-06
1.29708922171239e-05
2.58639773884853e-05
2.59806879571291e-05
1.3126506308649e-05
3.18322354869784e-06
3.50131705931538e-07
1.60190976569985e-08
0
0
0
0
0
2.05959827018552e-08
1.87652286839125e-07
7.75782015103213e-07
1.54469870263914e-06
1.55156403020643e-06
7.84935785192926e-07
1.89940729361554e-07
2.05959827018552e-08
0
0
0
0
0
0
0
0
0
0
0
0
0
0
0
0
0
0
0
0
0
0
0
0
0
0
0
0
0
0
0
0
0
0
0
0
0
0
0
0
0
0
0
0
0
0
0
0
0
0
0
0
0
0
0
0
0
0
0
1.28930851713614e-05
4.31096802375054e-05
6.76875529283859e-05
5.98656563867258e-05
6.60696240650291e-05
0.000100888277043776
0.000112305316788172
0.000102924990888738
9.58857416897481e-05
6.7142903608048e-05
2.85826471051302e-05
7.45116885302673e-06
1.20372076679732e-06
1.14422126121418e-07
0.000199121960761536
0.000675120293869157
0.00109171523597958
0.00101502723861049
0.00110840255885313
0.00159881807985205
0.00172834621506402
0.00157269779690105
0.00146537899636925
0.00102731617495593
0.000441136199720947
0.000117227756653915
1.94243001303719e-05
1.89940729361554e-06
0.000111030654303179
0.000517556449314919
0.00130703708135739
0.00193241350011652
0.00202350495472178
0.00187211532809305
0.0015734369638358
0.00124808222509459
0.000848909195907411
0.000470817299236843
0.000237535756943018
9.45538681416948e-05
2.27288111327584e-05
2.92005265861858e-06
0.000102744203929466
0.000447992373518142
0.000992394542063668
0.00124414152707097
0.00104625761371406
0.000708703187885793
0.000371917678745056
0.000160879797769236
9.51259787723019e-05
8.37295350106087e-05
6.53327455728071e-05
3.09008393803501e-05
7.59762917446214e-06
9.26819221583484e-07
6.45569635577039e-06
2.79395947563278e-05
6.1057934940911e-05
7.52073750570855e-05
6.28360547808378e-05
5.14304572490549e-05
6.53830913083006e-05
9.76913228399441e-05
0.000107387453807473
8.28004273465028e-05
4.03749914232035e-05
1.05794697811863e-05
1.39823838120373e-06
9.84030284644193e-08
2.28844252242836e-09
9.15377008971342e-09
1.83075401794268e-08
5.03457354934238e-08
5.76687515651946e-07
5.09178461240309e-06
2.15228019234387e-05
4.55079680010103e-05
5.27646192396306e-05
3.57454722003309e-05
1.40144220073512e-05
2.94751396888772e-06
3.02074412960543e-07
1.37306551345701e-08
0
0
0
2.28844252242836e-09
4.80572929709955e-08
3.54708590976395e-07
1.36848862841216e-06
2.7758807797056e-06
3.14203158329413e-06
2.06188671270795e-06
7.75782015103213e-07
1.57902534047557e-07
1.60190976569985e-08
0
0
0
2.28844252242836e-09
2.74613102691403e-08
2.54017119989547e-07
1.05497200283947e-06
2.10307867811166e-06
2.11223244820137e-06
1.06870265797404e-06
2.58594005034404e-07
2.97497527915686e-08
2.28844252242836e-09
0
0
0
0
0
1.60190976569985e-08
1.55614091525128e-07
6.4076390627994e-07
1.27923937003745e-06
1.28610469760474e-06
6.49917676369653e-07
1.57902534047557e-07
1.83075401794268e-08
0
0
0
0
0
0
0
9.15377008971342e-09
3.8903522881282e-08
7.55186032401357e-08
7.78070457625641e-08
3.8903522881282e-08
9.15377008971342e-09
0
0
0
0
0
0
0
0
0
0
0
0
0
0
0
0
0
0
0
0
0
0
0
0
0
0
0
0
0
0
0
0
0
0
0
0
0
0
0
0
0
0
0
0
0
0
0
0
0
0
0
0
0
0
0
0
0
0
0
0
2.36876685496559e-05
7.96789917459105e-05
0.000123868816854002
9.1066281737514e-05
3.83222584805852e-05
1.89460156431844e-05
1.63669409204076e-05
1.90306880165142e-05
2.26281196617716e-05
1.66987650861597e-05
6.57927225198152e-06
1.38908461111401e-06
1.57902534047557e-07
9.15377008971342e-09
0.000366938027816252
0.00124878477694897
0.00198724687139643
0.00153294983872899
0.000694636131700426
0.000338950375766953
0.000266990300649194
0.000296163365925111
0.000345287073111558
0.000252877475613378
9.95197884153643e-05
2.11154591544464e-05
2.4371912863862e-06
1.55614091525128e-07
0.000219482233883581
0.000963013228518211
0.00219650892097484
0.00270771036540498
0.00189130620708614
0.000869541793689625
0.000362612871448863
0.000199689494507098
0.000125612610056092
6.11609148544202e-05
2.22711226282728e-05
6.28177472406584e-06
1.18999011166275e-06
1.23575896211131e-07
0.000179606122930267
0.000702915716746571
0.00128033095712065
0.00117502140912354
0.000621721776050813
0.000245684900765386
8.92584121447956e-05
2.79670560665969e-05
1.02018767649856e-05
5.60439573742704e-06
3.33426075517811e-06
1.40510370877101e-06
3.22670395662398e-07
3.66150803588537e-08
1.11767532795401e-05
4.32172370360595e-05
7.66490938462153e-05
6.71612111482274e-05
3.35119522984408e-05
1.32775435151293e-05
6.7875205215225e-06
5.6410108177859e-06
5.37097460013935e-06
4.05740859226547e-06
1.96577212676596e-06
5.10322682501523e-07
6.63648331504223e-08
4.57688504485671e-09
2.28844252242836e-09
1.37306551345701e-08
2.28844252242836e-08
2.05959827018552e-08
3.66150803588537e-08
2.54017119989547e-07
1.04810667527219e-06
2.15571285612751e-06
2.4371912863862e-06
1.6385248460587e-06
6.47629233847225e-07
1.37306551345701e-07
1.37306551345701e-08
0
0
0
0
0
2.28844252242836e-09
1.60190976569985e-08
6.17879481055656e-08
1.2586433873356e-07
1.41883436390558e-07
9.38261434195626e-08
3.43266378364253e-08
6.86532756728507e-09
0
0
0
0
0
0
4.57688504485671e-09
1.60190976569985e-08
3.2038195313997e-08
3.2038195313997e-08
1.60190976569985e-08
4.57688504485671e-09
0
0
0
0
0
0
0
0
2.28844252242836e-09
9.15377008971342e-09
2.05959827018552e-08
2.05959827018552e-08
9.15377008971342e-09
2.28844252242836e-09
0
0
0
0
0
0
0
0
0
0
2.28844252242836e-09
2.28844252242836e-09
0
0
0
0
0
0
0
0
0
0
0
0
0
0
0
0
0
0
0
0
0
0
0
0
0
0
0
0
0
0
0
0
0
0
0
0
0
0
0
0
0
0
0
0
0
0
0
0
0
0
0
0
0
0
0
0
0
0
0
0
0
0
1.50350673723543e-05
5.29499830839473e-05
8.88167427379669e-05
7.31660843270794e-05
3.11365489601602e-05
7.39166934744359e-06
1.7186203343437e-06
1.78498516749412e-06
2.50355611953662e-06
1.92000327631739e-06
7.48320704834072e-07
1.48748763957843e-07
1.60190976569985e-08
0
0.00023612378790668
0.000842183463333994
0.001442906490799
0.00123082736847548
0.000550356695988885
0.000138459926377005
3.12463942012368e-05
2.77679615671457e-05
3.78645699760996e-05
2.88938752881804e-05
1.12408296701681e-05
2.24496211450222e-06
2.24267367197979e-07
1.14422126121418e-08
0.000187995553217489
0.000823848461844298
0.0018385003958811
0.00214906264215733
0.00131428000194087
0.000429616180063042
8.6082053923665e-05
1.82114255934849e-05
8.43062225262606e-06
4.23819555153731e-06
1.40510370877101e-06
2.88343757825973e-07
3.66150803588537e-08
2.28844252242836e-09
0.000118845685517272
0.000461949584462433
0.000827480220127391
0.000727042766260534
0.000336870181514066
9.45561565842172e-05
2.5696921084348e-05
8.77846551603517e-06
2.22436613180036e-06
3.93612113857677e-07
8.92492583747059e-08
2.51728677467119e-08
4.57688504485671e-09
0
7.20172861808203e-06
2.75528479700374e-05
4.77094497075864e-05
3.95145370347704e-05
1.68772636029091e-05
4.46932824630258e-06
1.38450772606916e-06
5.88129728264087e-07
2.03671384496124e-07
7.55186032401357e-08
3.2038195313997e-08
6.86532756728507e-09
0
0
2.28844252242836e-09
9.15377008971342e-09
1.37306551345701e-08
1.14422126121418e-08
4.57688504485671e-09
4.57688504485671e-09
1.60190976569985e-08
3.43266378364253e-08
3.66150803588537e-08
2.51728677467119e-08
9.15377008971342e-09
2.28844252242836e-09
0
0
0
0
0
0
0
0
0
2.28844252242836e-09
2.28844252242836e-09
2.28844252242836e-09
0
0
0
0
0
0
0
0
0
0
0
0
0
0
0
0
0
0
0
0
0
0
0
0
0
0
0
0
0
0
0
0
0
0
0
0
0
0
0
0
0
0
0
0
0
0
0
0
0
0
0
0
0
0
0
0
0
0
0
0
0
0
0
0
0
0
0
0
0
0
0
0
0
0
0
0
0
0
0
0
0
0
0
0
0
0
0
0
0
0
0
0
0
0
0
0
0
0
0
0
0
0
4.1237734254159e-06
1.61632695359115e-05
3.14798153385245e-05
3.13608163273582e-05
1.58589066804285e-05
3.8903522881282e-06
4.64553832052956e-07
9.15377008971342e-08
1.09845241076561e-07
8.69608158522775e-08
3.43266378364253e-08
6.86532756728507e-09
0
0
6.68957518156257e-05
0.000265221334579357
0.000523769570763312
0.000530206959578903
0.000272423063197439
6.80331077492726e-05
8.31162324145979e-06
1.47833386948872e-06
1.66369771380541e-06
1.28839314012716e-06
5.03457354934238e-07
1.00691470986848e-07
9.15377008971342e-09
0
8.36494395223237e-05
0.000372297560203779
0.000832352314257641
0.000953822843348139
0.000548397789189686
0.000159719557410365
3.26103059446041e-05
9.27963442844698e-06
2.37082645323578e-06
3.86746786290392e-07
6.17879481055656e-08
9.15377008971342e-09
0
0
3.22739048938071e-05
0.000126848369018204
0.000231702516953349
0.000211690087094713
0.000127239692689539
0.000136077657711157
0.000176740992892187
0.000113465557147043
3.13036052642975e-05
3.67066180597508e-06
1.83075401794268e-07
4.57688504485671e-09
0
0
1.81015803524083e-06
6.92025018782335e-06
1.19708428348227e-05
1.00874546388642e-05
6.16048727037713e-06
8.43519913767092e-06
1.17145372723108e-05
7.57245630671543e-06
2.09163646549952e-06
2.44863349899834e-07
1.14422126121418e-08
0
0
0
0
2.28844252242836e-09
4.57688504485671e-09
2.28844252242836e-09
2.28844252242836e-09
2.28844252242836e-09
4.57688504485671e-09
2.28844252242836e-09
0
0
0
0
0
0
0
0
0
0
0
0
0
0
0
0
0
0
0
0
0
0
0
0
0
0
0
0
0
0
0
0
0
0
0
0
0
0
0
0
0
0
0
0
0
0
0
0
0
0
0
0
0
0
0
0
0
0
0
0
0
0
0
0
0
0
0
0
0
0
0
0
0
0
0
0
0
0
0
0
0
0
0
0
0
0
0
0
0
0
0
0
0
0
0
0
0
0
0
0
0
0
0
0
0
0
0
0
0
0
0
0
0
0
0
0
0
0
7.41455377266787e-07
3.24043461175855e-06
7.12163312979704e-06
7.96377997805068e-06
4.37092521783816e-06
1.11447150842261e-06
1.2586433873356e-07
6.86532756728507e-09
2.28844252242836e-09
2.28844252242836e-09
0
0
0
0
1.24125122416514e-05
5.45312968669453e-05
0.000120205020375594
0.000134823591208867
7.42119025598291e-05
1.89803422810208e-05
2.18775105144151e-06
1.37306551345701e-07
2.97497527915686e-08
2.05959827018552e-08
6.86532756728507e-09
2.28844252242836e-09
0
0
2.08980571148157e-05
9.4309004791795e-05
0.0002129029616316
0.00024508532882451
0.000148785379038202
8.01961797559793e-05
7.27038189375489e-05
4.48443196695061e-05
1.23347051958888e-05
1.44629567417472e-06
7.32301607177074e-08
2.28844252242836e-09
0
0
4.23590710901489e-06
1.71495882630781e-05
3.38895453146415e-05
5.30483861124117e-05
0.000199824512615922
0.000671614399924796
0.00102598658985039
0.000667987218526747
0.000184549158778712
2.16303587219928e-05
1.07556798554133e-06
2.28844252242836e-08
0
0
1.9451761440641e-07
7.43743819789216e-07
1.35475797327759e-06
2.50126767701419e-06
1.27626439475829e-05
4.47070131181604e-05
6.85113922364601e-05
4.46154754172632e-05
1.23255514257991e-05
1.44400723165229e-06
7.0941718195279e-08
2.28844252242836e-09
0
0
0
0
0
0
4.57688504485671e-09
1.37306551345701e-08
2.05959827018552e-08
1.37306551345701e-08
4.57688504485671e-09
0
0
0
0
0
0
0
0
0
0
0
0
0
0
0
0
0
0
0
0
0
0
0
0
0
0
0
0
0
0
0
0
0
0
0
0
0
0
0
0
0
0
0
0
0
0
0
0
0
0
0
0
0
0
0
0
0
0
0
0
0
0
0
0
0
0
0
0
0
0
0
0
0
0
0
0
0
0
0
0
0
0
0
0
0
0
0
0
0
0
0
0
0
0
0
0
0
0
0
0
0
0
0
0
0
0
0
0
0
0
0
0
0
0
0
0
0
8.23839308074208e-08
3.77593016200679e-07
8.55877503388205e-07
9.84030284644193e-07
5.49226205382805e-07
1.41883436390558e-07
1.60190976569985e-08
0
0
0
0
0
0
0
1.40281526624858e-06
6.36644709739569e-06
1.44698220693145e-05
1.66392655805766e-05
9.30480729619369e-06
2.41430686116192e-06
3.08939740527828e-07
3.66150803588537e-08
6.86532756728507e-09
0
0
0
0
0
2.50813300458148e-06
1.14033090892605e-05
2.60424759052347e-05
3.24089230026304e-05
3.89332726340736e-05
8.49035060246144e-05
0.00012426242896786
8.06401376053304e-05
2.22734110707952e-05
2.61111291809075e-06
1.30441223778416e-07
2.28844252242836e-09
0
0
2.86055315303544e-07
1.24948961724588e-06
4.4304247234213e-06
4.16748267759428e-05
0.000334810583243881
0.0012072701411496
0.00185313269736951
0.00120693831698385
0.000333460402155648
3.90820213980315e-05
1.94288770154167e-06
4.11919654037104e-08
0
0
9.15377008971342e-09
3.43266378364253e-08
1.85363844316697e-07
2.65688176853932e-06
2.22917186109746e-05
8.06195416226286e-05
0.000123774990710582
8.06149647375837e-05
2.22734110707952e-05
2.61111291809075e-06
1.30441223778416e-07
2.28844252242836e-09
0
0
0
0
0
0
6.86532756728507e-09
2.28844252242836e-08
3.66150803588537e-08
2.28844252242836e-08
6.86532756728507e-09
0
0
0
0
0
0
0
0
0
0
0
0
0
0
0
0
0
0
0
0
0
0
0
0
0
0
0
0
0
0
0
0
0
0
0
0
0
0
0
0
0
0
0
0
0
0
0
0
0
0
0
0
0
0
0
0
0
0
0
0
0
0
0
0
0
0
0
0
0
0
0
0
0
0
0
0
0
0
0
0
0
0
0
0
0
0
0
0
0
0
0
0
0
0
0
0
0
0
0
0
0
0
0
0
0
0
0
0
0
0
0
0
0
0
0
0
0
0
