5.04949150004029e-05
0.000156452838994259
0.00032203472146475
0.000448426265779702
0.000442525800342951
0.000339516401427464
0.000226058522523842
0.000133598923570224
6.51145903117584e-05
2.47960713250767e-05
7.45441784291823e-06
1.87840400745496e-06
4.47401681775636e-07
1.20673227145591e-07
3.75680801490992e-08
1.02458400406634e-08
2.27685334236965e-09
1.96025688511315e-05
9.18232184444255e-05
0.000287920627836025
0.000609089006604003
0.00088959392310393
0.000946149821701721
0.000806685723921553
0.000609362229005087
0.00041344924473422
0.000237073938994226
0.000109962909023085
4.22003382741502e-05
1.6292024091326e-05
8.72148672794694e-06
5.38134287469066e-06
2.64342673049116e-06
9.0846448360549e-07
2.18577920867486e-07
8.14999653901216e-06
4.09207466957385e-05
0.000137512834465757
0.000312281820172709
0.000488921240900418
0.000552095952164477
0.000497717863788663
0.000419193745717018
0.000352996511640963
0.000268911179280581
0.000174759878293582
0.000121456464695367
0.000120947587973347
0.000125620829458561
9.71021029187096e-05
5.09571162289039e-05
1.79814492713643e-05
4.33740561721418e-06
1.03482984410701e-06
5.54413788867009e-06
1.97300726383042e-05
4.72822749343193e-05
7.82064970303839e-05
9.47296217359604e-05
9.67332526772457e-05
9.9618025862028e-05
0.000103345234783487
0.000101422432135856
0.000123213057049005
0.00021748616968982
0.00036006500284235
0.000426162055371341
0.000338808300037987
0.000179339768791759
6.35617763322623e-05
1.53414378208867e-05
1.59379733965875e-08
8.19667203253073e-08
2.925756544945e-07
7.44531042954875e-07
1.47084725917079e-06
2.65139571718946e-06
4.80757583241351e-06
7.86538987121595e-06
1.03653748411378e-05
1.29177274379342e-05
2.33252240659059e-05
5.13794725239135e-05
8.94382145682933e-05
0.000106806051863889
8.51850525247468e-05
4.52604291662951e-05
1.61212600906483e-05
3.91049561551987e-06
0
0
1.13842667118482e-09
2.27685334236965e-09
7.96898669829377e-09
2.27685334236965e-08
5.46444802168716e-08
1.01319973735449e-07
1.50272320596397e-07
2.43623307633552e-07
5.76043895619521e-07
1.3501740320252e-06
2.34174366262718e-06
2.78914534440282e-06
2.2506695289324e-06
1.22836237820843e-06
4.5537066847393e-07
1.14981093789667e-07
0
0
0
0
0
0
0
0
1.13842667118482e-09
3.41528001355447e-09
7.96898669829377e-09
1.36611200542179e-08
2.04916800813268e-08
2.16301067525117e-08
1.70764000677724e-08
9.10741336947859e-09
3.41528001355447e-09
1.13842667118482e-09
0
0
0
0
0
0
0
0
1.13842667118482e-09
2.27685334236965e-09
2.27685334236965e-09
2.27685334236965e-09
2.27685334236965e-09
1.13842667118482e-09
0
0
0
0
0
0
0
0
0
1.13842667118482e-09
3.41528001355447e-09
6.83056002710894e-09
1.02458400406634e-08
1.02458400406634e-08
6.83056002710894e-09
3.41528001355447e-09
1.13842667118482e-09
0
0
0
0
0
0
0
0
0
1.13842667118482e-09
4.5537066847393e-09
1.70764000677724e-08
3.75680801490992e-08
5.57829068880564e-08
5.69213335592412e-08
3.75680801490992e-08
1.70764000677724e-08
4.5537066847393e-09
1.13842667118482e-09
0
0
0
0
0
0
0
0
1.13842667118482e-09
6.83056002710894e-09
2.27685334236965e-08
5.12292002033171e-08
7.62745869693832e-08
7.7413013640568e-08
5.12292002033171e-08
2.27685334236965e-08
6.83056002710894e-09
1.13842667118482e-09
0
0
0
0
0
0
0
0
0
1.13842667118482e-09
4.5537066847393e-09
1.13842667118482e-08
1.59379733965875e-08
1.59379733965875e-08
1.13842667118482e-08
4.5537066847393e-09
1.13842667118482e-09
0
0
0
0
0
0
0
0
0
0
0
0
0
0
0
0
0
0
0
0
0
0
0
0
0
0
0
0
0
0
0
0
0
0
0
0
0
0
0
0
0
0
0
0
0
0
0
0
0
0
0
0
0
0
0
0
0
0
0
0
0
0
0
0
0
0
0
0
0
0
0
0
0
0
0
0
0
0
0
0
0
0
0
0
0
0
0
0
0
0
0
0
0
0
0
0
0
0
0
0
0
0
0
0
0
0
0
0
0
0
0
0
0
2.17143503261793e-05
9.90488125264356e-05
0.000300585624552956
0.000609915504367283
0.000845323925141566
0.00084675948117393
0.000682544849135532
0.00049227732272707
0.000315996506400785
0.000166918395382461
7.03593219859069e-05
2.45900160975922e-05
7.64681195034846e-06
2.25180795560358e-06
6.53456909260089e-07
1.92394107430235e-07
5.46444802168716e-08
1.36611200542179e-08
4.12349524569855e-05
0.000187920090612479
0.000576909099889621
0.00120523182510329
0.00176535937743298
0.00194089566271631
0.00178906369758039
0.00150695929160745
0.00113879210614627
0.000722454672947259
0.000372053774116597
0.000159627910980194
6.68131229051661e-05
3.50191428323164e-05
2.08935446962551e-05
1.05258930017749e-05
3.92757201558764e-06
1.08719747098151e-06
1.78084084173442e-05
8.81961910700307e-05
0.000294911706023771
0.000674826316304899
0.00108902919949544
0.00132411203024177
0.00137125883240222
0.00136992231949024
0.00130546004766107
0.00106000614994026
0.000700802936087995
0.000449737733304907
0.000387150450203179
0.000376378657040428
0.000289151267067576
0.000155256352562844
5.77671845759315e-05
1.54985407015102e-05
2.43737150300671e-06
1.28129921841852e-05
4.54391621536711e-05
0.000110916910573537
0.000194370416131412
0.000267663463648962
0.000334647350554806
0.000410570163682793
0.000455065570126052
0.000431736930780133
0.000441716378979739
0.00065291046445792
0.00101381334933026
0.00118192367743745
0.000941976349525157
0.000507051824065707
0.000187213127649673
4.95363597432653e-05
6.26134669151653e-08
2.86883521138576e-07
9.60832110479992e-07
2.52730721003031e-06
5.81166815639853e-06
1.26615814369176e-05
2.52525804202218e-05
4.13624562441582e-05
5.23289203676816e-05
5.75941437219114e-05
8.22684033931713e-05
0.000157042544009933
0.00025930171974911
0.000303051456722743
0.000240246734126818
0.000128832331097973
4.74564542150106e-05
1.25022017029517e-05
1.13842667118482e-09
3.41528001355447e-09
1.02458400406634e-08
2.73222401084358e-08
6.71671735999046e-08
1.63933440650615e-07
3.5405069473848e-07
6.1361197576862e-07
8.85695950181793e-07
1.39571109887259e-06
2.92006441158907e-06
5.95738677031019e-06
9.15522728966835e-06
9.87698979919953e-06
7.40091178937254e-06
3.85357428196063e-06
1.40026480555733e-06
3.59742828094404e-07
0
0
0
0
0
1.13842667118482e-09
2.27685334236965e-09
1.02458400406634e-08
3.41528001355447e-08
8.19667203253073e-08
1.43441760569288e-07
1.81009840718387e-07
1.73040854020093e-07
1.28642213843885e-07
7.62745869693832e-08
3.41528001355447e-08
1.13842667118482e-08
3.41528001355447e-09
0
0
0
0
0
0
1.13842667118482e-09
6.83056002710894e-09
2.16301067525117e-08
4.78139201897626e-08
7.39977336270136e-08
7.7413013640568e-08
5.46444802168716e-08
2.50453867660661e-08
7.96898669829377e-09
1.13842667118482e-09
0
0
0
0
0
0
2.27685334236965e-09
1.36611200542179e-08
4.89523468609474e-08
1.10427387104928e-07
1.68487147335354e-07
1.73040854020093e-07
1.22950080487961e-07
6.14750402439805e-08
2.27685334236965e-08
6.83056002710894e-09
1.13842667118482e-09
0
0
0
0
0
0
2.27685334236965e-09
1.47995467254027e-08
7.96898669829377e-08
2.75499254426727e-07
6.22719389138099e-07
9.3692515038511e-07
9.40340430398665e-07
6.29549949165208e-07
2.80052961111467e-07
8.19667203253073e-08
1.59379733965875e-08
2.27685334236965e-09
0
0
0
0
0
0
2.27685334236965e-09
2.04916800813268e-08
1.09288960433743e-07
3.75680801490992e-07
8.50404723375064e-07
1.27731472506937e-06
1.28186843175411e-06
8.58373710073357e-07
3.81372934846916e-07
1.11565813776113e-07
2.16301067525117e-08
2.27685334236965e-09
0
0
0
0
0
0
0
4.5537066847393e-09
2.27685334236965e-08
7.96898669829377e-08
1.81009840718387e-07
2.72083974413173e-07
2.72083974413173e-07
1.82148267389572e-07
8.08282936541225e-08
2.39069600948813e-08
4.5537066847393e-09
0
0
0
0
0
0
0
0
0
0
1.13842667118482e-09
2.27685334236965e-09
3.41528001355447e-09
3.41528001355447e-09
2.27685334236965e-09
1.13842667118482e-09
0
0
0
0
0
0
0
0
0
0
0
0
0
0
0
0
0
0
0
0
0
0
0
0
0
0
0
0
0
0
0
0
0
0
0
0
0
0
0
0
0
0
0
0
0
0
0
0
0
0
0
0
0
0
0
0
0
0
0
0
0
0
0
0
0
0
0
0
0
0
0
0
0
0
0
0
0
0
0
0
0
0
0
0
0
0
0
0
0
0
0
0
0
0
0
0
2.68133633864162e-05
0.000119276377620048
0.000354955743942072
0.000711507562077146
0.000986985186397121
0.00101587504003178
0.000875145011793252
0.000691704630131886
0.000487110004066563
0.000286565900097315
0.000141350470774321
6.17220788316276e-05
2.46298610310837e-05
8.76133166143841e-06
2.72880873083002e-06
7.91206536473453e-07
2.2654690756578e-07
6.14750402439805e-08
5.35049151190155e-05
0.00023812470681173
0.000718902781733162
0.00149533254001464
0.00223379918409211
0.00261168170276517
0.00267687484451724
0.00253654326561363
0.00213192593499446
0.00150679194288678
0.000881212825950667
0.000440998031750221
0.000213560874527575
0.000117280715665461
6.93654755019625e-05
3.59993281962065e-05
1.45866609378912e-05
4.59013633821721e-06
2.61576296238137e-05
0.000126094414953774
0.000417318756989577
0.000968121456455588
0.00164567771991799
0.00222807631321606
0.00268846061274989
0.00307436220889478
0.00317166695176096
0.0027073767103183
0.0018674785266916
0.0011956348882652
0.000935664912060109
0.000838913444556124
0.000634397369931113
0.000353667044950291
0.000145214290896323
4.67665676522726e-05
4.90548052613541e-06
2.33969449461905e-05
7.85594092984512e-05
0.000191680313907402
0.000361357117114145
0.000578954852617741
0.000854579333978298
0.00114712994308603
0.0012971939316016
0.00121469442759418
0.00113430442820846
0.00141541498769746
0.00197124839462344
0.00219449158798944
0.0017332739601323
0.000961509474349347
0.000390817322511065
0.000126861714530152
3.5860440142322e-07
1.40937221892681e-06
4.06076793611627e-06
9.63678177157954e-06
2.16562905659489e-05
4.74359625349292e-05
9.18881087646831e-05
0.000142970451927417
0.00017337441303475
0.000181839753761681
0.000226928280500627
0.000367586587858868
0.000544561844454576
0.000595781937244524
0.000457113599707514
0.000247180890981005
9.82928972167689e-05
3.12429815639963e-05
7.96898669829377e-09
3.75680801490992e-08
1.16119520460852e-07
2.67530267728434e-07
5.29368402100943e-07
1.01661501736805e-06
1.85677390070245e-06
2.95877091840936e-06
4.28162271032612e-06
6.90683461407833e-06
1.32535633059337e-05
2.34265440396413e-05
3.10631101499491e-05
2.89854814750368e-05
1.89855415953493e-05
8.8968044353094e-06
3.07489043887021e-06
8.21944056595443e-07
0
0
1.13842667118482e-09
2.27685334236965e-09
4.5537066847393e-09
1.02458400406634e-08
3.64296534779144e-08
1.54826027281136e-07
5.27091548758574e-07
1.26365360501515e-06
2.08332080826823e-06
2.36792747606443e-06
1.87157344742785e-06
1.04735253749004e-06
4.28048428365494e-07
1.34334347199809e-07
3.30143734643599e-08
6.83056002710894e-09
0
0
0
0
0
3.41528001355447e-09
2.27685334236965e-08
1.01319973735449e-07
3.33559014657153e-07
7.65022723036202e-07
1.19648643141525e-06
1.26365360501515e-06
8.91388083537717e-07
4.16664161653646e-07
1.28642213843885e-07
2.6183813437251e-08
3.41528001355447e-09
0
0
0
0
3.41528001355447e-09
2.6183813437251e-08
1.35472773870994e-07
4.67893361856963e-07
1.06784421757137e-06
1.63364227315022e-06
1.70877843344842e-06
1.25340776497449e-06
6.73948589341416e-07
2.78914534440282e-07
9.10741336947859e-08
2.27685334236965e-08
4.5537066847393e-09
0
0
0
0
1.13842667118482e-09
1.82148267389572e-08
1.46857040582842e-07
7.70714856392126e-07
2.64684201050472e-06
5.98812429043217e-06
9.0015396890584e-06
9.03000035583802e-06
6.04504562399142e-06
2.68668694399619e-06
7.86652829788713e-07
1.50272320596397e-07
1.9353253410142e-08
1.13842667118482e-09
0
0
0
0
2.27685334236965e-09
2.50453867660661e-08
2.00363094128529e-07
1.05190624417478e-06
3.60995097432708e-06
8.16707293907993e-06
1.2275654795386e-05
1.23143613022062e-05
8.24107067270694e-06
3.66118017453039e-06
1.07125949758492e-06
2.04916800813268e-07
2.50453867660661e-08
2.27685334236965e-09
0
0
0
0
0
5.69213335592412e-09
4.21217868338385e-08
2.23131627552226e-07
7.67299576378571e-07
1.73610067355686e-06
2.60927393035562e-06
2.61724291705391e-06
1.75203864695344e-06
7.7868384309042e-07
2.27685334236965e-07
4.32602135050233e-08
5.69213335592412e-09
0
0
0
0
0
0
0
1.13842667118482e-09
3.41528001355447e-09
1.02458400406634e-08
2.39069600948813e-08
3.64296534779144e-08
3.64296534779144e-08
2.39069600948813e-08
1.13842667118482e-08
3.41528001355447e-09
1.13842667118482e-09
0
0
0
0
0
0
0
0
0
0
0
0
0
0
0
0
0
0
0
0
0
0
0
0
0
0
0
0
0
0
0
0
0
0
0
0
0
0
0
0
0
0
0
0
0
0
0
0
0
0
0
0
0
0
0
0
0
0
0
0
0
0
0
0
0
0
0
0
0
0
0
0
0
0
0
0
0
0
0
0
0
0
0
0
0
0
0
0
0
0
0
0
0
0
2.03288850673474e-05
8.8530888511359e-05
0.000259564696310153
0.000518540826031304
0.000733459843577603
0.000801565080754564
0.000765367666317571
0.000678984988934737
0.000539706454701973
0.000373195616067795
0.000228731548347784
0.000125907712979699
6.02432625857585e-05
2.37988095611187e-05
7.74699349741273e-06
2.28254547572557e-06
6.73948589341416e-07
1.9580938744379e-07
4.44419003897132e-05
0.000192726528018221
0.0005739389447045
0.00120637139020115
0.00190075701514367
0.00247439541520698
0.00289710803776463
0.00308009987931755
0.00287132153523562
0.00229108936789281
0.0015568793011389
0.000925801583380963
0.000523761650745358
0.000309143177840253
0.000184715419533094
9.76804236676715e-05
4.16288480852155e-05
1.41711352029087e-05
3.25817713293097e-05
0.000142162168990876
0.000440059968173165
0.00100425511899899
0.00179675832345093
0.00273216936636336
0.00376101336303328
0.00470817979975237
0.0051270843850949
0.00462582715278553
0.00345908439500832
0.00241637094620336
0.001903695294382
0.00161500053640957
0.00119308025881507
0.000691761551465445
0.000317794082114586
0.000121976725684098
1.22847622087554e-05
4.92369535287436e-05
0.000141339086507609
0.000311486059929551
0.000583697538129897
0.0010137803349568
0.00162502324482268
0.00224633098488851
0.00254826792190016
0.00242282241014897
0.00226705035030408
0.00257570628152906
0.00315576313116451
0.00321979052400529
0.00246637975301517
0.00143802414138719
0.000690772258688185
0.000292952473722662
1.860189180716e-06
7.10719770820686e-06
1.91517518893423e-05
3.98426566381265e-05
7.48174008302666e-05
0.000140998696932925
0.000247737581623214
0.000361509666288083
0.000427096703668383
0.000453744995187478
0.000547562737159819
0.000778230749275288
0.00100250308035204
0.000980793283732546
0.000702011945212793
0.000381823751808705
0.000172975963699836
7.07065421206183e-05
5.91981869016109e-08
2.73222401084358e-07
8.7317325679876e-07
1.99907723460055e-06
3.61222782766945e-06
5.88908117003909e-06
9.22467131661063e-06
1.35711843471943e-05
1.95570317842841e-05
3.0834286389041e-05
5.24279634880747e-05
8.03467391722113e-05
9.41809000804493e-05
7.82463419638753e-05
4.54505464203829e-05
1.89969258620612e-05
6.14864245106924e-06
1.73154696687212e-06
0
2.27685334236965e-09
9.10741336947859e-09
2.27685334236965e-08
4.21217868338385e-08
8.87972803524163e-08
3.2331317461649e-07
1.41506435228274e-06
4.88271199271171e-06
1.1758809086668e-05
1.93122700499794e-05
2.15640780055829e-05
1.63774060916649e-05
8.48924768702523e-06
3.03163022536519e-06
7.61607443022647e-07
1.40026480555733e-07
2.04916800813268e-08
0
0
0
0
3.41528001355447e-09
2.84606667796206e-08
1.84425120731941e-07
8.84557523510608e-07
3.00430798525675e-06
7.00360088112904e-06
1.1074614657286e-05
1.17872697534477e-05
8.3867892866186e-06
3.96172481572319e-06
1.23519293823553e-06
2.53869147674216e-07
3.41528001355447e-08
3.41528001355447e-09
0
0
1.13842667118482e-09
1.82148267389572e-08
1.45718613911657e-07
7.69576429720941e-07
2.65594942387419e-06
6.08602898415407e-06
9.41934227738324e-06
1.00864603066975e-05
7.75951619079576e-06
4.5161386045902e-06
2.07535182156993e-06
7.46807896297245e-07
1.99224667457344e-07
3.64296534779144e-08
4.5537066847393e-09
0
0
0
7.96898669829377e-09
1.02458400406634e-07
8.29913043293737e-07
4.36017415063788e-06
1.49668954460669e-05
3.38636397610638e-05
5.09070254553718e-05
5.10755126027071e-05
3.41960603490497e-05
1.52071034736869e-05
4.45921727103096e-06
8.56096856730988e-07
1.07012107091373e-07
7.96898669829377e-09
0
0
0
0
1.02458400406634e-08
1.40026480555733e-07
1.13159611115772e-06
5.94714093026952e-06
2.04131286410151e-05
4.61859700499683e-05
6.94235352621929e-05
6.96421131830604e-05
4.66094647716491e-05
2.07068427221808e-05
6.05756831737445e-06
1.15664149792378e-06
1.43441760569288e-07
1.13842667118482e-08
0
0
0
0
2.27685334236965e-09
2.95990934508054e-08
2.40208027619998e-07
1.26365360501515e-06
4.33854404388536e-06
9.81665318562674e-06
1.47562865118977e-05
1.48029620054163e-05
9.90658889265034e-06
4.40115751080053e-06
1.28756056511004e-06
2.45900160975922e-07
3.07375201219903e-08
2.27685334236965e-09
0
0
0
0
0
0
3.41528001355447e-09
1.70764000677724e-08
6.03366135727957e-08
1.36611200542179e-07
2.04916800813268e-07
2.06055227484453e-07
1.37749627213364e-07
6.14750402439805e-08
1.82148267389572e-08
3.41528001355447e-09
0
0
0
0
0
0
0
0
0
0
0
0
0
0
0
0
0
0
0
0
0
0
0
0
0
0
0
0
0
0
0
0
0
0
0
0
0
0
0
0
0
0
0
0
0
0
0
0
0
0
0
0
0
0
0
0
0
0
0
0
0
0
0
0
0
0
0
0
0
0
0
0
0
0
0
0
0
0
0
0
0
0
0
0
0
0
0
0
0
0
0
0
0
0
9.64475075827783e-06
4.14580840845377e-05
0.000121649997229468
0.000250398084753773
0.000384700556006789
0.00048704966745299
0.000552545630699595
0.000570977896932749
0.000530463568558623
0.00044013168905345
0.000321038598127463
0.00019996009108693
0.000102669009340803
4.22401832076417e-05
1.41973190163459e-05
4.31691393713285e-06
1.31715965856084e-06
3.96172481572319e-07
2.87350276073761e-05
0.000117649565906924
0.000339754332601741
0.000731214866182026
0.00127323005017316
0.00192759200863684
0.00257794670521795
0.00301206067088752
0.0030839659762929
0.00276366052494168
0.00213996891942638
0.00145211558672312
0.000917244030093667
0.00057179642570933
0.000344020017338671
0.000182260971630019
7.93107709014331e-05
2.814304573836e-05
4.92426456620996e-05
0.000181831784774982
0.000474915177564831
0.000951204436121782
0.00163456667560722
0.00261840980439188
0.00389486729417785
0.00515103346697662
0.00586818990219618
0.00565408258286644
0.0047015609870861
0.00373504812751689
0.00313275097443318
0.00259930131271604
0.00186818435122773
0.00110135039135768
0.00054366248738434
0.000231166642997448
3.26409695162113e-05
0.000121170719600899
0.000311790019850757
0.000595781937244524
0.00096832523482973
0.00155186453165233
0.00243743297804695
0.00335103745807284
0.0038201717050014
0.003757583283473
0.00366457610129054
0.00402471282501317
0.00446291943456565
0.00414289631302888
0.00303365320955988
0.00185983854530128
0.00104796159575912
0.000533815096678591
6.40706530542819e-06
2.51990743666761e-05
6.89089664068174e-05
0.000138202721028495
0.000227474725302796
0.000355924545039251
0.000545290437524134
0.000745403077785003
0.000875680072328709
0.000959516089248102
0.00113544057802631
0.00145673418372811
0.00167522330731525
0.00148738973712978
0.000993405912822603
0.000539231730780089
0.000271503376810869
0.000129887652622161
2.58422854358955e-07
1.27276101838463e-06
4.30097596373627e-06
1.02640548674024e-05
1.84163282597569e-05
2.76205078962862e-05
3.83331028721354e-05
5.1912256206028e-05
7.29458273828388e-05
0.000110801929479748
0.00016925217005839
0.000228063291891798
0.000241587800745474
0.000187137991489375
0.000103243914809752
4.12952890705583e-05
1.28904051978258e-05
3.58945929424575e-06
2.27685334236965e-09
1.36611200542179e-08
5.00907735321323e-08
1.25226933830331e-07
2.40208027619998e-07
4.90661895280659e-07
1.72243955350264e-06
7.61607443022647e-06
2.66995207192977e-05
6.51999723120972e-05
0.000108419202456958
0.000122290931445345
9.34716602643012e-05
4.84537159789685e-05
1.71094144412367e-05
4.15525734982461e-06
7.06962962805776e-07
8.65204270100466e-08
0
0
0
1.13842667118482e-09
1.36611200542179e-08
1.2978064051507e-07
9.0846448360549e-07
4.56167567143759e-06
1.58537298229199e-05
3.74690370287061e-05
5.98322905574608e-05
6.42710161484104e-05
4.62019080233649e-05
2.21082459544093e-05
7.01498514784089e-06
1.47540096585553e-06
2.06055227484453e-07
1.9353253410142e-08
0
0
4.5537066847393e-09
6.03366135727957e-08
4.94077175294214e-07
2.60244337032851e-06
9.00723182241433e-06
2.0781978882479e-05
3.26694301829909e-05
3.61530157968165e-05
2.95455873972597e-05
1.8798839621275e-05
9.5047242777221e-06
3.68053342794054e-06
1.02344557739516e-06
1.9353253410142e-07
2.39069600948813e-08
2.27685334236965e-09
0
0
2.6183813437251e-08
3.44943281369002e-07
2.79939118444348e-06
1.47084725917079e-05
5.04858075870334e-05
0.00011423428589337
0.00017173052492156
0.000172317953083891
0.000115397757951321
5.13430428704356e-05
1.50739075531583e-05
2.9029880115213e-06
3.66573388121513e-07
2.95990934508054e-08
0
0
0
0
3.52912268067296e-08
4.71308641870517e-07
3.8182830551539e-06
2.00602163729478e-05
6.88554603532717e-05
0.000155793689951643
0.000234181196822745
0.000234918897305673
0.000157221276997309
6.98470299838737e-05
2.04324818944252e-05
3.90138820215039e-06
4.82692908582365e-07
3.64296534779144e-08
0
0
0
0
7.96898669829377e-09
1.00181547064265e-07
8.1169821655478e-07
4.26454631025835e-06
1.46356132847521e-05
3.31145550114242e-05
4.97765677708853e-05
4.99336706515088e-05
3.34185149326305e-05
1.48462222189213e-05
4.3430977505701e-06
8.28774616622552e-07
1.02458400406634e-07
7.96898669829377e-09
0
0
0
0
0
1.13842667118482e-09
1.13842667118482e-08
5.91981869016109e-08
2.03778374142084e-07
4.61062801829854e-07
6.93301842751558e-07
6.94440269422743e-07
4.65616508514593e-07
2.07193654155638e-07
6.03366135727957e-08
1.13842667118482e-08
1.13842667118482e-09
0
0
0
0
0
0
0
0
0
0
0
0
0
0
0
0
0
0
0
0
0
0
0
0
0
0
0
0
0
0
0
0
0
0
0
0
0
0
0
0
0
0
0
0
0
0
0
0
0
0
0
0
0
0
0
0
0
0
0
0
0
0
0
0
0
0
0
0
0
0
0
0
0
0
0
0
0
0
0
0
0
0
0
0
0
0
0
0
0
0
0
0
0
3.42438742692395e-06
1.51763659535649e-05
4.76078649622782e-05
0.00011117874870791
0.000207159501355502
0.000325915617986819
0.000443653981174095
0.000530082195623776
0.000557628705786435
0.00050244233447408
0.000375659171384239
0.000231451249665244
0.000117937587854734
4.96741093704786e-05
1.77036731635952e-05
5.71148660933426e-06
1.76114606032292e-06
5.15707282046725e-07
2.31840591586789e-05
8.77988801617872e-05
0.00023947943455044
0.000513534025531433
0.000949393199287926
0.00156048014469986
0.00222997179362359
0.00275973181449942
0.00299813543584559
0.00283180788390547
0.0022953015465762
0.00164308096868102
0.00110175680967929
0.000710459071112984
0.000424417985711085
0.000219873450419295
9.46738388290723e-05
3.39068999745688e-05
7.65500862238099e-05
0.00026191554738615
0.000610467641302808
0.00104871864949546
0.00154585705410849
0.00228787900468007
0.00339871476706206
0.00460343430016332
0.0053930675309772
0.0054315361066232
0.00489155756794682
0.00429573464734213
0.00379805549006029
0.00310326913892951
0.00214863462324744
0.00124392467080352
0.000624651299199099
0.00027608782101573
6.22594162204268e-05
0.000231743825319739
0.000589950915834715
0.0010755308744552
0.00156384533393988
0.00216449518363039
0.00308727765947937
0.00409873901930697
0.00467414198071061
0.00470092232972356
0.00464468405216703
0.00492055671054191
0.00509941834013177
0.00443031489470292
0.00310740504302592
0.00192781400183772
0.00116471066616914
0.000636893939621021
1.36964112810246e-05
5.65843592645705e-05
0.00016290999507322
0.000338086537528455
0.000542226931351976
0.000755724053985964
0.00100436099267941
0.00125885399816944
0.00144972375228696
0.00159730824751269
0.0018105162097722
0.00212143419479282
0.00226586866341939
0.00192397750395583
0.00124753234492451
0.000664434757650324
0.000334272808179986
0.000162075528323241
7.126550961617e-07
3.74087004151333e-06
1.34607569600894e-05
3.38454249343248e-05
6.18097376853088e-05
8.83715087773932e-05
0.000110212224464074
0.00013509367778949
0.000182975903579523
0.000277285445873816
0.00040945222869169
0.000513825462759257
0.000505599191633275
0.000372480684118291
0.00020118048447844
8.00905931711948e-05
2.44761734304737e-05
6.28069994492668e-06
7.96898669829377e-09
4.43986401762081e-08
1.68487147335354e-07
4.36017415063788e-07
8.43574163347955e-07
1.63705755316378e-06
5.47355543505663e-06
2.4397621990162e-05
8.71135473057339e-05
0.000216617550139706
0.000366776028068984
0.000421306665618737
0.000327978447115005
0.000173142173993829
6.21683420867321e-05
1.5269716940602e-05
2.59105910361666e-06
3.08513627891087e-07
0
0
0
2.27685334236965e-09
3.52912268067296e-08
3.68850241463883e-07
2.71970131746054e-06
1.40857532025698e-05
4.98027515843225e-05
0.000119076014525919
0.00019201387292206
0.000208337772960179
0.000151532558921398
7.35901768787294e-05
2.3806778547817e-05
5.13316586037237e-06
7.39977336270136e-07
7.05824536134591e-08
0
0
9.10741336947859e-09
1.21811653816776e-07
9.93846483944351e-07
5.24814695416204e-06
1.82489795390927e-05
4.2549835262204e-05
6.8431965631591e-05
7.92219736210807e-05
6.97696169702331e-05
4.87736138735714e-05
2.6837270346511e-05
1.09903710836183e-05
3.15002659916841e-06
6.05642989070326e-07
7.62745869693832e-08
5.69213335592412e-09
0
0
5.23676268745019e-08
6.94440269422743e-07
5.62838146233777e-06
2.95683559306834e-05
0.000101494153016141
0.000229655950804786
0.000345270009823632
0.000346500649055183
0.000232125198254586
0.000103363449610226
3.04062379606755e-05
5.88338903668317e-06
7.51361602981984e-07
6.14750402439805e-08
1.13842667118482e-09
0
0
0
7.17208802846439e-08
9.47170990425774e-07
7.67641104379927e-06
4.03276264000512e-05
0.000138421298949363
0.000313192561509657
0.000470776996615074
0.000472260366567628
0.000316064812001056
0.000140414684050607
4.10767111496908e-05
7.84262133779225e-06
9.6993952384947e-07
7.28593069558287e-08
0
0
0
0
1.47995467254027e-08
2.01501520799714e-07
1.63136541980785e-06
8.57235283402173e-06
2.94226373167718e-05
6.6571776450875e-05
0.000100067704397146
0.000100383048585064
6.718197314663e-05
2.98461320384525e-05
8.73059414131642e-06
1.66665664661458e-06
2.06055227484453e-07
1.59379733965875e-08
0
0
0
0
0
2.27685334236965e-09
2.27685334236965e-08
1.19534800474407e-07
4.09833601626537e-07
9.26679310344447e-07
1.39229581885904e-06
1.39684952554378e-06
9.34648297042741e-07
4.15525734982461e-07
1.21811653816776e-07
2.27685334236965e-08
3.41528001355447e-09
0
0
0
0
0
0
0
0
0
0
1.13842667118482e-09
1.13842667118482e-09
1.13842667118482e-09
1.13842667118482e-09
0
0
0
0
0
0
0
0
0
0
0
0
0
0
0
0
0
0
0
0
0
0
0
0
0
0
0
0
0
0
0
0
0
0
0
0
0
0
0
0
0
0
0
0
0
0
0
0
0
0
0
0
0
0
0
0
0
0
0
0
0
0
0
0
0
0
0
0
0
0
0
0
0
0
0
0
0
0
0
2.00135408794292e-06
9.99083246631802e-06
3.51603077395433e-05
9.03216336651328e-05
0.000178758032762783
0.000292023517558975
0.000420365186761668
0.000542149518338335
0.000594784675480566
0.000520761896466786
0.00035819115254158
0.000202370140349828
0.00010106155088109
4.64705767177645e-05
1.93475612767861e-05
6.95123325425454e-06
2.0707981148852e-06
5.17984135389095e-07
2.33866991061498e-05
9.02692660382583e-05
0.00025028879579334
0.000532496798593359
0.000939657374395954
0.00146643585581995
0.0020816587053283
0.00265184539572457
0.00290090696756638
0.00262773010354887
0.00200557195875966
0.00140123132980117
0.000966767867143549
0.000640877294543497
0.000374570835486587
0.000182214296136501
7.31211450902013e-05
2.48746227653884e-05
8.46898369227814e-05
0.000289957273150775
0.000671755979572714
0.00112199689746628
0.00154716282950034
0.00213036856730828
0.00309512028081716
0.00419902188634497
0.00483487985769521
0.00471228838160867
0.00418612237373377
0.00374730556748554
0.00335819816183459
0.00268192035152393
0.00176125990299004
0.000957018381131522
0.000456920067173412
0.00019726088144955
7.33909522112721e-05
0.000279992624497894
0.000732814355655041
0.00136526160069841
0.00196730943834114
0.00255005525177392
0.00332981035436193
0.00417015252439039
0.00463292751993371
0.00459221965902548
0.00438907197325923
0.00438737344066582
0.00432345875206549
0.00362914484800325
0.00245907560749285
0.00146018589339515
0.000849534965398278
0.000456874530106565
1.79347737778457e-05
7.8767741379278e-05
0.000243180459658461
0.000539563012941403
0.000895850716088762
0.0011998743891887
0.00142537166736364
0.00159599450313414
0.00172629426621127
0.00184625597668737
0.00199571659906721
0.00218988437525115
0.00225457547084123
0.00191432023050417
0.00125077116880403
0.000646973569367691
0.000296127545708596
0.000128879006591492
1.22836237820843e-06
6.83739058713605e-06
2.6030125836641e-05
6.84934406718349e-05
0.00012739791349228
0.000176299031153024
0.000200243559328055
0.000219722039672027
0.000285325015025724
0.000447152366334646
0.000680171229526112
0.000845323925141566
0.000801751782728638
0.000567764118439994
0.000298737958065623
0.000117232901745271
3.48233334448726e-05
8.1465812589986e-06
1.47995467254027e-08
8.65204270100466e-08
3.39251148013078e-07
9.10741336947859e-07
1.77594560704833e-06
3.27980723968348e-06
1.04177424680123e-05
4.68018588790793e-05
0.00017023235542228
0.000431056151630764
0.000743188837909548
0.000869456293717342
0.000689616755616933
0.000371045128085927
0.000135711843471943
3.38488402143384e-05
5.78434591629009e-06
6.8191757603971e-07
0
0
0
2.27685334236965e-09
5.69213335592412e-08
6.40934215877056e-07
4.93849489959977e-06
2.61758444505527e-05
9.38166035456702e-05
0.000226565122392519
0.000368732983516751
0.00040405267099026
0.000297304678886602
0.000146467698661297
4.825335288484e-05
1.06431509489069e-05
1.5755825129198e-06
1.54826027281136e-07
0
0
1.13842667118482e-08
1.44580187240473e-07
1.17599475133392e-06
6.23174759806573e-06
2.18247777132843e-05
5.17323847919808e-05
8.61094549817489e-05
0.000106128687994534
0.000102337727179489
7.87335885791424e-05
4.65889730915677e-05
1.99133593323649e-05
5.83785196983578e-06
1.13728824451364e-06
1.44580187240473e-07
1.13842667118482e-08
0
0
6.14750402439805e-08
8.19667203253073e-07
6.64727333304819e-06
3.49200997119233e-05
0.000119867221062393
0.000271242677103167
0.000407833385965265
0.00040938506151809
0.000274407503249061
0.00012235354491226
3.61074787299691e-05
7.04003053460695e-06
9.14156616961414e-07
7.85514403117529e-08
2.27685334236965e-09
0
0
0
8.4243573667677e-08
1.1179349911035e-06
9.06643000931594e-06
4.76272182156883e-05
0.000163475793128798
0.000369878240747963
0.000555984817673244
0.000557736856320198
0.000373270752228094
0.000165828921058137
4.85106373125277e-05
9.26223939675973e-06
1.14525723121193e-06
8.65204270100466e-08
0
0
0
0
1.82148267389572e-08
2.37931174277628e-07
1.92735635431591e-06
1.01240283868466e-05
3.47481972845744e-05
7.86208843386951e-05
0.000118178934309025
0.000118551199830503
7.93415084215551e-05
3.52479665932245e-05
1.03118687875921e-05
1.96833971447856e-06
2.43623307633552e-07
1.82148267389572e-08
0
0
0
0
0
3.41528001355447e-09
2.73222401084358e-08
1.41164907226918e-07
4.8383133525355e-07
1.09402803100862e-06
1.64502653986207e-06
1.64958024654681e-06
1.10427387104928e-06
4.90661895280659e-07
1.43441760569288e-07
2.73222401084358e-08
3.41528001355447e-09
0
0
0
0
0
0
0
0
0
0
1.13842667118482e-09
1.13842667118482e-09
1.13842667118482e-09
1.13842667118482e-09
0
0
0
0
0
0
0
0
0
0
0
0
0
0
0
0
0
0
0
0
0
0
0
0
0
0
0
0
0
0
0
0
0
0
0
0
0
0
0
0
0
0
0
0
0
0
0
0
0
0
0
0
0
0
0
0
0
0
0
0
0
0
0
0
0
0
0
0
0
0
0
0
0
0
0
0
0
0
0
2.03209160806491e-06
1.05247545751037e-05
3.75248199355942e-05
9.4339141387744e-05
0.000177421519850812
0.000277609897475104
0.000400747818363811
0.000526717006383754
0.000568150045081525
0.000469130831648541
0.000300920321994285
0.000166924087515817
9.20486269253201e-05
5.08740110819074e-05
2.484730052528e-05
9.51838539777632e-06
2.67757953062671e-06
5.475832288399e-07
1.92029810895456e-05
7.98242013301375e-05
0.000237542970782754
0.000525513689392311
0.000922059574912779
0.00141635418970119
0.00204390733848514
0.0026575215911071
0.00283657903008441
0.00239112747319651
0.00168182845886146
0.00113457082004952
0.000801834887875634
0.000542466000952925
0.000306014781347837
0.000134103246585559
4.56349715411149e-05
1.28346222909377e-05
5.85105771922152e-05
0.00020664834778014
0.000502031362445782
0.000896652168465276
0.00134593225424837
0.00202195164170467
0.0031213086479611
0.0042989359031415
0.00478338995778419
0.00432676018941193
0.00350053564853283
0.00289237901337253
0.00246851885673033
0.00189676113752781
0.00117038116941831
0.00056927822591267
0.000233222641565608
8.77089444547636e-05
5.14546086842117e-05
0.000203040673659156
0.000557082260984267
0.0011052529179865
0.00170880347883519
0.00231092645263821
0.00296519164483484
0.00352962700368829
0.00373037602445835
0.00352340550193026
0.00314355692039606
0.0028834355334437
0.00269114616126722
0.00222174666092428
0.00147132198309268
0.00080485741068763
0.000407808340578499
0.000196275003952304
1.44284196305965e-05
6.79663491230764e-05
0.000226905511967203
0.000543251515356042
0.000952150468685536
0.00127772911237768
0.00141577131524554
0.00141669913298256
0.00138871546697816
0.00139762479410686
0.00144528388826934
0.00152898784769487
0.00156542774701283
0.00136388410442628
0.000915655924887364
0.000464333501656168
0.000188567855388383
6.77352485088259e-05
1.31374437854729e-06
7.63315083029425e-06
3.02627962001062e-05
8.22114820596121e-05
0.000154889779174722
0.000209649240485384
0.000221423987545448
0.000218790806654998
0.000272439163534583
0.000450635951948472
0.000725685527840081
0.000920326889519235
0.000863069720091995
0.000594284906171915
0.000303208559603366
0.000115777992459497
3.32841805854307e-05
7.26657744217273e-06
1.70764000677724e-08
1.00181547064265e-07
4.05279894941797e-07
1.11338128441876e-06
2.17894864864775e-06
3.87520438871314e-06
1.18009308735019e-05
5.33933493052394e-05
0.000197383831530038
0.000507700727268282
0.000888845976780962
0.00105579738653689
0.000850272665881206
0.000464509957790201
0.000172393089244189
4.35266053460806e-05
7.48857064305377e-06
8.78865390154684e-07
0
0
0
2.27685334236965e-09
5.57829068880564e-08
6.78502296026155e-07
5.3938655680737e-06
2.90799708887451e-05
0.000105326097191349
0.000256479560031243
0.000420785266203335
0.000465125846619312
0.000345726518918777
0.000172432934177681
5.76761104422367e-05
1.29564339447545e-05
1.9580938744379e-06
1.96947814114975e-07
0
0
6.83056002710894e-09
9.79046937218949e-08
8.01452376514116e-07
4.27479215029901e-06
1.51592895534971e-05
3.69089311064832e-05
6.47525706303216e-05
8.69074920782495e-05
9.29969363424171e-05
7.83670151910209e-05
4.91982470219234e-05
2.1706381339481e-05
6.4662634923298e-06
1.27162259171345e-06
1.6279501397943e-07
1.36611200542179e-08
0
0
4.21217868338385e-08
5.57829068880564e-07
4.51955388460375e-06
2.37418882275595e-05
8.14988269634504e-05
0.000184434228145311
0.000277359443607443
0.000278529746225421
0.000186876153355002
8.35172574514611e-05
2.47801333516801e-05
4.89295783275237e-06
6.53456909260089e-07
5.91981869016109e-08
2.27685334236965e-09
0
0
0
5.69213335592412e-08
7.60469016351463e-07
6.16344199779464e-06
3.238026980851e-05
0.000111142319054432
0.000251471621104701
0.000377999776620195
0.000379191709344926
0.000253778073540521
0.000112742946954118
3.29813590908955e-05
6.29777634499445e-06
7.7868384309042e-07
5.91981869016109e-08
0
0
0
0
1.25226933830331e-08
1.61656587308245e-07
1.31032909853373e-06
6.88292765398345e-06
2.36246302804275e-05
5.3452547492141e-05
8.03467391722113e-05
8.05994698932144e-05
5.39420709607505e-05
2.39638814284406e-05
7.01043144115615e-06
1.33878976531335e-06
1.650718673218e-07
1.25226933830331e-08
0
0
0
0
0
2.27685334236965e-09
1.82148267389572e-08
9.56278403795252e-08
3.29005307972414e-07
7.4339261628369e-07
1.1179349911035e-06
1.12135027111705e-06
7.50223176310799e-07
3.33559014657153e-07
9.79046937218949e-08
1.82148267389572e-08
2.27685334236965e-09
0
0
0
0
0
0
0
0
0
0
1.13842667118482e-09
1.13842667118482e-09
1.13842667118482e-09
1.13842667118482e-09
0
0
0
0
0
0
0
0
0
0
0
0
0
0
0
0
0
0
0
0
0
0
0
0
0
0
0
0
0
0
0
0
0
0
0
0
0
0
0
0
0
0
0
0
0
0
0
0
0
0
0
0
0
0
0
0
0
0
0
0
0
0
0
0
0
0
0
0
0
0
0
0
0
0
0
0
0
0
0
2.06965968821401e-06
9.02089294246855e-06
2.94271910234565e-05
7.12028961492548e-05
0.000134646276107714
0.000221834959573746
0.000338324468702733
0.00044521476414029
0.000459976742785543
0.00036781882689979
0.000249384885016419
0.000165480562496755
0.000109561044408156
6.45772529229591e-05
3.08149331356308e-05
1.12305791112383e-05
2.97243203846358e-06
5.4986008218227e-07
1.35620769338248e-05
5.44668856561667e-05
0.000163252661501246
0.000372628679585545
0.000693783397233469
0.00117049273523209
0.00183661464120911
0.00244392428692605
0.00254319395422669
0.0020882604415945
0.00150259342532345
0.00108145752370539
0.000783390098949098
0.000509938874103832
0.000268060774557206
0.0001062880677285
3.07363816953191e-05
6.59490570617369e-06
2.77559806701572e-05
0.000100030136316997
0.000258861148627361
0.000520852970600481
0.000939361383461446
0.00170476547943249
0.00292141230876776
0.00412139029478353
0.0045190541152951
0.00396517538696355
0.00305018544167883
0.00231114503055908
0.00179488333472349
0.00129069465373581
0.000749911247402894
0.000327417202766111
0.000108473846937175
3.00806479327166e-05
2.29780039311945e-05
9.3889462852626e-05
0.000275294337625914
0.000608522070121753
0.00108732497476868
0.00167641751689332
0.00226757971870618
0.00264052260405297
0.00265392188597281
0.00237243109197564
0.00195294249375079
0.00158020224835146
0.00132286659146349
0.00104484572196009
0.000674822901024886
0.000339328561026718
0.000141627108455419
5.4370119389116e-05
8.05436869863263e-06
3.92256293823443e-05
0.000137616431292835
0.000348922082584793
0.000644231099516807
0.000888587553926603
0.000964850756629274
0.000895040156298878
0.00079171313634213
0.000731886537918025
0.000713931272460098
0.000726383383389518
0.000739467321121445
0.000660148581233313
0.000455606322794865
0.000230104490913233
8.59181993009899e-05
2.53948837541199e-05
1.00636917732738e-06
5.53275362195824e-06
2.14866649919424e-05
5.81440038040937e-05
0.000109255946060279
0.000145323579856756
0.000146000943726111
0.000132751934126862
0.000159549359539882
0.000279240124468241
0.000475419500580166
0.000617719419198255
0.000578474436562501
0.000390965317978319
0.000194026611276714
7.19098591120606e-05
2.004313997288e-05
4.18713329661778e-06
1.36611200542179e-08
7.39977336270136e-08
2.91437227823315e-07
7.94621816487007e-07
1.53915285944188e-06
2.65253414386064e-06
7.82668336439567e-06
3.56373085147697e-05
0.000133520372129912
0.000347878145327316
0.000616650436554013
0.000741404923315801
0.000604239308984756
0.000333987063085519
0.000125328253804066
3.19362834067479e-05
5.52478463525995e-06
6.47764775904165e-07
0
0
0
1.13842667118482e-09
3.41528001355447e-08
4.28048428365494e-07
3.47789348046964e-06
1.89798494619934e-05
6.92937546216779e-05
0.000169885135287569
0.000280619897593717
0.000312507228653604
0.000234285932076494
0.000118054845801866
3.99781294119975e-05
9.11082864949215e-06
1.39912637888615e-06
1.43441760569288e-07
0
0
2.27685334236965e-09
3.75680801490992e-08
3.09652054562272e-07
1.66893349995695e-06
6.04390719732023e-06
1.53721753410087e-05
2.91425843556603e-05
4.35311590527653e-05
5.18371200457298e-05
4.72025850673364e-05
3.09720360162543e-05
1.39719105354513e-05
4.20990183004148e-06
8.33328323307291e-07
1.08150533762558e-07
9.10741336947859e-09
0
0
1.59379733965875e-08
2.14024214182747e-07
1.73610067355686e-06
9.12107448953281e-06
3.13124255909386e-05
7.087161398794e-05
0.000106611380903116
0.000107140749305217
7.20089022324537e-05
3.23119642082389e-05
9.67890355841338e-06
1.95354016775316e-06
2.73222401084358e-07
2.73222401084358e-08
1.13842667118482e-09
0
0
0
2.16301067525117e-08
2.925756544945e-07
2.36792747606443e-06
1.24395882360366e-05
4.2697830729458e-05
9.66080257434154e-05
0.000145217706176336
0.000145675353698152
9.74948601202683e-05
4.33125811318978e-05
1.26706888502871e-05
2.41915667626775e-06
2.99406214521609e-07
2.27685334236965e-08
0
0
0
0
4.5537066847393e-09
6.26134669151653e-08
5.03184588663692e-07
2.64456515716235e-06
9.07553742268542e-06
2.05349402948319e-05
3.08673007625053e-05
3.0964067029556e-05
2.07227806955774e-05
9.20645648987167e-06
2.69351750402329e-06
5.14568855375541e-07
6.37518935863501e-08
4.5537066847393e-09
0
0
0
0
0
1.13842667118482e-09
6.83056002710894e-09
3.64296534779144e-08
1.26365360501515e-07
2.85745094467391e-07
4.29186855036679e-07
4.31463708379048e-07
2.88021947809761e-07
1.28642213843885e-07
3.75680801490992e-08
6.83056002710894e-09
1.13842667118482e-09
0
0
0
0
0
0
0
0
0
0
0
0
0
0
0
0
0
0
0
0
0
0
0
0
0
0
0
0
0
0
0
0
0
0
0
0
0
0
0
0
0
0
0
0
0
0
0
0
0
0
0
0
0
0
0
0
0
0
0
0
0
0
0
0
0
0
0
0
0
0
0
0
0
0
0
0
0
0
0
0
0
0
0
0
0
0
0
0
0
0
0
0
0
4.36358943065143e-06
1.18373605269798e-05
2.49372362323036e-05
4.50065600186208e-05
7.84876884181665e-05
0.000140835901918946
0.000233972864741919
0.000309178469067059
0.000308965583279548
0.000253937453274487
0.000205319803854868
0.000169876027874199
0.000122163427658172
6.77910314157139e-05
2.84663589129765e-05
9.12790504955992e-06
2.19716347538671e-06
3.79096081504546e-07
2.26387527831814e-05
6.22753541938234e-05
0.000132328439405182
0.000239631983724378
0.000422989260238749
0.000779406744026622
0.00132807033977748
0.00179217046396605
0.00183558322664501
0.00154636706925718
0.00124818124812708
0.00101107315633272
0.000734689344382482
0.000434582997458095
0.000202022920215117
7.18825368719522e-05
1.87885937812343e-05
3.47903190714082e-06
2.67439193594739e-05
7.94803964754397e-05
0.000180678558557072
0.000345510217851252
0.000644231099516807
0.00124546610051631
0.0021899538192781
0.00305810547603026
0.00329644534548284
0.00289376903233805
0.00226007407166306
0.00168226902998321
0.0012077523017533
0.000790362962310105
0.000426097165051083
0.000172780154312392
5.02444611327422e-05
1.06146902821273e-05
1.70934764678401e-05
6.23687051808606e-05
0.00017165425033459
0.000380997254045425
0.000728071670142885
0.0012087438713839
0.0016690541731841
0.00187125127267991
0.0017669030839991
0.0014952824492411
0.00115735415301994
0.000826201772345674
0.000578132908561145
0.000399352107264938
0.000240175013246534
0.000111763900016899
3.94180234897745e-05
1.13683287384517e-05
9.10399808946504e-06
3.38659166144061e-05
9.31904688765185e-05
0.000199563918605357
0.000342388651918863
0.000471363286350734
0.000519460674781622
0.000471279042777066
0.000385741077984252
0.000321414278928954
0.000281080960395547
0.000254814041811299
0.000239454389163674
0.000209298605070659
0.000145505728124146
7.35560240785939e-05
2.64046682114608e-05
6.88975821401056e-06
1.59379733965875e-06
5.78093063627654e-06
1.54723568880729e-05
3.18326865796701e-05
5.07351230280229e-05
6.18120145386512e-05
5.85879902058558e-05
4.99518854782477e-05
5.79971467635109e-05
0.000105384156951579
0.000186481119300101
0.000246528572498416
0.000230872928916282
0.000153966515144392
7.46602979496431e-05
2.69021606667686e-05
7.28706912225406e-06
1.47653939252672e-06
2.16301067525117e-08
7.96898669829377e-08
2.11747360840377e-07
4.33740561721418e-07
7.02409256121037e-07
1.07922848428321e-06
3.00203113191438e-06
1.36873038676551e-05
5.18781034058924e-05
0.000136736427476009
0.000245102123879421
0.000297881861208892
0.000245322978653631
0.000136980050783643
5.18906260992755e-05
1.33286994662319e-05
2.31669827586112e-06
2.72083974413173e-07
0
0
0
0
1.25226933830331e-08
1.57102880623506e-07
1.29552955180833e-06
7.13110466830174e-06
2.62065819706747e-05
6.4644420096559e-05
0.000107468616186519
0.000120529785385022
9.10969022282096e-05
4.63430729305918e-05
1.58719446496588e-05
3.66345702787276e-06
5.70351762263597e-07
5.91981869016109e-08
0
0
1.13842667118482e-09
7.96898669829377e-09
6.71671735999046e-08
3.67711814792698e-07
1.37977312547601e-06
3.75680801490992e-06
7.90181952469386e-06
1.3274054986015e-05
1.73803599889787e-05
1.67781322799219e-05
1.13466986316991e-05
5.19464090061635e-06
1.57785936626217e-06
3.14205761247011e-07
4.09833601626537e-08
3.41528001355447e-09
0
0
3.41528001355447e-09
4.5537066847393e-08
3.72265521477438e-07
1.95354016775316e-06
6.7064715199498e-06
1.51820580869208e-05
2.2851638570693e-05
2.29962187579334e-05
1.55030944081949e-05
7.00815458781378e-06
2.13455000847155e-06
4.47401681775636e-07
6.71671735999046e-08
7.96898669829377e-09
0
0
0
0
4.5537066847393e-09
6.26134669151653e-08
5.06599868677247e-07
2.66391841057249e-06
9.14270459628532e-06
2.06874894687706e-05
3.10961245234135e-05
3.11940292171354e-05
2.08776067228585e-05
9.27476209014276e-06
2.71287075743344e-06
5.17984135389095e-07
6.37518935863501e-08
4.5537066847393e-09
0
0
0
0
1.13842667118482e-09
1.36611200542179e-08
1.08150533762558e-07
5.65798055578858e-07
1.94329432771249e-06
4.39774223078698e-06
6.60970525289909e-06
6.63019693298042e-06
4.43758716427844e-06
1.97175499449212e-06
5.77182322290706e-07
1.10427387104928e-07
1.36611200542179e-08
1.13842667118482e-09
0
0
0
0
0
0
1.13842667118482e-09
7.96898669829377e-09
2.73222401084358e-08
6.14750402439805e-08
9.22125603659707e-08
9.22125603659707e-08
6.14750402439805e-08
2.73222401084358e-08
7.96898669829377e-09
1.13842667118482e-09
0
0
0
0
0
0
0
0
0
0
0
0
0
0
0
0
0
0
0
0
0
0
0
0
0
0
0
0
0
0
0
0
0
0
0
0
0
0
0
0
0
0
0
0
0
0
0
0
0
0
0
0
0
0
0
0
0
0
0
0
0
0
0
0
0
0
0
0
0
0
0
0
0
0
0
0
0
0
0
0
0
0
0
0
0
0
0
0
0
0
0
0
0
0
1.2651335596877e-05
2.95546948106292e-05
4.71604632805025e-05
5.47253085105257e-05
5.72844916673492e-05
7.76623290815575e-05
0.000123095799101873
0.000160744707544626
0.000160725354291216
0.000145098171375862
0.000142494589578862
0.000134485757947077
9.80447202024506e-05
5.06360799076298e-05
1.85722927137092e-05
5.03184588663692e-06
1.03938355079174e-06
1.61656587308245e-07
6.43119995085731e-05
0.000153721753410087
0.000255239813386322
0.000314524520714943
0.000347789348046964
0.000467530203748855
0.000721450580623274
0.000943465411611067
0.000960890170240222
0.000865956770130119
0.000808146325340683
0.000724535716902185
0.000522497997140343
0.000280052961111467
0.000111885711670716
3.41277547487787e-05
7.9143422180769e-06
1.33765133864217e-06
7.07714324408758e-05
0.000187844954452181
0.000362261027891065
0.000537307789705786
0.000689776135350898
0.000916196677556177
0.0012875184433232
0.00161901576727884
0.00166625819727967
0.00146903943761695
0.00120300392410778
0.000923421133211516
0.000632095471201977
0.00036949117567976
0.00017717903496985
6.57578013809778e-05
1.77435180970867e-05
3.34128227992746e-06
4.45204518300249e-05
0.000143085433021207
0.000327878265567941
0.000564509356587076
0.000802754736625952
0.00103261105052487
0.00119738009635213
0.00118165273188971
0.000999022910018229
0.000778171551088387
0.000572325794111431
0.000379806459747366
0.000227162796394891
0.000128259702482367
6.61403127424959e-05
2.77297968567199e-05
8.67253438108599e-06
2.0104615013124e-06
2.82762416588887e-05
8.92230519274394e-05
0.0001886224998686
0.00027898967060058
0.000317775867287847
0.000319197762200157
0.000300487719859234
0.000252366424468252
0.000188316263094051
0.000137402407078652
0.000102280805845929
7.49995490976562e-05
5.63418743836081e-05
4.31634472379726e-05
2.87327507540338e-05
1.43566987503118e-05
5.0637218334301e-06
1.24885405828975e-06
5.3187294077755e-06
1.62601481445328e-05
3.25191578623945e-05
4.34047936922638e-05
4.07351831483354e-05
2.98449936117814e-05
1.96936429848263e-05
1.36690890409162e-05
1.39867100821767e-05
2.44955266838839e-05
4.36097104930771e-05
5.79812087901143e-05
5.41617873082892e-05
3.5688537714973e-05
1.6938650440559e-05
5.93120295687293e-06
1.55850611285202e-06
3.07375201219903e-07
7.28593069558287e-08
2.2427005422341e-07
4.46263255104451e-07
5.89705015673739e-07
5.45306375497531e-07
4.34878988392603e-07
7.17208802846439e-07
3.00772326527031e-06
1.14855866855837e-05
3.06544149749938e-05
5.563263456746e-05
6.8413750804852e-05
5.69828085994852e-05
3.21616918876425e-05
1.23063923155079e-05
3.18759467931751e-06
5.57829068880564e-07
6.60287469287198e-08
0
0
0
0
2.27685334236965e-09
3.30143734643599e-08
2.73222401084358e-07
1.51752275268937e-06
5.61472034228355e-06
1.39457267220141e-05
2.33593768660414e-05
2.6418329331515e-05
2.01581210666697e-05
1.03687901211514e-05
3.59628985427286e-06
8.4243573667677e-07
1.33195920528624e-07
1.36611200542179e-08
0
0
0
1.13842667118482e-09
7.96898669829377e-09
4.5537066847393e-08
1.82148267389572e-07
5.45306375497531e-07
1.29439112513715e-06
2.42712566296605e-06
3.41869529356803e-06
3.43463326696461e-06
2.36906590273562e-06
1.0951664576798e-06
3.34697441328338e-07
6.71671735999046e-08
9.10741336947859e-09
1.13842667118482e-09
0
0
0
5.69213335592412e-09
4.43986401762081e-08
2.31100614250519e-07
7.93483389815822e-07
1.79757571380084e-06
2.7083170507487e-06
2.73222401084358e-06
1.85222019401771e-06
8.48127870032694e-07
2.66391841057249e-07
5.91981869016109e-08
1.02458400406634e-08
1.13842667118482e-09
0
0
0
0
0
7.96898669829377e-09
6.03366135727957e-08
3.15344187918196e-07
1.08150533762558e-06
2.44761734304737e-06
3.67939500126935e-06
3.6907792679812e-06
2.47038587647107e-06
1.09744331102217e-06
3.2103632127412e-07
6.14750402439805e-08
7.96898669829377e-09
1.13842667118482e-09
0
0
0
0
0
1.13842667118482e-09
1.25226933830331e-08
6.71671735999046e-08
2.29962187579334e-07
5.20260988731465e-07
7.82099123103974e-07
7.84375976446344e-07
5.24814695416204e-07
2.33377467592889e-07
6.83056002710894e-08
1.25226933830331e-08
1.13842667118482e-09
0
0
0
0
0
0
0
0
1.13842667118482e-09
3.41528001355447e-09
6.83056002710894e-09
1.13842667118482e-08
1.13842667118482e-08
6.83056002710894e-09
3.41528001355447e-09
1.13842667118482e-09
0
0
0
0
0
0
0
0
0
0
0
0
0
0
0
0
0
0
0
0
0
0
0
0
0
0
0
0
0
0
0
0
0
0
0
0
0
0
0
0
0
0
0
0
0
0
0
0
0
0
0
0
0
0
0
0
0
0
0
0
0
0
0
0
0
0
0
0
0
0
0
0
0
0
0
0
0
0
0
0
0
0
0
0
0
0
0
0
0
0
0
0
0
0
0
2.46708443912463e-05
5.68553048123125e-05
8.75894096542892e-05
9.15033205498226e-05
6.87837394729871e-05
4.85049451791718e-05
4.86210646996327e-05
5.65854976912417e-05
5.80438222570294e-05
6.03605205328906e-05
6.96261752096638e-05
7.04003053460695e-05
5.13191359103407e-05
2.53459314072589e-05
8.46420230025917e-06
1.96947814114975e-06
3.35835867999523e-07
4.32602135050233e-08
0.000126685258396118
0.000299886630576849
0.00048364804855949
0.000544589166694684
0.000455008648792493
0.000342701719253439
0.000316956200084594
0.000339904604922338
0.000339112259959193
0.000338563538303682
0.00036565695465121
0.000353635169003498
0.000254357532716154
0.00012755160109289
4.47583830043025e-05
1.14241116453397e-05
2.2131014487833e-06
3.2559002795886e-07
0.000145002543535482
0.000383061221600283
0.000718480425438153
0.000979777807141849
0.00100695205178303
0.000854027197042774
0.00070958020572283
0.000635449276175288
0.000569147306845483
0.000497922780589476
0.000437314083042267
0.000356669076082205
0.000239994003405815
0.000126048877886926
5.16322032449165e-05
1.65470316656714e-05
4.02319985596717e-06
7.02409256121037e-07
9.61059795814229e-05
0.000299891184283533
0.000645245437680833
0.000977975677721364
0.00109573111730871
0.000992598768312733
0.000805768152024578
0.000608342198707706
0.0004250179365668
0.000289585007629297
0.000199752897432774
0.000128831192671302
7.15262093238713e-05
3.40583107218364e-05
1.42109801364002e-05
5.02387689993863e-06
1.38546525883193e-06
2.80052961111467e-07
6.42152332415224e-05
0.000198222851986702
0.000400396044522414
0.000536136348661137
0.000494548483936084
0.000345669597585218
0.000215646472189185
0.000134514218613856
8.23993224603576e-05
5.02034777725796e-05
3.13750390578537e-05
1.87612715411259e-05
1.05350004151444e-05
6.09741325086592e-06
3.50407729390689e-06
1.66324136660103e-06
5.73767042277151e-07
1.37749627213364e-07
1.22198718884979e-05
3.68690861729917e-05
7.16172834575661e-05
8.94473219816628e-05
7.22104037532534e-05
3.85812798864537e-05
1.48211768321552e-05
5.24928538083322e-06
2.93258710497211e-06
3.76022329492347e-06
6.20897906464203e-06
8.12381272557491e-06
7.52044658984695e-06
4.88612727272527e-06
2.2654690756578e-06
7.67299576378571e-07
1.94670960772605e-07
3.64296534779144e-08
1.68487147335354e-07
5.08876722019616e-07
9.84739070574873e-07
1.2226702448525e-06
9.75631657205394e-07
5.11153575361986e-07
2.36792747606443e-07
4.06418321612982e-07
1.45604771244539e-06
3.93667942895712e-06
7.25860845547444e-06
9.0618763026312e-06
7.65478093704676e-06
4.37725055070565e-06
1.6951173133942e-06
4.43986401762081e-07
7.85514403117529e-08
9.10741336947859e-09
0
0
1.13842667118482e-09
1.13842667118482e-09
1.13842667118482e-09
4.5537066847393e-09
3.30143734643599e-08
1.81009840718387e-07
6.76225442683786e-07
1.69625574006539e-06
2.87225049139931e-06
3.28777622638177e-06
2.54210675675571e-06
1.32740549860151e-06
4.67893361856963e-07
1.11565813776113e-07
1.82148267389572e-08
2.27685334236965e-09
0
0
0
0
0
3.41528001355447e-09
1.36611200542179e-08
4.78139201897626e-08
1.275037871727e-07
2.60699707701325e-07
3.85926641531655e-07
3.97310908243504e-07
2.77776107769097e-07
1.2978064051507e-07
3.98449334914688e-08
7.96898669829377e-09
1.13842667118482e-09
0
0
0
0
0
3.41528001355447e-09
1.47995467254027e-08
5.12292002033171e-08
1.17257947132037e-07
1.76456134033648e-07
1.78732987376017e-07
1.22950080487961e-07
5.69213335592412e-08
1.9353253410142e-08
4.5537066847393e-09
1.13842667118482e-09
0
0
0
0
0
0
0
3.41528001355447e-09
2.04916800813268e-08
7.05824536134591e-08
1.59379733965875e-07
2.39069600948813e-07
2.40208027619998e-07
1.6051816063706e-07
7.17208802846439e-08
2.04916800813268e-08
4.5537066847393e-09
0
0
0
0
0
0
0
0
1.13842667118482e-09
4.5537066847393e-09
1.47995467254027e-08
3.41528001355447e-08
5.12292002033171e-08
5.12292002033171e-08
3.41528001355447e-08
1.47995467254027e-08
4.5537066847393e-09
1.13842667118482e-09
0
0
0
0
0
0
0
0
0
0
0
0
1.13842667118482e-09
1.13842667118482e-09
0
0
0
0
0
0
0
0
0
0
0
0
0
0
0
0
0
0
0
0
0
0
0
0
0
0
0
0
0
0
0
0
0
0
0
0
0
0
0
0
0
0
0
0
0
0
0
0
0
0
0
0
0
0
0
0
0
0
0
0
0
0
0
0
0
0
0
0
0
0
0
0
0
0
0
0
0
0
0
0
0
0
0
0
0
0
0
0
0
0
0
0
0
0
0
0
0
0
2.86906289671999e-05
6.61084367957027e-05
0.000101631902643354
0.000104861619109505
7.34251050114076e-05
3.72299674277573e-05
1.83423305261299e-05
1.35780149072214e-05
1.3575738053879e-05
1.65561390790409e-05
2.16460447259082e-05
2.27913019571202e-05
1.66312752393391e-05
8.04753813860552e-06
2.56259843683704e-06
5.43029522155161e-07
7.96898669829377e-08
7.96898669829377e-09
0.000151420993107622
0.000362181338024082
0.000590059066368477
0.000665080245572886
0.000529462891514652
0.000313100348949291
0.000161089650825995
9.73502799330279e-05
8.02704645852419e-05
8.78649089087159e-05
0.000107737284880918
0.000109995923396549
7.94200598618669e-05
3.85698956197418e-05
1.25374929297585e-05
2.78800691773163e-06
4.43986401762081e-07
5.35060535456867e-08
0.000188584931788451
0.000510018563970815
0.000968443631203533
0.00130579132982239
0.00126122534092552
0.000888917697661246
0.000487020068359539
0.000244893791798595
0.000144218167559036
0.000113267761649534
0.000106769622210411
9.37095914385788e-05
6.36369124925605e-05
3.11951676438066e-05
1.10347697237945e-05
2.91664913157552e-06
5.93120295687293e-07
9.10741336947859e-08
0.000126486033728661
0.000391772462488189
0.000824257339591291
0.00119043113995122
0.00120602644691978
0.000894187474722161
0.000524148715813561
0.000270646141527467
0.000136180875260471
7.36300218122209e-05
4.5771582741657e-05
2.9313348356338e-05
1.619981153096e-05
7.09467501482382e-06
2.45444790307448e-06
6.89886562738003e-07
1.57102880623506e-07
2.73222401084358e-08
8.38656160128436e-05
0.000257471129661845
0.000514391260814836
0.000672370729975154
0.000584708461013909
0.000352873561560475
0.000162839412619606
6.77785087223309e-05
2.92336584893551e-05
1.3581430187235e-05
6.85902069388856e-06
3.47789348046964e-06
1.57672093959098e-06
6.59149042616013e-07
2.82329814453836e-07
1.16119520460852e-07
3.75680801490992e-08
9.10741336947859e-09
1.59356965432452e-05
4.80290828306165e-05
9.30800414894136e-05
0.000115618612725531
9.19996745784592e-05
4.71411100270924e-05
1.59356965432452e-05
3.92074145556053e-06
9.92708057273167e-07
5.1684570871791e-07
5.8287445564663e-07
6.97855549436297e-07
6.28411522494023e-07
4.00726188257058e-07
1.81009840718387e-07
5.91981869016109e-08
1.36611200542179e-08
2.27685334236965e-09
2.19716347538671e-07
6.62564322629568e-07
1.28073000508293e-06
1.58468992628928e-06
1.25113091163212e-06
6.30688375836393e-07
2.08332080826823e-07
7.05824536134591e-08
1.12704240447298e-07
2.94852507836869e-07
5.53275362195825e-07
7.03547682792221e-07
6.04504562399142e-07
3.51773841396111e-07
1.37749627213364e-07
3.64296534779144e-08
6.83056002710894e-09
1.13842667118482e-09
0
0
1.13842667118482e-09
1.13842667118482e-09
1.13842667118482e-09
1.13842667118482e-09
2.27685334236965e-09
1.25226933830331e-08
4.5537066847393e-08
1.17257947132037e-07
2.01501520799714e-07
2.34515894264074e-07
1.84425120731941e-07
9.79046937218949e-08
3.52912268067296e-08
9.10741336947859e-09
1.13842667118482e-09
0
0
0
0
0
0
0
1.13842667118482e-09
2.27685334236965e-09
6.83056002710894e-09
1.59379733965875e-08
2.50453867660661e-08
2.6183813437251e-08
1.82148267389572e-08
7.96898669829377e-09
2.27685334236965e-09
0
0
0
0
0
0
0
0
0
2.27685334236965e-09
4.5537066847393e-09
6.83056002710894e-09
6.83056002710894e-09
4.5537066847393e-09
2.27685334236965e-09
1.13842667118482e-09
0
0
0
0
0
0
0
0
0
0
1.13842667118482e-09
2.27685334236965e-09
5.69213335592412e-09
7.96898669829377e-09
9.10741336947859e-09
5.69213335592412e-09
2.27685334236965e-09
1.13842667118482e-09
0
0
0
0
0
0
0
0
0
0
0
0
1.13842667118482e-09
2.27685334236965e-09
2.27685334236965e-09
1.13842667118482e-09
0
0
0
0
0
0
0
0
0
0
0
0
0
0
0
0
0
0
0
0
0
0
0
0
0
0
0
0
0
0
0
0
0
0
0
0
0
0
0
0
0
0
0
0
0
0
0
0
0
0
0
0
0
0
0
0
0
0
0
0
0
0
0
0
0
0
0
0
0
0
0
0
0
0
0
0
0
0
0
0
0
0
0
0
0
0
0
0
0
0
0
0
0
0
0
0
0
0
0
0
0
0
0
0
0
0
0
0
0
0
0
0
0
0
0
1.93817140769216e-05
4.47663519910008e-05
6.90330549139766e-05
7.14214740701223e-05
4.97048468906006e-05
2.35130644666514e-05
8.13519699228675e-06
2.92006441158907e-06
2.09925878166482e-06
2.84037454460614e-06
4.0584910827739e-06
4.38408111073276e-06
3.20694793272765e-06
1.54029128611307e-06
4.81554481911181e-07
9.79046937218949e-08
1.25226933830331e-08
1.13842667118482e-09
0.000109088597339615
0.000268173478797653
0.000451399836244837
0.000526711314250398
0.000430310482161138
0.000248852101334304
0.000104781929242522
3.60596648097793e-05
1.56442593154219e-05
1.49145278191924e-05
1.96093994111586e-05
2.07250575489197e-05
1.50522774464057e-05
7.22673250868126e-06
2.27229963568491e-06
4.70170215199332e-07
6.60287469287198e-08
6.83056002710894e-09
0.000159127003244872
0.000451749333232891
0.000890958896682681
0.00122533644011642
0.00117603573469409
0.000787905099127017
0.000371369579687215
0.000128601230483722
3.96218018639166e-05
1.89741573286375e-05
1.71321829746604e-05
1.59117895831503e-05
1.10279391637674e-05
5.2583927942027e-06
1.70536315343487e-06
3.84788214860471e-07
6.26134669151653e-08
7.96898669829377e-09
0.000101765098563883
0.00031733643459277
0.000666312023231108
0.000948607684884809
0.000926834136371728
0.000633474105900782
0.000313186869376301
0.000119632705168128
4.00213896255025e-05
1.44454960306642e-05
7.05938378801709e-06
4.34423617724129e-06
2.45900160975922e-06
1.06215208421544e-06
3.32420587985969e-07
7.62745869693832e-08
1.36611200542179e-08
2.27685334236965e-09
6.19042270990172e-05
0.0001899578743539
0.000378712431716357
0.000492255692620318
0.000421955568821313
0.000245469835694214
0.00010430834374731
3.81896611115661e-05
1.45229090443048e-05
5.57601383546327e-06
1.91141838091932e-06
6.07919842412696e-07
1.9353253410142e-07
5.91981869016109e-08
1.82148267389572e-08
5.69213335592412e-09
1.13842667118482e-09
0
1.15482001524989e-05
3.48028417647913e-05
6.74381191476466e-05
8.37483580657116e-05
6.66878959713358e-05
3.45034355502696e-05
1.24839868762128e-05
4.16094948318053e-06
1.77936088706188e-06
7.75268563076865e-07
2.62976561043694e-07
8.31051469964922e-08
3.75680801490992e-08
2.04916800813268e-08
9.10741336947859e-09
2.27685334236965e-09
1.13842667118482e-09
0
1.59379733965875e-07
4.79277628568811e-07
9.26679310344447e-07
1.14639565788312e-06
9.07326056934305e-07
4.64478081843408e-07
1.650718673218e-07
5.57829068880564e-08
2.84606667796206e-08
2.27685334236965e-08
2.84606667796206e-08
3.30143734643599e-08
2.84606667796206e-08
1.70764000677724e-08
6.83056002710894e-09
2.27685334236965e-09
0
0
0
0
1.13842667118482e-09
1.13842667118482e-09
1.13842667118482e-09
0
0
0
2.27685334236965e-09
4.5537066847393e-09
7.96898669829377e-09
1.02458400406634e-08
7.96898669829377e-09
4.5537066847393e-09
1.13842667118482e-09
0
0
0
0
0
0
0
0
0
0
0
0
0
1.13842667118482e-09
1.13842667118482e-09
1.13842667118482e-09
0
0
0
0
0
0
0
0
0
0
0
0
0
0
0
0
0
0
0
0
0
0
0
0
0
0
0
0
0
0
0
0
0
0
0
0
0
0
0
0
0
0
0
0
0
0
0
0
0
0
0
0
0
0
0
0
0
0
0
0
0
0
0
0
0
0
0
0
0
0
0
0
0
0
0
0
0
0
0
0
0
0
0
0
0
0
0
0
0
0
0
0
0
0
0
0
0
0
0
0
0
0
0
0
0
0
0
0
0
0
0
0
0
0
0
0
0
0
0
0
0
0
0
0
0
0
0
0
0
0
0
0
0
0
0
0
0
0
0
0
0
0
0
0
0
0
0
0
0
0
0
0
0
0
0
0
0
0
0
0
0
0
0
0
0
0
0
7.49198592306733e-06
1.74145127891143e-05
2.70922779208564e-05
2.83684542192546e-05
2.00397246928665e-05
9.56961459797963e-06
3.13067334575827e-06
7.71853283063311e-07
2.62976561043694e-07
2.98267787850424e-07
4.43986401762081e-07
4.8610818859592e-07
3.5632754808085e-07
1.70764000677724e-07
5.35060535456867e-08
1.02458400406634e-08
1.13842667118482e-09
0
4.87793060069273e-05
0.000126730795462966
0.000226978371274159
0.000282335506587192
0.000244604631424114
0.000147420561785079
6.1650357951343e-05
1.80634159916896e-05
4.24519305684821e-06
1.84994334067534e-06
2.13341158180036e-06
2.27685334236965e-06
1.66096451325866e-06
7.94621816487007e-07
2.47038587647107e-07
5.00907735321323e-08
6.83056002710894e-09
0
9.19621064983101e-05
0.000278746047292947
0.000578105586321037
0.000820838644297723
0.000797454222044915
0.000528870909645635
0.00023876905630762
7.36038379987836e-05
1.61451670507432e-05
3.46878606710016e-06
1.84994334067534e-06
1.65527237990273e-06
1.16461048462208e-06
5.5213693552464e-07
1.73040854020093e-07
3.64296534779144e-08
4.5537066847393e-09
0
5.28377970897012e-05
0.000168192294827517
0.000358156999741444
0.000513382614784166
0.000500254278412062
0.000337086998911155
0.000163738769689842
6.37359556129536e-05
2.33309161992618e-05
8.29571515292381e-06
2.59447438363021e-06
7.77545416419235e-07
2.83468241125021e-07
1.07012107091373e-07
3.18759467931751e-08
6.83056002710894e-09
1.13842667118482e-09
0
2.61325842370476e-05
8.06006083198855e-05
0.000161739692455242
0.000212757145297718
0.000189359061924857
0.0001285704929636
8.90944097135955e-05
7.18552146318437e-05
5.05188219604978e-05
2.47334578581615e-05
7.87335885791424e-06
1.61087373972653e-06
2.15162640853932e-07
2.04916800813268e-08
1.13842667118482e-09
0
0
0
4.62315071168157e-06
1.39423114420005e-05
2.70695093874327e-05
3.39444680547179e-05
2.85449103532883e-05
1.94170053037284e-05
1.60176632635705e-05
1.54860180081272e-05
1.17166872998342e-05
5.86517420994421e-06
1.87612715411259e-06
3.82511361518101e-07
5.00907735321323e-08
4.5537066847393e-09
0
0
0
0
6.37518935863501e-08
1.9125568075905e-07
3.69988668135068e-07
4.62201228501039e-07
3.8706506820284e-07
2.62976561043694e-07
2.20854774209856e-07
2.16301067525117e-07
1.63933440650615e-07
8.19667203253073e-08
2.73222401084358e-08
5.69213335592412e-09
1.13842667118482e-09
0
0
0
0
0
0
0
0
0
0
0
0
0
0
0
0
0
0
0
0
0
0
0
0
0
0
0
0
0
0
0
0
0
0
0
0
0
0
0
0
0
0
0
0
0
0
0
0
0
0
0
0
0
0
0
0
0
0
0
0
0
0
0
0
0
0
0
0
0
0
0
0
0
0
0
0
0
0
0
0
0
0
0
0
0
0
0
0
0
0
0
0
0
0
0
0
0
0
0
0
0
0
0
0
0
0
0
0
0
0
0
0
0
0
0
0
0
0
0
0
0
0
0
0
0
0
0
0
0
0
0
0
0
0
0
0
0
0
0
0
0
0
0
0
0
0
0
0
0
0
0
0
0
0
0
0
0
0
0
0
0
0
0
0
0
0
0
0
0
0
0
0
0
0
0
0
0
0
0
0
0
0
0
0
0
0
0
0
0
0
0
0
0
0
0
0
0
0
0
0
0
0
0
1.65641080657392e-06
3.91391089553343e-06
6.22833231805217e-06
6.7212710666752e-06
4.94077175294214e-06
2.47949328984055e-06
8.52681576717433e-07
2.03778374142084e-07
4.09833601626537e-08
2.04916800813268e-08
2.73222401084358e-08
3.07375201219903e-08
2.27685334236965e-08
1.02458400406634e-08
3.41528001355447e-09
1.13842667118482e-09
0
0
1.46048757646301e-05
4.1379532644226e-05
8.06734676268414e-05
0.000108347481576673
0.000100052904850421
6.32054487841814e-05
2.71048006142395e-05
7.83009864440922e-06
1.54256813945544e-06
2.72083974413173e-07
1.44580187240473e-07
1.42303333898103e-07
1.03596827077819e-07
5.00907735321323e-08
1.59379733965875e-08
3.41528001355447e-09
0
0
3.78709016436344e-05
0.000121782054723325
0.000263378425658623
0.000383968547657217
0.000377899595073131
0.000250891023502396
0.000112193086871936
3.40082199483043e-05
7.28593069558287e-06
1.28756056511004e-06
2.84606667796206e-07
1.24088507159146e-07
7.39977336270136e-08
3.41528001355447e-08
1.02458400406634e-08
2.27685334236965e-09
0
0
1.91267065025762e-05
6.26396507286026e-05
0.000136518987981813
0.000200130855087607
0.000202838033711685
0.00015514706360241
0.000110159856837199
8.35092884647628e-05
5.62257548631473e-05
2.71104927475954e-05
8.58829080741831e-06
1.75317707362463e-06
2.36792747606443e-07
2.39069600948813e-08
2.27685334236965e-09
0
0
0
6.61198210624146e-06
2.0751241362357e-05
4.30769268109626e-05
6.3461594785198e-05
8.49585056171811e-05
0.000139486866313592
0.000229884774565694
0.000277171603206698
0.000218790806654998
0.000110287360624372
3.53151337668244e-05
7.17550330847795e-06
9.25540883673262e-07
7.62745869693832e-08
0
0
0
0
1.02344557739516e-06
3.10676638566339e-06
6.22264018469625e-06
9.2041796365293e-06
1.44785104041286e-05
2.96286925442562e-05
5.36198962128052e-05
6.62803392230516e-05
5.2645402982271e-05
2.65799859188233e-05
8.5142930737913e-06
1.73040854020093e-06
2.23131627552226e-07
1.82148267389572e-08
0
0
0
0
1.36611200542179e-08
4.21217868338385e-08
8.4243573667677e-08
1.24088507159146e-07
1.98086240786159e-07
4.12110454968906e-07
7.50223176310799e-07
9.28956163686816e-07
7.38838909598951e-07
3.73403948148622e-07
1.19534800474407e-07
2.39069600948813e-08
3.41528001355447e-09
0
0
0
0
0
0
0
0
0
0
0
1.13842667118482e-09
1.13842667118482e-09
1.13842667118482e-09
0
0
0
0
0
0
0
0
0
0
0
0
0
0
0
0
0
0
0
0
0
0
0
0
0
0
0
0
0
0
0
0
0
0
0
0
0
0
0
0
0
0
0
0
0
0
0
0
0
0
0
0
0
0
0
0
0
0
0
0
0
0
0
0
0
0
0
0
0
0
0
0
0
0
0
0
0
0
0
0
0
0
0
0
0
0
0
0
0
0
0
0
0
0
0
0
0
0
0
0
0
0
0
0
0
0
0
0
0
0
0
0
0
0
0
0
0
0
0
0
0
0
0
0
0
0
0
0
0
0
0
0
0
0
0
0
0
0
0
0
0
0
0
0
0
0
0
0
0
0
0
0
0
0
0
0
0
0
0
0
0
0
0
0
0
0
0
0
0
0
0
0
0
0
0
0
0
0
0
0
0
0
0
0
0
0
0
0
0
2.16301067525117e-07
5.31645255443313e-07
8.91388083537717e-07
1.0279992840799e-06
8.16251923239519e-07
4.47401681775636e-07
1.68487147335354e-07
4.32602135050233e-08
7.96898669829377e-09
1.13842667118482e-09
1.13842667118482e-09
1.13842667118482e-09
1.13842667118482e-09
0
0
0
0
0
3.18304097263277e-06
9.86902081250124e-06
2.07353033889604e-05
2.9528510997192e-05
2.84811584597019e-05
1.8540416766916e-05
8.09193677878173e-06
2.34743579598311e-06
4.5081696178919e-07
5.91981869016109e-08
9.10741336947859e-09
4.5537066847393e-09
3.41528001355447e-09
2.27685334236965e-09
0
0
0
0
1.08025306828728e-05
3.60095740362472e-05
7.97536188765241e-05
0.000118016139295046
0.000117219240625217
7.85605477251223e-05
3.62031065703486e-05
1.23735594891079e-05
3.77160756163532e-06
1.170302617978e-06
3.18759467931751e-07
6.37518935863501e-08
1.02458400406634e-08
2.27685334236965e-09
0
0
0
0
4.95784815300991e-06
1.6655182199434e-05
3.73620249216147e-05
5.86175892993066e-05
7.48026012835412e-05
0.000101491876162798
0.00014625936658047
0.000168495116322052
0.000131390375828125
6.60253316487062e-05
2.11246453105056e-05
4.2907301236956e-06
5.53275362195825e-07
4.5537066847393e-08
0
0
0
0
1.10768915106283e-06
3.74200846818452e-06
9.76428555875224e-06
2.814304573836e-05
9.70873033719842e-05
0.000279159296174587
0.000543451878450171
0.000679997050245421
0.000541131764894296
0.000273287291404615
8.75507031474689e-05
1.77901935906052e-05
2.29279131576624e-06
1.87840400745496e-07
0
0
0
0
1.26365360501515e-07
4.29186855036679e-07
1.30349853850662e-06
5.23334740743664e-06
2.18760069134876e-05
6.63031077564753e-05
0.000130610553558364
0.00016386171977033
0.000130480772917849
6.5906935274903e-05
2.11143994704649e-05
4.2907301236956e-06
5.53275362195825e-07
4.5537066847393e-08
0
0
0
0
1.13842667118482e-09
5.69213335592412e-09
1.70764000677724e-08
7.17208802846439e-08
3.06236774548718e-07
9.28956163686816e-07
1.83172851393638e-06
2.29848344912216e-06
1.8305900872652e-06
9.24402457002077e-07
2.95990934508054e-07
6.03366135727957e-08
7.96898669829377e-09
1.13842667118482e-09
0
0
0
0
0
0
0
0
0
1.13842667118482e-09
1.13842667118482e-09
2.27685334236965e-09
1.13842667118482e-09
1.13842667118482e-09
0
0
0
0
0
0
0
0
0
0
0
0
0
0
0
0
0
0
0
0
0
0
0
0
0
0
0
0
0
0
0
0
0
0
0
0
0
0
0
0
0
0
0
0
0
0
0
0
0
0
0
0
0
0
0
0
0
0
0
0
0
0
0
0
0
0
0
0
0
0
0
0
0
0
0
0
0
0
0
0
0
0
0
0
0
0
0
0
0
0
0
0
0
0
0
0
0
0
0
0
0
0
0
0
0
0
0
0
0
0
0
0
0
0
0
0
0
0
0
0
0
0
0
0
0
0
0
0
0
0
0
0
0
0
0
0
0
0
0
0
0
0
0
0
0
0
0
0
0
0
0
0
0
0
0
0
0
0
0
0
0
0
0
0
0
0
0
0
0
0
0
0
0
0
0
0
0
0
0
0
0
0
0
0
0
0
0
0
1.82148267389572e-08
4.89523468609474e-08
8.99357070236011e-08
1.13842667118482e-07
1.00181547064265e-07
6.03366135727957e-08
2.50453867660661e-08
6.83056002710894e-09
1.13842667118482e-09
0
0
0
0
0
0
0
0
0
4.99769308650138e-07
1.6427496865197e-06
3.6008435609576e-06
5.28343818096877e-06
5.20260988731465e-06
3.43349484029343e-06
1.51183061933345e-06
4.41709548419712e-07
8.53820003388618e-08
1.13842667118482e-08
1.13842667118482e-09
0
0
0
0
0
0
0
1.97403184783449e-06
6.68711826653966e-06
1.49703107260804e-05
2.23450387020157e-05
2.25408480894595e-05
1.59630187833536e-05
8.97990958230589e-06
5.00907735321323e-06
2.84037454460614e-06
1.29666797847951e-06
4.04141468270613e-07
8.19667203253073e-08
1.02458400406634e-08
1.13842667118482e-09
0
0
0
0
8.62927416758097e-07
2.98950843853135e-06
7.30073024230828e-06
1.55474930483711e-05
3.82534130051525e-05
9.56301172328676e-05
0.00017944678089885
0.000222587459603399
0.000176766924514881
8.92276056341241e-05
2.85813400067662e-05
5.80711444971379e-06
7.47946322968429e-07
6.14750402439805e-08
0
0
0
0
1.36611200542179e-07
7.04686109463406e-07
4.08239804286878e-06
2.54893731678282e-05
0.000119855836795681
0.000370755967711446
0.000732648145361048
0.000919586912182965
0.000732295233092981
0.000369888486588004
0.000118502247483642
2.40788625222302e-05
3.10335110564983e-06
2.53869147674216e-07
0
0
0
0
9.10741336947859e-09
8.87972803524163e-08
8.03729229856486e-07
5.87883532999843e-06
2.86393997669966e-05
8.92401283275072e-05
0.000176617790620956
0.000221758684986777
0.000176607544780915
8.92071139540428e-05
2.8580201580095e-05
5.80711444971379e-06
7.47946322968429e-07
6.14750402439805e-08
0
0
0
0
0
1.13842667118482e-09
1.13842667118482e-08
8.19667203253073e-08
4.01864614928243e-07
1.25226933830331e-06
2.47721643649818e-06
3.11132009234812e-06
2.47721643649818e-06
1.25113091163212e-06
4.00726188257058e-07
8.19667203253073e-08
1.02458400406634e-08
1.13842667118482e-09
0
0
0
0
0
0
0
0
0
1.13842667118482e-09
2.27685334236965e-09
2.27685334236965e-09
2.27685334236965e-09
1.13842667118482e-09
0
0
0
0
0
0
0
0
0
0
0
0
0
0
0
0
0
0
0
0
0
0
0
0
0
0
0
0
0
0
0
0
0
0
0
0
0
0
0
0
0
0
0
0
0
0
0
0
0
0
0
0
0
0
0
0
0
0
0
0
0
0
0
0
0
0
0
0
0
0
0
0
0
0
0
0
0
0
0
0
0
0
0
0
0
0
0
0
0
0
0
0
0
0
0
0
0
0
0
0
0
0
0
0
0
0
0
0
0
0
0
0
0
0
0
0
0
0
0
0
0
0
0
0
0
0
0
0
0
0
0
0
0
0
0
0
0
0
0
0
0
0
0
0
0
0
0
0
0
0
0
0
0
0
0
0
0
0
0
0
0
0
0
0
0
0
0
0
0
0
0
0
0
0
0
0
0
0
0
0
0
0
0
0
0
0
0
0
0
