0
0
0
0
0
7.79934075729078e-10
0
0
0
0
0
0
0
0
0
0
0
1.55986815145816e-09
2.26180881961433e-08
1.63786155903106e-08
1.55986815145816e-09
0
0
0
0
0
0
0
0
0
1.55986815145816e-09
9.34361022723435e-07
1.23611751662302e-05
7.58017928201091e-06
5.26455501117128e-07
7.79934075729078e-10
0
0
0
0
0
0
0
7.79934075729078e-10
3.27572311806213e-08
8.28056008201562e-06
0.00010611939021185
6.47899036048902e-05
5.78399110560684e-06
1.06071034299155e-07
0
0
0
0
0
0
0
1.55986815145816e-09
3.47850597775169e-07
6.29796766151231e-06
2.59445070291278e-05
1.2042182129257e-05
1.19056936660044e-05
8.81325505573858e-07
1.16990111359362e-08
4.28963741650993e-08
3.11973630291631e-09
0
0
0
0
7.79934075729078e-10
1.63396188865242e-06
2.26953016696404e-05
2.64889010139867e-05
2.44509332741066e-06
1.48187474388525e-06
1.21669715813736e-07
1.21669715813736e-07
4.50801895771407e-07
3.50970334078085e-08
0
0
0
0
7.79934075729078e-10
1.71195529622533e-06
2.2106451442465e-05
6.31746601340553e-06
3.79047960804332e-07
2.18381541204142e-08
1.9498351893227e-08
2.14481870825496e-07
7.9553275724366e-07
6.16147919825972e-08
0
0
0
0
0
1.81724639644875e-07
2.33122295235421e-06
4.08685455682037e-07
2.18381541204142e-08
3.89967037864539e-09
1.32588792873943e-08
2.49578904233305e-08
8.89124846331149e-08
7.0194066815617e-09
0
0
0
0
0
0
3.89967037864539e-09
6.23947260583262e-09
4.67960445437447e-09
7.79934075729078e-10
1.55986815145816e-09
0
0
0
0
0
0
0
0
0
0
7.79934075729078e-10
7.79934075729078e-10
0
0
0
0
0
0
0
0
0
0
0
0
0
0
0
0
0
0
0
0
0
0
0
0
0
0
0
0
0
0
0
0
0
0
0
0
0
0
0
0
0
0
0
0
0
0
0
0
0
0
0
0
0
0
0
0
0
0
0
0
0
0
0
0
0
7.79934075729078e-10
1.0139142984478e-08
2.57378244990596e-08
2.68297322050803e-07
4.46902225392762e-07
3.35371652563504e-08
0
0
0
0
0
0
0
0
1.55986815145816e-09
1.87184178174979e-08
1.84064441872062e-07
2.4193555029116e-06
4.06267660047277e-06
3.32251916260587e-07
2.33980222718723e-09
0
0
0
0
0
0
7.79934075729078e-10
7.64335394214497e-08
9.73357726509889e-07
3.7148260026976e-06
2.18771508242006e-05
1.61641337194851e-05
1.69713654878647e-06
4.60161104680156e-08
0
0
0
0
0
0
1.48187474388525e-08
7.67455130517413e-07
9.00511883836793e-06
3.49886225712822e-05
0.00018636758719769
0.000119805673372744
2.69069456785775e-05
1.491233952794e-06
3.11973630291631e-09
2.33980222718723e-09
0
0
0
0
5.45953853010355e-08
1.099707046778e-06
9.45826053636653e-06
6.5245385105116e-05
0.000149855753376509
5.84201820084109e-05
0.000139409316366194
1.08083264214536e-05
4.46122291317033e-07
1.6253826138194e-06
1.26349320268111e-07
0
0
0
6.23947260583262e-09
1.30248990646756e-07
1.80679527983398e-05
0.000245290046750871
0.000309254000169564
7.63329279256806e-05
2.67766966879307e-05
2.55038442763409e-06
4.65776630025405e-06
1.71172131600261e-05
1.32666786281516e-06
7.79934075729078e-10
0
0
0
9.35920890874894e-09
1.7865949872726e-05
0.000231252013321823
7.38464980922563e-05
1.66289744286197e-05
3.82947631182977e-06
6.26053082587731e-06
8.601892921216e-06
3.02232253685775e-05
2.34292196349015e-06
7.79934075729078e-10
0
0
0
7.79934075729078e-10
1.89523980402166e-06
2.45804023306776e-05
8.68066626286464e-06
4.47292192430626e-06
3.85053453187446e-06
1.24142106833797e-05
1.86794211137114e-06
3.37399481160399e-06
2.61277915369241e-07
0
0
0
0
0
3.11973630291631e-09
4.41442686862658e-07
5.4260013648472e-06
4.49865974880532e-06
7.16759415595023e-07
1.39764186370651e-06
1.099707046778e-07
5.45953853010355e-09
7.79934075729078e-10
0
0
0
0
0
0
4.44562423165574e-08
6.03668974614306e-07
5.01497610693797e-07
3.66569015592667e-08
2.33980222718723e-09
0
0
0
0
0
0
0
0
0
0
2.33980222718723e-09
2.33980222718723e-09
0
0
0
0
0
0
0
0
0
0
0
0
0
0
0
0
0
0
0
0
0
0
0
0
0
0
0
0
0
0
0
0
0
0
0
0
0
0
0
0
0
0
0
0
0
0
0
0
0
0
0
7.45616976396999e-07
9.98783577378657e-06
7.62151578802455e-06
4.76461726862894e-06
6.96247149403348e-06
5.25675567041399e-07
0
0
0
0
0
0
0
7.79934075729078e-10
1.26349320268111e-06
1.70805562584668e-05
1.76694064856423e-05
4.66112001677969e-05
6.47914634730417e-05
5.17096292208379e-06
2.9637494877705e-08
0
0
0
0
0
0
2.0278285968956e-08
1.39608199555505e-06
1.72349832054612e-05
4.26764327557437e-05
9.86881783383032e-05
7.44891637706571e-05
1.29180480963007e-05
1.86872204544687e-06
1.0139142984478e-07
0
0
0
0
0
2.94035146549862e-07
1.20382824588783e-05
0.000123832473005733
0.000237788640810509
0.000127294600367894
0.000174879938196277
9.10846010340204e-05
1.89141812705059e-05
1.02951297996238e-06
2.10582200446851e-08
1.55986815145816e-09
0
0
7.79934075729078e-10
1.07162942005175e-06
2.15004426656235e-05
0.000113020246913901
0.000166615756729852
0.000231129563671934
0.000180606994114355
0.000330469766897546
4.41559676974017e-05
5.23959712074795e-06
1.22106478896144e-05
9.43720231632184e-07
7.79934075729078e-10
0
0
1.26349320268111e-07
3.52998162674981e-06
4.11025257909224e-05
0.000251317377288105
0.000580056470471609
0.000595333039212914
0.000148114160585406
2.02681468259716e-05
4.12585126060682e-05
0.000128660264934496
9.93791999293991e-06
4.67960445437447e-09
0
0
1.55986815145816e-09
2.97934816928508e-07
1.50862648268276e-05
0.000159799912842055
0.000178260172480487
0.000158896749182361
4.47307791112141e-05
7.52488195604172e-05
8.48794455275198e-05
0.000227800805036722
1.75477367698285e-05
8.57927483301986e-09
0
0
0
3.58769674835376e-08
1.61524347083492e-06
2.05169457961291e-05
7.47699400379195e-05
5.91821776003982e-05
4.36146934488458e-05
0.000137697361069969
1.95568469489066e-05
2.54398896821311e-05
1.95919439823144e-06
7.79934075729078e-10
0
0
0
2.33980222718723e-09
3.35371652563504e-08
5.40026354034814e-06
7.231002796307e-05
6.10469999754664e-05
8.7547600000589e-06
1.54255361497697e-05
1.2096777514558e-06
4.28963741650993e-08
3.11973630291631e-09
0
0
0
0
0
7.79934075729078e-10
1.50449283208139e-06
2.05255250709621e-05
1.99881504927848e-05
1.46471619421921e-06
2.65177585747887e-08
2.33980222718723e-09
0
0
0
0
0
0
0
0
1.12310506904987e-07
1.53725006326201e-06
1.61758327306211e-06
1.19329913586549e-07
0
0
0
0
0
0
0
0
0
0
0
2.33980222718723e-09
5.45953853010355e-09
7.79934075729078e-10
0
0
0
0
0
0
0
0
0
0
0
0
0
0
0
0
0
0
0
0
0
0
0
0
0
0
0
0
0
0
0
0
0
0
0
4.67960445437447e-09
8.76567907711911e-06
0.00011737383892462
8.66795333743025e-05
2.29830973435845e-05
2.81454809908352e-05
2.47083115190972e-06
2.88575608019759e-08
0
0
0
0
0
0
2.33980222718723e-08
1.54052578638007e-05
0.000205497810207173
0.000190366309203953
0.000254118900488124
0.000282984260630857
2.51481943378084e-05
3.72808488198499e-07
4.67960445437447e-09
0
0
0
0
0
2.92475278398404e-07
1.10017500722344e-05
0.000108682253584696
0.000273698365525227
0.000962331798481307
0.000485004344794354
6.47555865055581e-05
1.83042728232857e-05
2.58080185658752e-06
1.06071034299155e-07
0
0
0
7.79934075729078e-10
1.95451479377707e-06
5.46842977856686e-05
0.00042792330959397
0.000667816992474871
0.00102150851654318
0.000779603383680969
0.000316875515957588
0.000178289030041289
2.42645290300073e-05
9.40600495329268e-07
7.79934075729078e-10
0
0
3.11973630291631e-09
5.61006580671926e-06
0.000116998690634195
0.000636469882103168
0.00072024962058391
0.00133783495891145
0.00080692057468338
0.000808230863930605
0.000284849083005925
2.82328336073169e-05
2.01144998130529e-06
9.43720231632184e-08
0
0
1.55986815145816e-09
2.22437198397933e-06
4.84885014880768e-05
0.000315642440183861
0.000800146067301597
0.00123148938781764
0.000864599819319848
0.000438015656533905
8.96386032576187e-05
7.04179078953513e-05
1.76475683315218e-05
9.88176473948742e-07
7.79934075729078e-10
0
7.79934075729078e-10
1.24477478486361e-06
2.14856239181846e-05
0.000114103575345088
0.000582500003930868
0.000861322536333634
0.000474667098554641
0.000188709729227105
0.000156014892772542
0.000208316491956858
3.77449095949087e-05
1.76109114299626e-06
7.79934075729078e-10
0
0
1.2712925434384e-07
2.78280478220135e-06
2.17398824268723e-05
0.000114129313169587
0.00037087815136107
0.000241772544069333
0.000124837028095272
0.000152442014771627
3.61413651352097e-05
5.91034042587495e-06
3.13533498443089e-07
0
0
0
7.79934075729078e-10
2.03562793765289e-07
3.40519217463315e-06
2.77531741507435e-05
0.00022621051945631
0.000218158480058483
4.30500211780179e-05
1.78331926415454e-05
2.02392892651696e-06
5.84950556796808e-07
4.13365060136411e-08
0
0
0
0
1.40388133631234e-08
3.87627235637352e-07
1.44287804009879e-05
0.000161504068797523
0.000160507313048741
1.37627167003153e-05
2.59718047217783e-07
6.62943964369716e-08
4.60161104680156e-08
3.11973630291631e-09
0
0
0
0
0
1.79384837417688e-08
1.42649942450848e-06
1.72755397773991e-05
2.51536538763385e-05
2.92943238843842e-06
8.50128142544695e-08
0
0
0
0
0
0
0
0
0
2.33980222718723e-09
2.32420354567265e-07
2.64397651672157e-06
5.1631635813265e-07
2.41779563476014e-08
0
0
0
0
0
0
0
0
0
0
1.48187474388525e-08
1.90303914477895e-07
3.74368356349957e-08
1.55986815145816e-09
0
0
0
0
0
0
0
0
0
0
0
0
0
0
0
0
0
0
0
0
1.0139142984478e-08
1.37346390735891e-05
0.000182977213770496
0.000129916738730495
2.20354774415736e-05
3.0996140037625e-05
8.56757582188392e-06
6.08348579068681e-07
9.35920890874894e-09
0
0
0
0
0
2.55818376839138e-07
3.07676193534364e-05
0.000375076536490719
0.000340427965176455
0.000293652978852755
0.00040477330635818
9.90555272879716e-05
6.90631624058099e-06
2.58938113142054e-07
1.09190770602071e-08
0
0
0
1.55986815145816e-09
2.57378244990596e-06
6.29968351647891e-05
0.000442033876892061
0.000822671343342729
0.00178696155628819
0.00146970543250165
0.000299233407164597
6.00135873251254e-05
2.18241153070511e-05
1.44989744678036e-06
7.79934075729078e-10
0
0
7.33138031185333e-08
7.67689110740132e-06
0.000144463289176918
0.000884327471831339
0.00203749977943464
0.0036318963923594
0.00243586280762441
0.000743979894772043
0.000454347476079672
0.000186148425722411
1.21919294717969e-05
6.23947260583262e-09
0
0
6.24727194658991e-07
1.33290733542099e-05
0.000157775983915538
0.00134408223085804
0.00308541842365016
0.00442633334222666
0.00411962036727582
0.00173349785533104
0.000679198570441986
0.000122755384047151
6.19345649536461e-06
3.11973630291631e-09
0
0
3.36151586639233e-07
2.3980633026442e-05
0.000321428771091695
0.00115743386739309
0.00356051682574868
0.003688186574407
0.00387941315089648
0.00224289931794827
0.000315569126380742
5.65007642480416e-05
3.48552538443325e-06
3.11973630291631e-09
0
0
4.60161104680156e-08
1.54528338424202e-05
0.000228161914513784
0.000610987875980948
0.00161506252612935
0.0023953413327199
0.00244963566346771
0.00142147196945633
0.000187348744264958
8.87385593342273e-05
9.56433157066568e-06
2.48019036081847e-07
0
0
3.89967037864539e-09
2.09646279555976e-06
3.65133936893325e-05
0.000174911915493382
0.000608726067161334
0.00108654097964562
0.00109319927685012
0.000915885944337565
0.000116866101841321
5.1303283567383e-05
3.05453381418536e-05
2.12454042228601e-06
7.79934075729078e-10
0
0
1.47407540312796e-07
4.92840342453204e-06
5.12190506872043e-05
0.000187886118843135
0.000531911919910928
0.000716243879170966
0.000344602952283833
3.82308085240879e-05
1.46034856339513e-05
1.03692235368181e-05
7.37817635639708e-07
0
0
0
9.35920890874894e-09
3.94646642318914e-07
6.67623568824091e-06
5.55024486311084e-05
0.000204802109011623
0.000121872498673426
3.69462571013622e-05
1.72833391181564e-05
2.25400947885704e-06
8.24390318045636e-07
5.84950556796808e-08
0
0
0
0
7.79934075729078e-10
2.71417058353719e-07
5.41898195816563e-06
3.51274508367619e-05
0.000114722063067142
2.20924126291019e-05
2.70169163832553e-06
1.32588792873943e-07
1.55986815145816e-09
0
0
0
0
0
0
7.79934075729078e-10
8.81325505573858e-08
3.55259971494595e-06
3.25435292438715e-05
6.37674100316094e-06
3.06514091761528e-07
0
0
0
0
0
0
0
0
0
0
1.85624310023521e-07
2.35540090870182e-06
4.62500906907343e-07
2.18381541204142e-08
0
0
0
0
0
0
0
0
0
0
0
3.89967037864539e-09
7.79934075729078e-10
0
0
0
0
0
0
0
1.06850968374884e-07
3.01834487307153e-06
2.36507209124086e-05
3.35285859815173e-05
3.3486469541428e-05
2.41927750950403e-05
3.26792377730484e-05
4.28495781205555e-06
1.48187474388525e-07
0
0
0
0
7.79934075729078e-10
1.649560570167e-06
3.45074032465573e-05
0.000198477623591536
0.000358332131818892
0.000595532702336301
0.000478859244211685
0.000413346341718594
5.43738840235284e-05
3.34669711895347e-06
1.12310506904987e-07
0
0
0
5.45953853010355e-09
8.43420709493425e-06
0.00019908129256615
0.00132471568782361
0.00211719578309487
0.00361761189976242
0.00301105404933162
0.00146866500044462
0.000283895223631309
6.92597057928936e-05
4.33019398844784e-06
2.33980222718723e-09
0
0
8.3764919733303e-07
3.02162059618959e-05
0.000446055996920596
0.00291153992080712
0.00591603394462778
0.00869301183934935
0.00694201694296341
0.00300196469761307
0.00132355826565523
0.000480381675527508
3.1024997598427e-05
1.48187474388525e-08
0
0
7.43901121430395e-06
0.000124814410007076
0.000593738853962124
0.00319555915395647
0.00901250949366954
0.0127199510805381
0.0124314472264533
0.00581323785351261
0.00224029823780572
0.0003957557085746
1.97877074353224e-05
9.35920890874894e-09
0
0
4.30913576840316e-06
0.000101550536396229
0.000817984719481673
0.00356437671948946
0.0108674820812954
0.0130393886799345
0.0125704915336721
0.00576381577093588
0.00124736650579726
0.000189713504382568
9.65168418714734e-06
6.23947260583262e-09
0
0
5.28795303344315e-07
3.85591607699699e-05
0.00051308041165245
0.00171822986586457
0.00489208891403202
0.00689780170027625
0.00787383148092959
0.00427963788172501
0.000786457444338476
0.000122889532708176
2.05419036865525e-05
1.10360671715665e-06
7.79934075729078e-10
0
4.13365060136411e-08
1.03505051190006e-05
0.000152388199320402
0.000451443781515732
0.00148761895835299
0.00263856299430194
0.00370147197145297
0.00225372168318309
0.000429827908606901
0.000219511665679873
0.00013686439147709
9.60566807667933e-06
4.67960445437447e-09
0
3.89967037864539e-09
1.81022698976719e-06
3.91721889534929e-05
0.000250807300402578
0.00057689695753083
0.00136437221583813
0.00197079357780569
0.000896180129980194
0.000163987378894644
7.36093981332347e-05
4.7267124725485e-05
3.33577804189327e-06
1.55986815145816e-09
0
0
1.17770045435091e-07
3.24530568910869e-06
3.63870443690644e-05
0.000218964151958711
0.000545021831789858
0.000288350207071873
0.00012761125360264
0.000170851578695136
1.79930791270698e-05
3.75928224501416e-06
2.65177585747887e-07
0
0
0
0
6.23947260583262e-09
1.79930791270698e-06
3.32361107031189e-05
0.000157978766775228
0.000236912774843465
4.83356344092339e-05
2.07205085898944e-05
1.45847672161338e-06
7.0194066815617e-09
7.79934075729078e-10
0
0
0
0
0
1.00611495769051e-07
2.15261804901226e-06
1.63333794139184e-05
6.60650958187073e-05
1.27940385782598e-05
6.39545942097844e-07
2.33980222718723e-09
0
0
0
0
0
0
0
4.67960445437447e-09
6.39545942097844e-08
4.10245323833495e-07
4.71860115816092e-06
9.26561681966145e-07
4.44562423165574e-08
0
0
0
0
0
0
0
0
0
0
7.79934075729078e-10
7.79934075729078e-09
1.55986815145816e-09
0
0
0
0
0
0
0
7.51856449002831e-07
1.19049137319286e-05
3.74118777445724e-05
9.34072447115416e-05
9.63616349904033e-05
4.43829285134389e-05
3.86667916724205e-05
9.96755748781762e-06
5.70131809357956e-07
7.79934075729078e-10
0
0
0
3.89967037864539e-09
8.28445975239427e-06
0.00013273542048018
0.000409070743115447
0.000745265226128845
0.0011756344089843
0.000655763891268554
0.000526072553485945
0.000148405855929729
1.09986303359315e-05
1.82504573720604e-07
0
0
0
1.16990111359362e-08
1.91544009658304e-05
0.000381525811362923
0.00204605955591577
0.00376153703442709
0.00501380698575845
0.00377757091915593
0.00226705309633953
0.000781686587597241
9.48485628834889e-05
3.68050890336552e-06
6.23947260583262e-09
0
0
1.39842179778224e-06
4.12413540564022e-05
0.000560164251870139
0.00393611825787236
0.0088061077398686
0.0114873089501566
0.0100504714994743
0.00532659096755477
0.00223578163957317
0.000402419465317629
2.0836718767178e-05
6.08348579068681e-08
0
0
1.30054007127824e-05
0.000216893426987651
0.00101645454373245
0.00539178955661534
0.0137466321198716
0.0175984824005318
0.0161340883190858
0.0086089014088205
0.00267191219544604
0.00042558584716901
2.18865100331094e-05
1.03731232071967e-07
0
0
1.19119331386102e-05
0.000235331848471962
0.00148653562992181
0.00630205061639875
0.0156759191660351
0.0191442813211978
0.0181063536324924
0.00910191801637482
0.00257036555872019
0.000369266807560614
1.71780480179329e-05
1.87184178174979e-08
0
0
1.52009151359597e-06
8.00711519506501e-05
0.00101723213800595
0.0036429956341911
0.0077995006437763
0.0120116172927632
0.0116470846850423
0.00577393931523885
0.00207214133134223
0.000517143868186998
3.18236500919736e-05
1.23229583965194e-07
0
0
9.67118253904057e-08
2.13545949934622e-05
0.000331432205546996
0.00111469348004313
0.00227858286178103
0.00442181206438966
0.00514381809651211
0.00287071271174493
0.00131019487520169
0.000332796310245446
3.13268320857341e-05
9.53079440540933e-07
7.79934075729078e-10
0
8.57927483301986e-09
3.93866708243184e-06
8.71786911827692e-05
0.000550812842302147
0.000949756921378328
0.00230533772031484
0.00294440166315389
0.00143592492781367
0.000418185832658493
8.36229717315203e-05
8.75164026375598e-06
3.299121140334e-07
0
0
0
2.6205784944497e-07
7.98574500139003e-06
9.24058093583054e-05
0.000473763934894947
0.000743137565970256
0.000618469783569417
0.000335806075843685
0.000208549692245501
1.87979710932222e-05
6.60604162142529e-07
2.65177585747887e-08
0
0
0
7.79934075729078e-10
1.12310506904987e-07
1.11023615680034e-05
0.000136477544175528
0.000168286375520063
0.000105328537059061
3.46064548741749e-05
2.13530351253107e-05
1.52789085435326e-06
1.55986815145816e-09
0
0
0
0
0
7.79934075729078e-10
1.30950931314912e-06
1.76764258923238e-05
1.5845140682512e-05
1.18916548526413e-05
2.07306477328789e-06
1.28689122495298e-07
2.33980222718723e-09
0
0
0
0
0
0
0
6.31746601340553e-08
8.26730120272823e-07
3.8060782895579e-07
4.84339061027757e-07
9.43720231632184e-08
4.67960445437447e-09
0
0
0
0
0
0
0
0
0
1.55986815145816e-09
1.55986815145816e-09
1.24789452116652e-08
1.24789452116652e-08
7.79934075729078e-10
0
0
0
0
0
0
8.11131438758241e-08
4.32785418622065e-06
5.84420201625313e-05
0.000219382196623302
0.000141100213442375
0.000122879393565192
3.46259532260681e-05
6.47657256485426e-06
3.5487000445673e-07
0
0
0
0
1.24789452116652e-08
2.21345290691912e-06
5.17345871112612e-05
0.000393699022416903
0.000950889385656286
0.00106812595618358
0.000810994950294989
0.000348130594108355
8.69735685208524e-05
6.40715843211438e-06
1.09190770602071e-07
0
0
0
1.099707046778e-07
1.53748404348473e-05
0.000300060917218945
0.00183863374867339
0.00396632042502089
0.00476545335795812
0.00286481485026426
0.00114434813347051
0.000441143972111654
6.40193287380699e-05
3.40285237240597e-06
5.06957149223901e-08
0
0
5.87290359023996e-07
2.83123868830413e-05
0.000443794968035057
0.00278177760902361
0.00728133428201603
0.00973104871882538
0.00808023011499423
0.00380411753529152
0.00167825434481307
0.000373903515640823
2.73132913320323e-05
5.31135105571502e-07
0
0
5.98989370159932e-06
0.000103394300551252
0.000653247823940252
0.00460757130300828
0.0109862036463029
0.01313275458814
0.0116308370983767
0.00679814172407959
0.00280148576318321
0.000716752396188341
5.43294277812118e-05
9.78817265039993e-07
7.79934075729078e-10
0
1.4742313899431e-05
0.000253957454134448
0.00120123964469049
0.00522645523157191
0.0127955820677957
0.0169221056315758
0.0155823489151017
0.00726588066823953
0.00269421363040744
0.000478456018294533
2.54640676384787e-05
1.19329913586549e-07
0
0
1.77201022005647e-06
5.06598379549065e-05
0.000542823977564454
0.00274107284961131
0.0060619494710537
0.0114474324807327
0.010033156183059
0.00528220491930503
0.00208999168253344
0.000304027661928103
1.32908565844992e-05
7.0194066815617e-09
0
0
2.49578904233305e-08
1.51182421239324e-05
0.000274342591071779
0.00132827764674747
0.00334544532476193
0.00542834584667884
0.00451986771619255
0.00228927341815705
0.00095334305825853
0.000227803924773025
1.30748148455223e-05
7.0194066815617e-09
0
0
1.55986815145816e-09
2.46927128375826e-06
7.30174281697563e-05
0.000620628641091035
0.0013251820884009
0.0028366093143496
0.00217080533172418
0.00137026695758249
0.000311249071535279
6.77255754659345e-05
4.02445983076204e-06
2.33980222718723e-09
0
0
0
1.23229583965194e-07
1.40731304624555e-05
0.000186139846447577
0.000414975624002792
0.000962841095432758
0.000789153676438272
0.000437035279400713
7.15004563924632e-05
7.25494677243188e-06
3.15873300670277e-07
0
0
0
0
7.79934075729078e-10
1.16366164098778e-06
3.42391059245065e-05
0.000263418834407117
0.000219028106552921
0.00042248326941576
0.000104321642167294
8.67130705395589e-06
2.42559497551743e-07
7.79934075729078e-10
0
0
0
0
0
3.27572311806213e-08
3.83805558666279e-06
4.51223060172301e-05
2.34253199645229e-05
4.30656198595325e-05
8.61047219604902e-06
4.28183807575264e-07
7.79934075729078e-10
0
0
0
0
0
0
1.55986815145816e-09
1.88744046326437e-07
2.17601607128413e-06
1.15664223430622e-06
4.30679596617597e-06
4.57821302452969e-06
3.36151586639233e-07
0
0
0
0
0
0
0
0
0
3.89967037864539e-09
8.5402781292334e-07
1.17723249390547e-05
1.28384948205764e-05
9.43720231632184e-07
7.79934075729078e-10
0
0
0
0
0
1.09190770602071e-08
6.52804821385238e-07
1.3317374343074e-05
8.38257545912098e-05
4.67040123228086e-05
6.80703063274067e-05
2.70527933507388e-05
7.5879786227682e-06
4.64060775058801e-07
0
0
0
0
1.31808858798214e-07
2.75940675992948e-06
2.14333683351108e-05
0.000136166350479313
0.000537871396183574
0.000383368015649795
0.000388263661843147
0.000250690310291219
8.63426018535876e-05
5.56872930070562e-06
1.24789452116652e-08
0
0
0
1.19719880624413e-06
2.49758289070723e-05
0.000168469660027859
0.000661543202769707
0.00157428679271616
0.00197486249387877
0.00116332626933522
0.000617733525801929
0.000282064718355573
2.42840273819006e-05
5.84950556796808e-07
1.24789452116652e-08
0
0
8.34529461030114e-07
2.12992196740854e-05
0.000203966799616517
0.00112580520082005
0.0038163999371161
0.00479229712897656
0.00338070380452341
0.00238751547420404
0.000884134048180559
0.000106363509577553
5.6326838949154e-06
1.34148661025401e-07
0
0
5.60772600449207e-07
1.73769312072439e-05
0.000273210906727896
0.00224195013817811
0.00602628308577061
0.007090009433833
0.00625883836893298
0.00409506180309927
0.00135841897903809
0.00020692274976353
1.27714204900637e-05
2.47239102006118e-07
0
0
1.37736357773755e-06
4.43704495682272e-05
0.000503941144153056
0.00251292341404274
0.00653375733128672
0.00853166999683958
0.00824042311461045
0.00466723781966971
0.00184700088143782
0.000228130717150755
8.89280833146295e-06
3.11973630291631e-08
0
0
1.70805562584668e-07
2.0373437926195e-05
0.000369202852966404
0.00200474488805625
0.00366701604385541
0.00611643254584783
0.00645424695193652
0.0038598586437498
0.0014476722948623
0.000191327967919327
7.79154141653349e-06
3.89967037864539e-09
0
0
9.35920890874894e-09
1.67420648696004e-05
0.000283168325072729
0.00107305591947626
0.00227563159123847
0.00342432473744486
0.00286131450613239
0.0017308577784847
0.000531890081756808
8.00305953787121e-05
3.77098125615009e-06
1.55986815145816e-09
0
0
2.33980222718723e-09
4.30445616394878e-06
0.000103012912788221
0.000682713733321297
0.000959811051548551
0.00189508069747021
0.00133279424498001
0.00120223172083481
0.00036913967830627
7.5934381612983e-05
4.25688018532931e-06
2.33980222718723e-09
0
0
0
3.06514091761528e-07
1.44443790825025e-05
0.000150110011885197
0.000268755143353256
0.0009177421874378
0.000733917965261062
0.000454253104056508
6.4882715759902e-05
8.51532023881007e-06
4.67180511361718e-07
0
0
0
0
1.55986815145816e-09
2.35696077685327e-06
4.14995122354685e-05
0.000166629015609139
0.000230833968657232
0.000272352979244594
0.000112285549014564
7.77126313056453e-06
5.06957149223901e-08
7.79934075729078e-10
0
0
0
0
0
3.88407169713081e-07
7.07322213278701e-06
2.89410137480789e-05
1.89586375128224e-05
2.75457116865996e-05
1.25826764437372e-05
8.33749526954384e-07
7.79934075729078e-10
0
0
0
0
0
0
2.26180881961433e-08
3.96206510470372e-07
1.41558034744828e-06
3.36307573454378e-06
4.36934667904944e-05
4.76173151254874e-05
3.5003441318721e-06
1.55986815145816e-09
0
0
0
0
0
0
0
7.79934075729078e-10
6.23947260583262e-09
8.89358826553868e-06
0.000122770982728666
0.000133892842648562
9.84276803570096e-06
4.67960445437447e-09
0
0
0
0
0
7.0194066815617e-09
6.31746601340553e-08
1.35162575323849e-06
1.31949246931845e-05
4.4713620561548e-06
5.74187466551747e-06
2.41311603030577e-06
7.09740008913461e-07
4.36763082408284e-08
0
0
0
0
1.96543387083728e-07
3.87471248822206e-06
1.94180186834269e-05
3.02567625338338e-05
0.00011619613847027
5.49362164921291e-05
5.92687502828041e-05
2.51583334807929e-05
9.34517009538581e-06
6.1770778797743e-07
7.79934075729078e-10
0
0
0
1.78058949488949e-06
3.53099554104826e-05
0.000178609582946413
0.000237370596145918
0.000523627460158534
0.000423575177121781
0.000403867022962183
0.000138347826089127
7.30712436209816e-05
9.56277170251423e-06
3.65009147441209e-07
7.79934075729078e-10
0
0
1.18160012472955e-06
2.52987216144241e-05
0.0001629765843325
0.000499277138380196
0.00142135185960867
0.00138613081668282
0.00115537484143316
0.000802667594168429
0.00041508559470747
7.64982739497352e-05
3.92618813722018e-06
1.0139142984478e-08
0
0
1.17770045435091e-07
3.96284503877945e-06
7.28357035301114e-05
0.000684335216264738
0.00217330736023912
0.0021513506561392
0.00242837466056333
0.00114351360400948
0.000397768718424057
0.000123613311530453
7.97170618802691e-06
1.87184178174979e-08
0
0
2.33980222718723e-09
2.25712921515995e-06
9.56713933333831e-05
0.000992165836746096
0.00188740302642873
0.00231959413528509
0.00315872988696646
0.0015251774637038
0.000527858602519364
9.73396723213676e-05
5.07269122854192e-06
3.89967037864539e-09
0
0
7.79934075729078e-10
1.6441010316369e-06
8.76879881342202e-05
0.000967964482376223
0.00163034221460696
0.00197533513392866
0.00274313889497792
0.00160379715833952
0.000581752827086319
0.000140324179037024
8.17370911364074e-06
3.89967037864539e-09
0
0
7.79934075729078e-10
1.5692273603669e-06
6.16420896752477e-05
0.000697345296581975
0.00227090597067363
0.00218371012094119
0.00153724460372348
0.00109553517940693
0.000268440829920737
4.38026575610965e-05
2.27974730335609e-06
7.79934075729078e-10
0
0
0
4.23504203120889e-07
3.39099737445489e-05
0.000429229699170817
0.000910742279108132
0.000926709089506457
0.000878205769270942
0.000958502322169478
0.000267065026211151
5.18234995958943e-05
2.87873667351603e-06
1.55986815145816e-09
0
0
0
3.19772971048922e-08
5.07035142631474e-06
7.76276184913909e-05
0.00025487933621196
0.000314896823207464
0.00039117203601154
0.000265083213724723
4.04294426835682e-05
5.81908813901465e-06
3.24452575503296e-07
0
0
0
0
2.33980222718723e-09
4.39648838488481e-06
7.47239239274515e-05
0.000251109134889885
9.33565489966192e-05
7.62042388031853e-05
2.7959076746736e-05
1.84142435279635e-06
1.24789452116652e-08
7.79934075729078e-10
0
0
0
0
7.79934075729078e-10
9.67118253904057e-07
1.6391874469598e-05
5.52637888039353e-05
2.86157812384999e-05
7.91009139604431e-06
2.80308306817031e-06
1.84844375947791e-07
0
0
0
0
0
0
0
5.69351875282227e-08
9.64778451676869e-07
3.36151586639233e-06
3.95192596171924e-06
2.05348842798709e-05
2.21977037293253e-05
1.63162208642523e-06
7.79934075729078e-10
0
0
0
0
0
0
0
1.55986815145816e-09
7.79934075729078e-09
4.15080915103015e-06
5.72448213562871e-05
6.2429823091734e-05
4.5891321015899e-06
2.33980222718723e-09
0
0
0
0
0
2.33980222718723e-09
2.65177585747887e-08
9.90516276175929e-08
7.18319283746481e-07
1.1854997951082e-07
1.48187474388525e-08
3.11973630291631e-09
7.79934075729078e-10
0
0
0
0
0
1.87184178174979e-08
1.33914680802683e-06
1.60354445969898e-05
2.76073264785822e-05
2.02509882763055e-05
5.59992666373478e-06
2.99182711449674e-06
3.20552905124651e-07
1.52867078842899e-07
2.26180881961433e-08
7.79934075729078e-10
0
0
0
1.71585496660397e-07
1.26934270824907e-05
0.000153415372498137
0.000262717673673037
0.000164314951206451
5.77470989010567e-05
3.75967221205202e-05
9.41926383258008e-06
7.79232135060922e-06
7.48424739069623e-06
5.47513721161813e-07
0
0
0
1.16210177283633e-07
1.27729803582151e-05
0.000165852981203788
0.000301834487307153
0.000268458768404479
0.000179203892712119
0.000143346423580474
6.96325142810921e-05
6.54590870418658e-05
7.90977942241402e-05
5.88538253545162e-06
3.11973630291631e-09
0
0
1.16990111359362e-08
1.42259975412984e-06
2.28161914513784e-05
0.000121326544820415
0.000511423051741525
0.000451577150242682
0.000352985683729769
0.000153442670190787
9.82389363106832e-05
0.000149034482794767
1.12536687786949e-05
5.45953853010355e-09
0
0
0
5.38154512253064e-08
1.17075904107692e-05
0.000183470132106357
0.000594406477530948
0.000607460234156425
0.000652722928307287
0.000542735845013896
0.00015014042931415
2.93185018407318e-05
1.62850235012231e-06
7.79934075729078e-10
0
0
0
3.17433168821735e-07
2.95945985035399e-05
0.000376347829034158
0.000699965875076424
0.000658927303879712
0.000665919412868623
0.000449332499972734
0.000194261299978144
2.24129655342265e-05
7.60435723835851e-07
0
0
0
0
4.9915780846661e-08
2.26001497124015e-05
0.000325430612834261
0.000620790087444711
0.000436589937043472
0.000387353478776771
0.000473288175108752
0.000154426946994357
1.20063051617734e-05
2.06682530068206e-07
0
0
0
0
3.11973630291631e-09
4.38790911005179e-06
7.23209470401302e-05
0.000232357179907131
0.000228143976030043
0.000360378678833605
0.000529712505817372
6.76202843657111e-05
5.37452571584908e-06
2.51138772384763e-07
0
0
0
0
0
3.83727565258706e-07
1.0447216944391e-05
7.75972010624374e-05
9.3437662140495e-05
0.000178008253774026
0.000156609982472323
1.32315815947438e-05
5.11636753678275e-07
2.80776267262468e-08
0
0
0
0
0
4.20384466817973e-07
8.57693503079267e-06
5.68252168235449e-05
0.000196323445674372
3.33460814077967e-05
1.21404538227988e-05
8.50908076620424e-07
1.55986815145816e-09
0
0
0
0
0
0
9.43720231632184e-08
2.82414128821499e-06
3.72902080287587e-05
0.000210860636911886
1.686997405802e-05
1.88744046326437e-07
1.16990111359362e-08
0
0
0
0
0
0
0
5.45953853010355e-09
2.26180881961433e-07
3.75226283833259e-06
2.26703437792171e-05
3.37633461383118e-06
1.76031120892053e-06
1.29469056571027e-07
0
0
0
0
0
0
0
0
0
6.23947260583262e-09
3.65789081516938e-07
4.53999625481896e-06
4.948681710501e-06
3.6344927928975e-07
0
0
0
0
0
0
0
5.45953853010355e-09
6.23947260583262e-09
3.11973630291631e-09
7.79934075729078e-10
0
0
0
0
0
0
0
0
0
2.33200288642994e-07
3.22736720536693e-06
3.79593914657342e-06
1.51775171136879e-06
3.08853893988715e-07
2.0278285968956e-08
7.79934075729078e-10
7.79934075729078e-10
7.79934075729078e-10
0
0
0
0
1.55986815145816e-09
2.23841079734245e-06
3.2265872712912e-05
5.30409766881074e-05
2.4089823797044e-05
3.86925294969196e-06
6.48905151006593e-07
8.50128142544695e-08
2.9637494877705e-07
6.75422909581382e-07
5.14756489981192e-08
0
0
0
1.55986815145816e-09
2.49032950380295e-06
4.66564363441892e-05
0.000204506513996922
0.000141910564947057
2.44368944607435e-05
6.10610387888295e-06
1.02327350735655e-06
3.16341261115714e-06
7.25728657465907e-06
5.55313061919104e-07
0
0
0
0
2.73756860580906e-07
1.86763013774085e-05
0.000228076121765454
0.000451352529228872
0.000133961476847226
2.23981467867877e-05
9.88800421209325e-06
7.97794566063274e-06
1.39452212740359e-05
1.05915047484009e-06
7.79934075729078e-10
0
0
0
4.28963741650993e-07
2.12149867939067e-05
0.000247368571062689
0.000606433840912766
0.000173951816646159
7.36031586606288e-05
6.84704125082558e-05
2.02837455074861e-05
2.71495051761292e-06
1.20109847662278e-07
0
0
0
1.55986815145816e-09
3.58769674835376e-06
6.99702257358828e-05
0.000327846848600869
0.000188352519420421
9.14488302473859e-05
0.000266859903549234
8.21215986357418e-05
2.10285825498074e-05
1.29313069755881e-06
1.55986815145816e-09
0
0
0
0
4.46902225392762e-07
1.00767482584197e-05
6.95092846971269e-05
0.000174043068933019
9.72686983204762e-05
0.00017096232933389
0.000119825951658713
1.92019769444499e-05
8.57147549226257e-07
7.79934075729078e-10
0
0
0
0
3.89967037864539e-09
2.59718047217783e-07
1.75742545284033e-05
0.000196653357788405
0.000109668090256417
0.000115381107361133
0.000172817012565973
1.41082274958633e-05
9.59318913146766e-08
0
0
0
0
0
0
1.55986815145816e-09
1.92721710112655e-06
2.54773265177661e-05
1.76553676722791e-05
2.33543459636315e-05
2.77367955351532e-05
2.06214569622768e-06
1.55986815145816e-09
0
0
0
0
0
0
7.79934075729078e-10
1.71585496660397e-07
3.79437927842196e-06
2.17640603832199e-05
3.04798236794924e-06
1.06538994744592e-06
7.56536053457206e-08
0
0
0
0
0
0
0
0
1.45067738085609e-07
3.69376778265291e-06
2.40094905872439e-05
1.88120099065854e-06
3.11973630291631e-09
0
0
0
0
0
0
0
0
0
1.55986815145816e-08
3.95426576394643e-07
2.57300251583023e-06
2.0278285968956e-07
1.55986815145816e-09
0
0
0
0
0
0
0
0
0
0
7.79934075729078e-10
4.67960445437447e-09
4.67960445437447e-09
4.67960445437447e-09
0
0
0
0
0
0
0
0
0
0
0
0
0
0
0
0
0
0
0
0
0
1.32588792873943e-08
1.81724639644875e-07
1.25569386192382e-07
2.10582200446851e-08
1.55986815145816e-09
0
0
0
0
0
0
0
0
0
1.31028924722485e-07
1.87418158397697e-06
2.91695344322675e-06
1.18160012472955e-06
7.9553275724366e-08
7.79934075729078e-10
0
0
7.79934075729078e-10
0
0
0
0
0
1.46627606237067e-07
4.46746238577616e-06
3.4387293398895e-05
1.44802560499861e-05
1.69479674655929e-06
6.55144623612426e-08
1.55986815145816e-09
3.11973630291631e-09
7.0194066815617e-09
7.79934075729078e-10
0
0
0
0
2.26180881961433e-08
1.31481286486408e-05
0.000167856631844336
5.78679886827947e-05
1.08621418726789e-05
6.25507128734721e-07
2.51918706460492e-07
1.06071034299155e-07
2.0278285968956e-08
7.79934075729078e-10
0
0
0
0
6.67623568824091e-07
1.69900839056822e-05
0.000113890653342414
6.55207018338484e-05
1.3550574631717e-05
7.90775159381712e-06
3.26870371138057e-06
9.3046135234479e-07
5.84950556796808e-08
0
0
0
0
3.11973630291631e-09
5.63814343344551e-06
8.79812433466944e-05
0.000215427930859356
2.76892195565337e-05
7.32280103702031e-06
6.32854107728088e-05
1.12567885149978e-05
8.64946889983547e-07
2.88575608019759e-08
0
0
0
0
0
7.01160734080441e-07
1.08613619386031e-05
2.66885641373733e-05
1.57640275386361e-05
9.43564244817039e-06
3.75546056804308e-05
1.17419075101013e-05
7.42497240094082e-07
3.89967037864539e-09
0
0
0
0
0
5.45953853010355e-09
8.50128142544695e-08
1.66125958130294e-06
1.93064881105976e-05
1.01734600838101e-05
1.09588536980693e-05
1.32495200784856e-05
9.86616605797284e-07
7.79934075729078e-10
0
0
0
0
0
0
0
1.62226287751648e-07
2.12844009266465e-06
1.12700473942852e-06
8.97704121164169e-07
1.44443790825025e-06
1.09190770602071e-07
0
0
0
0
0
0
0
0
2.33980222718723e-09
4.91358467709319e-08
2.95595014701321e-07
2.57378244990596e-08
3.11973630291631e-09
0
0
0
0
0
0
0
0
0
2.33980222718723e-09
5.06957149223901e-08
3.30692048109129e-07
2.57378244990596e-08
0
0
0
0
0
0
0
0
0
0
0
5.45953853010355e-09
3.50970334078085e-08
3.11973630291631e-09
0
0
0
0
0
0
0
0
0
0
0
0
0
0
0
0
0
0
0
0
0
0
0
0
0
0
0
0
0
0
0
0
0
0
0
0
0
0
0
0
0
0
0
0
0
0
0
0
0
0
0
2.33980222718723e-09
5.45953853010355e-09
1.55986815145816e-09
0
0
0
0
0
0
0
0
0
0
0
1.32588792873943e-07
1.67061879021169e-06
1.93423650780811e-07
5.45953853010355e-09
0
0
0
0
0
0
0
0
0
7.79934075729078e-10
1.15274256392758e-06
1.46612007555552e-05
1.64488096571263e-06
4.67960445437447e-08
1.55986815145816e-09
0
0
0
0
0
0
0
0
6.31746601340553e-08
1.50137309577848e-06
9.07765270741074e-06
9.77257396888535e-07
6.62943964369716e-08
4.63280840983072e-07
7.25338690428043e-08
3.89967037864539e-09
0
0
0
0
0
0
5.31135105571502e-07
8.1674696410349e-06
1.86700619048027e-05
1.46549612829494e-06
3.31471982184858e-07
4.13755027174276e-06
6.31746601340553e-07
2.49578904233305e-08
0
0
0
0
0
0
6.62943964369716e-08
1.01001462806916e-06
2.25166967662985e-06
2.55818376839138e-07
2.22281211582787e-07
2.32186374344547e-06
3.59549608911105e-07
1.40388133631234e-08
0
0
0
0
0
0
7.79934075729078e-10
7.79934075729078e-09
2.65177585747887e-08
1.22449649889465e-07
7.72134734971787e-08
2.30080552340078e-07
4.60161104680156e-08
2.33980222718723e-09
0
0
0
0
0
0
0
0
7.79934075729078e-10
1.32588792873943e-08
6.23947260583262e-09
1.55986815145816e-09
1.55986815145816e-09
0
0
0
0
0
0
0
0
0
0
0
0
0
0
0
0
0
0
0
0
0
0
0
0
0
0
0
0
0
0
0
0
0
0
0
0
0
0
0
0
0
0
0
0
0
0
0
0
0
0
0
0
0
0
0
0
0
0
0
0
0
0
0
