1.8357630093849e-07
6.05563382316576e-07
1.49483559335627e-06
3.28768466226204e-06
7.47894618239016e-06
1.54728596505298e-05
2.45396216306477e-05
2.66328682829074e-05
1.80333914324511e-05
7.34066792973519e-06
1.94543196838711e-06
4.62516914052818e-07
1.19205390219799e-07
3.21854553593456e-07
1.3041069690046e-06
3.42119469930822e-06
8.25378121881885e-06
2.36145878025421e-05
6.56487925018475e-05
0.000141127261481219
0.000220632488542216
0.00023545687086995
0.00015732727401209
6.41968708489703e-05
1.81096828821918e-05
4.92556672388208e-06
1.3637096641145e-06
6.53245538404496e-07
2.32927332489486e-06
4.78252025561832e-06
9.97987526920153e-06
3.44360531266954e-05
0.000107983394784507
0.00023812468750307
0.00038520745027967
0.00044072140050503
0.000323966873108151
0.000151204885170401
5.06909001370671e-05
1.50937865096309e-05
4.04106272845117e-06
8.1059665349463e-08
2.98013475549496e-07
7.22384664731979e-07
2.53430659607292e-06
1.33104738719427e-05
5.51587181625052e-05
0.000144074018727453
0.00022547222738514
0.000226728652198057
0.000169915363219301
9.94792822462263e-05
4.15859924320789e-05
1.15438499888853e-05
2.11470362249923e-06
0
2.38410780439597e-09
2.62251858483557e-08
2.16953810200033e-07
1.33510037046174e-06
5.76238856322506e-06
1.54347139256595e-05
2.38291575049377e-05
2.32426669850563e-05
1.81502127148665e-05
1.22900757316612e-05
6.20344850703832e-06
2.07894200543329e-06
4.31523512595671e-07
0
0
0
4.76821560879194e-09
1.66887546307718e-08
3.33775092615436e-08
5.48344795011073e-08
1.40662360459362e-07
6.43709107186912e-07
2.14331291615198e-06
3.88132750555664e-06
3.77642676216322e-06
1.97404126203986e-06
5.38808363793489e-07
0
0
0
0
0
0
0
9.53643121758388e-09
7.39073419362751e-08
2.64635966287953e-07
4.86357992096778e-07
4.74437453074798e-07
2.47947211657181e-07
6.67550185230872e-08
0
0
0
0
0
0
0
0
0
0
0
0
0
0
0
0
0
0
0
0
0
0
0
0
0
0
0
0
0
0
0
0
0
0
0
0
0
0
0
0
0
0
0
0
0
0
0
0
0
0
0
0
0
0
0
0
0
0
0
0
0
0
0
0
0
0
0
0
0
0
0
0
0
0
0
0
0
2.38410780439597e-09
0
0
0
0
0
0
0
0
0
0
0
2.38410780439597e-09
9.53643121758388e-09
1.19205390219799e-08
9.53643121758388e-09
2.38410780439597e-09
0
0
0
0
1.94781607619151e-06
9.56980872684543e-06
3.06024077772267e-05
6.6518991850452e-05
9.96533221159472e-05
0.000123055724323898
0.000171531788310681
0.000267582723534186
0.000344517882382044
0.00029243466328721
0.000153238529127551
5.61314341466987e-05
1.95306111336118e-05
6.1509981353416e-06
1.66458406902927e-05
6.73462772585774e-05
0.000168360924930835
0.000316111237892666
0.000525972327374621
0.000854058938768769
0.00132381400411573
0.00181948432129648
0.00201693136144095
0.00159245527151507
0.000875709021740488
0.000412352901740523
0.000193532335129647
6.87862783724325e-05
3.37041320307458e-05
0.000119701284643113
0.000228464282679657
0.000298561820344507
0.000485750044606657
0.00111190735013761
0.00221067111394958
0.00330252573334441
0.00363485367252258
0.00287522924388593
0.00175512294700901
0.00100611495042534
0.000524923319940687
0.000189980014501097
4.25086421523802e-06
1.55133894832046e-05
3.44813511749789e-05
7.67635030859415e-05
0.000223455272182621
0.000607303781013786
0.00126247567852423
0.00184049307926882
0.00196873185395947
0.00173399498364645
0.00122707644584456
0.000655488983848433
0.000258368146870196
6.95825703791008e-05
1.90728624351678e-08
1.57351115090134e-07
1.28980232217822e-06
7.64583372869788e-06
2.84233332440088e-05
7.25388640565518e-05
0.000140578916686208
0.0001987130013886
0.000218856328227941
0.000229324945597044
0.000215246789012086
0.000149242764447383
6.69290583928081e-05
1.7406371079895e-05
0
2.38410780439597e-09
4.29139404791275e-08
2.69404181896745e-07
8.48742378364966e-07
1.38039841874527e-06
1.66410724746839e-06
5.42861347060962e-06
3.1374858705851e-05
0.000108965647199918
0.000198896577689538
0.000194049686523201
0.000101567760682877
2.77343260885383e-05
0
0
0
0
2.38410780439597e-09
4.76821560879194e-09
3.81457248703355e-08
5.34040148184697e-07
3.82887713385993e-06
1.36299443177318e-05
2.49735292510478e-05
2.4384654623362e-05
1.2764513184736e-05
3.48556561002691e-06
0
0
0
0
0
0
0
0
9.53643121758388e-09
3.09934014571476e-08
5.48344795011073e-08
5.48344795011073e-08
2.86092936527516e-08
7.15232341318791e-09
0
0
0
0
0
0
0
0
0
0
0
0
0
0
0
0
0
0
0
0
0
0
0
0
0
0
0
0
0
0
0
0
0
0
0
0
0
0
0
0
0
0
0
0
0
0
0
0
2.38410780439597e-09
2.38410780439597e-09
2.38410780439597e-09
0
0
0
0
0
0
0
0
2.38410780439597e-09
3.81457248703355e-08
2.59867750679161e-07
8.15364869103422e-07
1.19443801000238e-06
8.15364869103422e-07
2.59867750679161e-07
3.81457248703355e-08
2.38410780439597e-09
0
0
0
0
0
2.14569702395637e-08
2.93245259940704e-07
1.98596180106184e-06
6.24159423190865e-06
9.14305342985855e-06
6.24159423190865e-06
1.98596180106184e-06
2.93245259940704e-07
2.14569702395637e-08
0
0
9.08583484255304e-06
4.75224208650249e-05
0.000161663966108286
0.00036284690318224
0.000533739750601343
0.000614968687604919
0.000831524351801618
0.00130160603991778
0.00165771068622919
0.00142231580216216
0.000780754776107006
0.000312227526279305
0.000122290425718687
4.41250672437606e-05
7.59529064324468e-05
0.000329786480258681
0.000912779513991041
0.00183453280975783
0.00285243717327591
0.00377198993753924
0.00484418997219463
0.0061846736580787
0.00704392518364544
0.0061562050267864
0.00398523407599563
0.00227855143135634
0.00122545048432196
0.000485497329179391
0.000150601705895889
0.000566297126778175
0.00120863298786975
0.0017938408577524
0.00258176226191942
0.00446010543669083
0.00774017764273344
0.0109965851947096
0.0122318653555091
0.0108907165035476
0.00829027237287294
0.00584476187197475
0.00337908420315917
0.00129873080590568
2.01504791627547e-05
8.40207272425228e-05
0.00023368309466348
0.000566523617019593
0.00129113503844088
0.00254789124234236
0.00418794045795659
0.00552620930769038
0.00617076715725566
0.00628896406987419
0.00534491221381289
0.00350226866930451
0.00166222380230291
0.000513725165583439
2.38410780439597e-07
2.20529971906627e-06
1.38731233137802e-05
5.98983244776444e-05
0.000173319869163978
0.000357616170659396
0.000592996750079605
0.000783000605658747
0.000856207019900529
0.000934942180140706
0.000955633851775059
0.000731885334332497
0.000358770078836723
0.000101324581686829
0
2.14569702395637e-08
2.62251858483557e-07
1.66172313966399e-06
5.65033549641845e-06
1.23496784267711e-05
2.33976339923421e-05
4.83973884292382e-05
0.000155505815649532
0.000476308977701249
0.000854983972596874
0.000833221836558348
0.000436630271512687
0.000119436648676825
0
0
0
2.38410780439597e-09
1.19205390219799e-08
3.09934014571476e-08
2.00265055569262e-07
2.34119386391684e-06
1.64217345566794e-05
5.82914358174815e-05
0.000106774652127678
0.000104252266070627
5.45769958582326e-05
1.49030578852792e-05
0
0
0
0
0
0
0
4.76821560879194e-09
3.57616170659396e-08
1.28741821437382e-07
2.38410780439597e-07
2.31258457026409e-07
1.21589498024195e-07
3.33775092615436e-08
0
0
0
0
0
0
0
0
0
0
0
0
0
0
0
0
0
0
0
0
0
0
0
0
0
0
0
0
0
0
0
0
0
0
0
0
0
0
0
0
0
0
0
0
0
0
4.76821560879194e-09
2.86092936527516e-08
9.29802043714429e-08
1.3589414485057e-07
9.29802043714429e-08
2.86092936527516e-08
4.76821560879194e-09
0
0
0
0
0
4.76821560879194e-09
1.3589414485057e-07
1.9549683996047e-06
1.31912684817229e-05
4.14644029340547e-05
6.07399145325961e-05
4.14644029340547e-05
1.31912684817229e-05
1.9549683996047e-06
1.3589414485057e-07
4.76821560879194e-09
0
0
0
3.33775092615436e-08
1.03470278710785e-06
1.49793493350199e-05
0.00010104325696591
0.000317629914564066
0.00046529439964494
0.000317629914564066
0.00010104325696591
1.49793493350199e-05
1.03470278710785e-06
3.33775092615436e-08
0
1.01205376296609e-05
6.49502489151594e-05
0.000263348548073579
0.000656955210148136
0.00101147680887743
0.00121562319195224
0.00181061305615632
0.00286247903534802
0.00339307414775537
0.00278359367631617
0.00155778080760794
0.000675763436617016
0.000306987257325243
0.000138490438249558
7.80437689769021e-05
0.000423210128681742
0.00148375902849705
0.00347166864563508
0.00550174836161728
0.00663066155272364
0.00793033169710425
0.010314210627151
0.0119767562840075
0.0107930443750171
0.00759283739631396
0.00487318549131169
0.00296127407865439
0.00140540770961338
0.000143582892519747
0.000663704619342381
0.00189178000635699
0.00369665928324374
0.00558700167259467
0.00779364364435482
0.0114921649157938
0.0163793022059768
0.0200540276974201
0.0204045249221756
0.0173304277098938
0.0127249441475065
0.00753652953818974
0.00313305143006892
2.27324679149156e-05
0.000128784735377862
0.000494757203891665
0.00137289086326922
0.00281202177777579
0.00444456582202177
0.00592991266631655
0.00710351595821632
0.00824004160554212
0.0095900760272906
0.00978826452496223
0.00775600811855462
0.00431051697661181
0.00153244012575501
7.10464125709999e-07
6.75656151765818e-06
3.9268639646206e-05
0.000148272432570994
0.000386261225929213
0.000783961401103918
0.00135802118289321
0.00180052828014373
0.00175789566438552
0.00160618773246839
0.00156532412470104
0.0012812743685619
0.00069779020862183
0.000226053949689413
2.38410780439597e-09
4.29139404791275e-08
4.88742099901174e-07
3.2519230451961e-06
1.35941827006658e-05
4.27947350889077e-05
0.000102135178340323
0.000163146881162621
0.00022654030768151
0.000424681123197054
0.000688232320434007
0.000661630445552557
0.000347469407843886
9.56885508372367e-05
0
0
0
7.15232341318791e-09
2.86092936527516e-08
9.53643121758388e-08
3.38543308224228e-07
2.06702146641131e-06
1.27740496159536e-05
4.46281139904882e-05
8.15794008508213e-05
7.96315847746298e-05
4.16885090676679e-05
1.13841147659908e-05
0
0
0
0
0
0
0
4.76821560879194e-09
2.86092936527516e-08
9.77484199802348e-08
1.81192193134094e-07
1.76423977525302e-07
9.29802043714429e-08
2.62251858483557e-08
0
0
0
0
0
0
0
0
0
0
0
0
0
0
0
0
0
0
0
0
0
0
0
0
0
0
0
0
0
0
0
0
0
0
0
0
0
0
0
0
0
0
0
0
0
0
1.66887546307718e-08
1.09668959002215e-07
3.40927416028624e-07
5.00662638923154e-07
3.40927416028624e-07
1.09668959002215e-07
1.66887546307718e-08
0
0
0
0
0
1.66887546307718e-08
5.00662638923154e-07
7.24530361755935e-06
4.88789782057262e-05
0.000153653363885516
0.000225086001920828
0.000153653363885516
4.88789782057262e-05
7.24530361755935e-06
5.00662638923154e-07
1.66887546307718e-08
0
0
0
1.2397360582859e-07
3.83364534946872e-06
5.5506797901947e-05
0.0003744312830038
0.0011770387912459
0.00172423683040306
0.0011770387912459
0.0003744312830038
5.5506797901947e-05
3.83364534946872e-06
1.2397360582859e-07
0
1.05949750827357e-05
7.62175423987348e-05
0.000329848467061596
0.000840207272425228
0.00127190959310623
0.00132389267967328
0.0015014133467886
0.00218623877717013
0.00282345595880567
0.0026588166261575
0.00167647361464979
0.000796113198582925
0.00040391792832857
0.000215292087060369
5.54901091473162e-05
0.000349889277265348
0.00131586777280368
0.00306681614704719
0.00482937751040592
0.00565941417893759
0.00615578065559722
0.00777095409038038
0.00973999587835443
0.00973705627343161
0.00741563143142882
0.00504572337311583
0.00340173084319313
0.00193855858558704
6.98352858063668e-05
0.000404933558253242
0.00136839205184233
0.00287948010810117
0.00450392533813563
0.00600675484496004
0.00780056947752659
0.0110967272589255
0.0153243488071784
0.0171321486161256
0.0144858437877255
0.00997651844541294
0.00596879746460625
0.00290535721421008
9.84874933995976e-06
6.4490116108911e-05
0.000275860345831049
0.000851462645369781
0.00192814003448183
0.0030443149375893
0.00385139026385684
0.00502820018075352
0.00675528363587502
0.00820670224200544
0.00851095015946344
0.00731992380772914
0.00469897873404448
0.00198681292754801
2.21722025808825e-07
2.38649191220037e-06
1.72514040726092e-05
8.67839081878177e-05
0.000307733483068019
0.000813967781930046
0.00161282985681144
0.00218626977057158
0.00206898120302652
0.00176022255360261
0.00160723435579452
0.0013173435355346
0.000772274504646769
0.000284884193870688
0
1.43046468263758e-08
2.28874349222013e-07
2.40318066683114e-06
1.62476946869585e-05
6.72866745634675e-05
0.000163471119824019
0.000228597792716703
0.000207789299799935
0.000192397499814755
0.000215516193193983
0.000185321467851308
9.4420205485298e-05
2.59986956069381e-05
0
0
0
4.76821560879194e-09
3.57616170659396e-08
1.4781468387255e-07
3.83841356507751e-07
8.36821839342986e-07
2.84185650284e-06
8.90464264941895e-06
1.60140521221277e-05
1.55801445017277e-05
8.14888047542543e-06
2.22437258150144e-06
0
0
0
0
0
0
0
0
4.76821560879194e-09
1.90728624351678e-08
3.57616170659396e-08
3.33775092615436e-08
1.90728624351678e-08
4.76821560879194e-09
0
0
0
0
0
0
0
0
0
0
0
0
0
0
0
0
0
0
0
0
0
0
0
0
0
0
0
0
0
0
0
0
0
0
0
0
0
0
0
0
0
0
0
0
0
0
4.76821560879194e-09
2.86092936527516e-08
9.29802043714429e-08
1.3589414485057e-07
9.29802043714429e-08
2.86092936527516e-08
4.76821560879194e-09
0
0
0
0
0
4.76821560879194e-09
1.3589414485057e-07
1.9549683996047e-06
1.31912684817229e-05
4.14644029340547e-05
6.07399145325961e-05
4.14644029340547e-05
1.31912684817229e-05
1.9549683996047e-06
1.3589414485057e-07
4.76821560879194e-09
0
0
0
3.33775092615436e-08
1.03470278710785e-06
1.49793493350199e-05
0.00010104325696591
0.000317629914564066
0.00046529439964494
0.000317629914564066
0.00010104325696591
1.49793493350199e-05
1.03470278710785e-06
3.33775092615436e-08
0
3.84914205019729e-05
0.000169631654390578
0.000586705089583804
0.00126886747154782
0.00172949140400395
0.00152151614379527
0.000954935308188371
0.000700992065403134
0.000791640612341878
0.000797379159827059
0.000556043079111468
0.000292429895071601
0.000142142891405892
6.4845348171766e-05
0.000224203882033201
0.000687118942089354
0.00202622699777029
0.00399743832384633
0.00540686802332573
0.00523329067051888
0.00379236690694341
0.00313630335311412
0.00377512742340982
0.00409362753732249
0.00329877553176809
0.00213555979757208
0.00120291351324701
0.000573392231604057
0.000231363357769803
0.000437529080154944
0.00104744822743015
0.00199044392373411
0.00301489027906745
0.00390542606724347
0.00433604600298128
0.00507449717020708
0.00662909042568054
0.00744836523158317
0.00609365080621466
0.00371842618749787
0.0018739993303518
0.00080652936558033
2.70739282267206e-05
4.95560648221746e-05
0.000139181829512832
0.000404556869220148
0.000977298239393605
0.00166891599290985
0.00217996857364457
0.00261205473568207
0.00295501579566785
0.00316129118701199
0.00315933383450458
0.00276253008386433
0.00183273280836551
0.000795307370145039
7.8675557545067e-08
5.26887824771509e-07
5.60503744813493e-06
4.13261246813998e-05
0.00019344173903308
0.000587012639490571
0.00114572830345077
0.00138168822106745
0.00107910441085692
0.00075543555122432
0.000656552295929193
0.000552013936922039
0.00033204184624164
0.000124929633058153
0
4.76821560879194e-09
1.26357713632986e-07
1.84529944060248e-06
1.40352426444791e-05
5.63698449271383e-05
0.00012308910183316
0.000148835082012832
0.000106335976291669
6.24254787503041e-05
4.75200367572205e-05
3.54206896499109e-05
1.73682253550246e-05
4.77536793220513e-06
0
0
0
4.76821560879194e-09
3.09934014571476e-08
1.2397360582859e-07
2.74172397505537e-07
3.36159200419832e-07
2.81324720918724e-07
3.00397583353892e-07
4.00530111138523e-07
3.67152601876979e-07
1.88344516547282e-07
5.24503716967113e-08
0
0
0
0
0
0
0
0
0
0
0
0
0
0
0
0
0
0
0
0
0
0
0
0
0
0
0
0
0
0
0
0
0
0
0
0
0
0
0
0
0
0
0
0
0
0
0
0
0
0
0
0
0
0
0
0
0
0
0
0
0
0
2.38410780439597e-09
2.38410780439597e-09
2.38410780439597e-09
0
0
0
0
0
0
0
0
2.38410780439597e-09
3.81457248703355e-08
2.59867750679161e-07
8.15364869103422e-07
1.19443801000238e-06
8.15364869103422e-07
2.59867750679161e-07
3.81457248703355e-08
2.38410780439597e-09
0
0
0
0
0
2.14569702395637e-08
2.93245259940704e-07
1.98596180106184e-06
6.24159423190865e-06
9.14305342985855e-06
6.24159423190865e-06
1.98596180106184e-06
2.93245259940704e-07
2.14569702395637e-08
0
0
8.10072149777663e-05
0.000163411517128909
0.000431971724862897
0.000919717267701834
0.00128826457264438
0.00112853888618107
0.00060817398036239
0.000243801248185336
0.000151579190095691
0.000130355862420958
8.56896027056e-05
4.2110496149046e-05
1.63072973820684e-05
4.64424200296335e-06
0.000673293500931662
0.00099229666159106
0.00197459199094268
0.00389011771103145
0.00559260909415061
0.00524551160712421
0.00313459394781836
0.00158678347904841
0.00128731331363043
0.00117054209747892
0.000776129606966477
0.000382086653163716
0.000146839583780552
4.16742044208416e-05
0.000880985052311617
0.000919364419746783
0.00107369725435655
0.00164659120742949
0.00248177754881866
0.00283628961111673
0.00241247868726828
0.00223022079794562
0.00246144349335497
0.00221272383076916
0.00139747578294816
0.000640433343063672
0.000229708786953552
6.58037595091332e-05
0.000105530147853783
0.000105751869879592
0.00011525253948011
0.000190893127790181
0.000366172733569373
0.000581104820351278
0.000794465780090087
0.00100455812802907
0.000999963952289997
0.000761324297501178
0.000534907963425498
0.000392602952688906
0.000247239131639275
0.000104533590791546
2.38410780439597e-07
3.05165798962684e-07
1.22304730365513e-06
8.32053623734194e-06
4.06466539571469e-05
0.000128880099690037
0.000257810265643967
0.000311836532599384
0.000231723358048266
0.00013589414485057
9.95722624505977e-05
8.09809897919179e-05
4.8642951533091e-05
1.81311398524314e-05
0
0
2.86092936527516e-08
4.07682434551711e-07
3.06357852864882e-06
1.1951532423437e-05
2.50188272993313e-05
2.85830684669033e-05
1.86318024913545e-05
9.51497424734432e-06
6.88768744689996e-06
5.28795111015026e-06
2.65112787848832e-06
7.31921095949563e-07
0
0
0
0
7.15232341318791e-09
2.62251858483557e-08
5.48344795011073e-08
6.19868029142952e-08
4.05298326747315e-08
2.14569702395637e-08
1.66887546307718e-08
1.19205390219799e-08
7.15232341318791e-09
2.38410780439597e-09
0
0
0
0
0
0
0
0
0
0
0
0
0
0
0
0
0
0
0
0
0
0
0
0
0
0
0
0
0
0
0
0
0
0
0
0
0
0
0
0
0
0
0
0
0
0
0
0
0
0
0
0
0
0
0
0
0
0
0
0
0
0
0
0
0
0
0
0
0
0
0
0
0
0
0
0
0
2.38410780439597e-09
0
0
0
0
0
0
0
0
0
0
0
2.38410780439597e-09
9.53643121758388e-09
1.19205390219799e-08
9.53643121758388e-09
2.38410780439597e-09
0
0
0
0
7.15184659162703e-05
0.000105408558355759
0.000170351654947505
0.000274360742022084
0.000359263589152233
0.000325323430448852
0.000186654184113965
7.19881351537363e-05
3.00969769226947e-05
1.83767029562841e-05
8.99762285379039e-06
2.71073057359822e-06
5.48344795011073e-07
9.05960965670469e-08
0.000643930829212721
0.000859182386440415
0.00114678446320811
0.00156515008483132
0.00195590296986402
0.00182913995790429
0.00111535953823837
0.00048974342517902
0.000260938215083335
0.000176083050109273
8.59041724079956e-05
2.54789601055797e-05
5.05430854531946e-06
8.17748976907818e-07
0.000884575518665037
0.0010007769330513
0.000975297972945717
0.000892357246538585
0.000836013626797295
0.000745229185713701
0.000535656573276078
0.000428908146334248
0.000426543111392287
0.00032000210182944
0.000146853888427379
4.09089058156305e-05
7.79126430476603e-06
1.31364340022218e-06
0.00010647187043652
0.000118256515313649
0.000110138628239681
9.28323896875703e-05
8.24090703667511e-05
8.80975515880399e-05
0.000114682737714859
0.000160533899009003
0.000163115887761164
0.000100792925646448
3.91303613935511e-05
1.27192151364525e-05
5.087686054581e-06
1.93112732156074e-06
2.36026672635201e-07
2.64635966287953e-07
2.62251858483557e-07
3.74304925290167e-07
1.20874265682876e-06
4.54172536737432e-06
1.20015986873293e-05
1.90418690337106e-05
1.74683578828093e-05
9.54119943319267e-06
3.7883473011852e-06
1.76662388305741e-06
9.17881504692449e-07
3.33775092615436e-07
0
0
0
7.15232341318791e-09
5.96026951098993e-08
2.33642564830805e-07
4.95894423314362e-07
5.74569980859429e-07
3.81457248703355e-07
1.93112732156074e-07
1.31125929241778e-07
1.00132527784631e-07
5.00662638923154e-08
1.43046468263758e-08
0
0
0
0
0
0
0
2.38410780439597e-09
0
0
0
0
0
0
0
0
0
0
0
0
0
0
0
0
0
0
0
0
0
0
0
0
0
0
0
0
0
0
0
0
0
0
0
0
0
0
0
0
0
0
0
0
0
0
0
0
0
0
0
0
0
0
0
0
0
0
0
0
0
0
0
0
0
0
0
0
0
0
0
0
0
0
0
0
0
0
0
0
0
0
0
0
0
0
0
0
0
0
0
0
0
0
0
0
0
0
0
0
0
0
0
0
3.60310212478363e-05
5.64413681612702e-05
5.77383228068616e-05
4.51573859230641e-05
3.74996316553442e-05
3.25263827753742e-05
2.05367046270669e-05
7.99629757594408e-06
2.03602806495416e-06
5.1496728574953e-07
1.69271654112114e-07
4.29139404791275e-08
4.76821560879194e-09
0
0.000345154439165818
0.000535432467142465
0.00052544543954985
0.000367498297508617
0.000259684174378222
0.000210833805466149
0.000133285930912561
5.30273257853752e-05
1.46026603019253e-05
4.42251997715453e-06
1.59258401333651e-06
3.98146003334127e-07
5.48344795011073e-08
4.76821560879194e-09
0.000577273559109614
0.000880009952219619
0.000793955581019946
0.00043444642876386
0.000162591384044196
6.10212392535149e-05
2.83923398425516e-05
1.42688852093099e-05
9.3480867010366e-06
6.06517025438335e-06
2.58437285996523e-06
6.2702035255614e-07
8.3443773153859e-08
7.15232341318791e-09
7.07603196344724e-05
0.00010771399060261
9.6461001765861e-05
5.14299735564299e-05
1.72204106711521e-05
4.83497062731503e-06
2.62251858483557e-06
3.07311495986641e-06
3.07073085206201e-06
1.84291533279809e-06
6.29404460360536e-07
1.26357713632986e-07
1.90728624351678e-08
2.38410780439597e-09
1.57351115090134e-07
2.38410780439597e-07
2.14569702395637e-07
1.14437174611007e-07
4.52980482835234e-08
5.48344795011073e-08
1.57351115090134e-07
2.83708828723121e-07
2.81324720918724e-07
1.50198791676946e-07
4.29139404791275e-08
7.15232341318791e-09
2.38410780439597e-09
0
0
0
0
0
0
0
0
2.38410780439597e-09
0
0
0
0
0
0
0
0
0
0
0
0
0
0
0
0
0
0
0
0
0
0
0
0
0
0
0
0
0
0
0
0
0
0
0
0
0
0
0
0
0
0
0
0
0
0
0
0
0
0
0
0
0
0
0
0
0
0
0
0
0
0
0
0
0
0
0
0
0
0
0
0
0
0
0
0
0
0
0
0
0
0
0
0
0
0
0
0
0
0
0
0
0
0
0
0
0
0
0
0
0
0
0
0
0
0
0
0
0
0
0
0
0
0
0
0
0
0
2.39412105717443e-05
4.05798989386238e-05
3.60310212478363e-05
1.74039869720906e-05
4.90649386144691e-06
1.19443801000238e-06
4.50596375030838e-07
1.57351115090134e-07
3.33775092615436e-08
4.76821560879194e-09
0
0
0
0
0.000236830116965283
0.000401366932977866
0.000355975904489971
0.000171062119073215
4.67809633378577e-05
9.95365008335318e-06
3.22569785934775e-06
1.08953726660896e-06
2.31258457026409e-07
3.09934014571476e-08
4.76821560879194e-09
0
0
0
0.000440235042512934
0.000745977795564282
0.000660123689420178
0.000314265938452064
8.12313211113795e-05
1.22590823302041e-05
1.77139209866621e-06
3.76689033094563e-07
6.91391263274831e-08
1.43046468263758e-08
4.76821560879194e-09
0
0
0
5.44124924197292e-05
9.22006011194054e-05
8.15770167430169e-05
3.88085068399576e-05
9.98702759261472e-06
1.45907397629033e-06
1.81192193134094e-07
3.33775092615436e-08
7.15232341318791e-09
2.38410780439597e-09
0
0
0
0
1.21589498024195e-07
2.05033271178053e-07
1.81192193134094e-07
8.58278809582549e-08
2.14569702395637e-08
2.38410780439597e-09
0
0
0
0
0
0
0
0
0
0
0
0
0
0
0
0
0
0
0
0
0
0
0
0
0
0
0
0
0
0
0
0
0
0
0
0
0
0
0
0
0
0
0
0
0
0
0
0
0
0
0
0
0
0
0
0
0
0
0
0
0
0
0
0
0
0
0
0
0
0
0
0
0
0
0
0
0
0
0
0
0
0
0
0
0
0
0
0
0
0
0
0
0
0
0
0
0
0
0
0
0
0
0
0
0
0
0
0
0
0
0
0
0
0
0
0
0
0
0
0
0
0
0
0
0
0
0
0
0
0
0
0
0
0
5.24265306186674e-06
8.95709302111566e-06
8.32530445295073e-06
5.59311690911295e-06
5.03285157507989e-06
4.90410975364251e-06
2.88715455112352e-06
8.58278809582549e-07
1.2397360582859e-07
9.53643121758388e-09
0
0
0
0
5.18948745782871e-05
8.86411281674422e-05
8.21468185082676e-05
5.42313002265951e-05
4.73102352704336e-05
4.56246710527257e-05
2.68235969072591e-05
7.98199292911771e-06
1.14675585391446e-06
7.8675557545067e-08
2.38410780439597e-09
0
0
0
9.67280218399533e-05
0.000165032710435898
0.000151476673460102
9.43081524184914e-05
7.33041626617629e-05
6.76395225185181e-05
3.95165868578632e-05
1.17488832600633e-05
1.68794832551235e-06
1.14437174611007e-07
4.76821560879194e-09
0
0
0
1.19586847468502e-05
2.04008104822163e-05
1.87104780488996e-05
1.1596300360582e-05
8.92609961965851e-06
8.20371495492653e-06
4.78967257903151e-06
1.42331235922439e-06
2.05033271178053e-07
1.43046468263758e-08
0
0
0
0
2.62251858483557e-08
4.52980482835234e-08
4.05298326747315e-08
2.62251858483557e-08
1.90728624351678e-08
1.90728624351678e-08
9.53643121758388e-09
2.38410780439597e-09
0
0
0
0
0
0
0
0
0
0
0
0
0
0
0
0
0
0
0
0
0
0
0
0
0
0
0
0
0
0
0
0
0
0
0
0
0
0
0
0
0
0
0
0
0
0
0
0
0
0
0
0
0
0
0
0
0
0
0
0
0
0
0
0
0
0
0
0
0
0
0
0
0
0
0
0
0
0
0
0
0
0
0
0
0
0
0
0
0
0
0
0
0
0
0
0
0
0
0
0
0
0
0
0
0
0
0
0
0
0
0
0
0
0
0
0
0
0
0
0
0
0
0
0
0
0
0
0
0
0
0
0
1.26357713632986e-07
5.69801765250637e-07
3.28053233884886e-06
1.28765662515426e-05
2.81110151216329e-05
3.28506214367721e-05
1.97833265608778e-05
5.90066681588003e-06
8.48742378364966e-07
5.72185873055033e-08
2.38410780439597e-09
0
0
0
1.2397360582859e-06
5.40477239256567e-06
3.05666461601607e-05
0.000119636913732394
0.000261066956904772
0.000305091891620748
0.000183726499730167
5.4808254315259e-05
7.87470807791989e-06
5.36424255989093e-07
1.66887546307718e-08
0
0
0
2.21722025808825e-06
8.62570203630462e-06
4.55912935434641e-05
0.000176414441094084
0.000384427847027633
0.000449177830887223
0.000270491335055549
8.0692512747586e-05
1.15915321449732e-05
7.89139683255066e-07
2.62251858483557e-08
0
0
0
2.74172397505537e-07
1.05377564954302e-06
5.53113010619865e-06
2.13830628976275e-05
4.6590234713506e-05
5.44363334977732e-05
3.27814823104446e-05
9.77961021363227e-06
1.40423949678923e-06
9.53643121758388e-08
2.38410780439597e-09
0
0
0
0
2.38410780439597e-09
1.19205390219799e-08
4.76821560879194e-08
1.02516635589027e-07
1.21589498024195e-07
7.39073419362751e-08
2.14569702395637e-08
2.38410780439597e-09
0
0
0
0
0
0
0
0
0
0
0
0
0
0
0
0
0
0
0
0
0
0
0
0
0
0
0
0
0
0
0
0
0
0
0
0
0
0
0
0
0
0
0
0
0
0
0
0
0
0
0
0
0
0
0
0
0
0
0
0
0
0
0
0
0
0
0
0
0
0
0
0
0
0
0
0
0
0
0
0
0
0
0
0
0
0
0
0
0
0
0
0
0
0
0
0
0
0
0
0
0
0
0
0
0
0
0
0
0
0
0
0
0
0
0
0
0
0
0
0
0
0
0
0
0
0
0
0
0
0
0
5.00662638923154e-08
7.89139683255066e-07
6.18675975240754e-06
2.53144566670764e-05
5.55330230877953e-05
6.49383283761374e-05
3.91089044233115e-05
1.16678235947139e-05
1.67602778649037e-06
1.14437174611007e-07
4.76821560879194e-09
0
0
0
4.6728512966161e-07
7.32159506730003e-06
5.74474616547253e-05
0.000235092102375878
0.000515732584354741
0.000603071989660983
0.000363194982921682
0.000108348163278579
1.55658398549013e-05
1.05854386515181e-06
3.33775092615436e-08
0
0
0
6.89007155470436e-07
1.07785513836742e-05
8.45786084687514e-05
0.000346115234610989
0.000759288269436224
0.000887870355650712
0.000534712466585537
0.000159515884976526
2.29160442158541e-05
1.55920650407496e-06
5.00662638923154e-08
0
0
0
8.3443773153859e-08
1.30649107680899e-06
1.02492794510983e-05
4.19459927105427e-05
9.20194089262713e-05
0.000107601937535803
6.48024342312869e-05
1.93327301858469e-05
2.77748559212131e-06
1.88344516547282e-07
7.15232341318791e-09
0
0
0
0
2.38410780439597e-09
2.38410780439597e-08
9.29802043714429e-08
2.05033271178053e-07
2.38410780439597e-07
1.43046468263758e-07
4.29139404791275e-08
7.15232341318791e-09
0
0
0
0
0
0
0
0
0
0
0
0
0
0
0
0
0
0
0
0
0
0
0
0
0
0
0
0
0
0
0
0
0
0
0
0
0
0
0
0
0
0
0
0
0
0
0
0
0
0
0
0
0
0
0
0
0
0
0
0
0
0
0
0
0
0
0
0
0
0
0
0
0
0
0
0
0
0
0
0
0
0
0
0
0
0
0
0
0
0
0
0
0
0
0
0
0
0
0
0
0
0
0
0
0
0
0
0
0
0
0
0
0
0
0
0
0
0
0
0
0
0
0
0
0
0
0
0
0
0
0
1.19205390219799e-08
2.00265055569262e-07
1.56397471968376e-06
6.39656123919439e-06
1.40304744288703e-05
1.64074299098531e-05
9.8821268492213e-06
2.94675724623342e-06
4.24371189182483e-07
2.86092936527516e-08
0
0
0
0
1.16821282415403e-07
1.85006765621127e-06
1.45144483131627e-05
5.94000459465256e-05
0.000130310564372675
0.000152377866210164
9.17690776068097e-05
2.73767099178789e-05
3.93377787725335e-06
2.67020074092349e-07
9.53643121758388e-09
0
0
0
1.74039869720906e-07
2.7226511126202e-06
2.13687582508011e-05
8.74514583730486e-05
0.000191849155019744
0.000224337392070248
0.000135105005167315
4.03057265411183e-05
5.79099785687781e-06
3.93377787725335e-07
1.19205390219799e-08
0
0
0
2.14569702395637e-08
3.29006877006644e-07
2.58914107557402e-06
1.05973591905401e-05
2.32498193084695e-05
2.71883654013316e-05
1.63740524005915e-05
4.88503689120734e-06
7.00927694492415e-07
4.76821560879194e-08
2.38410780439597e-09
0
0
0
0
0
4.76821560879194e-09
2.38410780439597e-08
5.24503716967113e-08
5.96026951098993e-08
3.57616170659396e-08
1.19205390219799e-08
2.38410780439597e-09
0
0
0
0
0
0
0
0
0
0
0
0
0
0
0
0
0
0
0
0
0
0
0
0
0
0
0
0
0
0
0
0
0
0
0
0
0
0
0
0
0
0
0
0
0
0
0
0
0
0
0
0
0
0
0
0
0
0
0
0
0
0
0
0
0
0
0
0
0
0
0
0
0
0
0
0
0
0
0
0
0
0
0
0
0
0
0
0
0
0
0
0
0
0
0
0
0
0
0
0
0
0
0
0
0
0
0
0
0
0
0
0
0
0
0
0
0
0
0
0
0
0
0
0
0
0
0
0
0
0
0
0
