0
0
0
0
0
0
0
0
0
0
0
0
0
0
0
0
0
0
0
0
0
0
0
0
0
0
0
0
0
0
0
0
0
0
0
0
0
0
0
0
0
0
0
0
0
0
0
0
0
0
0
0
0
0
0
0
0
0
0
0
0
0
0
0
0
0
0
0
0
0
0
0
0
0
0
0
0
0
0
0
0
0
0
0
0
0
0
0
0
0
0
0
0
0
0
0
0
0
0
0
0
0
0
0
0
0
0
0
0
0
0
0
0
0
0
0
0
0
0
0
0
0
0
0
0
0
0
0
0
0
0
0
0
0
0
0
0
0
0
0
0
0
0
0
0
0
0
0
0
0
0
0
0
0
0
0
0
0
0
0
0
0
0
0
0
0
0
0
0
0
0
0
0
0
0
0
0
0
0
0
0
0
0
0
0
0
0
0
0
0
0
0
0
0
0
0
0
0
0
0
2.77992344779134e-09
1.05637091016071e-08
1.55675713076315e-08
6.67181627469921e-09
5.55984689558268e-10
0
0
0
0
0
0
0
0
2.22393875823307e-09
2.44633263405638e-08
9.72973206726968e-08
1.44000034595591e-07
6.17143005409677e-08
6.11583158514094e-09
0
0
0
0
0
0
0
0
5.55984689558268e-09
6.4494223988759e-08
2.59088865334153e-07
3.8196148172653e-07
1.63459498730131e-07
1.6679540686748e-08
5.55984689558268e-10
0
0
0
0
0
0
0
6.11583158514094e-09
7.22780096425748e-08
2.81328252916483e-07
4.05312838687977e-07
1.71799269073505e-07
1.77915100658646e-08
5.55984689558268e-10
0
0
0
0
0
0
0
6.11583158514094e-09
6.94980861947835e-08
2.54085003128128e-07
3.47490430973917e-07
1.4455601928515e-07
1.50115866180732e-08
5.55984689558268e-10
0
0
0
0
0
0
0
6.11583158514094e-09
7.22780096425748e-08
2.66872650987968e-07
3.68617849177131e-07
1.53451774318082e-07
1.55675713076315e-08
5.55984689558268e-10
0
0
0
0
0
0
0
2.77992344779134e-09
3.50270354421709e-08
1.33992310183542e-07
1.90146763828928e-07
8.00617952963905e-08
8.33977034337401e-09
0
0
0
0
0
0
0
0
5.55984689558268e-10
6.11583158514094e-09
2.5019311030122e-08
3.66949895108457e-08
1.55675713076315e-08
1.6679540686748e-09
0
0
0
0
0
0
0
0
0
5.55984689558268e-10
1.6679540686748e-09
2.77992344779134e-09
1.11196937911654e-09
0
0
0
0
0
0
0
0
0
0
0
0
0
0
0
0
0
0
0
0
0
0
0
0
0
0
0
0
0
0
0
0
0
0
0
0
0
0
0
0
0
0
0
0
0
0
0
0
0
0
0
0
0
0
0
0
0
0
0
0
0
0
0
0
0
0
0
0
0
0
0
0
0
0
0
0
0
0
1.11196937911654e-09
5.33745301975937e-08
6.32710576717309e-07
2.55308169445156e-06
3.78792368996048e-06
1.64237877295512e-06
1.80139039416879e-07
5.55984689558268e-09
0
0
0
0
0
0
1.11196937911654e-08
4.97050312465091e-07
5.8806500614578e-06
2.36999593618003e-05
3.50781860336102e-05
1.50910924286801e-05
1.60179189061737e-06
4.44787751646614e-08
2.77992344779134e-09
5.55984689558268e-10
0
0
0
0
3.00231732361465e-08
1.33213931618161e-06
1.57110153575375e-05
6.30436599337015e-05
9.29717597879335e-05
3.98568744403635e-05
4.18934463582155e-06
1.26764509219285e-07
2.16834028927724e-08
7.22780096425748e-09
5.55984689558268e-10
0
0
0
3.61390048212874e-08
1.53451774318082e-06
1.76808691126425e-05
6.87274914150557e-05
9.89535990628909e-05
4.19924116329568e-05
4.38115935371915e-06
1.52895789628524e-07
4.39227904751031e-08
1.50115866180732e-08
1.6679540686748e-09
0
0
5.55984689558268e-10
4.22548364064283e-08
1.58233242648283e-06
1.72494249935453e-05
6.2581080671989e-05
8.52735957763097e-05
3.54190046483094e-05
3.68061864487573e-06
1.26208524529727e-07
2.5019311030122e-08
7.78378565381575e-09
5.55984689558268e-10
0
0
1.11196937911654e-09
5.11505914393606e-08
1.69519731846316e-06
1.81617958691104e-05
6.60932359559286e-05
9.05498904802177e-05
3.77496924669377e-05
4.04534460122596e-06
1.85698886312461e-07
1.77915100658646e-08
1.6679540686748e-09
0
0
0
1.11196937911654e-09
3.55830201317291e-08
8.79567778881179e-07
9.03197128187406e-06
3.3511421178435e-05
4.70262970122174e-05
1.98859043914306e-05
2.33624766552384e-06
2.0849425858435e-07
2.61312804092386e-08
1.6679540686748e-09
0
0
0
1.6679540686748e-09
2.55752957196803e-08
2.66872650987968e-07
1.90758346987442e-06
6.60065023443575e-06
9.26548485148853e-06
3.96639477530868e-06
5.43197041698427e-07
8.45096728128567e-08
1.22316631702819e-08
5.55984689558268e-10
0
0
0
2.22393875823307e-09
2.94671885465882e-08
1.45112003974708e-07
4.50903583231755e-07
8.74563916675155e-07
8.58440360677965e-07
3.21359150564679e-07
4.72586986124527e-08
9.45173972249055e-09
1.11196937911654e-09
0
0
0
0
1.6679540686748e-09
1.77915100658646e-08
6.89421015052252e-08
1.5400775900764e-07
1.94038656655835e-07
9.11814890875559e-08
1.50115866180732e-08
1.11196937911654e-09
0
0
0
0
0
0
5.55984689558268e-10
4.44787751646614e-09
1.50115866180732e-08
2.44633263405638e-08
2.33513569614472e-08
8.89575503293228e-09
1.11196937911654e-09
0
0
0
0
0
0
0
0
5.55984689558268e-10
1.11196937911654e-09
1.6679540686748e-09
1.11196937911654e-09
5.55984689558268e-10
0
0
0
0
0
0
0
0
0
0
0
0
0
0
0
0
0
0
0
0
0
0
0
0
0
0
0
0
0
0
0
0
0
0
0
0
0
8.33977034337401e-09
3.54718231938175e-07
4.23104348753842e-06
1.79844367531413e-05
2.99264319001633e-05
1.80800661197453e-05
4.27441029332396e-06
3.71397772624923e-07
2.44633263405638e-08
5.55984689558268e-09
5.55984689558268e-10
0
0
5.55984689558268e-10
8.17297493650653e-08
3.33924404548696e-06
3.91012912472538e-05
0.000160253135025448
0.000249165094610227
0.000127019706191792
2.27008548746641e-05
2.16611635051901e-06
6.41050347060683e-07
2.07382289205234e-07
2.00154488240976e-08
0
0
4.44787751646614e-09
2.82996206985158e-07
9.84704483676648e-06
0.000110140567001493
0.000436431301762553
0.000653729577906059
0.000308319641640469
4.76367682013524e-05
8.21856568105031e-06
5.35135263699833e-06
1.80417031761658e-06
1.74579192521296e-07
0
5.55984689558268e-10
2.44633263405638e-08
8.55104452540616e-07
1.73689617018003e-05
0.000155035218713944
0.000543254864106142
0.000748542758985809
0.000325591862006286
4.48112540090173e-05
1.38278952140037e-05
1.10807748628963e-05
3.74122097603758e-06
3.61946032902432e-07
0
1.6679540686748e-09
9.28494431562307e-08
2.47468785322385e-06
3.32751276853728e-05
0.000218415805369518
0.000628304954037249
0.00075707545601646
0.000306096258866925
4.25483963225151e-05
1.15188907982682e-05
6.31543008869236e-06
1.92759891869851e-06
1.8291896286467e-07
0
5.00386220602441e-09
2.31289630856239e-07
4.532387189279e-06
4.78491543527636e-05
0.000273626752996722
0.000733436098985822
0.000849757547781134
0.000351266678985397
7.73780571998928e-05
2.48447318376007e-05
4.49402424569948e-06
4.75366909572319e-07
2.83552191674717e-08
0
8.89575503293228e-09
3.46934446284359e-07
5.30131401493808e-06
4.18256162260894e-05
0.000193668926837279
0.000461192079912031
0.000501427023941294
0.00022387501903629
9.40075592645806e-05
4.04178629921278e-05
6.41939922563976e-06
3.91969206138579e-07
8.89575503293228e-09
0
1.00077244120488e-08
4.33668057855449e-07
6.09303621286905e-06
3.72209510271678e-05
0.000115689850187974
0.00018690870899694
0.000148607479717961
6.38437219019759e-05
3.99102489705611e-05
1.88701203636076e-05
2.98118990541143e-06
1.76247146589971e-07
3.33590813734961e-09
0
1.38996172389567e-08
6.07691265687187e-07
7.35790138161411e-06
3.44048885745552e-05
8.74969785498533e-05
0.000112033138884749
5.24938504493334e-05
1.06259793868376e-05
5.0839240013208e-06
2.37961447130939e-06
3.64725956350224e-07
2.05714335136559e-08
5.55984689558268e-10
0
8.89575503293228e-09
3.94193144896812e-07
4.39728290971634e-06
1.70937492804689e-05
3.75717773662791e-05
4.55568294777149e-05
1.89529620823518e-05
2.2901009362905e-06
3.83629435795205e-07
1.51227835559849e-07
1.89034794449811e-08
5.55984689558268e-10
0
0
2.22393875823307e-09
1.01745198189163e-07
1.08861802215509e-06
3.66616304294722e-06
6.17754588568191e-06
6.07079682528673e-06
2.34291948179854e-06
2.75212421331342e-07
3.16911273048213e-08
1.05637091016071e-08
1.11196937911654e-09
0
0
0
0
9.45173972249055e-09
9.78533053622551e-08
3.10795441463072e-07
4.69251077987178e-07
4.24216318132958e-07
1.7013131500483e-07
2.5019311030122e-08
2.22393875823307e-09
5.55984689558268e-10
0
0
0
0
0
0
2.77992344779134e-09
9.45173972249055e-09
2.66872650987968e-08
4.39227904751031e-08
2.2795372271889e-08
3.89189282690787e-09
0
0
0
0
0
0
0
0
0
0
1.6679540686748e-09
3.33590813734961e-09
1.6679540686748e-09
5.55984689558268e-10
0
0
0
0
0
0
0
4.44787751646614e-09
1.79027070037762e-07
1.81751395016598e-06
6.78912904419601e-06
2.37761292642698e-05
6.12761846055958e-05
7.07501637156687e-05
2.78214738654957e-05
3.19524401089136e-06
3.61390048212874e-07
9.17374737771142e-08
8.33977034337401e-09
0
1.11196937911654e-09
6.61621780574339e-08
1.91647922490735e-06
1.79177185903943e-05
6.09464856846877e-05
0.000155548392582406
0.000313137248975491
0.000312969341599244
0.000121649450075349
2.48792028883534e-05
1.07660875286063e-05
3.31533670383595e-06
3.13575364910863e-07
0
1.00077244120488e-08
5.16509776599631e-07
8.95190948657767e-06
6.49873824083972e-05
0.000217755295558322
0.000482481289659906
0.000737573737045514
0.000596676653002348
0.000259841112619125
0.00013762011028291
9.18130876948941e-05
2.88211343373215e-05
2.72932884104154e-06
5.55984689558268e-10
5.44864995767102e-08
2.46579209819092e-06
3.20608571233775e-05
0.00017415886809599
0.000550907993357911
0.0010673243645297
0.00115682455591603
0.000664000839060958
0.000351991683020581
0.000295789414691894
0.000196949792490362
6.03993967501624e-05
5.68827935887064e-06
1.11196937911654e-09
1.42332080526917e-07
5.51147622759111e-06
6.93429664663967e-05
0.000376762468894471
0.00117551064534739
0.0020839579369583
0.0018923183542379
0.000909350210746747
0.000501071193739977
0.000313680446017189
0.0001341596615751
3.36643169680635e-05
3.00176133892509e-06
6.67181627469921e-09
4.14208593720909e-07
1.01394927834741e-05
0.000108119006670259
0.000565760012370081
0.00170307673348358
0.00289909987796753
0.00256118350334781
0.00130148287638406
0.00085615693155795
0.000433850420833624
9.61853512935803e-05
1.10946744801352e-05
6.3882640830245e-07
1.4455601928515e-08
8.3453301902696e-07
1.81706916241433e-05
0.000167041152100265
0.000707556123656263
0.00173564464864383
0.00260183376794017
0.00220814823706493
0.00126903116202392
0.0010191838741996
0.000496048428054507
8.89186314010537e-05
6.62344560670764e-06
2.16278044238166e-07
1.00077244120488e-08
6.65513673401246e-07
1.74206682779292e-05
0.000174873864406762
0.000727011139913286
0.00153911351262471
0.00182705909531631
0.00126684447423989
0.000697980399348001
0.000566103054923539
0.000258546224277144
4.05424035625889e-05
2.51027087335558e-06
6.67181627469921e-08
3.33590813734961e-09
3.17467257737771e-07
1.12103192955634e-05
0.000122535689670505
0.000499713479128075
0.0010563075279061
0.00122871671218405
0.000691793401722597
0.000279345055528829
0.000202459600763885
8.55943989421849e-05
1.06409909734557e-05
4.48123659783964e-07
8.33977034337401e-09
5.55984689558268e-10
1.18424738875911e-07
4.92769230355493e-06
5.37342522917379e-05
0.000199850920600478
0.000406003371672408
0.00048893349198223
0.0002618231980374
8.47281747958531e-05
5.58886929637762e-05
2.34069554304031e-05
2.528618368111e-06
6.89421015052252e-08
5.55984689558268e-10
0
2.66872650987968e-08
1.15088830738561e-06
1.22961573942706e-05
4.36520259312883e-05
9.57878222405461e-05
0.000131707769094148
7.0357082540151e-05
1.70409307349609e-05
6.42940695005181e-06
2.4313210474383e-06
2.5352901843857e-07
6.11583158514094e-09
0
0
2.22393875823307e-09
1.03413152257838e-07
1.13031687387196e-06
5.47978510028629e-06
2.46807163541811e-05
4.76540037267287e-05
2.59594811401651e-05
4.71919804497058e-06
4.77034863640994e-07
7.33899790216913e-08
6.67181627469921e-09
0
0
0
0
2.77992344779134e-09
3.83629435795205e-08
5.51536812041802e-07
4.55129066872398e-06
9.80756992380784e-06
5.37192407051198e-06
9.24602538735399e-07
6.17143005409677e-08
1.6679540686748e-09
0
0
0
0
0
0
1.11196937911654e-09
3.89189282690787e-08
3.63058002281549e-07
7.94502121378764e-07
4.35336011924124e-07
7.45019484008079e-08
5.00386220602441e-09
0
0
0
0
0
0
3.16911273048213e-08
1.20537480696232e-06
1.14994313341337e-05
3.19101852725072e-05
6.94825186234758e-05
0.000154755558415096
0.00017065950045991
8.04365289771528e-05
1.97202209539422e-05
4.20491220712918e-06
6.73297459055062e-07
4.94826373706858e-08
0
6.11583158514094e-09
4.53683506679546e-07
1.28782733642382e-05
0.000112247192990229
0.000286449983876694
0.000426528102472142
0.000727989116982219
0.000752515825577393
0.000379018654764698
0.000159743297065123
7.24598166360603e-05
1.78081896065513e-05
1.55620114607359e-06
5.55984689558268e-10
6.89421015052252e-08
3.50437149828576e-06
5.86374812689523e-05
0.000381320987364159
0.000908107028980895
0.00116568806383697
0.00151888345371044
0.00152154328446529
0.00111733907924829
0.00088292759436018
0.00052466662798014
0.000146727139497875
1.35587986242575e-05
2.22393875823307e-09
3.71397772624923e-07
1.63987684185211e-05
0.000197412371752075
0.000870634772874047
0.00183413956033784
0.00221415787557436
0.00202716298895054
0.00197599571797049
0.0022106790793718
0.00201046065289152
0.00118985338238393
0.000344848947713826
3.29459847491543e-05
1.05637091016071e-08
1.01967592064986e-06
3.57370278907368e-05
0.000391812418456123
0.00160794052529919
0.003377392934961
0.00414676566034111
0.00330377722615534
0.00291339702425952
0.00326430342516609
0.00230329723289717
0.00105488976694773
0.000284650817421284
2.7876516349762e-05
6.33822546096425e-08
3.48991589635725e-06
7.03793219277333e-05
0.000608615312241232
0.0024034361913182
0.00508286485048719
0.00647134654313926
0.00556111509665956
0.00444166438756033
0.00426165878446894
0.00245048194779455
0.000734132191817149
0.000133017113038057
1.2738721207159e-05
1.42332080526917e-07
7.46798635014665e-06
0.000135940480535755
0.00104681186539313
0.00359375660084135
0.00662407553736091
0.00791390163874369
0.00699421233670992
0.00518809940858802
0.00414139095634715
0.00205114094065712
0.000472522491900539
6.045277128036e-05
7.28061950976551e-06
1.03413152257838e-07
5.88787786242205e-06
0.000123326855883746
0.001052500144752
0.00374845433684874
0.00668403793014508
0.00717126121322223
0.0056920511590046
0.00380634346272554
0.00270104478791433
0.00116139252612544
0.00021019445976502
2.16528237348467e-05
2.90668795701062e-06
3.05791579257047e-08
2.15388468734873e-06
5.83572649854149e-05
0.00056894580464125
0.00212081582998318
0.003942576391208
0.00441602515360135
0.00333994736611925
0.00195262934942243
0.00136717357942474
0.00055245752268771
7.26410676448563e-05
4.18489675830508e-06
3.51382323800825e-07
4.44787751646614e-09
4.92046450259067e-07
1.80144599263774e-05
0.000190919026562724
0.000705065312247043
0.00137922065567809
0.0017441234151596
0.00132606184754005
0.000667178847546473
0.000428045384689946
0.000168743021235003
1.85654407537297e-05
5.87675816863089e-07
1.38996172389567e-08
5.55984689558268e-10
8.78455809502063e-08
3.72009355783437e-06
4.06969673062861e-05
0.000164053290378579
0.000467199494482708
0.000774952587724517
0.000504884692725657
0.000167617708223337
5.96276900010555e-05
1.84609156320927e-05
1.84086530712742e-06
4.61467292333362e-08
5.55984689558268e-10
0
7.78378565381575e-09
3.30810890287169e-07
3.94526735710547e-06
2.79471264053359e-05
0.000167498727499771
0.000345277055924786
0.000200172279751042
4.57375245018213e-05
7.26727587721612e-06
8.8901951860367e-07
5.67104383349433e-08
1.11196937911654e-09
0
0
0
8.89575503293228e-09
1.76247146589971e-07
3.74066499134802e-06
3.26985715623008e-05
7.10359398461016e-05
3.97123184210784e-05
7.69482810348642e-06
8.25637263994028e-07
5.05946067498024e-08
1.11196937911654e-09
0
0
0
0
0
7.22780096425748e-09
2.76880375400017e-07
2.60534425527004e-06
5.70051102204092e-06
3.14242546538333e-06
5.58764613006059e-07
4.44787751646614e-08
1.6679540686748e-09
0
0
0
0
0
2.33513569614472e-08
8.69560054469131e-07
8.4331757712198e-06
2.92575823186247e-05
0.000111345941808455
0.000272125038350225
0.000309530576294327
0.000233351778069811
0.000106314280367953
2.46957279407991e-05
2.69874968311583e-06
1.33992310183542e-07
0
4.44787751646614e-09
3.31922859666286e-07
9.35055050899094e-06
8.23374406307525e-05
0.000239062852800953
0.00057343927290226
0.00116403234143146
0.00121301959644375
0.000964190872570706
0.000653484944642653
0.000248731426552372
4.05601950726547e-05
2.79715897316764e-06
0
5.17065761289189e-08
2.5925566074102e-06
4.2928689850173e-05
0.00028418990611364
0.000786946845432357
0.00154569136748687
0.0025291615651527
0.00264875609581544
0.00275111343314781
0.00249890765827039
0.00122822355376441
0.000273835247255307
2.38467393198437e-05
1.6679540686748e-09
2.88000069191183e-07
1.21944121960815e-05
0.00014300760192473
0.000638986531893042
0.00167433788488031
0.00303692848250903
0.00382032258577511
0.00426135521682844
0.00542685313390158
0.00508300440264427
0.00290627597235566
0.000825484924189089
8.26126530520839e-05
1.89034794449811e-08
1.23428601081935e-06
3.12824785579959e-05
0.00029744346914333
0.00119577962318993
0.00316139677496044
0.00547275912176434
0.00573766303096658
0.00596085919269692
0.00695201198680307
0.00574090219776795
0.00342989512518067
0.00109741147600514
0.000119111935952205
1.49003896801616e-07
7.0810210062141e-06
0.00010298226412343
0.000647780541727785
0.00226530735504434
0.00555281924910666
0.00894491464319833
0.00890247633184435
0.00807952725382434
0.00739700823270826
0.00505946957073527
0.00234567271798123
0.000655604358279249
8.82786930233722e-05
3.60278078833757e-07
1.68446681395468e-05
0.000233177754861979
0.00133879890079314
0.00405822120663612
0.00825838975239399
0.0118717298019557
0.0114734129186164
0.00932613277339493
0.00655889467228055
0.00365409261533691
0.00133502932459793
0.000351888825853013
7.90954939059383e-05
2.92447946707649e-07
1.39846828964591e-05
0.000205915601594179
0.00128855901227527
0.00409984388845053
0.00795238411903147
0.0105828088436475
0.00999389040100323
0.00728208230548374
0.00431324693585899
0.00197434944730471
0.000593772744968785
0.000142841362502552
3.530502778695e-05
9.28494431562307e-08
4.65692775974005e-06
7.73080031290084e-05
0.000575613729023122
0.00219798205701635
0.00480006435011276
0.00671807364488577
0.00644499008893075
0.0041436721615284
0.00212769502854709
0.000786248528662272
0.000159423605868627
2.23433567192781e-05
4.16154540134363e-06
1.11196937911654e-08
6.57173903057872e-07
1.56081581899692e-05
0.000164700456557225
0.000829496909708941
0.00215457911222599
0.00324830440973936
0.00306412113769063
0.00172025944031438
0.000701067226344429
0.000198346426030533
2.52706161098024e-05
1.58900424275753e-06
1.30100417356635e-07
5.55984689558268e-10
7.45019484008079e-08
2.98619376761746e-06
4.11617705067568e-05
0.000254138933643015
0.000833894192618657
0.00139904595773836
0.00116554183986361
0.000574839798335257
0.000173023547359912
2.77736591821937e-05
2.08216266239571e-06
6.4494223988759e-08
1.6679540686748e-09
0
6.11583158514094e-09
3.02455671119698e-07
5.12506686834811e-06
4.66204281888399e-05
0.000236396906214522
0.000464246103811774
0.000337377069470852
0.000150007449166268
4.22337089882251e-05
4.24661105884605e-06
1.31768371425309e-07
1.6679540686748e-09
0
0
0
1.05637091016071e-08
2.91891962018091e-07
5.08614794007903e-06
3.71609046806955e-05
7.87863664185439e-05
5.05362283573987e-05
1.76069231489312e-05
4.44342963894968e-06
4.10316700894002e-07
9.45173972249055e-09
0
0
0
0
0
1.00077244120488e-08
3.00231732361465e-07
2.62647167347326e-06
5.70329094548871e-06
3.31366874976728e-06
8.01173937653464e-07
1.39552157079125e-07
1.11196937911654e-08
0
0
0
0
0
2.77992344779134e-09
1.12864891980328e-07
1.14032459828401e-06
5.15786996503205e-06
2.9264810119589e-05
0.000107939979600221
0.00022761401607357
0.000279467372160532
0.000164865028025334
4.39767209899903e-05
4.77424052923684e-06
2.07938273894792e-07
0
5.55984689558268e-10
4.39227904751031e-08
1.26152926060771e-06
1.21805125788425e-05
5.1158931209704e-05
0.000199595167643281
0.000533556823166177
0.000914345177197739
0.00124192635242326
0.00107362533901646
0.000421385244093728
6.30592275050092e-05
3.79515149092474e-06
0
6.67181627469921e-09
3.6583792572934e-07
6.90532984431368e-06
5.8849311435674e-05
0.00026654295206706
0.000817691130810861
0.00161536625681293
0.00234342153597321
0.00338874558633709
0.00352869471648456
0.00173360474081784
0.000359276750407863
2.84547404269026e-05
0
4.16988517168701e-08
1.94594641345394e-06
3.06909108483059e-05
0.000223530864513454
0.000890346098072956
0.00212526593143841
0.00345994498568192
0.00473682831947647
0.00607128442385947
0.00604144138966274
0.00347543638708708
0.000931924301112192
8.60703218364467e-05
3.33590813734961e-09
2.15722059548608e-07
6.37714438923333e-06
8.55799433402563e-05
0.000564723100924055
0.0019302620853615
0.00388615284097287
0.00586011476694896
0.00771196243964923
0.00789762852286501
0.00640470566226411
0.00380489679056331
0.00116332179299821
0.000123789435145459
2.61312804092386e-08
1.33992310183543e-06
2.41352953737244e-05
0.000219746276731631
0.00115088330352341
0.00337690311244949
0.00611167393163243
0.00841081517897515
0.00986819727428072
0.00889311076974874
0.00610238787534742
0.00302547630987351
0.00097555130773245
0.000176862065656622
7.83938412277157e-08
3.87132139339422e-06
6.24915671369702e-05
0.000476595635736243
0.00206376068114071
0.00524332369984778
0.00838611055527932
0.00969611334104616
0.00905496958855764
0.00697444652501143
0.0045874919438305
0.00226807560281365
0.000936653506881575
0.000260694549117597
9.17374737771142e-08
4.51070378638622e-06
7.28701333369544e-05
0.000555766187575271
0.00238365147614027
0.00583673839067649
0.00881467244974586
0.00927830029858285
0.00710393369125548
0.00424735774628412
0.00239410176436521
0.00108093709366884
0.000425500642765838
0.000122849821020105
3.78069588899622e-08
1.95651012255554e-06
3.57487035692175e-05
0.000341049348345385
0.00184161977835115
0.0049492478299691
0.00728760045352761
0.0071258172486365
0.00492764893674914
0.0022160143084528
0.000814894527822383
0.000256861590667782
6.06796130336998e-05
1.43655324088065e-05
5.00386220602441e-09
3.57498155385966e-07
1.06037399992553e-05
0.00015739314978236
0.0010835591174648
0.00306940966405771
0.00416279191901762
0.00345167082153191
0.00215997827954629
0.000799498199799135
0.000168223731534956
3.25217684310213e-05
3.82295072540265e-06
4.40895858819706e-07
5.55984689558268e-10
5.83783924036181e-08
2.83440994736805e-06
5.34801672886098e-05
0.000409482723859664
0.00121412211408314
0.00164806038049772
0.00130569279245339
0.000831753095579168
0.000286788022567946
3.41758228824572e-05
2.47246391446562e-06
1.68463360936155e-07
6.11583158514094e-09
0
5.55984689558268e-09
3.5638618600685e-07
8.58440360677965e-06
7.74914780765627e-05
0.00026291848787583
0.000413989535753223
0.000386119135235047
0.000277750491439176
9.67391120443803e-05
9.68247336865723e-06
2.62980758161061e-07
4.44787751646614e-09
0
0
0
1.72355253763063e-08
5.83783924036181e-07
6.30153047145341e-06
2.49759442243365e-05
4.51181575576534e-05
4.51276092973759e-05
3.18423551403811e-05
1.07460720797822e-05
1.05025507857557e-06
2.44633263405638e-08
0
0
0
0
5.55984689558268e-10
1.38996172389567e-08
1.80695024106437e-07
8.99583227705277e-07
1.87644832725915e-06
1.82585372050935e-06
1.06248674174585e-06
3.09683472083955e-07
2.89112038570299e-08
5.55984689558268e-10
0
0
0
0
0
1.11196937911654e-09
5.3930514887152e-08
1.18980723565469e-06
1.34142426049723e-05
6.97021325758513e-05
0.00013408349167263
9.23512808743865e-05
3.74450128570598e-05
1.21510453902959e-05
2.40240984358127e-06
2.4407727871608e-07
0
0
5.55984689558268e-10
4.16988517168701e-08
1.42888065216475e-06
1.71832628154878e-05
9.64338764498128e-05
0.000343152638425984
0.000594094660104039
0.000453708525990576
0.000284483466029727
0.000141125037765886
3.57108966103275e-05
3.71786961907614e-06
0
0
1.05637091016071e-08
6.48834132714498e-07
1.68735793434039e-05
0.000157751203922436
0.000553585059638134
0.00109756603974884
0.00144057245420147
0.00124746507190064
0.00106361094278814
0.000686588829043642
0.000210985069993571
2.22788624952893e-05
0
1.11196937911654e-09
9.89652747413716e-08
4.34946822641433e-06
8.27066144646192e-05
0.000643677930703535
0.0019155713019093
0.00276320888006915
0.00258030381682172
0.0021094948697344
0.00189760966052843
0.00136313490663979
0.000456519028596294
4.82889382422042e-05
0
7.22780096425748e-09
4.38671920061473e-07
1.20420723911425e-05
0.000166907159790081
0.00110896316990009
0.00321807719012214
0.00467168248143155
0.00416692788912325
0.00303950213563699
0.00227700694086672
0.00144265183694042
0.000464101547792489
5.64924923366365e-05
5.55984689558268e-10
4.83706679915693e-08
1.5867803039993e-06
2.41925617967489e-05
0.000201077422825643
0.000992749582134556
0.0028460150157932
0.00476751144653912
0.00508332353785608
0.0042491057621481
0.00306565065157161
0.00160541802276267
0.000494717956692394
0.000133314564846971
3.89189282690787e-09
2.23505845202424e-07
4.75255712634407e-06
5.07291550446755e-05
0.000309970916168457
0.00115969844077635
0.00268773507043099
0.00391205783561346
0.00406918466872952
0.00379251667948092
0.00284825507810743
0.00141815014765627
0.000488230171349939
0.000224512733475214
7.78378565381575e-09
3.99197007102836e-07
7.36624115195749e-06
7.54059795060296e-05
0.000469988869670222
0.00159423828262503
0.00313864754941778
0.00380123285145912
0.00325306864254418
0.00279941738297663
0.00190616904482418
0.00076683076337945
0.000217291604327231
0.000105950666380982
3.89189282690787e-09
2.11274182032142e-07
4.75589303448142e-06
7.23964343814507e-05
0.000562091069403686
0.00172815275495203
0.00285730372892999
0.00323136244427914
0.00245122752326325
0.00171485304519311
0.00100927622703168
0.000316039489054985
4.54762116977289e-05
1.26069528357337e-05
5.55984689558268e-10
4.67027139228945e-08
2.02322828530254e-06
4.8611409362148e-05
0.000421191205437072
0.00116568472792883
0.0015262546987246
0.00147748928160345
0.000995867544273599
0.000567958931817284
0.000299236519767155
8.80401755915517e-05
8.66112949393869e-06
5.14841822530956e-07
0
8.89575503293228e-09
6.20478913547027e-07
1.71271083618424e-05
0.000152511604208039
0.000420175977393938
0.000551122603448081
0.000533038089450819
0.000298907932815626
0.000101313754070066
3.34558227094792e-05
8.88074344631421e-06
8.28973172131377e-07
2.11274182032142e-08
0
1.11196937911654e-09
7.56139177799244e-08
2.31567623201018e-06
2.26502602679143e-05
8.01813320046456e-05
0.000176681370632516
0.000239610497720168
0.000124572817573046
2.46868321857662e-05
2.4513364962624e-06
2.67428635677527e-07
2.22393875823307e-08
5.55984689558268e-10
0
0
3.33590813734961e-09
1.2843246328796e-07
1.6612822524001e-06
1.02751530477263e-05
3.86342641080249e-05
6.2222470547224e-05
2.99047484972705e-05
4.29553771152718e-06
2.30177661477123e-07
5.55984689558268e-09
0
0
0
0
0
3.33590813734961e-09
7.17220249530165e-08
7.32231836148238e-07
3.45488886091508e-06
5.83839522505137e-06
2.67539832615438e-06
3.1135142615263e-07
1.05637091016071e-08
0
0
0
0
0
0
0
1.38996172389567e-08
4.58687368885571e-07
6.03465782046544e-06
3.23555290088434e-05
5.74354423701273e-05
2.76379989179415e-05
7.2995229892105e-06
6.57729887747431e-06
4.00642567295688e-06
1.01856395127075e-06
0
0
0
6.11583158514094e-09
2.74100451952226e-07
4.22159174781593e-06
3.32729037466145e-05
0.000148062614722194
0.000253403921883419
0.000135143198490928
7.25109672274997e-05
8.48432636265916e-05
4.94003516366312e-05
1.17879873880144e-05
0
0
1.11196937911654e-09
8.67336115710898e-08
3.06736753229296e-06
3.3855019716582e-05
0.000148529085876733
0.000395215600740909
0.000559416783046911
0.000352468161899533
0.000335888698456905
0.000419429289955861
0.000228958943037611
4.98629308983437e-05
0
0
6.11583158514094e-09
4.8148274115746e-07
1.43677563475648e-05
0.000142809671375247
0.000510511813768676
0.000883806606154372
0.000854589054733395
0.000554275592622566
0.000609609968850852
0.000729652067188688
0.000379891550727304
7.9016544080021e-05
0
0
1.33436325493984e-08
9.01251181773952e-07
2.46701526450795e-05
0.000244916815597312
0.000919878892812912
0.00153547070093872
0.00128278344332014
0.000808971622924518
0.000591702813969559
0.000462298489444252
0.000227453892482977
9.33742927031737e-05
0
0
1.38996172389567e-08
6.15475051341002e-07
1.54474786146869e-05
0.000177322420979577
0.000893763179974981
0.00179279931874573
0.00159798283950921
0.00114532679253596
0.000718152635854555
0.000333571910255516
0.000307754205211188
0.000496038420330095
0
1.11196937911654e-09
3.39150660630543e-08
9.73529191416527e-07
1.50638491788917e-05
0.00014304485289893
0.000768905698240881
0.00156798134967595
0.0012848572662122
0.000916142119714391
0.000633592924419638
0.000312645202525232
0.000527230273383693
0.0010054037936689
0
2.22393875823307e-09
1.26208524529727e-07
4.52237946486695e-06
4.92296643369368e-05
0.000202575801564003
0.000550122386991565
0.00088553293861545
0.000752316227073841
0.000727082861938239
0.000627668351567705
0.000268021315356596
0.000264275646503042
0.000488876781543895
0
2.22393875823307e-09
2.55752957196803e-07
1.03880179397067e-05
0.000103975252778981
0.000295072750427053
0.000416568192743395
0.000481550015304896
0.000449251752719077
0.000567268398832853
0.000555879608451941
0.00021329018251648
4.86436564741424e-05
5.67326777225256e-05
0
1.11196937911654e-09
2.30733646166681e-07
9.66134595045402e-06
9.57227720318678e-05
0.000261487939269597
0.00037419493159809
0.000443329959790592
0.000275581595165209
0.000216676685260579
0.000208454783671392
7.97721272731307e-05
8.77677430936681e-06
1.72244056825151e-06
0
5.55984689558268e-10
8.17297493650653e-08
3.51215528393958e-06
3.81205342548731e-05
0.000151919480513659
0.000443852029414088
0.00069265795791486
0.000317059720960325
5.34618197938543e-05
2.3172885876099e-05
8.62332253504873e-06
8.74007931985597e-07
3.05791579257047e-08
0
0
8.89575503293228e-09
4.58687368885571e-07
7.99450385115833e-06
7.06473065481004e-05
0.000326950132602877
0.000553858604105397
0.000248629681354183
2.66539060174234e-05
1.22650222516554e-06
2.35181523683147e-07
2.33513569614472e-08
5.55984689558268e-10
0
0
5.55984689558268e-10
4.05868823377535e-08
1.53006986566435e-06
2.00754951705699e-05
0.000102071561201934
0.000175037323905492
7.85834320068551e-05
8.24358499208043e-06
1.99598503551418e-07
2.77992344779134e-09
0
0
0
0
0
3.33590813734961e-09
1.4455601928515e-07
1.99820897427241e-06
1.02556935835918e-05
1.76074791336208e-05
7.90499031613945e-06
8.28417187441819e-07
1.94594641345394e-08
0
0
0
0
0
0
0
1.11196937911654e-09
4.94826373706858e-08
6.94424877258276e-07
3.77235611865285e-06
6.69071975414419e-06
3.49380778918415e-06
4.3138852062826e-06
9.80756992380784e-06
8.06678186080091e-06
2.4913673939106e-06
0
0
0
0
1.50115866180732e-08
3.25251043391587e-07
3.42931356519539e-06
1.68485600323737e-05
2.92297830841468e-05
1.87872786448634e-05
4.69729224820198e-05
0.000110074404823435
8.98904926384016e-05
2.76307711169772e-05
0
0
0
3.33590813734961e-09
1.55675713076315e-07
2.09606227963467e-06
1.23584276795012e-05
4.13357937145885e-05
6.26594745132168e-05
5.29141748746394e-05
0.000191413852936431
0.000443099226144426
0.000357360827167645
0.000109025817698928
0
0
0
1.83474947554228e-08
7.85050381656274e-07
9.32997907547729e-06
4.05952221080969e-05
8.47437423671607e-05
9.03942147671414e-05
8.0132961336654e-05
0.000294015267547514
0.00066499271574713
0.00053506298569019
0.000164776626459694
0
0
0
3.22471119943795e-08
1.40052543299728e-06
1.73984288903469e-05
7.9565300968615e-05
0.000150576777488376
0.000130211614294546
9.18397749599929e-05
0.000160711266409644
0.000326049437405792
0.000297152689150691
0.000118692723496278
0
0
0
1.72355253763063e-08
8.19521432408887e-07
1.40197099319013e-05
9.23924237414138e-05
0.000199272140538647
0.000165529985714046
0.000110607038156032
7.66586130116044e-05
0.000107892720901609
0.00019510336733634
0.000172678280867696
0
0
1.11196937911654e-09
4.05868823377535e-08
6.55505948989198e-07
1.02028750380838e-05
8.38269236140791e-05
0.000188717327192073
0.000136544279908615
7.6253856157606e-05
5.02126452680758e-05
5.91495431680354e-05
0.000160988146785044
0.000215705935992611
0
0
8.33977034337401e-09
3.43042553457451e-07
3.39539849913234e-06
1.12564660247967e-05
3.85419706495582e-05
7.8453887574188e-05
6.34456368642522e-05
6.10954895814894e-05
6.27261926759637e-05
3.62140627543778e-05
5.83967398983735e-05
9.07183538411539e-05
0
0
2.16834028927724e-08
9.10702921496442e-07
8.79567778881179e-06
2.10345687600579e-05
1.98625530344691e-05
2.00732712318117e-05
2.74673116182471e-05
5.61572335688328e-05
6.78729429472046e-05
2.84297211158725e-05
8.64556192263106e-06
1.01228132427874e-05
0
0
2.05714335136559e-08
8.80679748260296e-07
8.7289596260648e-06
2.39279130845192e-05
3.68790204430895e-05
4.6616536296013e-05
2.7103697631276e-05
2.36148937042979e-05
2.6999172509639e-05
1.09423346751963e-05
1.27042501564064e-06
2.98007793603231e-07
0
0
7.22780096425748e-09
3.28586951528936e-07
3.82461867947132e-06
1.85287457642188e-05
6.45959691869482e-05
0.000104695808936649
4.74304978815263e-05
7.22557702549925e-06
3.05791579257047e-06
1.1936991284816e-06
1.22872616392377e-07
4.44787751646614e-09
0
0
1.11196937911654e-09
4.7814683302011e-08
1.01689599720207e-06
1.04786434441047e-05
5.061017432111e-05
8.6239897166762e-05
3.87026502248406e-05
4.11595465679986e-06
1.75135177210854e-07
3.28030966839378e-08
3.33590813734961e-09
0
0
0
0
5.55984689558268e-09
2.31289630856239e-07
3.11629418497409e-06
1.59211775701906e-05
2.73210876448933e-05
1.22650222516554e-05
1.28543660225871e-06
3.1135142615263e-08
5.55984689558268e-10
0
0
0
0
0
5.55984689558268e-10
2.22393875823307e-08
3.11907410842188e-07
1.60123590592781e-06
2.74934428986563e-06
1.23428601081935e-06
1.29544432667076e-07
3.33590813734961e-09
0
0
0
0
0
0
0
0
0
2.77992344779134e-09
1.55675713076315e-08
2.83552191674717e-08
7.06100555739e-08
5.74888169003249e-07
1.46446367229648e-06
1.22872616392377e-06
3.84185420484763e-07
0
0
0
0
0
1.11196937911654e-09
1.38996172389567e-08
6.89421015052252e-08
1.33992310183542e-07
6.99984724153859e-07
6.35935287916746e-06
1.62136255168982e-05
1.3607169292249e-05
4.25383885981031e-06
0
0
0
0
5.55984689558268e-10
8.33977034337401e-09
4.94826373706858e-08
1.68463360936155e-07
3.13019380221305e-07
2.66427863236322e-06
2.50432183717731e-05
6.41623011290928e-05
5.4522082596842e-05
1.74223362319979e-05
0
0
0
0
3.33590813734961e-09
3.72509742004039e-08
1.62903514040572e-07
3.43598538147009e-07
4.52015552610872e-07
3.95749902027575e-06
3.85247351241819e-05
0.000111089076881879
0.000119378808603193
5.17254796083639e-05
0
0
0
0
5.55984689558268e-09
6.94980861947835e-08
3.2080316587512e-07
6.10471189134978e-07
5.67660368038991e-07
2.33624766552384e-06
3.24950811659225e-05
0.000197591398822113
0.000397724203660196
0.000251963921537464
0
0
0
0
3.33590813734961e-09
5.6154453645385e-08
3.75289665451831e-07
8.11737646755071e-07
6.81081244708878e-07
1.47502738139808e-06
3.79804261131044e-05
0.000351189397113548
0.000808559082284866
0.000535687912481254
0
0
0
0
2.77992344779134e-09
4.05868823377535e-08
3.41374599388776e-07
7.71150764417317e-07
5.58208628316501e-07
8.5065657502415e-07
2.3048345305638e-05
0.00022017494092728
0.00051114841623822
0.000339783371207261
0
0
0
1.11196937911654e-09
1.33436325493984e-08
4.39227904751031e-08
1.53451774318082e-07
3.16911273048213e-07
2.56308941886361e-07
3.6917383386669e-07
5.47200131463247e-06
5.04461588376903e-05
0.000117027549351051
7.79129144712478e-05
0
0
0
3.89189282690787e-09
3.55830201317291e-08
8.39536881232984e-08
7.67258871590409e-08
7.67258871590409e-08
1.08417014463862e-07
2.37961447130939e-07
7.18332218909282e-07
4.36559178241152e-06
9.90097535165363e-06
6.59175447940282e-06
0
0
0
3.33590813734961e-09
3.50270354421709e-08
9.67413359831386e-08
1.49559881491174e-07
1.89590779139369e-07
1.10084968532537e-07
9.61853512935803e-08
1.21760647013261e-07
1.50671850870291e-07
2.51305079680337e-07
1.64571468109247e-07
0
0
0
1.11196937911654e-09
1.55675713076315e-08
7.56139177799244e-08
2.65760681608852e-07
4.30888134407657e-07
1.95150626034952e-07
2.94671885465882e-08
1.27876478598402e-08
5.55984689558268e-09
2.22393875823307e-09
1.11196937911654e-09
0
0
0
0
3.89189282690787e-09
4.33668057855449e-08
2.0849425858435e-07
3.55274216627733e-07
1.59567605903223e-07
1.6679540686748e-08
5.55984689558268e-10
0
0
0
0
0
0
0
1.11196937911654e-09
1.27876478598402e-08
6.56061933678756e-08
1.1230890729077e-07
5.05946067498024e-08
5.55984689558268e-09
0
0
0
0
0
0
0
0
0
1.11196937911654e-09
6.67181627469921e-09
1.11196937911654e-08
5.00386220602441e-09
5.55984689558268e-10
0
0
0
0
0
0
0
0
0
0
0
0
0
0
2.22393875823307e-09
6.11583158514094e-09
5.00386220602441e-09
1.6679540686748e-09
0
0
0
0
0
0
0
0
0
2.77992344779134e-09
2.61312804092386e-08
6.72741474365504e-08
5.72664230245016e-08
1.83474947554228e-08
0
0
0
0
0
0
0
0
0
1.05637091016071e-08
1.10640953222095e-07
3.38594675940985e-07
3.98641022413278e-07
1.87366840381136e-07
0
0
0
0
0
0
0
0
5.55984689558268e-10
2.22393875823307e-08
4.44231766957056e-07
3.21859536785281e-06
6.90477385962413e-06
4.47122887342759e-06
0
0
0
0
0
0
0
0
5.55984689558268e-10
6.83861168156669e-08
2.66650257112145e-06
2.52417049059453e-05
5.83578209701044e-05
3.86959784085659e-05
0
0
0
0
0
0
0
0
5.55984689558268e-10
1.36772233631334e-07
5.76778516947747e-06
5.55534341959725e-05
0.000128961760712419
8.56171943144568e-05
0
0
0
0
0
0
0
0
5.55984689558268e-10
8.67336115710898e-08
3.65671130322473e-06
3.52544331802002e-05
8.18570698589742e-05
5.43475034043207e-05
0
0
0
0
0
0
0
0
0
2.00154488240976e-08
8.36756957785193e-07
8.06678186080091e-06
1.87305682065285e-05
1.24357095513498e-05
0
0
0
0
0
0
0
0
0
1.6679540686748e-09
7.06100555739e-08
6.81637229398436e-07
1.58233242648283e-06
1.05081106326513e-06
0
0
0
0
0
0
0
0
0
0
1.6679540686748e-09
1.72355253763063e-08
3.9474912958637e-08
2.61312804092386e-08
0
0
0
0
0
0
0
0
0
0
0
0
0
0
0
0
0
0
0
0
0
0
0
0
0
0
0
0
0
0
0
0
0
0
0
0
0
0
0
0
0
0
0
0
0
0
0
0
0
0
0
0
0
0
0
0
0
0
0
0
0
0
0
0
0
0
0
0
0
0
0
0
0
0
0
0
0
0
0
0
0
0
0
0
0
0
0
0
0
0
0
0
0
0
0
5.55984689558268e-10
5.55984689558268e-10
5.55984689558268e-10
0
0
0
0
0
0
0
0
0
0
1.11196937911654e-09
1.16756784807236e-08
2.72432497883551e-08
1.77915100658646e-08
0
0
0
0
0
0
0
0
0
0
1.05637091016071e-08
1.03413152257838e-07
2.40185385889172e-07
1.59011621213665e-07
0
0
0
0
0
0
0
0
0
5.55984689558268e-10
2.39073416510055e-08
2.29065692098006e-07
5.31521363217704e-07
3.530502778695e-07
0
0
0
0
0
0
0
0
0
5.55984689558268e-10
1.50115866180732e-08
1.45112003974708e-07
3.37482706561868e-07
2.24061829891982e-07
0
0
0
0
0
0
0
0
0
0
3.33590813734961e-09
3.33590813734961e-08
7.72818718485992e-08
5.11505914393606e-08
0
0
0
0
0
0
0
0
0
0
5.55984689558268e-10
2.77992344779134e-09
6.67181627469921e-09
4.44787751646614e-09
0
0
0
0
0
0
0
0
0
0
0
0
0
0
0
0
0
0
0
0
0
0
0
0
0
0
0
0
0
0
0
0
0
0
0
0
0
0
0
0
0
0
0
0
0
0
0
0
0
0
0
0
0
0
0
0
0
0
0
0
0
0
0
0
0
0
0
0
0
0
0
