3.42321711794965e-09
1.59750132170983e-08
5.59125462598442e-08
1.72301928270132e-07
4.74686107022351e-07
1.25061532042427e-06
3.21782409087267e-06
7.35535251410114e-06
1.31200501407283e-05
1.68741782467465e-05
1.51888143523426e-05
9.52224894976326e-06
4.17860702864387e-06
1.29283499821232e-06
2.8526809316247e-07
4.56428949059953e-08
5.70536186324941e-09
1.25517960991487e-08
6.27589804957435e-08
2.54459139100924e-07
8.58086424232711e-07
2.40766270629125e-06
5.73617081731096e-06
1.23669423747794e-05
2.556116221973e-05
4.91471281624031e-05
7.83517344680041e-05
9.34173130041005e-05
7.90375189639667e-05
4.66687189690075e-05
1.9284123097783e-05
5.67911719867846e-06
1.25746175466017e-06
2.45330560119725e-07
5.13482567692447e-08
4.7925039651295e-08
2.28214474529976e-07
9.15140042865205e-07
3.02498285989484e-06
8.13356387224836e-06
1.80985489025998e-05
3.51210665577907e-05
6.27646858576067e-05
0.000103641321463043
0.000146678007069906
0.000161119419018163
0.000128515558114438
7.25265600056265e-05
2.92023241608558e-05
8.84216981566393e-06
2.30610726512541e-06
6.39000528683934e-07
1.9055908623253e-07
3.65143159247962e-08
1.85994796741931e-07
7.7478814102927e-07
2.53318066728274e-06
6.45504641208038e-06
1.33094681545882e-05
2.3700073179938e-05
3.83080816946018e-05
5.67238487167983e-05
7.49775834620784e-05
8.4117573167004e-05
7.59041342286701e-05
5.32675405000418e-05
2.88657078109241e-05
1.22425654861606e-05
4.17290166678062e-06
1.18671526755588e-06
2.9097345502572e-07
7.98750660854917e-09
3.99375330427459e-08
1.74584073015432e-07
5.86511199542039e-07
1.55756378866709e-06
3.55672258554968e-06
7.60867058082941e-06
1.4913815910534e-05
2.45022470579109e-05
3.2336849968525e-05
3.51028093998283e-05
3.26004376866071e-05
2.58201856483215e-05
1.66973120289857e-05
8.43594805100058e-06
3.23836339358036e-06
9.32256128454953e-07
2.03110882331679e-07
0
1.14107237264988e-09
5.70536186324941e-09
2.62446645709473e-08
9.699115167524e-08
3.37757422304365e-07
1.06462052368234e-06
2.66554506251012e-06
4.91345763663039e-06
6.64104120882231e-06
6.95369503892838e-06
6.16863724654526e-06
4.8746611759603e-06
3.30340451882141e-06
1.78463719082442e-06
7.30286318495924e-07
2.20226967921427e-07
4.90661120239449e-08
0
0
0
0
1.14107237264988e-09
6.84643423589929e-09
2.39625198256475e-08
6.16179081230936e-08
1.15248309637638e-07
1.58609059798334e-07
1.78007290133382e-07
1.9398230335048e-07
2.30496619275276e-07
2.62446645709473e-07
2.41907343001775e-07
1.65455494034233e-07
7.87339937128418e-08
2.62446645709473e-08
0
0
0
0
0
0
0
0
0
2.28214474529976e-09
9.12857898119905e-09
2.8526809316247e-08
6.61821976136931e-08
1.03837585911139e-07
1.12966164892338e-07
8.32982832034414e-08
4.10786054153957e-08
1.36928684717986e-08
0
0
0
0
0
0
0
0
0
0
1.14107237264988e-09
4.56428949059953e-09
1.02696513538489e-08
1.71160855897482e-08
1.82571579623981e-08
1.36928684717986e-08
6.84643423589929e-09
2.28214474529976e-09
0
0
0
0
0
0
0
0
0
0
0
0
0
0
0
0
0
0
0
0
0
0
0
0
0
0
0
0
0
0
0
0
0
0
0
0
0
0
0
0
0
0
0
0
0
0
0
0
0
0
0
0
0
0
0
0
0
0
0
0
0
0
0
0
0
0
0
0
0
0
0
0
0
0
0
0
0
0
0
0
0
0
0
0
0
0
0
0
0
0
0
0
0
0
0
0
0
0
0
0
0
0
0
0
0
0
0
0
0
0
0
0
0
0
0
0
0
0
0
0
0
0
0
0
0
0
0
0
0
0
0
0
0
0
0
0
0
0
0
0
0
0
0
0
0
0
0
0
0
0
0
0
0
0
1.14107237264988e-09
0
0
0
0
0
0
0
4.10786054153957e-08
2.15662678430828e-07
8.55804279487411e-07
2.52975745016479e-06
5.73845296205626e-06
1.07466196056166e-05
1.82297722254545e-05
3.03901805007843e-05
5.16346659347798e-05
8.32001509793935e-05
0.000110923645345295
0.000110922504272922
7.94813961169275e-05
4.01178224776245e-05
1.4251993934397e-05
3.64686730298902e-06
7.34850607986524e-07
1.40351901835935e-07
7.7250599628397e-07
2.8823488133136e-06
8.74403759161604e-06
2.28442689004506e-05
5.22462807265201e-05
0.000104313413090534
0.000182802076243256
0.000286413729824611
0.000412426916225828
0.000542295786174229
0.000607530893718623
0.000533323534108083
0.000348433295422877
0.000167742203069023
6.27452876272717e-05
2.16826572250931e-05
8.37775335999543e-06
3.23494017646242e-06
2.69178972708107e-06
9.31000948845039e-06
2.59468446816857e-05
6.44979747916619e-05
0.000147684432902584
0.000300787818502881
0.000529004575177603
0.000800123370919215
0.00105101323563849
0.00120027006627059
0.00115571803655284
0.000892633531387059
0.000537455357169448
0.000260972380204009
0.000117653690199184
5.8575809177609e-05
3.02578161055569e-05
1.30184946995625e-05
1.76523896048937e-06
6.45276426733508e-06
1.93651392362411e-05
5.0669318707518e-05
0.000115460549098951
0.000225611688447962
0.000382617541562723
0.000573299863611499
0.000763205115374501
0.000911233011061252
0.000977907010867557
0.000909268084435549
0.000692789539258277
0.000420947303632405
0.000209249851696535
9.14284238585718e-05
3.70768646045126e-05
1.33300074572959e-05
3.40039567049665e-07
1.34532432735421e-06
4.51522337857558e-06
1.32341573779933e-05
3.31641274386962e-05
7.22116240307751e-05
0.000143416822228873
0.000259547180810569
0.000401845752114246
0.000511743573396528
0.000547637145950603
0.000510817022629937
0.00041108843833271
0.00027203964114634
0.000142866825345256
5.94726920625118e-05
2.01878524169217e-05
5.77040298849045e-06
1.02696513538489e-08
5.70536186324941e-08
2.70434152318022e-07
1.06918481317294e-06
3.40495995998725e-06
9.30202198184184e-06
2.2843127828078e-05
4.84259704228883e-05
8.16574211315709e-05
0.000105848155431748
0.000109684440748597
9.87073245237054e-05
8.0470705864015e-05
5.7011398954706e-05
3.29735683524636e-05
1.50381927991528e-05
5.3367954868835e-06
1.4639958541098e-06
0
1.14107237264988e-09
4.56428949059953e-09
2.16803750803478e-08
7.41697042222423e-08
2.11098388940228e-07
5.31739725654845e-07
1.14677773451313e-06
1.98090163892019e-06
2.78193444452041e-06
3.86481212616515e-06
6.54975541901032e-06
1.16149756812031e-05
1.67201334764387e-05
1.74275983474816e-05
1.26248247309983e-05
6.23938373364955e-06
2.08017493534073e-06
0
0
0
0
0
1.14107237264988e-09
2.28214474529976e-09
5.70536186324941e-09
2.73857369435972e-08
1.55185842680384e-07
7.18875594769426e-07
2.379135896975e-06
5.46117237550233e-06
8.62536606486046e-06
9.33283093590338e-06
6.87610211758819e-06
3.42549926269495e-06
1.14677773451313e-06
0
0
0
0
0
0
0
0
3.42321711794965e-09
2.39625198256475e-08
1.15248309637638e-07
3.8682353432831e-07
8.90036450666908e-07
1.4069422354773e-06
1.52219054511494e-06
1.12167414231483e-06
5.59125462598442e-07
1.87135869114581e-07
0
0
0
0
0
0
0
0
0
0
2.28214474529976e-09
9.12857898119905e-09
2.05393027076979e-08
3.19500264341967e-08
3.42321711794965e-08
2.51035921982974e-08
1.25517960991487e-08
4.56428949059953e-09
0
0
0
0
0
0
0
0
0
0
0
0
0
0
0
0
0
0
0
0
0
0
0
0
0
0
0
0
0
0
0
0
0
0
0
0
0
0
0
0
0
0
0
0
0
0
0
0
0
0
0
0
0
0
0
0
0
0
0
0
0
0
0
0
0
0
0
0
0
0
0
0
0
0
0
0
0
0
0
0
0
0
0
0
0
0
0
0
0
0
0
0
0
0
0
0
0
0
1.14107237264988e-09
1.14107237264988e-09
2.28214474529976e-09
1.14107237264988e-09
1.14107237264988e-09
0
0
0
0
0
0
0
0
0
0
0
3.42321711794965e-09
1.25517960991487e-08
3.65143159247962e-08
6.84643423589929e-08
8.44393555760913e-08
6.84643423589929e-08
3.65143159247962e-08
1.25517960991487e-08
3.42321711794965e-09
0
0
0
0
0
0
0
0
1.14107237264988e-09
1.02696513538489e-08
4.45018225333454e-08
1.26659033364137e-07
2.37343053511175e-07
2.9325559977102e-07
2.37343053511175e-07
1.26659033364137e-07
4.45018225333454e-08
1.02696513538489e-08
1.14107237264988e-09
0
0
5.7852369293349e-07
2.99303283346064e-06
1.15214077466459e-05
3.20675568885796e-05
6.43952782781234e-05
9.71132464191135e-05
0.000120415085340997
0.000140380428645252
0.000176292258357289
0.000242911486689707
0.000314840124772065
0.00032561184796988
0.000246955447178378
0.000133718848133722
5.24710719839322e-05
1.62659866721241e-05
4.84385222189875e-06
1.56897451239359e-06
1.0380335373996e-05
3.59734476201602e-05
9.64867976865287e-05
0.000213543707034817
0.00040281224041388
0.000654602411235176
0.000930333421507038
0.00118314827531897
0.00139639073924741
0.00158637016071463
0.0016858762358992
0.00152628813600513
0.00109441164118748
0.000628480982480475
0.000330918975575074
0.00018732072283895
0.000104896501072958
4.72803337607479e-05
3.54782222104301e-05
0.000110403316343367
0.000252038924598533
0.000475742740039425
0.000850577026948302
0.00148222904955237
0.00234710371332998
0.00320658681014681
0.00376744327953456
0.0038807266625465
0.00353217013130737
0.0027988736638924
0.00193679462742779
0.00127608291470944
0.000909408436337385
0.000667197568084485
0.000415181464933405
0.000191565512065207
2.24015328198625e-05
7.13832054882313e-05
0.000171015939706156
0.000345665053846829
0.00064857983125233
0.00113528028928631
0.00179461700979561
0.0025361988037084
0.00320557239680753
0.00364975079287471
0.00379164998884796
0.00354850458232186
0.00288100006576913
0.0020143156612085
0.00127826464508595
0.000770324265907464
0.000415656151040427
0.000178300545733153
4.23908386439431e-06
1.47164103900655e-05
4.18248667471088e-05
0.000107436528174477
0.000250317046388205
0.000506579079837915
0.000887047982122938
0.00136732192055416
0.00183771074902111
0.00212985950859066
0.00219131196121971
0.00206775778578156
0.00174136658538116
0.00123998394912829
0.000739595186912002
0.000384520850280303
0.000177752830994281
6.89732606371948e-05
1.43775118953885e-07
7.51966693576272e-07
3.48027073658214e-06
1.3277518128154e-05
3.92585949810192e-05
9.069129110584e-05
0.000171918527952922
0.000278075913997658
0.000381317860130274
0.000437722208582731
0.000438039426702327
0.000411854097894758
0.000368325610095283
0.000295229654975704
0.000201532779240304
0.00011390983174452
5.16152677044448e-05
1.79992756061792e-05
1.14107237264988e-09
1.14107237264988e-08
7.07464871042927e-08
3.04666323497518e-07
9.49372214044702e-07
2.27643938343651e-06
4.52435195755678e-06
7.85856543043974e-06
1.20405956762016e-05
1.76466842430304e-05
3.19808353882582e-05
7.25756261176504e-05
0.000148796978465917
0.000226991244946496
0.000242599973931973
0.000177914863271197
8.85266768149231e-05
2.96462013138166e-05
0
0
0
1.14107237264988e-09
4.56428949059953e-09
1.71160855897482e-08
5.8194691005144e-08
1.84853724369281e-07
6.19602298348886e-07
2.54687353575454e-06
1.05914337629362e-05
3.41876693569631e-05
7.80322342036622e-05
0.000123121709008922
0.000133200801276539
9.81379294097531e-05
4.88938100956748e-05
1.63618367514267e-05
0
0
0
0
0
0
1.14107237264988e-09
6.84643423589929e-09
5.36304015145444e-08
3.45744928912914e-07
1.65797815746028e-06
5.52735457311603e-06
1.27046997970838e-05
2.0076027324402e-05
2.17271590476264e-05
1.60092453882778e-05
7.97609588482267e-06
2.66896827962807e-06
0
0
0
0
0
0
0
0
1.14107237264988e-09
7.98750660854917e-09
3.76553882974461e-08
1.24376888618837e-07
2.8755023790777e-07
4.54146804314653e-07
4.91802192612099e-07
3.61719942130013e-07
1.80289434878681e-07
6.04768357504437e-08
0
0
0
0
0
0
0
0
0
0
0
0
1.14107237264988e-09
1.14107237264988e-09
1.14107237264988e-09
1.14107237264988e-09
0
0
0
0
0
0
0
0
0
0
0
0
0
0
0
0
0
0
0
0
0
0
0
0
0
0
0
0
0
0
0
0
0
0
0
0
0
0
0
0
0
0
0
0
0
0
0
0
0
0
0
0
0
0
0
0
0
0
0
0
0
0
0
0
0
0
0
0
0
0
0
0
0
0
0
0
0
0
0
1.14107237264988e-09
5.70536186324941e-09
2.62446645709473e-08
7.30286318495924e-08
1.38069757090636e-07
1.70019783524832e-07
1.38069757090636e-07
7.30286318495924e-08
2.62446645709473e-08
5.70536186324941e-09
1.14107237264988e-09
0
0
0
0
0
0
3.42321711794965e-09
3.76553882974461e-08
2.46471632492374e-07
1.06804374080029e-06
3.04095787311194e-06
5.69965650138616e-06
7.02672367077797e-06
5.69965650138616e-06
3.04095787311194e-06
1.06804374080029e-06
2.46471632492374e-07
3.76553882974461e-08
3.42321711794965e-09
0
0
0
0
0
1.25517960991487e-08
1.30082250482087e-07
8.52381062369462e-07
3.69251019789502e-06
1.0517264058714e-05
1.97108841651541e-05
2.43014183203245e-05
1.97108841651541e-05
1.0517264058714e-05
3.69251019789502e-06
8.52381062369462e-07
1.30082250482087e-07
1.25517960991487e-08
0
1.63059242051668e-06
8.64932858468611e-06
3.3901260191428e-05
9.52943770571096e-05
0.000190678898831658
0.000279659722450896
0.000328329882361532
0.000365246996833873
0.000449556270159482
0.000583466818451809
0.000678788581245863
0.000636223158528904
0.000459202895997865
0.000252715580515515
0.00011006441784869
4.34132394898374e-05
1.85903510952119e-05
8.30016043865524e-06
2.71038920675526e-05
9.54290235970823e-05
0.000259264194862152
0.000572040119712093
0.00104271535734458
0.0015720862167538
0.0019993504970412
0.00225649115621785
0.00243538277744003
0.00265138549543791
0.00280459043647938
0.00261826586982175
0.00203924466933378
0.00137729489309111
0.000910304178149915
0.000615473898504639
0.000374808042244307
0.000179208839341782
9.12800844501273e-05
0.000284680440890556
0.000642397501137313
0.00116037817612275
0.00190902777231172
0.0030217091232577
0.00438500648155352
0.00557607722235581
0.00627085450968724
0.00645841029343495
0.00620012285652379
0.00550718269571232
0.00455397761956789
0.00369141476841727
0.00303197078710494
0.00232662032316854
0.00146164980931163
0.000688909893191267
5.82608732027577e-05
0.000187511281925182
0.000448748390919646
0.00088006005491283
0.00154744932315592
0.00250289888865736
0.00367866670787003
0.00492426359199939
0.00605055907742345
0.00682742511124332
0.00712405143880314
0.00691301352669867
0.00616072390964093
0.00500837888302164
0.0037678506423716
0.00258212240241806
0.00148986967015963
0.000660245014117929
1.13696451210834e-05
4.09314070793239e-05
0.000120162908346641
0.000309754365207164
0.000699609728829605
0.00133518932254033
0.00214271825315805
0.00295373430094658
0.00354701662394792
0.00377379448836073
0.00375017657239163
0.00365237868254892
0.00338349410651296
0.00282383233989937
0.0021165945422586
0.00143046658351185
0.000821098563273265
0.000364008933309548
4.56428949059953e-07
2.54573246338189e-06
1.18854098335212e-05
4.37726772872221e-05
0.000122764553356283
0.000264433252710256
0.000455511526872342
0.000655772010417142
0.000805017430325511
0.000852822657377677
0.000820759664778588
0.000779634275395914
0.00074768995432358
0.000685122673986442
0.000564384665163985
0.00039523780200423
0.000220670845074388
9.24782104414097e-05
5.70536186324941e-09
4.56428949059953e-08
2.55600211473574e-07
1.04179907622934e-06
3.17218119596667e-06
7.78896001570809e-06
1.70681605500969e-05
3.44432695684367e-05
6.00135603671479e-05
8.74848777386938e-05
0.000123478864661562
0.000211724837672813
0.000388561387551856
0.000578592157275849
0.000617101067708037
0.000453810187964721
0.000226839482320933
7.64689650531318e-05
0
0
1.14107237264988e-09
5.70536186324941e-09
3.19500264341967e-08
1.72301928270132e-07
7.37132752731824e-07
2.31980013359721e-06
5.55017602056903e-06
1.2325863769364e-05
3.27556235292875e-05
9.05942999541647e-05
0.000199255198784495
0.000311908709846727
0.000336900476952505
0.000248146726735425
0.000123629486214751
4.13752842322847e-05
0
0
0
0
0
3.42321711794965e-09
1.48339408444485e-08
5.59125462598442e-08
2.19085895548777e-07
9.99579398441296e-07
4.3166767857345e-06
1.40614348481645e-05
3.21588426783916e-05
5.07651687868206e-05
5.49266597298747e-05
4.04692727684007e-05
2.01627488247234e-05
6.74716093947875e-06
0
0
0
0
0
0
0
0
3.42321711794965e-09
1.9398230335048e-08
9.47090069299402e-08
3.16077047224017e-07
7.25722029005325e-07
1.14791880688578e-06
1.24148674144307e-06
9.15140042865205e-07
4.56428949059953e-07
1.52903697935084e-07
0
0
0
0
0
0
0
0
0
0
0
1.14107237264988e-09
1.14107237264988e-09
2.28214474529976e-09
2.28214474529976e-09
2.28214474529976e-09
1.14107237264988e-09
0
0
0
0
0
0
0
0
0
0
0
0
0
0
0
0
0
0
0
0
0
0
0
0
0
0
0
0
0
0
0
0
0
0
0
0
0
0
0
0
0
0
0
0
0
0
0
0
0
0
0
0
0
0
0
0
0
0
0
0
0
0
1.14107237264988e-09
2.28214474529976e-09
3.42321711794965e-09
4.56428949059953e-09
3.42321711794965e-09
2.28214474529976e-09
1.14107237264988e-09
0
0
0
0
0
0
0
0
1.14107237264988e-09
1.25517960991487e-08
8.44393555760913e-08
3.65143159247962e-07
1.04179907622934e-06
1.9512337572313e-06
2.40538056154595e-06
1.9512337572313e-06
1.04179907622934e-06
3.65143159247962e-07
8.44393555760913e-08
1.25517960991487e-08
1.14107237264988e-09
0
0
0
0
0
5.24893291418946e-08
5.30598653282195e-07
3.49168146030864e-06
1.51203500099836e-05
4.30743409951604e-05
8.07228828583706e-05
9.952319127015e-05
8.07228828583706e-05
4.30743409951604e-05
1.51203500099836e-05
3.49168146030864e-06
5.30598653282195e-07
5.24893291418946e-08
0
0
0
0
0
1.83712651996631e-07
1.83484437522101e-06
1.20771099921263e-05
5.22942057661714e-05
0.000148968139321815
0.00027917476669252
0.000344194211558483
0.00027917476669252
0.000148968139321815
5.22942057661714e-05
1.20771099921263e-05
1.83484437522101e-06
1.83712651996631e-07
0
1.49822802528929e-06
8.42910161676468e-06
3.45493892990931e-05
0.000101278160579286
0.000212125354075613
0.000328916393561074
0.000422475199539383
0.00055276854841041
0.000804708199712522
0.00110804289175116
0.00124697986384501
0.00110675347997006
0.000785125115653105
0.000455123562265641
0.000226509712405237
0.000110223026908488
5.85164734142312e-05
3.03901805007843e-05
1.82685686861246e-05
7.22264579716196e-05
0.000222197599908994
0.000543789449910028
0.00105687834763391
0.00163233597910209
0.00207365827102053
0.00237862926084155
0.00277176634860773
0.00332132734257862
0.00370279125997259
0.00355058019296771
0.00289577010656071
0.00210711108976951
0.00148795723286307
0.00105485408524483
0.000699190955268842
0.000394326085178483
5.77074531020225e-05
0.000199712768805928
0.000515442930028659
0.00106632072151759
0.0018956156076436
0.00299166012339634
0.00419207396478588
0.00530224952080152
0.00634792025559127
0.00737076383756615
0.00805993960062024
0.00801420199670732
0.00723063330377051
0.00607853588985608
0.00486492782862159
0.00361773344317053
0.00235456404450236
0.0012768189063898
3.89824554668379e-05
0.000144256651495143
0.000407541985398514
0.000921204842525839
0.00172566200631638
0.00276602789564567
0.00395325322255212
0.00526165244792738
0.00667316011396766
0.00799995799027953
0.00890235453688698
0.00913270281675381
0.00860632841339517
0.0073900160106375
0.00573882837486686
0.00394209239367524
0.00227442424962641
0.00104163932609717
8.44964091947238e-06
3.65462659512304e-05
0.000126863285318841
0.000357355340304627
0.00081396115558234
0.00151405698124269
0.00236951437472882
0.00321953455835927
0.00386009036868712
0.0041399052769807
0.00413402076675495
0.00407326779149032
0.00402332419481181
0.00383806424867786
0.00337569373577352
0.00257939523944743
0.00157918026369457
0.000718933789460431
4.8153254125825e-07
3.05579181395638e-06
1.47038585939664e-05
5.2934347367228e-05
0.000143851570802853
0.000306939339663837
0.000546112673260743
0.000849443942082261
0.00115047252685577
0.00130603834663625
0.00122892125247545
0.00102671067624579
0.000879955076254546
0.000831138859080212
0.000780615597636393
0.000629671120965148
0.000393706482880134
0.000179198569690428
7.98750660854917e-09
6.16179081230936e-08
3.27487770950516e-07
1.32478502464651e-06
4.33379287132425e-06
1.31360251539454e-05
3.84450103793198e-05
9.70470642214998e-05
0.000187578605195169
0.000264124022097268
0.000277912740648369
0.000256889623254668
0.000276554864524916
0.000335598513375311
0.000342596710236773
0.000252332180198304
0.000128235995383139
4.44253706843778e-05
0
0
1.14107237264988e-09
1.14107237264988e-08
9.58500793025901e-08
5.89934416659989e-07
2.61533787811353e-06
8.08335668785176e-06
1.74481376501893e-05
2.76276442865989e-05
3.82921066813847e-05
6.16236134849569e-05
0.000110095226802751
0.000163700524725097
0.000174921830437736
0.000128587445673915
6.40575208558191e-05
2.14464552439545e-05
0
0
0
0
1.14107237264988e-09
1.14107237264988e-08
5.24893291418946e-08
1.67737638779533e-07
4.07362837036008e-07
9.49372214044702e-07
2.67010935200072e-06
7.57443840964992e-06
1.67737638779533e-05
2.62971539000892e-05
2.84127020789821e-05
2.09284083867715e-05
1.0425978268902e-05
3.48939931556334e-06
0
0
0
0
0
0
0
0
2.28214474529976e-09
1.14107237264988e-08
5.02071843965948e-08
1.64314421661583e-07
3.75412810601811e-07
5.93357633777939e-07
6.42423745801883e-07
4.73545034649701e-07
2.36201981138526e-07
7.87339937128418e-08
0
0
0
0
0
0
0
0
0
0
0
0
1.14107237264988e-09
1.14107237264988e-09
1.14107237264988e-09
1.14107237264988e-09
0
0
0
0
0
0
0
0
0
0
0
0
0
0
0
0
0
0
0
0
0
0
0
0
0
0
0
0
0
0
0
0
0
0
0
0
0
0
0
0
0
0
0
0
0
0
0
0
0
0
0
0
0
0
0
0
0
0
0
0
0
0
0
2.28214474529976e-09
4.56428949059953e-09
9.12857898119905e-09
1.14107237264988e-08
9.12857898119905e-09
4.56428949059953e-09
2.28214474529976e-09
0
0
0
0
0
0
0
0
3.42321711794965e-09
3.08089540615468e-08
2.04251954704329e-07
8.84331088803658e-07
2.51948779881094e-06
4.72175747802521e-06
5.82061017288705e-06
4.72175747802521e-06
2.51948779881094e-06
8.84331088803658e-07
2.04251954704329e-07
3.08089540615468e-08
3.42321711794965e-09
0
0
0
0
0
1.27800105736787e-07
1.28370641923112e-06
8.44849984709973e-06
3.65850624119005e-05
0.000104216421938859
0.000195307088375126
0.000240794797438441
0.000195307088375126
0.000104216421938859
3.65850624119005e-05
8.44849984709973e-06
1.28370641923112e-06
1.27800105736787e-07
0
0
0
0
0
4.43877152960804e-07
4.43991260198069e-06
2.92205813188182e-05
0.000126525527896537
0.0003604271071318
0.00067545893206247
0.000832772874717846
0.00067545893206247
0.0003604271071318
0.000126525527896537
2.92205813188182e-05
4.43991260198069e-06
4.43877152960804e-07
0
3.31025095305731e-06
1.57296826569786e-05
5.54492708765484e-05
0.000144293165811068
0.000276390550103254
0.000397327105518552
0.00046588843902922
0.000539966857461651
0.000711970965842521
0.000941824020299623
0.00107303365028589
0.00101815149237855
0.00081131272660542
0.000542667775767713
0.000314896037318325
0.000176915283872756
0.00010217162024707
5.43207502999976e-05
1.72358981888765e-05
7.31005194090694e-05
0.000227463648908773
0.000532322813637269
0.000964467460462487
0.00139755577413989
0.00169736112932992
0.00189042486942041
0.00215709690612581
0.00254446473197587
0.0028358968980954
0.00281030378584923
0.00245879758252681
0.00195660250274462
0.00150961592756834
0.00117763803683145
0.000882468858691494
0.000575628792324077
3.36091456640296e-05
0.000137080447343548
0.000402350106102957
0.000882654853488236
0.0015417177166281
0.00230385136504468
0.00309498650888453
0.0038806513517699
0.0047640170933463
0.00578085064713443
0.00659308193699984
0.00676632753212215
0.00622637893181846
0.00525544159100305
0.00421100435544814
0.00328064697142128
0.00243782010802801
0.00161706843075603
1.91095390247676e-05
8.15866746444666e-05
0.000254030095888807
0.000599673469360556
0.00114500793126315
0.0019107975755617
0.00294207938773233
0.00424687396548239
0.0057423269027614
0.00716456293124933
0.00802444882661371
0.00796816429076039
0.00711156924811873
0.00581439132845611
0.00436590607110774
0.00295077778242904
0.00173975082690149
0.000875778751370648
3.8271567378677e-06
1.87774869643265e-05
7.09644319274688e-05
0.000213866630516277
0.000530260895859891
0.00110477371940352
0.00195568736270175
0.00295292984492386
0.00380762043777556
0.00420626319973978
0.00404605321540262
0.0035604516100635
0.00311023465900025
0.00281262586812758
0.00246484868931897
0.00185809943017561
0.00109452346628
0.000475490563045069
2.20226967921427e-07
1.54729413731324e-06
8.18377105664495e-06
3.30203523197423e-05
0.000103799930522842
0.000266061562986028
0.000578787280651572
0.00106828450707092
0.00160358095531131
0.00186646805495663
0.00165176730053594
0.00115990006679861
0.000772332553283327
0.000629049236522054
0.000584284967342999
0.000471212682720005
0.000285732509618139
0.000123874816774871
3.42321711794965e-09
3.08089540615468e-08
1.9626444809578e-07
1.07146695791824e-06
5.04696310423043e-06
2.1053926347763e-05
7.16992825354553e-05
0.000183606532265975
0.000338013022515839
0.000439352801003247
0.000403245847915487
0.000270534566686815
0.000155249742733252
0.000106943584909492
9.04699230655459e-05
6.63636281209445e-05
3.51758380316779e-05
1.28998231728069e-05
0
0
2.28214474529976e-09
2.51035921982974e-08
2.06534099449629e-07
1.17074025433878e-06
4.68866637921836e-06
1.31417305158087e-05
2.57505802335899e-05
3.54588239800951e-05
3.53344470914762e-05
2.88406042187258e-05
2.58932142801711e-05
2.83191341444248e-05
2.80190321104179e-05
2.03167935950311e-05
1.01178887282865e-05
3.3969724533787e-06
0
0
0
0
3.42321711794965e-09
2.05393027076979e-08
8.55804279487411e-08
2.45330560119725e-07
4.94084337357399e-07
7.38273825104474e-07
9.76757950988299e-07
1.54044770307734e-06
2.74884334571357e-06
4.09302660069513e-06
4.3760125491123e-06
3.21668301850002e-06
1.60206561120043e-06
5.36304015145444e-07
0
0
0
0
0
0
0
0
1.14107237264988e-09
2.28214474529976e-09
9.12857898119905e-09
2.62446645709473e-08
5.8194691005144e-08
9.12857898119905e-08
9.81322240478898e-08
7.30286318495924e-08
3.65143159247962e-08
1.25517960991487e-08
0
0
0
0
0
0
0
0
0
0
0
0
0
0
0
0
0
0
0
0
0
0
0
0
0
0
0
0
0
0
0
0
0
0
0
0
0
0
0
0
0
0
0
0
0
0
0
0
0
0
0
0
0
0
0
0
0
0
0
0
0
0
0
0
0
0
0
0
0
0
0
0
0
0
0
0
0
0
0
1.14107237264988e-09
2.28214474529976e-09
3.42321711794965e-09
4.56428949059953e-09
3.42321711794965e-09
2.28214474529976e-09
1.14107237264988e-09
0
0
0
0
0
0
0
0
1.14107237264988e-09
1.25517960991487e-08
8.44393555760913e-08
3.65143159247962e-07
1.04179907622934e-06
1.9512337572313e-06
2.40538056154595e-06
1.9512337572313e-06
1.04179907622934e-06
3.65143159247962e-07
8.44393555760913e-08
1.25517960991487e-08
1.14107237264988e-09
0
0
0
0
0
5.24893291418946e-08
5.30598653282195e-07
3.49168146030864e-06
1.51203500099836e-05
4.30743409951604e-05
8.07228828583706e-05
9.952319127015e-05
8.07228828583706e-05
4.30743409951604e-05
1.51203500099836e-05
3.49168146030864e-06
5.30598653282195e-07
5.24893291418946e-08
0
0
0
0
0
1.83712651996631e-07
1.83484437522101e-06
1.20771099921263e-05
5.22942057661714e-05
0.000148968139321815
0.00027917476669252
0.000344194211558483
0.00027917476669252
0.000148968139321815
5.22942057661714e-05
1.20771099921263e-05
1.83484437522101e-06
1.83712651996631e-07
0
9.34994702149313e-06
3.97846293448108e-05
0.000124853856870605
0.000289462675204331
0.000496972391532576
0.000635862579659147
0.000620923660156414
0.00050068201781606
0.000399151680242419
0.000369248737644757
0.00037015474910864
0.000352679225721508
0.000299635335406505
0.000222045837283431
0.000149200918085835
9.70641803070895e-05
5.92387722261186e-05
3.03981680073929e-05
4.13558860019497e-05
0.00015368989679984
0.000430316648884233
0.000886987505287187
0.00137694116065559
0.00167876050858335
0.00168678224736308
0.00148562830415049
0.00127549183922041
0.00119743792464167
0.0012196865537636
0.0012123186494534
0.0010937851924549
0.000903714485197862
0.000728925019155353
0.000585382678965489
0.00043701588478406
0.000279288873929785
5.74758154103746e-05
0.000188891979496089
0.000502519144336027
0.000988501867847611
0.00147807212289881
0.00184246445652557
0.00211821372395539
0.00236140705552114
0.00261727427792992
0.00294888017907333
0.00327462895572792
0.00333704675558424
0.00298697602130661
0.0023885440386875
0.00182452565775514
0.00140524203764206
0.00106376928369234
0.000725565702090272
2.31021512566695e-05
7.77789161369339e-05
0.000215395667495628
0.000457649896498688
0.000800423472953222
0.00129436745840878
0.00202283604861508
0.00292723745938128
0.00377010882459707
0.00427695605644256
0.00428053331833082
0.00382180054415048
0.00312102121613891
0.00240778023674563
0.00177957767592409
0.00122126123363785
0.000737556090582077
0.000380512263035183
3.19728478816497e-06
1.26853015667487e-05
4.41663472557863e-05
0.000131640955343126
0.000341106469718092
0.000756454531217904
0.00140667636561448
0.00218122145822837
0.00280206752546345
0.00294014869327781
0.00252367097012907
0.00189096687879742
0.00147049882556153
0.00135953296053845
0.00129365657032062
0.00101641820344449
0.000590465015313271
0.000244335545010774
1.16389382010288e-07
7.82775647637819e-07
4.58711093805253e-06
2.11703157297733e-05
7.58219770178394e-05
0.000218396687835697
0.00051868129342224
0.000999110417696137
0.00148917361601232
0.0016445055159564
0.0013212477002913
0.000804337351191411
0.000467930958576264
0.000389511900838273
0.000393220386049385
0.000322375766721045
0.000187280785305907
7.523660689067e-05
1.14107237264988e-09
1.36928684717986e-08
1.36928684717986e-07
1.03038835250284e-06
5.90162631134519e-06
2.63142699856789e-05
8.70387184409877e-05
0.00020650899585743
0.000345087671226268
0.000402424275807179
0.000326989122323668
0.00018890110807507
8.83646445380069e-05
5.10607065313369e-05
4.29260015867159e-05
3.29564522668739e-05
1.80232381260049e-05
6.70037697220011e-06
0
0
3.42321711794965e-09
4.10786054153957e-08
3.00102034006919e-07
1.52561376223289e-06
5.38586159890744e-06
1.32284520161301e-05
2.26388758733737e-05
2.70240170014671e-05
2.25715526033873e-05
1.34555254182874e-05
6.35120882616924e-06
3.31367417017526e-06
2.379135896975e-06
1.64656743373378e-06
8.35264976779713e-07
2.8869131028042e-07
0
0
0
1.14107237264988e-09
5.70536186324941e-09
2.62446645709473e-08
9.35679345572903e-08
2.31637691647926e-07
3.98234258054809e-07
4.8153254125825e-07
4.18773560762507e-07
2.9211452739837e-07
2.25932329784677e-07
2.31637691647926e-07
2.25932329784677e-07
1.63173349288933e-07
8.10161384581416e-08
2.73857369435972e-08
0
0
0
0
0
0
0
0
1.14107237264988e-09
1.14107237264988e-09
1.14107237264988e-09
2.28214474529976e-09
3.42321711794965e-09
4.56428949059953e-09
4.56428949059953e-09
3.42321711794965e-09
2.28214474529976e-09
1.14107237264988e-09
0
0
0
0
0
0
0
0
0
0
0
0
0
0
0
0
0
0
0
0
0
0
0
0
0
0
0
0
0
0
0
0
0
0
0
0
0
0
0
0
0
0
0
0
0
0
0
0
0
0
0
0
0
0
0
0
0
0
0
0
0
0
0
0
0
0
0
0
0
0
0
0
0
0
0
0
0
0
0
0
0
0
0
0
0
0
0
0
0
0
0
0
0
0
0
1.14107237264988e-09
5.70536186324941e-09
2.62446645709473e-08
7.30286318495924e-08
1.38069757090636e-07
1.70019783524832e-07
1.38069757090636e-07
7.30286318495924e-08
2.62446645709473e-08
5.70536186324941e-09
1.14107237264988e-09
0
0
0
0
0
0
3.42321711794965e-09
3.76553882974461e-08
2.46471632492374e-07
1.06804374080029e-06
3.04095787311194e-06
5.69965650138616e-06
7.02672367077797e-06
5.69965650138616e-06
3.04095787311194e-06
1.06804374080029e-06
2.46471632492374e-07
3.76553882974461e-08
3.42321711794965e-09
0
0
0
0
0
1.25517960991487e-08
1.30082250482087e-07
8.52381062369462e-07
3.69251019789502e-06
1.0517264058714e-05
1.97108841651541e-05
2.43014183203245e-05
1.97108841651541e-05
1.0517264058714e-05
3.69251019789502e-06
8.52381062369462e-07
1.30082250482087e-07
1.25517960991487e-08
0
1.14449558976783e-05
4.06723836507324e-05
0.000112110360612851
0.000233029799942559
0.000373398817864084
0.000475630914946905
0.000487370267516727
0.000396860406918138
0.000254952082365908
0.000137196836725559
7.58048609322496e-05
5.27426472086228e-05
4.1899036451331e-05
3.31492934978517e-05
2.61682127219797e-05
1.97382699020977e-05
1.24993067700068e-05
6.03855499606317e-06
9.63818190282449e-05
0.000201869395590236
0.000438112455334177
0.000804514217409172
0.00118472295519323
0.00145160266707045
0.00151672823166707
0.00131860041238675
0.000943771830839736
0.000628643014757391
0.000500951310896006
0.000464646952287777
0.000389152463040888
0.000274803318432898
0.000183255081975198
0.000126334968810304
8.30997366106003e-05
4.68615601999853e-05
0.000236281856204611
0.000311023237685551
0.000461406306749452
0.00070336271586325
0.00095622663578721
0.00117203080719225
0.00133760725489798
0.00138906619568737
0.00134008566409137
0.00135860412762711
0.00149986546414405
0.00153526951665026
0.00127294496568466
0.000859095132210134
0.000539608560736639
0.000358268198202747
0.000237089735444447
0.000138317369795501
9.07198179151562e-05
0.000109282783273424
0.000152076420464913
0.000247117479455294
0.000408611170211687
0.000663007550332115
0.00101040018775114
0.00137550226839368
0.00166314721530838
0.00180320129725506
0.00173147006469317
0.00144691856498072
0.0010915030477096
0.000848917907718469
0.000738926518501629
0.000619507589341956
0.000414737587780444
0.000203659738142924
9.43895066655982e-06
1.14951630820749e-05
2.01273755811713e-05
5.08690063727317e-05
0.000129674887645051
0.000283729927604138
0.000514783390197268
0.000783856243174718
0.00100705912784402
0.00106604572307578
0.000908904082348674
0.000659713274392275
0.000531340350324418
0.000602981438168868
0.000723183142976179
0.000679522290781476
0.000453952822011303
0.000210014370186211
2.08816244194928e-07
3.91387823818909e-07
1.57011558476624e-06
6.99135042722583e-06
2.50784886060991e-05
7.25322653674897e-05
0.000173100678930987
0.000334210969370169
0.000495932874601092
0.000540019346790792
0.000423133598298402
0.000252129069315973
0.000160410813074748
0.000171685749188901
0.000208888131754405
0.000193994855146579
0.000125903643453443
5.6333601965352e-05
1.14107237264988e-09
4.56428949059953e-09
4.7925039651295e-08
3.69707448738562e-07
2.15320356719033e-06
9.56560969992396e-06
3.10417328255674e-05
7.15201341729493e-05
0.00011512849703851
0.000128253111468729
9.85304583059446e-05
5.33782245201888e-05
2.42991361755792e-05
1.59396399735462e-05
1.54763645902503e-05
1.27902802250325e-05
7.40670077087038e-06
2.93369707008285e-06
0
0
1.14107237264988e-09
1.59750132170983e-08
1.12966164892338e-07
5.57984390225792e-07
1.8941801385988e-06
4.43534831249009e-06
7.16593450024126e-06
7.97039052295942e-06
6.08990325283242e-06
3.21668301850002e-06
1.25403853754222e-06
5.04353988711248e-07
3.28628843323166e-07
2.37343053511175e-07
1.26659033364137e-07
4.56428949059953e-08
0
0
0
0
2.28214474529976e-09
9.12857898119905e-09
3.30910988068466e-08
7.64518489675421e-08
1.22094743873537e-07
1.35787612345336e-07
1.03837585911139e-07
5.47714738871943e-08
2.05393027076979e-08
7.98750660854917e-09
3.42321711794965e-09
2.28214474529976e-09
1.14107237264988e-09
0
0
0
0
0
0
0
0
0
0
0
0
0
0
0
0
0
0
0
0
0
0
0
0
0
0
0
0
0
0
0
0
0
0
0
0
0
0
0
0
0
0
0
0
0
0
0
0
0
0
0
0
0
0
0
0
0
0
0
0
0
0
0
0
0
0
0
0
0
0
0
0
0
0
0
0
0
0
0
0
0
0
0
0
0
0
0
0
0
0
0
0
0
0
0
0
0
0
0
0
0
0
0
0
0
0
0
0
0
0
0
0
0
0
0
0
0
1.14107237264988e-09
1.14107237264988e-09
2.28214474529976e-09
1.14107237264988e-09
1.14107237264988e-09
0
0
0
0
0
0
0
0
0
0
0
3.42321711794965e-09
1.25517960991487e-08
3.65143159247962e-08
6.84643423589929e-08
8.44393555760913e-08
6.84643423589929e-08
3.65143159247962e-08
1.25517960991487e-08
3.42321711794965e-09
0
0
0
0
0
0
0
0
1.14107237264988e-09
1.02696513538489e-08
4.45018225333454e-08
1.26659033364137e-07
2.37343053511175e-07
2.9325559977102e-07
2.37343053511175e-07
1.26659033364137e-07
4.45018225333454e-08
1.02696513538489e-08
1.14107237264988e-09
0
0
8.99165029648107e-06
2.07675171822278e-05
4.53462160891063e-05
8.36816835206517e-05
0.000134306500405636
0.000196895461117855
0.00025032389282244
0.000248087390972047
0.000178153347397081
9.12173254696316e-05
3.63614122268611e-05
1.53131912409614e-05
8.51239989996812e-06
4.91459870900304e-06
2.64614683217508e-06
1.4708422883457e-06
7.98750660854917e-07
3.56014580266763e-07
0.000198410805228734
0.000249400765272967
0.00033114947219435
0.000456254364986937
0.000617261958912581
0.000838332179317396
0.00105926432996512
0.00107946587525051
0.000826850709103793
0.000508570251128189
0.000328093680380393
0.000259308696684686
0.000191134186708346
0.000106013610925783
4.4118422216135e-05
1.63572724619361e-05
6.7825341830309e-06
3.02954714938544e-06
0.000655838192614755
0.000705091440507815
0.00072231364582822
0.000764675957662847
0.000837272123083205
0.00101723749340805
0.00127778197147232
0.00138411850587956
0.00123086221658133
0.00103239093451684
0.000972136607879067
0.000917757662888064
0.000696503729831252
0.000396358335074172
0.000188412729099576
9.49326571149796e-05
5.20648502192688e-05
2.4814900888017e-05
0.000256208403048196
0.000256283713824791
0.000237708196670423
0.000253687774177012
0.000341282194863481
0.000530382990603764
0.000767170341869459
0.000922113136134469
0.000954509321866372
0.000935485363269553
0.000878856223559684
0.000724261456368333
0.000505602321886927
0.00035062643652311
0.000297895200038214
0.000261951420299743
0.000181599385962483
8.87012608879386e-05
2.57927999113779e-05
2.25898097613497e-05
1.73500054261415e-05
2.24973828991651e-05
5.02836362455623e-05
0.000105347224660155
0.000174010113611989
0.000235620034228474
0.000285361661097028
0.000317342496485286
0.000303601702973836
0.00024120330134785
0.000191651092493156
0.000212076287963589
0.000268625552607372
0.000271933521415684
0.000194097551660118
9.4703301568077e-05
5.27175436164245e-07
4.53005731942003e-07
3.92528896191559e-07
8.37547121525013e-07
2.63587718082123e-06
7.12713803957116e-06
1.62134973429822e-05
3.1388618826853e-05
4.9649200006369e-05
6.0684510922266e-05
5.57254103907296e-05
4.11744554946983e-05
3.51370415710078e-05
4.70121817531751e-05
6.44877051403081e-05
6.60441278566025e-05
4.69231781081084e-05
2.27415723869121e-05
1.14107237264988e-09
1.14107237264988e-09
3.42321711794965e-09
2.62446645709473e-08
1.51762625562434e-07
6.70950555118131e-07
2.17374286989802e-06
5.01387200542358e-06
8.10503706293211e-06
9.10575753374606e-06
7.10773980923611e-06
4.00972831749168e-06
2.12467675787408e-06
1.8873337043629e-06
2.23878399513907e-06
2.12353568550143e-06
1.4137886697132e-06
6.48129107665133e-07
0
0
0
1.14107237264988e-09
7.98750660854917e-09
3.8796460670096e-08
1.30082250482087e-07
3.01243106379569e-07
4.8153254125825e-07
5.27175436164245e-07
3.94811040936859e-07
2.03110882331679e-07
7.64518489675421e-08
3.19500264341967e-08
2.28214474529976e-08
1.82571579623981e-08
1.02696513538489e-08
3.42321711794965e-09
0
0
0
0
0
1.14107237264988e-09
2.28214474529976e-09
5.70536186324941e-09
7.98750660854917e-09
9.12857898119905e-09
6.84643423589929e-09
3.42321711794965e-09
1.14107237264988e-09
0
0
0
0
0
0
0
0
0
0
0
0
0
0
0
0
0
0
0
0
0
0
0
0
0
0
0
0
0
0
0
0
0
0
0
0
0
0
0
0
0
0
0
0
0
0
0
0
0
0
0
0
0
0
0
0
0
0
0
0
0
0
0
0
0
0
0
0
0
0
0
0
0
0
0
0
0
0
0
0
0
0
0
0
0
0
0
0
0
0
0
0
0
0
0
0
0
0
0
0
0
0
0
0
0
0
0
0
0
0
0
0
0
0
0
0
0
0
0
0
0
0
0
0
0
0
0
0
0
0
0
0
0
0
0
0
0
0
0
0
0
0
0
0
0
0
0
0
0
0
0
0
0
0
0
0
0
0
0
1.14107237264988e-09
0
0
0
0
0
0
0
6.18233011501706e-06
1.08367643230559e-05
1.78189861713006e-05
2.60929019453848e-05
3.8727996327737e-05
6.33249523925778e-05
9.37733275843673e-05
0.000103815905536059
7.97803570785618e-05
4.19526668528456e-05
1.56977326305444e-05
5.01615415016888e-06
1.89760335571675e-06
8.10161384581416e-07
2.8526809316247e-07
7.87339937128418e-08
1.9398230335048e-08
5.70536186324941e-09
0.00017655128178588
0.000214446295281583
0.000252155313980544
0.000281051830745529
0.000300241244836382
0.000365593882835159
0.000483472364291755
0.000535833893327913
0.000437163083120132
0.000266142579124486
0.000143084770168432
8.69599844472748e-05
5.50829866449278e-05
2.77702783331802e-05
9.87712245765738e-06
2.52861637779214e-06
5.55702245480492e-07
1.40351901835935e-07
0.000604857361149504
0.000688129399688375
0.000740549123415538
0.000749670855962501
0.000681651531828841
0.000656687150460007
0.000763740278317274
0.000858638703261074
0.000775502452334549
0.000572294578851194
0.000405902264399016
0.000303734067369064
0.000205200185846001
0.000106803233007656
4.34337787925451e-05
1.72290517546406e-05
7.93844049652523e-06
3.44261534828469e-06
0.00023408529188726
0.000246246841234962
0.000240021150369785
0.00023687977812788
0.000245896532016559
0.000307132180894815
0.000426340011665548
0.000519588445958496
0.000509730721731174
0.000420616392644336
0.000318135541784278
0.000223879540586279
0.000138773798744561
8.04524487060526e-05
5.55131709294168e-05
4.43820099342172e-05
3.01163231313483e-05
1.46353942516074e-05
2.293441361789e-05
2.00931434099918e-05
1.42634046581235e-05
1.31531412395352e-05
2.2725597373695e-05
4.61780578487681e-05
7.80151181180724e-05
0.00010351922671917
0.000112493760930061
0.000106590993546343
8.9439534713043e-05
6.44534729691286e-05
4.34691520360973e-05
3.83297620696822e-05
4.40510989461487e-05
4.40841900449555e-05
3.1678451209506e-05
1.55779200314162e-05
4.64416455668502e-07
3.8225924483771e-07
2.33919836393226e-07
2.12239461312878e-07
4.7925039651295e-07
1.15704738586698e-06
2.30268404800746e-06
4.01201046223698e-06
6.33865703007009e-06
8.51924633420402e-06
8.92204488174943e-06
7.29373460597804e-06
6.04882464741702e-06
7.36105787596439e-06
9.90793141171892e-06
1.02936138736746e-05
7.44777937628578e-06
3.66626553332407e-06
1.14107237264988e-09
1.14107237264988e-09
0
1.14107237264988e-09
3.42321711794965e-09
1.14107237264988e-08
3.8796460670096e-08
9.92732964205397e-08
1.85994796741931e-07
2.54459139100924e-07
2.52176994355624e-07
1.9055908623253e-07
1.49480480817135e-07
1.80289434878681e-07
2.41907343001775e-07
2.51035921982974e-07
1.80289434878681e-07
8.78625726940409e-08
0
0
0
0
0
0
1.14107237264988e-09
3.42321711794965e-09
5.70536186324941e-09
6.84643423589929e-09
4.56428949059953e-09
2.28214474529976e-09
1.14107237264988e-09
1.14107237264988e-09
1.14107237264988e-09
1.14107237264988e-09
0
0
0
0
0
0
0
0
0
0
0
0
0
0
0
0
0
0
0
0
0
0
0
0
0
0
0
0
0
0
0
0
0
0
0
0
0
0
0
0
0
0
0
0
0
0
0
0
0
0
0
0
0
0
0
0
0
0
0
0
0
0
0
0
0
0
0
0
0
0
0
0
0
0
0
0
0
0
0
0
0
0
0
0
0
0
0
0
0
0
0
0
0
0
0
0
0
0
0
0
0
0
0
0
0
0
0
0
0
0
0
0
0
0
0
0
0
0
0
0
0
0
0
0
0
0
0
0
0
0
0
0
0
0
0
0
0
0
0
0
0
0
0
0
0
0
0
0
0
0
0
0
0
0
0
0
0
0
0
0
0
0
0
0
0
0
0
0
0
0
0
0
0
0
0
0
0
0
0
0
0
0
1.8850515596176e-06
3.3330724005103e-06
5.2843061577416e-06
6.99135042722583e-06
8.86499126311693e-06
1.30823947524309e-05
1.9055908623253e-05
2.13266426448263e-05
1.65900512259566e-05
8.75544831534254e-06
3.15734725512222e-06
8.29559614916464e-07
1.9740552046843e-07
5.59125462598442e-08
1.59750132170983e-08
3.42321711794965e-09
1.14107237264988e-09
0
5.30918153546537e-05
6.70186036628455e-05
8.09568026947638e-05
8.77359136606768e-05
8.31236991304259e-05
8.53647652703103e-05
0.000105295876403386
0.000118426196195468
9.93280678944269e-05
5.95126295955546e-05
2.67353256911867e-05
1.06484873815687e-05
4.56771270771748e-06
1.9284123097783e-06
6.37859456311284e-07
1.54044770307734e-07
2.96678816888969e-08
6.84643423589929e-09
0.000181398557224897
0.000215346601383604
0.000242450493451156
0.00024653439147287
0.00020799467208662
0.000170012937090597
0.000179758836225399
0.000207355671557937
0.000192888014945109
0.000132629124017841
7.06837281237969e-05
3.3924081638881e-05
1.64622511202198e-05
7.36105787596439e-06
2.75683085232211e-06
9.99579398441296e-07
4.30184284489005e-07
1.81430507251331e-07
6.96385058304496e-05
7.58961467220616e-05
7.70201030091217e-05
7.4555386684198e-05
6.68291856489856e-05
6.86879925440323e-05
9.24599532834473e-05
0.000119280859402583
0.000118128376306206
8.63711911029875e-05
4.88321921875517e-05
2.3703496397056e-05
1.09565769221842e-05
5.26262578266125e-06
3.18587406443847e-06
2.3973930549374e-06
1.60320668357308e-06
7.7592921340192e-07
6.70380018931806e-06
5.91760132456229e-06
4.13752842322847e-06
3.15278296563162e-06
4.12041233763872e-06
8.23854253053215e-06
1.53964895241649e-05
2.18732163113256e-05
2.28077545845258e-05
1.78281147502818e-05
1.10398752053876e-05
5.85598341643919e-06
3.06492039293758e-06
2.23079648853052e-06
2.3745716074844e-06
2.34033943630491e-06
1.67851746016798e-06
8.26136397798514e-07
1.34646539972686e-07
1.10684020147039e-07
6.39000528683934e-08
3.8796460670096e-08
6.96054147316428e-08
1.80289434878681e-07
3.74271738229161e-07
5.91075489032639e-07
7.43979186967723e-07
7.78211358147219e-07
6.7779698935403e-07
4.91802192612099e-07
3.62861014502662e-07
4.01657475172758e-07
5.24893291418946e-07
5.43150449381344e-07
3.93669968564209e-07
1.9398230335048e-07
0
0
0
0
0
0
1.14107237264988e-09
3.42321711794965e-09
6.84643423589929e-09
1.02696513538489e-08
1.14107237264988e-08
9.12857898119905e-09
7.98750660854917e-09
9.12857898119905e-09
1.25517960991487e-08
1.25517960991487e-08
9.12857898119905e-09
4.56428949059953e-09
0
0
0
0
0
0
0
0
0
0
0
0
0
0
0
0
0
0
0
0
0
0
0
0
0
0
0
0
0
0
0
0
0
0
0
0
0
0
0
0
0
0
0
0
0
0
0
0
0
0
0
0
0
0
0
0
0
0
0
0
0
0
0
0
0
0
0
0
0
0
0
0
0
0
0
0
0
0
0
0
0
0
0
0
0
0
0
0
0
0
0
0
0
0
0
0
0
0
0
0
0
0
0
0
0
0
0
0
0
0
0
0
0
0
0
0
0
0
0
0
0
0
0
0
0
0
0
0
0
0
0
0
0
0
0
0
0
0
0
0
0
0
0
0
0
0
0
0
0
0
0
0
0
0
0
0
0
0
0
0
0
0
0
0
0
0
0
0
0
0
0
0
0
0
0
0
0
0
0
0
0
0
0
0
0
0
0
0
0
0
0
0
0
0
0
0
0
0
1.25517960991487e-07
2.24791257412027e-07
3.56014580266763e-07
4.63275383295852e-07
5.63689752089042e-07
7.95327443736968e-07
1.13764915553193e-06
1.27115462313197e-06
9.89309747087448e-07
5.22611146673646e-07
1.85994796741931e-07
4.56428949059953e-08
7.98750660854917e-09
1.14107237264988e-09
0
0
0
0
3.51222076301634e-06
4.48213227976874e-06
5.46459559262028e-06
5.90733167320844e-06
5.45546701363909e-06
5.3322311973929e-06
6.39342850395729e-06
7.20244881616605e-06
6.08762110808712e-06
3.62518692790867e-06
1.52104947274229e-06
4.70121817531751e-07
1.22094743873537e-07
3.19500264341967e-08
7.98750660854917e-09
2.28214474529976e-09
0
0
1.19812599128238e-05
1.43763708230159e-05
1.63629778237993e-05
1.66665030749242e-05
1.38309382288892e-05
1.08242125269568e-05
1.11014931135107e-05
1.29089517517881e-05
1.21261761041503e-05
8.1666549710552e-06
3.89219786310875e-06
1.36928684717986e-06
4.02798547545408e-07
1.17530454382938e-07
3.53732435521463e-08
1.14107237264988e-08
4.56428949059953e-09
2.28214474529976e-09
4.58939308279782e-06
5.04696310423043e-06
5.17248106522191e-06
4.98648626847998e-06
4.30640713438065e-06
4.16149094305412e-06
5.54218851396048e-06
7.30742747444984e-06
7.27775959276095e-06
5.11314530184412e-06
2.52861637779214e-06
9.12857898119905e-07
2.68152007572722e-07
8.21572108307915e-08
3.8796460670096e-08
2.73857369435972e-08
1.82571579623981e-08
9.12857898119905e-09
4.39312863470205e-07
3.8910567907361e-07
2.71575224690672e-07
1.9512337572313e-07
2.29355546902626e-07
4.54146804314653e-07
8.91177523039558e-07
1.30538679431147e-06
1.34532432735421e-06
9.699115167524e-07
4.96366482102699e-07
1.8827694148723e-07
6.27589804957435e-08
2.96678816888969e-08
2.73857369435972e-08
2.62446645709473e-08
1.9398230335048e-08
9.12857898119905e-09
9.12857898119905e-09
6.84643423589929e-09
4.56428949059953e-09
2.28214474529976e-09
3.42321711794965e-09
9.12857898119905e-09
2.05393027076979e-08
3.08089540615468e-08
3.30910988068466e-08
2.62446645709473e-08
1.59750132170983e-08
9.12857898119905e-09
4.56428949059953e-09
4.56428949059953e-09
5.70536186324941e-09
5.70536186324941e-09
4.56428949059953e-09
2.28214474529976e-09
0
0
0
0
0
0
0
0
0
0
0
0
0
0
0
0
0
0
0
0
0
0
0
0
0
0
0
0
0
0
0
0
0
0
0
0
0
0
0
0
0
0
0
0
0
0
0
0
0
0
0
0
0
0
0
0
0
0
0
0
0
0
0
0
0
0
0
0
0
0
0
0
0
0
0
0
0
0
0
0
0
0
0
0
0
0
0
0
0
0
0
0
0
0
0
0
0
0
0
0
0
0
0
0
0
0
0
0
0
0
0
0
0
0
0
0
0
0
0
0
0
0
0
0
0
0
0
0
0
0
0
0
0
0
0
0
0
0
0
0
0
0
0
0
0
0
0
0
0
0
0
0
0
0
0
0
0
0
0
0
0
0
0
0
0
0
0
0
0
0
0
0
0
0
0
0
0
0
0
0
0
0
0
0
0
0
0
0
0
0
0
0
0
0
0
0
0
0
0
0
0
0
0
0
0
0
0
0
0
0
0
0
0
0
0
0
1.14107237264988e-09
2.28214474529976e-09
4.56428949059953e-09
5.70536186324941e-09
6.84643423589929e-09
1.02696513538489e-08
1.48339408444485e-08
1.59750132170983e-08
1.25517960991487e-08
6.84643423589929e-09
2.28214474529976e-09
0
0
0
0
0
0
0
4.22196777880456e-08
5.36304015145444e-08
6.61821976136931e-08
7.64518489675421e-08
8.21572108307915e-08
9.58500793025901e-08
1.17530454382938e-07
1.20953671500887e-07
9.35679345572903e-08
5.13482567692447e-08
1.9398230335048e-08
5.70536186324941e-09
1.14107237264988e-09
0
0
0
0
0
1.42634046581235e-07
1.72301928270132e-07
2.00828737586379e-07
2.20226967921427e-07
2.25932329784677e-07
2.46471632492374e-07
2.82985948417171e-07
2.84127020789821e-07
2.20226967921427e-07
1.26659033364137e-07
5.36304015145444e-08
1.59750132170983e-08
3.42321711794965e-09
1.14107237264988e-09
0
0
0
0
5.47714738871943e-08
6.04768357504437e-08
6.39000528683934e-08
6.84643423589929e-08
7.64518489675421e-08
9.81322240478898e-08
1.27800105736787e-07
1.40351901835935e-07
1.17530454382938e-07
7.18875594769426e-08
3.19500264341967e-08
1.02696513538489e-08
2.28214474529976e-09
0
0
0
0
0
5.70536186324941e-09
4.56428949059953e-09
3.42321711794965e-09
3.42321711794965e-09
5.70536186324941e-09
1.02696513538489e-08
1.71160855897482e-08
2.16803750803478e-08
1.9398230335048e-08
1.25517960991487e-08
5.70536186324941e-09
2.28214474529976e-09
0
0
0
0
0
0
0
0
0
0
0
0
0
0
0
0
0
0
0
0
0
0
0
0
0
0
0
0
0
0
0
0
0
0
0
0
0
0
0
0
0
0
0
0
0
0
0
0
0
0
0
0
0
0
0
0
0
0
0
0
0
0
0
0
0
0
0
0
0
0
0
0
0
0
0
0
0
0
0
0
0
0
0
0
0
0
0
0
0
0
0
0
0
0
0
0
0
0
0
0
0
0
0
0
0
0
0
0
0
0
0
0
0
0
0
0
0
0
0
0
0
0
0
0
0
0
0
0
0
0
0
0
0
0
0
0
0
0
0
0
0
0
0
0
0
0
0
0
0
0
0
0
0
0
0
0
0
0
0
0
0
0
0
0
0
0
0
0
0
0
0
0
0
0
0
0
0
0
0
0
0
0
0
0
0
0
0
0
0
0
0
0
0
0
0
0
0
0
0
0
0
0
0
0
0
0
0
0
0
0
0
0
0
0
0
0
0
0
0
0
0
0
0
0
0
0
0
0
0
0
0
0
0
0
0
0
0
0
0
0
0
0
2.28214474529976e-09
1.14107237264988e-08
3.42321711794965e-08
6.61821976136931e-08
8.55804279487411e-08
7.41697042222423e-08
4.33607501606955e-08
1.71160855897482e-08
4.56428949059953e-09
1.14107237264988e-09
0
0
0
0
0
0
2.28214474529976e-09
1.71160855897482e-08
1.11825092519688e-07
4.90661120239449e-07
1.42634046581235e-06
2.75797192469476e-06
3.55786365792233e-06
3.08089540615468e-06
1.80175327641416e-06
7.16593450024126e-07
1.9512337572313e-07
3.65143159247962e-08
4.56428949059953e-09
0
0
0
0
0
5.70536186324941e-09
6.04768357504437e-08
4.00516402800109e-07
1.75953359862612e-06
5.11770959133472e-06
9.89309747087448e-06
1.27640355604616e-05
1.10512859291141e-05
6.46303391868893e-06
2.57083605558018e-06
6.99477364434378e-07
1.31223322854736e-07
1.71160855897482e-08
1.14107237264988e-09
0
0
0
0
2.28214474529976e-09
2.51035921982974e-08
1.65455494034233e-07
7.28004173750625e-07
2.11668925126553e-06
4.09302660069513e-06
5.279741868251e-06
4.57227699720808e-06
2.67353256911867e-06
1.06347945130969e-06
2.8983238265307e-07
5.36304015145444e-08
6.84643423589929e-09
0
0
0
0
0
0
2.28214474529976e-09
1.82571579623981e-08
8.10161384581416e-08
2.35060908765876e-07
4.55287876687303e-07
5.87652271914689e-07
5.08918278201847e-07
2.97819889261619e-07
1.18671526755588e-07
3.19500264341967e-08
5.70536186324941e-09
1.14107237264988e-09
0
0
0
0
0
0
0
0
1.14107237264988e-09
4.56428949059953e-09
9.12857898119905e-09
1.25517960991487e-08
1.02696513538489e-08
5.70536186324941e-09
2.28214474529976e-09
1.14107237264988e-09
0
0
0
0
0
0
0
0
0
0
0
0
0
0
0
0
0
0
0
0
0
0
0
0
0
0
0
0
0
0
0
0
0
0
0
0
0
0
0
0
0
0
0
0
0
0
0
0
0
0
0
0
0
0
0
0
0
0
0
0
0
0
0
0
0
0
0
0
0
0
0
0
0
0
0
0
0
0
0
0
0
0
0
0
0
0
0
0
0
0
0
0
0
0
0
0
0
0
0
0
0
0
0
0
0
0
0
0
0
0
0
0
0
0
0
0
0
0
0
0
0
0
0
0
0
0
0
0
0
0
0
0
0
0
0
0
0
0
0
0
0
0
0
0
0
0
0
0
0
0
0
0
0
0
0
0
0
0
0
0
0
0
0
0
0
0
0
0
0
0
0
0
0
0
0
0
0
0
0
0
0
0
0
0
0
0
0
0
0
0
0
0
0
0
0
0
0
0
0
0
0
0
0
0
0
0
0
0
0
0
0
0
0
0
0
0
0
0
0
0
0
0
0
1.14107237264988e-09
5.70536186324941e-09
3.99375330427459e-08
1.74584073015432e-07
5.06636133456548e-07
9.79040095733599e-07
1.26316711652342e-06
1.09428840537124e-06
6.40141601056584e-07
2.54459139100924e-07
6.96054147316428e-08
1.25517960991487e-08
1.14107237264988e-09
0
0
0
0
0
2.39625198256475e-08
2.47612704865024e-07
1.64542636136113e-06
7.22755240836435e-06
2.10242584660741e-05
4.06415746966708e-05
5.24334165956347e-05
4.53975643458756e-05
2.65516130391901e-05
1.056290695362e-05
2.8755023790777e-06
5.37445087518094e-07
6.84643423589929e-08
4.56428949059953e-09
0
0
0
0
8.6721500321391e-08
8.88895378294258e-07
5.90504952846314e-06
2.59285875237233e-05
7.54260249045298e-05
0.000145807368849575
0.000188113768137942
0.000162870965110181
9.52567216688121e-05
3.78938724233299e-05
1.03152942487549e-05
1.9284123097783e-06
2.47612704865024e-07
1.59750132170983e-08
0
0
0
0
3.65143159247962e-08
3.67425303993262e-07
2.4430359498434e-06
1.07272213752815e-05
3.12037651024837e-05
6.03205088353907e-05
7.78222768870946e-05
6.73803236049755e-05
3.94080754618363e-05
1.56771933278367e-05
4.26761067371056e-06
7.97609588482267e-07
1.02696513538489e-07
6.84643423589929e-09
0
0
0
0
4.56428949059953e-09
4.10786054153957e-08
2.71575224690672e-07
1.19356170179178e-06
3.47114215760094e-06
6.70950555118131e-06
8.656175018922e-06
7.49456334356442e-06
4.3828589833482e-06
1.74355858540902e-06
4.74686107022351e-07
8.90036450666908e-08
1.14107237264988e-08
1.14107237264988e-09
0
0
0
0
0
1.14107237264988e-09
5.70536186324941e-09
2.51035921982974e-08
7.30286318495924e-08
1.40351901835935e-07
1.81430507251331e-07
1.57467987425684e-07
9.12857898119905e-08
3.65143159247962e-08
1.02696513538489e-08
2.28214474529976e-09
0
0
0
0
0
0
0
0
0
0
0
0
0
0
0
0
0
0
0
0
0
0
0
0
0
0
0
0
0
0
0
0
0
0
0
0
0
0
0
0
0
0
0
0
0
0
0
0
0
0
0
0
0
0
0
0
0
0
0
0
0
0
0
0
0
0
0
0
0
0
0
0
0
0
0
0
0
0
0
0
0
0
0
0
0
0
0
0
0
0
0
0
0
0
0
0
0
0
0
0
0
0
0
0
0
0
0
0
0
0
0
0
0
0
0
0
0
0
0
0
0
0
0
0
0
0
0
0
0
0
0
0
0
0
0
0
0
0
0
0
0
0
0
0
0
0
0
0
0
0
0
0
0
0
0
0
0
0
0
0
0
0
0
0
0
0
0
0
0
0
0
0
0
0
0
0
0
0
0
0
0
0
0
0
0
0
0
0
0
0
0
0
0
0
0
0
0
0
0
0
0
0
0
0
0
0
0
0
0
0
0
0
0
0
0
0
0
0
0
0
0
0
2.28214474529976e-09
1.82571579623981e-08
1.17530454382938e-07
5.18046857183046e-07
1.50621553189784e-06
2.91087562262985e-06
3.75526917839076e-06
3.25205626205216e-06
1.90216764520735e-06
7.56530983066872e-07
2.05393027076979e-07
3.8796460670096e-08
4.56428949059953e-09
0
0
0
0
0
7.18875594769426e-08
7.35991680359174e-07
4.89177726155004e-06
2.14818284875067e-05
6.24885463434255e-05
0.000120796203513462
0.000155846523584148
0.000134934090210594
7.89177063648385e-05
3.13943241887162e-05
8.54549099877497e-06
1.59750132170983e-06
2.05393027076979e-07
1.36928684717986e-08
0
0
0
0
2.59023428591523e-07
2.64158254268448e-06
1.75508341637278e-05
7.70668869764004e-05
0.000224184206909777
0.000433374722842935
0.000559122039381324
0.000484094248734849
0.000283127441391379
0.000112631830687152
3.06594735807297e-05
5.73160652782036e-06
7.35991680359174e-07
4.7925039651295e-08
0
0
0
0
1.07260803029089e-07
1.09314733299859e-06
7.2606435071712e-06
3.18827031642103e-05
9.27452213766098e-05
0.000179287573335495
0.00023130792173223
0.000200269612123781
0.000117129937980138
4.65956903371579e-05
1.26841604943761e-05
2.37114839036645e-06
3.04666323497518e-07
1.9398230335048e-08
0
0
0
0
1.14107237264988e-08
1.22094743873537e-07
8.07879239836116e-07
3.54645293419583e-06
1.03152942487549e-05
1.99413807844293e-05
2.57277587861369e-05
2.2276014858871e-05
1.30276232785437e-05
5.18275071657576e-06
1.41036545259525e-06
2.63587718082123e-07
3.42321711794965e-08
2.28214474529976e-09
0
0
0
0
0
2.28214474529976e-09
1.71160855897482e-08
7.41697042222423e-08
2.15662678430828e-07
4.17632488389857e-07
5.38586159890744e-07
4.66698600413802e-07
2.72716297063322e-07
1.08401875401739e-07
2.96678816888969e-08
5.70536186324941e-09
1.14107237264988e-09
0
0
0
0
0
0
0
0
0
0
1.14107237264988e-09
1.14107237264988e-09
1.14107237264988e-09
0
0
0
0
0
0
0
0
0
0
0
0
0
0
0
0
0
0
0
0
0
0
0
0
0
0
0
0
0
0
0
0
0
0
0
0
0
0
0
0
0
0
0
0
0
0
0
0
0
0
0
0
0
0
0
0
0
0
0
0
0
0
0
0
0
0
0
0
0
0
0
0
0
0
0
0
0
0
0
0
0
0
0
0
0
0
0
0
0
0
0
0
0
0
0
0
0
0
0
0
0
0
0
0
0
0
0
0
0
0
0
0
0
0
0
0
0
0
0
0
0
0
0
0
0
0
0
0
0
0
0
0
0
0
0
0
0
0
0
0
0
0
0
0
0
0
0
0
0
0
0
0
0
0
0
0
0
0
0
0
0
0
0
0
0
0
0
0
0
0
0
0
0
0
0
0
0
0
0
0
0
0
0
0
0
0
0
0
0
0
0
0
0
0
0
0
0
0
0
0
0
0
0
0
0
0
0
0
1.14107237264988e-09
1.48339408444485e-08
1.01555441165839e-07
4.47300370078754e-07
1.29968143244822e-06
2.51264136457504e-06
3.24178661069831e-06
2.80703803671871e-06
1.64200314424318e-06
6.52693397155733e-07
1.78007290133382e-07
3.30910988068466e-08
4.56428949059953e-09
0
0
0
0
0
6.27589804957435e-08
6.35577311565984e-07
4.22310885117721e-06
1.85447082003059e-05
5.39441964170232e-05
0.000104280321991727
0.000134538138097284
0.000116485232089591
6.81277260090612e-05
2.71016099228073e-05
7.37703288918149e-06
1.37955649853371e-06
1.76866217760732e-07
1.14107237264988e-08
0
0
0
0
2.23650185039377e-07
2.28100367292711e-06
1.51511589640451e-05
6.65302246873514e-05
0.000193532720835656
0.000374122257748344
0.000482675895775645
0.000417906345759293
0.000244417702221605
9.72319179458691e-05
2.64683147559867e-05
4.94768980780989e-06
6.35577311565984e-07
4.10786054153957e-08
0
0
0
0
9.24268621846404e-08
9.43666852181452e-07
6.2679105429658e-06
2.75238067006878e-05
8.00644840993516e-05
0.000154773915553857
0.000199683100924239
0.000172888439469674
0.000101114987229997
4.02250832806536e-05
1.09497304879483e-05
2.04708383653389e-06
2.62446645709473e-07
1.71160855897482e-08
0
0
0
0
1.02696513538489e-08
1.04978658283789e-07
6.97195219689078e-07
3.06149717581963e-06
8.90492879615968e-06
1.72153588861688e-05
2.22098326612573e-05
1.92304926962685e-05
1.12464093048372e-05
4.47414477316019e-06
1.21752422161742e-06
2.28214474529976e-07
2.96678816888969e-08
2.28214474529976e-09
0
0
0
0
0
2.28214474529976e-09
1.48339408444485e-08
6.39000528683934e-08
1.85994796741931e-07
3.60578869757363e-07
4.65557528041152e-07
4.02798547545408e-07
2.35060908765876e-07
9.35679345572903e-08
2.51035921982974e-08
4.56428949059953e-09
1.14107237264988e-09
0
0
0
0
0
0
0
0
0
0
1.14107237264988e-09
1.14107237264988e-09
1.14107237264988e-09
0
0
0
0
0
0
0
0
0
0
0
0
0
0
0
0
0
0
0
0
0
0
0
0
0
0
0
0
0
0
0
0
0
0
0
0
0
0
0
0
0
0
0
0
0
0
0
0
0
0
0
0
0
0
0
0
0
0
0
0
0
0
0
0
0
0
0
0
0
0
0
0
0
0
0
0
0
0
0
0
0
0
0
0
0
0
0
0
0
0
0
0
0
0
0
0
0
0
0
0
0
0
0
0
0
0
0
0
0
0
0
0
0
0
0
0
0
0
0
0
0
0
0
0
0
0
0
0
0
0
0
0
0
0
0
0
0
0
0
0
0
0
0
0
0
0
0
0
0
0
0
0
0
0
0
0
0
0
0
0
0
0
0
0
0
0
0
0
0
0
0
0
0
0
0
0
0
0
0
0
0
0
0
0
0
0
0
0
0
0
0
0
0
0
0
0
0
0
0
0
0
0
0
0
0
0
0
0
0
4.56428949059953e-09
2.96678816888969e-08
1.27800105736787e-07
3.71989593483861e-07
7.18875594769426e-07
9.27691838964354e-07
8.03314950345517e-07
4.70121817531751e-07
1.87135869114581e-07
5.13482567692447e-08
9.12857898119905e-09
1.14107237264988e-09
0
0
0
0
0
1.82571579623981e-08
1.81430507251331e-07
1.20839564263622e-06
5.3048454604493e-06
1.54295806229717e-05
2.98276318210679e-05
3.84826657676173e-05
3.33181722090039e-05
1.94872339801147e-05
7.7524456997833e-06
2.10984281702963e-06
3.94811040936859e-07
5.02071843965948e-08
3.42321711794965e-09
0
0
0
0
6.39000528683934e-08
6.52693397155733e-07
4.33379287132425e-06
1.90296639586821e-05
5.53568440143637e-05
0.000107012049251851
0.000138061769584027
0.000119535318541684
6.9911222127513e-05
2.78113569385956e-05
7.57101519253197e-06
1.41492974208585e-06
1.81430507251331e-07
1.14107237264988e-08
0
0
0
0
2.62446645709473e-08
2.69293079945372e-07
1.79262469743296e-06
7.87225829891153e-06
2.29013225190831e-05
4.42701848416975e-05
5.71163776129898e-05
4.94517944859006e-05
2.89227614295566e-05
1.15054327334288e-05
3.13224366292393e-06
5.85370127169389e-07
7.53107765948922e-08
4.56428949059953e-09
0
0
0
0
3.42321711794965e-09
2.96678816888969e-08
1.99687665213729e-07
8.75202509822459e-07
2.54687353575454e-06
4.92372728798424e-06
6.35234989854189e-06
5.49996883617243e-06
3.21668301850002e-06
1.28028320211317e-06
3.48027073658214e-07
6.50411252410433e-08
7.98750660854917e-09
0
0
0
0
0
0
1.14107237264988e-09
4.56428949059953e-09
1.82571579623981e-08
5.36304015145444e-08
1.02696513538489e-07
1.33505467600036e-07
1.15248309637638e-07
6.7323269986343e-08
2.62446645709473e-08
6.84643423589929e-09
1.14107237264988e-09
0
0
0
0
0
0
0
0
0
0
0
0
0
0
0
0
0
0
0
0
0
0
0
0
0
0
0
0
0
0
0
0
0
0
0
0
0
0
0
0
0
0
0
0
0
0
0
0
0
0
0
0
0
0
0
0
0
0
0
0
0
0
0
0
0
0
0
0
0
0
0
0
0
0
0
0
0
0
0
0
0
0
0
0
0
0
0
0
0
0
0
0
0
0
0
0
0
0
0
0
0
0
0
0
0
0
0
0
0
0
0
0
0
0
0
0
0
0
0
0
0
0
0
0
0
0
0
0
0
0
0
0
0
0
0
0
0
0
0
0
0
0
0
0
0
0
0
0
0
0
0
0
0
0
0
0
0
0
0
0
0
0
0
0
0
0
0
0
0
0
0
0
0
0
0
0
0
0
0
0
0
0
0
0
0
0
0
0
0
0
0
0
0
0
0
0
0
0
0
0
0
0
0
0
0
0
0
0
0
0
0
0
0
0
0
0
0
0
0
0
0
0
0
