1.01244974351341e-08
5.23099034148593e-08
1.63679375201334e-07
3.15546836728345e-07
3.83043486295906e-07
2.95297841858077e-07
1.48492629048633e-07
8.09959794810725e-08
2.69986598270242e-07
1.07319672812421e-06
2.5024382827173e-06
3.26683783906993e-06
2.35394565366867e-06
7.08714820459385e-08
5.9734534867291e-07
2.8095480382497e-06
7.33013614303706e-06
1.0748841443634e-05
9.0901112805112e-06
4.61677083042113e-06
1.50011303663903e-06
4.53914968341844e-07
9.29766347793145e-07
3.57900984331989e-06
8.33414880535453e-06
1.08720228290948e-05
7.83636101479377e-06
9.85451083686382e-07
7.84311067975052e-06
3.62203895741921e-05
9.30711300887091e-05
0.000133187763759189
0.000107684154720086
5.03896237346622e-05
1.42147943989282e-05
2.83317186559835e-06
1.47648920929038e-06
4.115608207382e-06
9.33141180271523e-06
1.21392724247257e-05
8.74587836771664e-06
3.4710152040118e-06
2.06219138591289e-05
8.88002795873217e-05
0.000224898836359111
0.000320872322379226
0.000259323815054806
0.000121504093719044
3.46190315632018e-05
7.10233495074655e-06
2.01308757335249e-06
1.91353001524034e-06
3.31914774248478e-06
4.15779361336172e-06
2.9782896621686e-06
6.46786644481148e-06
1.76419367807211e-05
5.05296792825149e-05
0.0001148539863204
0.000162057768195473
0.000134007848051435
6.62631482967133e-05
2.13930630804383e-05
6.13207061321287e-06
2.51256278015244e-06
1.20987744349852e-06
5.88908267476965e-07
3.79668653817528e-07
2.31176024768895e-07
7.98991589255997e-06
1.39515574656147e-05
1.90627412541183e-05
2.72078994406836e-05
3.59841513007057e-05
3.37483247837802e-05
2.08142793103965e-05
9.66720763431384e-06
5.55328684317104e-06
4.39740671932656e-06
2.72686464252944e-06
1.02763648966611e-06
2.31176024768895e-07
3.54357410229692e-08
3.08290946899832e-06
5.8806455935737e-06
1.02999887240097e-05
1.92416073754723e-05
2.88497554414145e-05
2.85139596098159e-05
1.8730320254998e-05
1.16094237256204e-05
1.20920247700285e-05
1.30842255186716e-05
8.94330606770176e-06
3.45920329033747e-06
7.42463145243165e-07
8.94330606770176e-08
4.74163963212112e-07
2.54462368869703e-06
1.08618983316597e-05
2.85747065944267e-05
4.38272619804562e-05
3.97656510927282e-05
2.32677825221773e-05
1.42350433937985e-05
1.69855318636766e-05
1.94592840703277e-05
1.34858305835986e-05
5.23099034148593e-06
1.11706955034313e-06
1.31618466656743e-07
1.11369471786475e-07
9.46640510185035e-07
4.51215102359142e-06
1.20582764452447e-05
1.83557138498981e-05
1.63443136927848e-05
9.25547807195173e-06
5.43854253890618e-06
6.47799094224661e-06
7.47356652336813e-06
5.1904923517454e-06
2.01477498959168e-06
4.30291140993198e-07
5.06224871756703e-08
1.01244974351341e-08
8.60582281986396e-08
4.13416978601308e-07
1.11200730162556e-06
1.71104006653766e-06
1.54061102637957e-06
8.7070677942153e-07
4.67414298255356e-07
4.99475206799947e-07
5.65284440128319e-07
3.91480567491851e-07
1.51867461527011e-07
3.20609085445912e-08
3.37483247837802e-09
3.37483247837802e-09
2.86860760662132e-08
1.33305882895932e-07
3.35795831598613e-07
4.64039465776978e-07
3.50982577751314e-07
1.48492629048633e-07
3.71231572621582e-08
1.01244974351341e-08
8.43708119594506e-09
5.06224871756703e-09
1.68741623918901e-09
0
0
2.24426359812138e-07
1.91015518276196e-06
8.7981882711315e-06
2.20022203427855e-05
2.98638926011671e-05
2.20022203427855e-05
8.7981882711315e-06
1.91015518276196e-06
2.24426359812138e-07
1.51867461527011e-08
0
0
0
0
2.92260492627537e-06
2.48067061323176e-05
0.000114285327047793
0.00028578250168529
0.000387898182816052
0.00028578250168529
0.000114285327047793
2.48067061323176e-05
2.92260492627537e-06
1.8730320254998e-07
0
0
0
0
6.87115892597765e-06
5.83137303938938e-05
0.000268646789776326
0.000671780653816016
0.00091182067608937
0.000671780653816016
0.000268646789776326
5.83137303938938e-05
6.87115892597765e-06
4.38728222189143e-07
0
0
0
0
5.06224871756703e-09
5.90595683716154e-08
4.45477887145899e-07
1.95402800498087e-06
4.99643948423866e-06
7.48706585328164e-06
6.64504514992633e-06
3.55876084844962e-06
1.47311437681201e-06
2.67792957159296e-06
1.01396841812868e-05
2.36170776836894e-05
3.08189701925481e-05
2.2211459956445e-05
1.75491288875657e-07
1.49842562039984e-06
7.53600092421812e-06
2.22097725402058e-05
3.95142260730891e-05
4.40904989137697e-05
3.1844919265975e-05
1.52846162945741e-05
6.12194611577773e-06
9.4596554368936e-06
3.39660014786356e-05
7.86690324872309e-05
0.000102589845093974
7.39324551038273e-05
2.87366985533889e-06
1.9007056518225e-05
8.50019056329072e-05
0.000220773103654294
0.000327039828733461
0.000283312124311117
0.000152228568602197
5.81466761862141e-05
2.23987631589949e-05
1.81937218909359e-05
4.10953350892092e-05
8.86855352830569e-05
0.000114649808955458
8.2526466010017e-05
1.73618256850157e-05
6.28832535696177e-05
0.000222526329126812
0.00054460009186834
0.000792932077541069
0.000681191374181973
0.00036722058422103
0.000149302588843444
6.66816275240321e-05
3.79634905492744e-05
2.81207916260849e-05
3.45582845785909e-05
3.99850152038228e-05
2.82642220064159e-05
5.39500719993511e-05
0.000105908992836459
0.000194417349414401
0.00036580652941259
0.000532214456672692
0.000514121979756108
0.000339195975320579
0.000180182306020603
0.00010089230435735
6.04820602612517e-05
3.03667426404454e-05
1.25020669161514e-05
5.64103248760886e-06
2.75048846987809e-06
7.48082241319664e-05
0.000126495470954565
0.000155922322749782
0.000199813706547328
0.000276408904476595
0.000302872653355796
0.000232065293126947
0.000139950928045858
9.18545029802538e-05
6.78864427188131e-05
3.99040192243417e-05
1.57267193492416e-05
4.4682782013725e-06
1.14069337769177e-06
2.90336838114861e-05
5.48983999257753e-05
9.42708830347725e-05
0.000175995826331175
0.000273509923377668
0.000290279465962729
0.000212234777483998
0.000138607744719464
0.000126024681823831
0.000123653862007771
8.22547919955075e-05
3.20929694531358e-05
7.35038513790733e-06
1.12381921529988e-06
4.18647968942794e-06
2.12783187761734e-05
8.93419402001014e-05
0.000236754622855653
0.000371933537777085
0.000352013589073459
0.000219136309902281
0.000137001324459756
0.000152356812236376
0.000168837806644535
0.000116106049169878
4.50371394239547e-05
9.69251887790168e-06
1.17106686999717e-06
9.48327926424224e-07
7.85492259342485e-06
3.72935863023163e-05
0.000100713438235996
0.000156976957899275
0.00014496255427625
8.56734972961045e-05
5.02023205321123e-05
5.66229393222265e-05
6.418931373875e-05
4.44516059889561e-05
1.72538310457076e-05
3.69544156382393e-06
4.37040805949954e-07
9.44953093945846e-08
7.81273718744512e-07
3.7156905586942e-06
1.0168370257353e-05
1.62515057996294e-05
1.54752943296024e-05
9.21498008221119e-06
4.73657738340355e-06
4.45140403898061e-06
4.8681958500603e-06
3.36639539718208e-06
1.31280983408905e-06
2.85173344422943e-07
3.54357410229692e-08
5.06224871756703e-09
3.88105735013473e-08
1.82240953832413e-07
4.91038125604002e-07
7.72836637548567e-07
7.20526734133708e-07
4.06667313644552e-07
1.56929710244578e-07
7.93085632418835e-08
7.08714820459385e-08
5.06224871756703e-08
2.19364111094571e-08
6.74966495675604e-09
1.68741623918901e-09
1.16431720504042e-07
9.93888164882328e-07
4.5762728406806e-06
1.14440569341799e-05
1.5534353897974e-05
1.14457443504191e-05
4.57796025691979e-06
9.93888164882328e-07
1.18119136743231e-07
8.43708119594506e-09
0
0
0
0
1.5203620315093e-06
1.28986097323608e-05
5.94240502792802e-05
0.000148595561439224
0.000201693488237784
0.000148595561439224
5.94240502792802e-05
1.28986097323608e-05
1.5203620315093e-06
9.78701418729626e-08
0
0
0
0
3.57226017836314e-06
3.03211824019873e-05
0.000139686003696306
0.000349301911177082
0.000474115028141176
0.000349301911177082
0.000139686003696306
3.03211824019873e-05
3.57226017836314e-06
2.27801192290516e-07
0
0
0
0
2.19364111094571e-08
3.27358750402668e-07
2.78592421090106e-06
1.32681538887432e-05
3.5648355469107e-05
5.49186489206456e-05
4.94885434629353e-05
2.66105540920107e-05
9.766765192426e-06
1.06779699615881e-05
3.73475836219704e-05
8.6766943019099e-05
0.000113213817735908
8.15950122459846e-05
2.37925689725651e-07
2.26788742547003e-06
1.47969530014484e-05
5.94966091775653e-05
0.000144047974674609
0.000209303735476527
0.000184227042745939
0.0001009547387582
4.04608665832741e-05
4.00744482644998e-05
0.000126163049955445
0.000289292327462803
0.000376911415682693
0.000271596393362428
4.84457202271165e-06
2.12698816949775e-05
8.83683010300893e-05
0.000252035864317749
0.000451962627753102
0.000521094383656437
0.000412298221634725
0.000254421870879962
0.000148949918849453
0.000109184267756725
0.000168766935162489
0.000331050817134014
0.000422429468734816
0.000303483498034383
5.04486833030339e-05
0.000116966631451865
0.000288068950689391
0.000667951906369296
0.00110436330606203
0.00122773030730914
0.000996989635929957
0.000704165546278531
0.000492458930077399
0.000314541136649788
0.000188933246637037
0.000159570516658909
0.000157930348074417
0.000107353421137205
0.00019354664263498
0.000348235464113915
0.000526867034610703
0.000908855885757115
0.00150071206940394
0.00184659696269667
0.0016427553935864
0.00118909522509667
0.000821230047872269
0.000529848699105349
0.000282429605618022
0.000127916275427962
5.69688596512602e-05
2.41891117887745e-05
0.000276432528303944
0.000475952624425652
0.000622224613703513
0.000885797342848597
0.00134747273847447
0.00162300924875541
0.00140823490983143
0.000974280388182951
0.000667199318726617
0.000470981496185002
0.000285853373167336
0.000141829022320076
6.36695895370798e-05
2.57482843937851e-05
0.000107783712278198
0.000207213026756171
0.000363832252412739
0.000696821910805581
0.00114184588298314
0.00133829319413328
0.0011244401844759
0.000783055630293096
0.00059784482387971
0.0004967432799087
0.000321744716574886
0.000140593833632989
4.63448870093262e-05
1.4221544063885e-05
1.58600252321375e-05
7.46428573405259e-05
0.000294546941631638
0.000771274090111078
0.00125326597725679
0.00128188624408967
0.000894463912653072
0.000578010933404282
0.000549537471784207
0.000556960415820399
0.000376582369516051
0.0001493093385084
3.53901807845111e-05
5.9430799944237e-06
4.00930098431309e-06
2.88514428576537e-05
0.00012671483506566
0.000334737821616642
0.000533766879612746
0.000521590484030758
0.000331152062108365
0.000192397512176092
0.000190885587225779
0.000205690977308423
0.000141813835573923
5.61842111000373e-05
1.296273154945e-05
1.95402800498087e-06
5.51785110214807e-07
3.72918988860771e-06
1.56187247099335e-05
4.07173538516308e-05
6.60066610283566e-05
6.62192754744944e-05
4.16555572806199e-05
2.03485524283803e-05
1.56305366236078e-05
1.61435111603213e-05
1.16516091316001e-05
5.23774000644269e-06
1.60135801099037e-06
3.71231572621582e-07
2.69986598270242e-08
1.72116456397279e-07
6.85090993110738e-07
1.76334996995252e-06
2.92091751003618e-06
3.03228698182265e-06
1.92027968019709e-06
7.86335967462079e-07
3.72918988860771e-07
3.94855399970229e-07
4.50540135863466e-07
3.84730902535095e-07
2.2105152733376e-07
7.76211470026945e-08
1.68741623918901e-08
1.41742964091877e-07
6.51342668326958e-07
1.6283566708174e-06
2.21726493829436e-06
1.64523083320929e-06
6.66529414479659e-07
1.48492629048633e-07
2.19364111094571e-08
1.34993299135121e-08
2.19364111094571e-08
2.36238273486462e-08
1.51867461527011e-08
5.06224871756703e-09
2.14301862377004e-07
1.81397245712819e-06
8.35439780022479e-06
2.089021304116e-05
2.8353655067093e-05
2.089021304116e-05
8.35439780022479e-06
1.81397245712819e-06
2.14301862377004e-07
1.34993299135121e-08
0
0
0
0
5.02850039278325e-07
4.26241342019144e-06
1.96364627754425e-05
4.91038125604002e-05
6.66512540317267e-05
4.91038125604002e-05
1.96364627754425e-05
4.26241342019144e-06
5.02850039278325e-07
3.20609085445912e-08
0
0
0
0
4.72476546972923e-08
7.44150561482354e-07
6.418931373875e-06
3.08206576087873e-05
8.32250563330412e-05
0.000128596304172355
0.000116109424002357
6.24698365910164e-05
2.18790389573247e-05
1.68876617218036e-05
5.38437647762822e-05
0.000124642687923935
0.000162609553305688
0.000117194432644155
2.88548176901321e-07
3.18752927582804e-06
2.47273975690758e-05
0.000113677857201685
0.000301050243817472
0.000463124886175338
0.000424290688846642
0.000242120606496274
9.9257198021576e-05
7.1652755764683e-05
0.000185323863301412
0.000416528574146372
0.000541672424693347
0.000390258878134678
5.44697962010213e-06
1.77313698413981e-05
7.13878314151303e-05
0.000246941554691637
0.000572354714170521
0.000854760695961194
0.000869017675766102
0.000683359704049331
0.000468414936085195
0.000304327206153977
0.000303547619851472
0.000496156059057462
0.00061467680086562
0.000439656301120697
6.9805034982771e-05
0.000143398319422521
0.000301009745827732
0.000714568467393131
0.00141676311150429
0.00204362811986557
0.00224369325143254
0.00208370763037879
0.00167921370885031
0.00109426243245425
0.000604903286008237
0.000387636633298978
0.000301976635332787
0.000187944420720872
0.000281982440314636
0.000523998427004081
0.000855150489112446
0.001621355580841
0.00293536179304364
0.00405482916186265
0.00421543406467618
0.00363036298172713
0.00280806479937546
0.00191000162788419
0.00113374459761879
0.000633702418962476
0.000342825607651075
0.000166050195017395
0.00040683774268471
0.0007444711705678
0.00113082874235747
0.00188704601736627
0.0030762171761937
0.00396047222059968
0.00386762045462206
0.00306531309245606
0.00222259886102644
0.00158192741299611
0.00109638688949939
0.000741540128560328
0.000468124700492055
0.000249243190441891
0.000166591855630174
0.000364594964552852
0.000760483063261464
0.0015696683340184
0.00264866133692423
0.00334885133054323
0.00319451855389076
0.00241133805479597
0.00164868666166714
0.00117856406034789
0.000821672150926936
0.000515898829055974
0.000295162848558942
0.00014400410185239
3.87312649381054e-05
0.000188339276120842
0.000670567401540039
0.00160401569156709
0.00253955469031451
0.00273198595081538
0.00214594797836128
0.00145891476915923
0.00111714548407389
0.000943938956786094
0.000647227060119576
0.000322139571974857
0.000131851330097751
4.89840060074178e-05
1.45640895604404e-05
8.48011031004438e-05
0.000306767210035845
0.000707776617030396
0.00105936328979534
0.00104088270714374
0.000705777028786957
0.000420650932018711
0.000344779635656056
0.000332724734043289
0.000246194029297677
0.000128280757335627
5.19217976798459e-05
1.71930840610968e-05
2.55137335365378e-06
1.39245588057877e-05
4.6495067054614e-05
0.000100082344562539
0.0001437763006601
0.000137726913442607
8.78772629044853e-05
4.44465437402386e-05
3.34192786171384e-05
4.02398150559403e-05
4.4254178288971e-05
3.65595602382691e-05
2.06826608437397e-05
7.34869772166814e-06
1.46805212809444e-07
7.69461805070189e-07
2.43494163314974e-06
4.97956532184677e-06
6.96227940289386e-06
6.63829548496957e-06
4.17804260823199e-06
2.04008623317951e-06
2.17676694855382e-06
4.86650843382111e-06
8.3071501455275e-06
8.83699884463285e-06
5.59715966538995e-06
2.04852331437546e-06
3.37483247837802e-09
1.51867461527011e-08
5.56847358932374e-08
1.23181385460798e-07
1.7042904015809e-07
1.46805212809444e-07
8.26833957202615e-08
5.06224871756703e-08
1.09682055547286e-07
3.10484588010778e-07
5.66971856367508e-07
6.19281759782367e-07
3.96542816209418e-07
1.45117796570255e-07
8.43708119594506e-09
6.91840658067495e-08
3.17234252967534e-07
7.94773048658024e-07
1.07825897684178e-06
7.94773048658024e-07
3.17234252967534e-07
6.91840658067495e-08
1.01244974351341e-08
5.06224871756703e-09
8.43708119594506e-09
8.43708119594506e-09
5.06224871756703e-09
1.68741623918901e-09
1.85615786310791e-08
1.61991958962145e-07
7.45837977721543e-07
1.86628236054305e-06
2.53281177502271e-06
1.86628236054305e-06
7.45837977721543e-07
1.61991958962145e-07
1.85615786310791e-08
1.68741623918901e-09
0
0
0
0
6.24344008499934e-08
7.49212810199921e-07
5.84520985255073e-06
2.71724636996606e-05
7.26415816808477e-05
0.000111929693977885
0.000101081294976139
5.45018571095659e-05
1.85615786310791e-05
9.6891440454233e-06
2.56858499929351e-05
5.89110757425668e-05
7.68229991215581e-05
5.53675016402698e-05
5.53472526453996e-07
4.19322935438469e-06
2.49012014417122e-05
0.000103004949488815
0.000265157212993683
0.000408893015664042
0.000383760638197561
0.000232868503256801
0.000105330209066417
5.79644352323817e-05
9.56123789449277e-05
0.000199417163731118
0.000257518279678874
0.000185578663153529
4.48683978000358e-06
1.83843999259643e-05
6.88162090666063e-05
0.000215174256572665
0.000501063065481024
0.000819377264841639
0.000978998403987724
0.000936583509399469
0.000732806062106286
0.000448857781872995
0.000274144391883604
0.000288750666850024
0.000324336587918281
0.000230735609130466
3.86671431210162e-05
0.000100634129672754
0.00026530908045521
0.00066760936087274
0.00137255280603754
0.00222811671212858
0.00296174285852712
0.00328438190570877
0.00289156490455549
0.00191680022791189
0.00103539860436638
0.00059297494061341
0.000402604015340585
0.000248407919403493
0.000151410171726191
0.000353377021394723
0.000799688492162782
0.00177175330282368
0.00327956601976213
0.00481759698671198
0.00578692987048162
0.00587053459546848
0.00499317770864831
0.00352958542167405
0.00225294366725577
0.00147378090622649
0.00100037290548953
0.000631314724984024
0.000229714722305757
0.000550082507229465
0.00120582258227575
0.00243265012189692
0.00409301370393926
0.00559059055397079
0.00620460588767065
0.00559199617169803
0.00429656672487263
0.0031460795833286
0.00242485088403939
0.00195862283940019
0.00151769085160266
0.00102117706030249
0.000120295903691785
0.000387658569710087
0.00108017081944078
0.00238219806376141
0.00402336222383425
0.00537682191512537
0.00574898494151098
0.00482701445674289
0.003395361584344
0.00245531212198923
0.00202182670205525
0.00167389834769687
0.00120544797587065
0.000689819133412946
6.1091217523599e-05
0.00031474531401473
0.00105422848217949
0.00232511108497341
0.0035303025735757
0.00396478356909081
0.00361178452893366
0.00286564281628906
0.00211292692997659
0.00162479790996895
0.00130779314560994
0.000976042050736665
0.000609941910898456
0.000287876585238124
2.77309984748322e-05
0.000148158520633274
0.00048041077812959
0.000991083679092795
0.00136945133498991
0.00134869949008036
0.00106354470723605
0.000801359034239579
0.000657953965152101
0.000618421177500381
0.000592951316786062
0.000475949249593174
0.000281774888117216
0.000114211080733269
5.04874938765352e-06
2.56048540134541e-05
7.64618920463717e-05
0.000142249188963634
0.000177376132814831
0.000160407475113547
0.000118385748509023
9.08319287393053e-05
0.000101660078746181
0.000163640564627833
0.000238550033734151
0.000237870004989757
0.000147193318544457
5.40968772121605e-05
2.98672674336455e-07
1.46467729561606e-06
4.16454327831848e-06
7.2474527473168e-06
8.5535129164491e-06
7.92916890794916e-06
6.93528074306684e-06
7.49212810199921e-06
1.45100922407863e-05
3.50375107905206e-05
6.10962797723165e-05
6.5751861176239e-05
4.1852984980605e-05
1.53403010304673e-05
3.37483247837802e-09
1.85615786310791e-08
5.39973196540484e-08
9.61827256337736e-08
1.26556217939176e-07
1.67054207679712e-07
2.3961310596484e-07
3.76293821339149e-07
9.01080271726932e-07
2.36238273486462e-06
4.25060150651712e-06
4.63870724153059e-06
2.97322741345104e-06
1.09344572299448e-06
0
0
3.37483247837802e-09
8.43708119594506e-09
1.18119136743231e-08
1.01244974351341e-08
6.74966495675604e-09
5.06224871756703e-09
1.18119136743231e-08
3.20609085445912e-08
5.73721521324264e-08
6.41218170891824e-08
4.04979897405363e-08
1.51867461527011e-08
0
1.68741623918901e-09
8.43708119594506e-09
1.85615786310791e-08
2.53112435878352e-08
1.85615786310791e-08
8.43708119594506e-09
1.68741623918901e-09
0
0
0
0
0
0
1.51867461527011e-07
8.89268358052609e-07
3.75450113219555e-06
1.21932697443798e-05
2.79183016773822e-05
4.06346704559106e-05
3.60600850314692e-05
1.94795330651979e-05
6.62817098753444e-06
2.26957484170922e-06
3.69881639630231e-06
8.1232217754559e-06
1.05682879060408e-05
7.62374656865595e-06
2.32525957760246e-06
1.17427296085163e-05
3.68767944912366e-05
8.12187184246455e-05
0.000138496375247677
0.000179053424556585
0.000165111991588406
0.000110869996579675
6.04145636116842e-05
3.02587480011373e-05
2.20325938350909e-05
3.22701481582506e-05
4.01284455841539e-05
2.93137949071915e-05
1.19941546281555e-05
5.87457089511262e-05
0.000172128268310953
0.000327704670731702
0.000476467286378605
0.000622514849296653
0.000746976983682996
0.000771766815652921
0.000636577776234055
0.000387619759136586
0.000191607801376151
0.000133067957206206
0.000131284358241383
9.86227295156409e-05
2.88430057764578e-05
0.000136922015896514
0.000429047515224916
0.000913702145196066
0.00148392059040777
0.00212578841655169
0.00280600783897988
0.00317880027162272
0.00282975822254647
0.00189471869900586
0.00106480689458296
0.000703782502792235
0.00058858597097528
0.00042612491029864
6.55578083087323e-05
0.000273054320993087
0.000856684350473869
0.00194684467405065
0.00333435642504859
0.00472047774506545
0.00584097443779037
0.00617816407520255
0.00535458176909286
0.00381135862237502
0.00249408557233332
0.00183202781088751
0.00154822464845079
0.0011755503349447
0.000130823693608085
0.00049832438892482
0.00139070940477121
0.00287333068467481
0.00467977389054374
0.00644067541953319
0.00745148161962962
0.00694760731869411
0.0053993084239288
0.00397159229361593
0.00308183795968644
0.00256996361836093
0.00220031484217171
0.00168243498645093
0.000123901912194932
0.000466148736075964
0.0012635575288996
0.00259496100252828
0.00433404761437749
0.00616758060055036
0.00724850906988253
0.00668305757554654
0.00510786632817727
0.00393831644537913
0.0033726354624346
0.00284396795469668
0.00207781011062282
0.00121972857950291
7.64770787925244e-05
0.000323136834972217
0.000935771862188419
0.00193069441322537
0.00302130021468929
0.00390770671480024
0.00442378778481004
0.00428499442430427
0.00356984211089238
0.00292420628428636
0.00249450405156064
0.00195690336225245
0.00124589028087529
0.0005864210159404
2.67573593048201e-05
0.000123989657839369
0.000367286393454358
0.000727048597898173
0.00104264605711369
0.00123512962751798
0.00137574033531337
0.00142014131881515
0.0013141125194257
0.00124872345274089
0.00123777380876479
0.00103569896445695
0.000624224201946952
0.000252182669530559
4.07342280140227e-06
1.93884125882817e-05
5.5154887194132e-05
9.99827870044273e-05
0.000134082094365959
0.000169023422430846
0.000220398497249194
0.000257206107674624
0.000283354309717097
0.000388029801282709
0.000540992395948954
0.000539537843150773
0.000334903188408082
0.000123117263643709
2.2105152733376e-07
1.06475964692827e-06
2.96141549977671e-06
5.30861148848863e-06
8.3375236378329e-06
1.54617949996889e-05
2.69396002586526e-05
3.55555475759517e-05
4.6842674799887e-05
8.53883239516815e-05
0.000140649518368882
0.000150358911409176
9.56849378432129e-05
3.50780087802612e-05
3.37483247837802e-09
1.34993299135121e-08
4.04979897405363e-08
9.44953093945846e-08
2.63236933313486e-07
7.49212810199921e-07
1.50686270159579e-06
2.07045972548492e-06
2.90066851516591e-06
5.72877813204669e-06
9.79038901977464e-06
1.06189103932164e-05
6.8019748601709e-06
2.50075086647811e-06
0
0
0
0
3.37483247837802e-09
1.01244974351341e-08
2.02489948702681e-08
2.69986598270242e-08
3.88105735013473e-08
7.76211470026945e-08
1.33305882895932e-07
1.45117796570255e-07
9.28078931553956e-08
3.37483247837802e-08
0
0
0
0
0
0
0
0
0
0
0
0
0
0
3.32420999120235e-07
1.40393031100526e-06
3.74437663476042e-06
6.4948651046385e-06
8.02028938486537e-06
7.62374656865595e-06
5.49085244232104e-06
2.80786062201051e-06
1.01076232727422e-06
3.13859420489156e-07
2.26113776051327e-07
3.9316798373104e-07
5.02850039278325e-07
3.67856740143204e-07
5.2208658440508e-06
2.22553327786639e-05
5.80623053742547e-05
9.28990136323118e-05
9.7176613798656e-05
7.68449355326676e-05
5.4824153611251e-05
3.70843466886569e-05
2.24476982299314e-05
1.16870448726231e-05
6.87622117469522e-06
7.84479809598971e-06
9.38709653860847e-06
7.21032959005464e-06
2.43781024075636e-05
0.00010925682665501
0.000294332639769261
0.000486439916352212
0.000546489998056231
0.000521966777852098
0.000504674136232889
0.000452006500575321
0.000332982908727885
0.000197655501177405
0.000120353275843917
0.000121863513377991
0.000136947327140102
0.000104680553814329
4.49190202872115e-05
0.000212319148295957
0.000621004611762579
0.00117386966837047
0.00161697336086783
0.00195067342149737
0.00222987499984982
0.00221403016136384
0.00178097671998709
0.00118179714986218
0.00078219336059487
0.000716230572388732
0.000732709879380652
0.000548334344005665
7.93372493179497e-05
0.000322461868476542
0.000930873292846053
0.00195551124385512
0.00314086884198199
0.00419543311999307
0.00486662317812537
0.00474715242097455
0.00382523424610987
0.00267229022652159
0.00184980474096737
0.00157164092360201
0.00150669058513939
0.00114943419381077
0.000204099743794868
0.000671429671238264
0.00156071996570198
0.00282222728387097
0.0042921608810721
0.00569029660471199
0.00637275691590583
0.00572831746741339
0.00427609161622631
0.00302488934903005
0.00222545734413562
0.00175550685927277
0.00146465367178871
0.00109069692194084
0.000267912763712279
0.000777681209571279
0.00151718293931467
0.00235727998815731
0.00348122407225889
0.0049818787695107
0.00612267001734434
0.00589710465157075
0.00462933870657061
0.0035024264573043
0.00278811110234705
0.00212026381578458
0.00139600789176226
0.000753367228980804
0.000178071348305377
0.00051008061786325
0.000946799127311519
0.00135870924321123
0.00190388136918466
0.00280059123285209
0.00377635823474176
0.00412075988916024
0.00366577172409027
0.00299938742740718
0.00239198507794871
0.00170599131715
0.000984597251069353
0.000425942669344808
5.00133299133231e-05
0.000149756503811786
0.00029098480595071
0.0004379857590439
0.000657979276395689
0.00107412143222329
0.00160178661471513
0.00186329900863216
0.00169075732334261
0.00140424079559327
0.00119796259743361
0.000916656811030886
0.000523456766391301
0.000202057970145449
4.1307949535347e-06
1.37777535929783e-05
3.10822071258616e-05
5.93835522895397e-05
0.000125720946900777
0.000271620017189777
0.000460521202918269
0.000542679812188143
0.000473873727618972
0.000428465356622395
0.000476857079529858
0.000450599195431838
0.000276695765237257
0.00010122472535647
1.06307223068908e-07
4.42103054667521e-07
1.321246915285e-06
3.88780701509148e-06
1.30386652802135e-05
3.68514832476488e-05
7.02623247835912e-05
8.57528058593464e-05
7.77190171445675e-05
8.61375367618814e-05
0.000119612500114913
0.000124536380700867
7.90318269786565e-05
2.89712494106361e-05
1.68741623918901e-09
5.06224871756703e-09
2.19364111094571e-08
1.21493969221609e-07
5.92283099955343e-07
1.94559092378493e-06
3.93842950226715e-06
4.91544350475759e-06
4.5914595868333e-06
5.58197291923725e-06
8.27171440450453e-06
8.79650085489231e-06
5.62247090897779e-06
2.06708489300654e-06
0
0
0
1.68741623918901e-09
6.74966495675604e-09
2.53112435878352e-08
5.06224871756703e-08
6.41218170891824e-08
6.07469846108044e-08
7.59337307635055e-08
1.13056888025664e-07
1.1980655298242e-07
7.76211470026945e-08
2.86860760662132e-08
0
0
0
0
0
0
0
0
0
0
0
0
0
0
9.61827256337736e-07
2.36575756734299e-06
3.82031036552392e-06
4.17298035951442e-06
3.17065511343615e-06
1.73128906140793e-06
7.35713480286409e-07
2.80111095705376e-07
1.0293239059053e-07
4.55602384581033e-08
4.72476546972923e-08
7.93085632418835e-08
9.61827256337736e-08
6.91840658067495e-08
1.36495099587999e-05
3.43422952999748e-05
5.72354714170521e-05
6.47765345899878e-05
5.13953238132189e-05
3.11699527702994e-05
1.76216877858508e-05
1.03978588658827e-05
5.71527880213318e-06
3.26346300659155e-06
3.59588400571178e-06
5.85364693374668e-06
6.96396681913305e-06
5.02343814406569e-06
4.7271278524641e-05
0.000128770108044992
0.000238583782058934
0.000306375729468353
0.000290406022180668
0.000243651093025219
0.000213669081287309
0.000173736375986901
0.000115407458846854
7.38227730482801e-05
7.26061459398248e-05
0.000101764698553011
0.000115000791533209
8.1910559082713e-05
6.25626444841718e-05
0.000193771068994792
0.000426798189378077
0.000690129618000957
0.000890026007944005
0.00105381506520089
0.00119028991579401
0.00113313206552397
0.000857848667678909
0.00059888427228305
0.000515881954893582
0.000579200561852911
0.000593720778591132
0.000412630642633846
0.000106308910485147
0.000331857402096346
0.000754075943801264
0.00137900211090372
0.00209651343221799
0.00270056626044168
0.00300038131557207
0.0027639877997916
0.00208155111242511
0.00145766608114223
0.00115635428780768
0.0011167455664252
0.00105595808382466
0.000723953876515501
0.000303692737648042
0.000859853318171066
0.00164941393806624
0.00251711880399825
0.00337294425960637
0.00393094074899763
0.00388358509966103
0.00317361315410345
0.00219161452404245
0.00147347548388719
0.00108261588557136
0.000845879824294342
0.000647765345899878
0.000409218686998205
0.000441586705298329
0.0011854622179337
0.00200158445684994
0.002480009146066
0.00277378325106009
0.00311598451470267
0.00335443161604623
0.00310769761355201
0.00240038334857115
0.00174765531151182
0.00132455593853005
0.000924467860802092
0.000517565996300293
0.000223665335088264
0.000329462958452937
0.000897003474093051
0.00147724685918178
0.00165120259927978
0.00160141200831003
0.00180194961642397
0.00226758537796322
0.00251464842662408
0.00224672553841436
0.00172699458707919
0.001248590146858
0.000809031715879171
0.000413842207493583
0.000153794490872165
9.65404578764817e-05
0.000270057469752288
0.000461353099124189
0.000570201571049316
0.000728898006096324
0.00112615122454244
0.00159465390627207
0.00171889330171484
0.00138927172613542
0.000928711712643652
0.000608883900916484
0.000393802452236975
0.000205243812005038
7.3616908267099e-05
6.95215490545873e-06
2.02473074540289e-05
4.02229408935485e-05
7.89221449231092e-05
0.000187502317666205
0.000398836014878475
0.000611634389386362
0.000640717008268785
0.000466936759459666
0.000280981802484797
0.000200986460833564
0.00016019317325117
9.4552681546717e-05
3.41735536760559e-05
1.0293239059053e-07
3.5773224270807e-07
1.19469069734582e-06
4.93569249962786e-06
1.83894621746818e-05
4.86768962518854e-05
8.51453360132383e-05
9.53677035902453e-05
7.06014954476682e-05
4.67971145614288e-05
4.42373041265791e-05
4.2138158325028e-05
2.64030018945905e-05
9.66214538559628e-06
0
1.68741623918901e-09
1.85615786310791e-08
1.38368131613499e-07
6.85090993110738e-07
2.17339211607545e-06
4.26072600395225e-06
5.06393613380622e-06
3.85574610654689e-06
2.7639877997916e-06
2.95635325105915e-06
2.95804066729834e-06
1.87640685797818e-06
6.88465825589117e-07
0
0
0
1.68741623918901e-09
8.43708119594506e-09
2.69986598270242e-08
5.39973196540484e-08
6.41218170891824e-08
5.06224871756703e-08
3.71231572621582e-08
4.04979897405363e-08
4.04979897405363e-08
2.53112435878352e-08
1.01244974351341e-08
0
0
0
0
0
0
0
0
0
0
0
0
0
0
3.32927223991992e-06
7.02133897126547e-06
8.659820139518e-06
6.18269310038854e-06
2.58680909467675e-06
6.78341328153982e-07
1.34993299135121e-07
3.03734923054022e-08
1.18119136743231e-08
1.18119136743231e-08
2.02489948702681e-08
3.20609085445912e-08
3.54357410229692e-08
2.36238273486462e-08
4.61778328016465e-05
9.75292837926465e-05
0.00012063844918834
8.67753801002949e-05
3.71349691758326e-05
1.07150931188502e-05
3.20609085445912e-06
1.57098451868497e-06
1.04788548453638e-06
1.09682055547286e-06
1.7194771477336e-06
2.56656009980649e-06
2.74036397244295e-06
1.82578437080251e-06
0.000146881146540207
0.000312318809462776
0.000392528452976387
0.000294398449002589
0.000143513063726786
6.41285667541392e-05
4.45984112017656e-05
3.94619161696742e-05
3.46527798879855e-05
3.63840689493935e-05
4.44448563239994e-05
5.1440884051677e-05
4.78315007160517e-05
3.02300619250711e-05
0.00015948445843071
0.000352153644621311
0.000483841295343861
0.000455426893292157
0.000371558931371985
0.000347310760014839
0.000376651553581858
0.000386749052357165
0.000366214884142474
0.000377660628492893
0.000394133185819856
0.000357416695871342
0.000271807320392327
0.000155748518877146
0.000132860405008786
0.000352526563610172
0.00064091443596877
0.000933389230458684
0.001198057092743
0.0013412951076228
0.00131281827117025
0.00113990366689183
0.000953125250792239
0.000910372872956146
0.000888117540177482
0.000730126445118454
0.0004992406559427
0.000268267121122508
0.000278536736354212
0.000768442605661719
0.00139657992586735
0.00197268239150511
0.00240694402290912
0.00244912436664013
0.00200357054576346
0.00135180939820919
0.000846316865100292
0.000634775615690601
0.000552031472985728
0.000418150181152233
0.000256023228890953
0.000124603877350434
0.000379499912193609
0.00103915141808233
0.00179596435102356
0.00222713632329362
0.00224717101630151
0.00193577859835405
0.00148586280649908
0.00106949622431167
0.000722845244046353
0.000504569516426059
0.00039497689393945
0.000277991700908954
0.000142336934608071
5.01736344560461e-05
0.000270049032671092
0.000775205769948388
0.00137889749109689
0.00165541101538031
0.00151197726021677
0.00123969577586123
0.00107555742344284
0.000960377765788273
0.000761932553810928
0.00052568584324327
0.000349985314753954
0.000218447844076692
0.000105456765284356
3.46156567307234e-05
7.72296664352027e-05
0.000231570880168865
0.00043742384943625
0.000596896495953286
0.000744817090896834
0.000961543770409553
0.00109602072017548
0.000952148236789748
0.000622940078188929
0.000329252031423038
0.000164691824944847
8.72782301395732e-05
4.084391006957e-05
1.34520822588148e-05
5.48916502608185e-06
1.72521436294684e-05
3.85287749894027e-05
8.22716661578994e-05
0.000184871635749309
0.000342477999905802
0.000442145240073501
0.000384285424647949
0.0002299577102442
0.000102559471601669
4.40027532693318e-05
2.40963038956191e-05
1.26201860528946e-05
4.41090604924008e-06
7.93085632418835e-08
2.96985258097266e-07
1.11031988538637e-06
4.50708877487385e-06
1.47564550117079e-05
3.3139167521433e-05
4.93096773415813e-05
4.79934926750138e-05
3.04646127823184e-05
1.39853057903985e-05
7.29301298577491e-06
5.34235981327241e-06
3.18921669206723e-06
1.15756754008366e-06
0
1.68741623918901e-09
1.34993299135121e-08
8.77456444378286e-08
3.7460640509996e-07
1.0596973982107e-06
1.91859226395791e-06
2.14808087248761e-06
1.47311437681201e-06
7.15464485416141e-07
4.37040805949954e-07
3.62794491425637e-07
2.24426359812138e-07
8.26833957202615e-08
0
0
0
0
3.37483247837802e-09
1.18119136743231e-08
2.19364111094571e-08
2.53112435878352e-08
1.85615786310791e-08
8.43708119594506e-09
5.06224871756703e-09
5.06224871756703e-09
3.37483247837802e-09
1.68741623918901e-09
0
0
0
0
0
0
0
0
0
0
0
0
0
0
5.00150173295623e-06
1.04771674291246e-05
1.27298681084419e-05
8.78806377369637e-06
3.39170664076991e-06
7.25588982851275e-07
8.60582281986396e-08
6.74966495675604e-09
3.37483247837802e-09
5.06224871756703e-09
6.74966495675604e-09
6.74966495675604e-09
5.06224871756703e-09
3.37483247837802e-09
6.93089346084494e-05
0.00014521060446341
0.000176473365126865
0.000121925947778841
4.71852202964423e-05
1.02071808308543e-05
1.32630916400256e-06
2.59862100835108e-07
3.5773224270807e-07
6.29406257217501e-07
7.8464855122289e-07
7.0027773926344e-07
4.85975876886435e-07
2.5648726835673e-07
0.000219623973195407
0.000461084799942158
0.000563343911453251
0.000395025829010387
0.000159995745551184
4.06971048567606e-05
1.04619806829719e-05
8.46407985577208e-06
1.52373686398768e-05
2.54951719579068e-05
2.92209870140361e-05
2.19988455103071e-05
1.18119136743231e-05
4.9593163269765e-06
0.000232021420304728
0.000500448845969959
0.000652716225145658
0.00053892024880723
0.000319363772261391
0.00016566377669862
9.95305594523246e-05
0.000103998837653697
0.000178682192983964
0.000291126548914802
0.000323141897220935
0.000224419610147182
0.000101094794306053
3.32184760846749e-05
0.000118028016266315
0.000309495762094613
0.000558983627891187
0.000757231412168547
0.00079642502915619
0.000647792344559705
0.000444735424000656
0.000355811963027873
0.000481941264658534
0.000751435137386933
0.000831690341139001
0.000568151360318701
0.000241356206939922
7.04074425801615e-05
0.000126034806321266
0.000378527960439836
0.000767907694713896
0.0011585597408323
0.00134384479356022
0.00118128080049298
0.000806524215347736
0.000492087698504778
0.000417038173850607
0.000550453738802086
0.000607628463234528
0.000417105670500175
0.000170930202781129
4.4379047090671e-05
0.000145333785848871
0.000420062023751234
0.00078600185904672
0.00105713083811089
0.0010952681325328
0.000892174088816492
0.000607584590412309
0.000383537899253988
0.000254860599102151
0.00022540168639839
0.000218051301260482
0.000149285714681052
6.15451324919408e-05
1.51158746706552e-05
9.38389044775401e-05
0.000285917494984425
0.000551803671793438
0.00072233226950964
0.000693728876839147
0.000548504773045823
0.000413091307267144
0.000299023656914206
0.000187001155043165
0.000106880944590232
6.75978945419118e-05
4.11712688199727e-05
1.79659206986454e-05
4.97787790560758e-06
2.56571639168689e-05
8.3223368916802e-05
0.000173409017236498
0.000258572914828367
0.000328737369470086
0.000395172634223196
0.000398269043022108
0.000289331138036305
0.000147249003280351
5.76573254768493e-05
2.17626072368207e-05
9.62333481209493e-06
4.05486122277119e-06
1.21662710845528e-06
1.80553537593224e-06
6.21475400893313e-06
1.54516705022538e-05
3.49750763896706e-05
7.62087796104933e-05
0.000130617828826904
0.000150151359211756
0.000110120783769475
5.24162106379282e-05
1.74546335781711e-05
4.85132168766841e-06
1.59798317851199e-06
6.46280419609391e-07
2.07552197420248e-07
2.53112435878352e-08
1.09682055547286e-07
4.47165303385088e-07
1.77684929986603e-06
5.34235981327241e-06
1.05733501547583e-05
1.33373379545499e-05
1.07252176162854e-05
5.56678617308455e-06
1.94559092378493e-06
5.72034105085075e-07
2.37925689725651e-07
1.21493969221609e-07
4.21854059797253e-08
0
0
5.06224871756703e-09
2.69986598270242e-08
9.44953093945846e-08
2.24426359812138e-07
3.44232912794558e-07
3.39170664076991e-07
2.09239613659437e-07
8.09959794810725e-08
2.69986598270242e-08
1.51867461527011e-08
8.43708119594506e-09
3.37483247837802e-09
0
0
0
0
0
1.68741623918901e-09
3.37483247837802e-09
3.37483247837802e-09
1.68741623918901e-09
1.68741623918901e-09
0
0
0
0
0
0
0
0
0
0
0
0
0
0
0
0
0
0
2.40794297332272e-06
5.04368713893595e-06
6.12532094825611e-06
4.22529026292928e-06
1.62666925457821e-06
3.45920329033747e-07
4.04979897405363e-08
3.37483247837802e-09
1.68741623918901e-09
1.68741623918901e-09
1.68741623918901e-09
1.68741623918901e-09
0
0
3.33686561299627e-05
6.98978428759264e-05
8.49141599884694e-05
5.86157779007087e-05
2.26282517675246e-05
4.84794685519003e-06
5.88908267476965e-07
8.26833957202615e-08
1.29931050417554e-07
2.44675354682407e-07
2.78423679466187e-07
1.88990618789169e-07
7.93085632418835e-08
2.19364111094571e-08
0.00010576050020741
0.000222094350569579
0.000271562645037644
0.000190811340911254
7.75199020283432e-05
1.92618563703426e-05
3.72412763989015e-06
2.31176024768895e-06
5.58366033547644e-06
1.03708602060557e-05
1.16836700401447e-05
7.75536503531269e-06
3.02384990062671e-06
7.22214150372897e-07
0.000111565212070221
0.000242135793242427
0.000320585461618563
0.000271992936178637
0.000163741809602184
7.62104670267325e-05
3.07396616293062e-05
2.89273765884172e-05
7.00665844998453e-05
0.00013102112130807
0.000148863860621255
9.87796592258855e-05
3.76698801236555e-05
8.32402430791939e-06
4.85959002724043e-05
0.00013351849734207
0.00026018945958551
0.000369265732702927
0.000369409163083258
0.000250272514347797
0.000130202724432063
0.000116877198391188
0.000254477555615856
0.000483559496831917
0.000567123723829035
0.000384708966123985
0.000147606735523059
3.19022914181074e-05
2.72348981005106e-05
0.000101295596838516
0.000255560876841415
0.000437233171401221
0.000505727083966143
0.000423470604554396
0.000321101810987755
0.000297040942833159
0.000418497788897506
0.00068637849170124
0.000804244516008592
0.000555409680296585
0.000215201255232492
4.61677083042113e-05
2.18706018761288e-05
7.2331097092837e-05
0.000160765207356255
0.000256765692036196
0.000324272466101191
0.000391352323857672
0.000481269672995337
0.000494362335595205
0.000416877869307884
0.000392562201301171
0.000382603070657477
0.000256365774387508
9.91525782147463e-05
2.12428830351505e-05
1.21645836683136e-05
3.94636035859134e-05
8.27846406946129e-05
0.000123230320531734
0.000161101003187853
0.00023821761273503
0.000343186714726261
0.000355796776281721
0.000240865168814318
0.000125160724709367
7.23412215902721e-05
4.11442701601457e-05
1.54938559082335e-05
3.32927223991992e-06
3.24996367667804e-06
1.12466292341948e-05
2.52083111972446e-05
4.10615867644254e-05
6.11941499141895e-05
9.51820878039345e-05
0.000127158625536566
0.000118193383057755
6.9992338185321e-05
2.66443024167945e-05
8.08272378571536e-06
2.8247347844024e-06
9.41578261467468e-07
2.05864781181059e-07
2.27801192290516e-07
8.40333287116128e-07
2.2105152733376e-06
5.10443412354676e-06
1.11808200008664e-05
1.96465872728777e-05
2.35883916076232e-05
1.81414119875211e-05
8.80156310360988e-06
2.71505272885512e-06
5.68659272606697e-07
1.06307223068908e-07
2.53112435878352e-08
6.74966495675604e-09
3.37483247837802e-09
1.51867461527011e-08
6.07469846108044e-08
2.36238273486462e-07
6.8340357687155e-07
1.29256083921878e-06
1.51867461527011e-06
1.09513313923367e-06
4.85975876886435e-07
1.3668071537431e-07
2.69986598270242e-08
5.06224871756703e-09
1.68741623918901e-09
0
0
0
0
3.37483247837802e-09
1.01244974351341e-08
2.02489948702681e-08
2.53112435878352e-08
2.19364111094571e-08
1.18119136743231e-08
3.37483247837802e-09
0
0
0
0
0
0
0
0
0
0
0
0
0
0
0
0
0
0
0
0
0
0
0
0
0
0
0
0
0
0
0
0
3.30733582881046e-07
6.93528074306684e-07
8.42020703355316e-07
5.8047118628102e-07
2.24426359812138e-07
4.72476546972923e-08
5.06224871756703e-09
0
0
0
0
0
0
0
4.58977217059411e-06
9.61489773089899e-06
1.16836700401447e-05
8.06922445580185e-06
3.12003262626048e-06
6.71591663197226e-07
8.26833957202615e-08
1.18119136743231e-08
1.68741623918901e-08
3.20609085445912e-08
3.71231572621582e-08
2.36238273486462e-08
8.43708119594506e-09
1.68741623918901e-09
1.45640895604404e-05
3.06434789036724e-05
3.76496311287852e-05
2.67995447107999e-05
1.12702530615434e-05
3.03228698182265e-06
6.37843338413446e-07
3.37483247837802e-07
8.04897546093158e-07
1.53386136142281e-06
1.74816322379982e-06
1.15588012384447e-06
4.35353389710765e-07
9.11204769162066e-08
1.55765393039538e-05
3.46173441469626e-05
4.83006024305463e-05
4.52767525299195e-05
3.11378918617548e-05
1.59157099680308e-05
6.27550099354393e-06
5.59884708162914e-06
1.48172019963187e-05
2.95534080131563e-05
3.50223240443679e-05
2.37993186375218e-05
9.08842386427201e-06
1.92534192891466e-06
7.22889116868572e-06
2.2327891676949e-05
4.97079075740299e-05
7.78388236975499e-05
8.181268894084e-05
5.84655978554209e-05
3.81001712646487e-05
4.89283212715246e-05
0.000115404084014376
0.000227657761910185
0.000276957314754332
0.000192532505475227
7.45787355234367e-05
1.59123351355524e-05
3.57226017836314e-06
1.66058632098591e-05
4.91071873928786e-05
9.38389044775401e-05
0.000129608753915869
0.000168117279910401
0.000227303404499956
0.000277863457274776
0.000357760928784137
0.000529739017049802
0.000609238258326714
0.000421788250563924
0.000163814368500469
3.50206366281287e-05
1.6739169092755e-06
7.3706341327776e-06
2.20174070889382e-05
5.25427668558674e-05
0.000130005296732078
0.000312242875732013
0.000547411327322829
0.000619673240349859
0.000490180918154494
0.000383072172371972
0.000333937986319266
0.000217923057626304
8.38325261791493e-05
1.78950492165995e-05
5.78783770041831e-07
2.21726493829436e-06
6.47799094224661e-06
2.09897705992721e-05
7.84142326351133e-05
0.00022633820241114
0.000414269123802098
0.000458970467394454
0.000309747187114252
0.000145532900965095
6.95620470443278e-05
3.57968480981557e-05
1.31112241784986e-05
2.77242488098755e-06
1.46805212809444e-07
5.77096353802642e-07
1.70766523405928e-06
5.6359702388913e-06
2.13356909283059e-05
6.15569444056151e-05
0.000112051187947107
0.000122833777715525
7.96274849110902e-05
3.09674628215967e-05
8.48939109935991e-06
2.44337871434569e-06
7.27276399090464e-07
1.46805212809444e-07
1.01244974351341e-08
4.21854059797253e-08
1.3668071537431e-07
4.75851379451301e-07
1.72960164516874e-06
4.71970322101166e-06
8.2464031609167e-06
8.79143860617475e-06
5.56172392436698e-06
2.04852331437546e-06
4.48852719624277e-07
7.08714820459385e-08
1.18119136743231e-08
1.68741623918901e-09
0
0
3.37483247837802e-09
1.18119136743231e-08
4.38728222189143e-08
1.01244974351341e-07
1.535548777662e-07
1.46805212809444e-07
8.60582281986396e-08
3.03734923054022e-08
6.74966495675604e-09
0
0
0
0
0
0
0
0
0
1.68741623918901e-09
0
0
0
0
0
0
0
0
0
0
0
0
0
0
0
0
0
0
0
0
0
0
0
0
0
0
0
0
0
0
0
0
0
0
0
1.18119136743231e-08
2.69986598270242e-08
3.20609085445912e-08
2.19364111094571e-08
8.43708119594506e-09
1.68741623918901e-09
0
0
0
0
0
0
0
0
1.73803872636468e-07
3.62794491425637e-07
4.42103054667521e-07
3.05422339293211e-07
1.1980655298242e-07
2.53112435878352e-08
3.37483247837802e-09
0
0
1.68741623918901e-09
1.68741623918901e-09
1.68741623918901e-09
0
0
5.53472526453996e-07
1.17106686999717e-06
1.46298987937687e-06
1.08838347427691e-06
5.09599704235081e-07
1.68741623918901e-07
4.55602384581033e-08
2.53112435878352e-08
5.90595683716154e-08
1.1980655298242e-07
1.43430380331066e-07
9.78701418729626e-08
3.71231572621582e-08
8.43708119594506e-09
6.24344008499934e-07
1.49673820416065e-06
2.41638005451866e-06
2.81123545448889e-06
2.40119330836596e-06
1.43261638707147e-06
6.91840658067495e-07
9.06142520444499e-07
2.67286732287539e-06
5.63090799017373e-06
6.96227940289386e-06
4.86482101758192e-06
1.8882187716525e-06
4.03292481166174e-07
3.96542816209418e-07
1.51361236655254e-06
4.00423873559552e-06
7.05846212852763e-06
8.46407985577208e-06
8.37633421133425e-06
9.704330791576e-06
1.59562079577713e-05
3.55791714033003e-05
6.90777585836805e-05
8.46239243953289e-05
5.92738702339924e-05
2.30720422384313e-05
4.93400508338867e-06
2.78423679466187e-07
1.44611571698498e-06
4.70114164238059e-06
1.09867671333597e-05
2.43257925041488e-05
5.42301830950564e-05
9.48327926424224e-05
0.000118993218355131
0.00013782478358448
0.000185895897406497
0.000208460027356932
0.000143821860898558
5.58636020145914e-05
1.19469069734582e-05
1.01244974351341e-07
5.72034105085075e-07
2.46531512545515e-06
1.09192704837921e-05
4.57256052495438e-05
0.000135108043439386
0.000249379871157266
0.000282836272931666
0.000214111184341976
0.000149216530615245
0.000119317202273055
7.60737863113582e-05
2.91433658670334e-05
6.21644142517232e-06
1.51867461527011e-08
1.06307223068908e-07
8.5383261702964e-07
6.47799094224661e-06
3.31341052727154e-05
0.000102800772123873
0.000190983457367651
0.000211893919403682
0.000141516850315826
6.31076799294298e-05
2.68029195432783e-05
1.27636164332257e-05
4.58470992187654e-06
9.65202088816114e-07
3.37483247837802e-09
2.19364111094571e-08
2.07552197420248e-07
1.69416590414577e-06
8.83531142839366e-06
2.75183840286944e-05
5.11202749662311e-05
5.6440698368394e-05
3.66354939690326e-05
1.40882381809891e-05
3.64313166040907e-06
9.29766347793145e-07
2.58174684595919e-07
5.06224871756703e-08
0
1.68741623918901e-09
1.51867461527011e-08
1.18119136743231e-07
6.10844678586422e-07
1.89834326908764e-06
3.52163769118747e-06
3.88274476637391e-06
2.50412569895649e-06
9.31453764032334e-07
2.02489948702681e-07
3.03734923054022e-08
5.06224871756703e-09
0
0
0
0
1.68741623918901e-09
8.43708119594506e-09
2.69986598270242e-08
4.89350709364813e-08
5.39973196540484e-08
3.37483247837802e-08
1.18119136743231e-08
3.37483247837802e-09
0
0
0
0
0
0
0
0
0
0
0
0
0
0
0
0
0
0
0
0
0
0
0
0
0
0
0
0
0
0
0
0
0
0
0
0
0
0
0
0
0
0
0
0
0
0
0
0
0
0
0
0
0
0
0
0
0
0
0
1.68741623918901e-09
3.37483247837802e-09
5.06224871756703e-09
3.37483247837802e-09
1.68741623918901e-09
0
0
0
0
0
0
0
0
0
5.06224871756703e-09
1.18119136743231e-08
1.68741623918901e-08
1.34993299135121e-08
8.43708119594506e-09
3.37483247837802e-09
1.68741623918901e-09
1.68741623918901e-09
3.37483247837802e-09
8.43708119594506e-09
1.18119136743231e-08
8.43708119594506e-09
3.37483247837802e-09
0
8.43708119594506e-09
2.19364111094571e-08
4.72476546972923e-08
7.08714820459385e-08
7.25588982851275e-08
5.23099034148593e-08
4.04979897405363e-08
9.28078931553956e-08
2.91923009379699e-07
6.24344008499934e-07
7.77898886266134e-07
5.4672286149724e-07
2.12614446137815e-07
4.55602384581033e-08
8.43708119594506e-09
4.21854059797253e-08
1.24868801699987e-07
2.48050187160785e-07
3.96542816209418e-07
6.56404917044525e-07
1.1204443828215e-06
1.99283857848222e-06
4.32484782104144e-06
8.30040048057075e-06
1.01582457599178e-05
7.11920911313844e-06
2.77242488098755e-06
5.93970516194532e-07
8.43708119594506e-09
4.89350709364813e-08
1.85615786310791e-07
6.59779749522903e-07
2.39106881093083e-06
6.77666361658307e-06
1.26269357178514e-05
1.58431510697456e-05
1.76571235268738e-05
2.29269244418611e-05
2.54074263134689e-05
1.74934441516725e-05
6.79353777897496e-06
1.45286538194174e-06
3.37483247837802e-09
2.36238273486462e-08
1.68741623918901e-07
1.17781653495393e-06
5.8806455935737e-06
1.8149849068717e-05
3.38023221034343e-05
3.82925367159162e-05
2.85645820969916e-05
1.90931147464237e-05
1.47260815194025e-05
9.29091381297469e-06
3.55201118349287e-06
7.57649891395866e-07
0
6.74966495675604e-09
9.44953093945846e-08
8.43708119594506e-07
4.46659078513331e-06
1.39515574656147e-05
2.5952461758727e-05
2.87839462080862e-05
1.91555491472737e-05
8.39489578996533e-06
3.41195563564018e-06
1.57267193492416e-06
5.60222191410752e-07
1.18119136743231e-07
0
1.68741623918901e-09
2.36238273486462e-08
2.24426359812138e-07
1.19469069734582e-06
3.73593955356447e-06
6.94709265674116e-06
7.67099422335324e-06
4.97619048936839e-06
1.90509293404439e-06
4.82601044408057e-07
1.18119136743231e-07
3.20609085445912e-08
6.74966495675604e-09
0
0
1.68741623918901e-09
1.51867461527011e-08
8.26833957202615e-08
2.5648726835673e-07
4.7753879569049e-07
5.26473866626971e-07
3.4085808031618e-07
1.26556217939176e-07
2.69986598270242e-08
3.37483247837802e-09
0
0
0
0
0
0
1.68741623918901e-09
3.37483247837802e-09
6.74966495675604e-09
6.74966495675604e-09
5.06224871756703e-09
1.68741623918901e-09
0
0
0
0
0
0
0
0
0
0
0
0
0
0
0
0
0
0
0
0
0
0
0
0
0
0
0
0
0
0
0
0
0
0
0
0
0
0
0
0
0
0
0
0
0
0
0
