1.22833092175432e-05
4.02707632304184e-05
5.54730093695498e-07
6.47185109311414e-07
0
1.32078593737023e-07
7.9247156242214e-08
0
0
1.84910031231833e-07
0.000103496786052331
0.000339402362326029
2.2453360935294e-05
2.93478635283666e-05
1.7170217185813e-07
6.14165460877158e-06
3.72461634338406e-06
1.32078593737023e-08
0
0
2.31137539039791e-06
7.56810342113143e-06
2.90572906221451e-06
7.99075492108991e-06
5.26993589010723e-06
2.98497621845673e-06
1.78306101544981e-06
0
0
0
0
1.32078593737023e-08
7.26432265553628e-06
4.42463289019028e-06
1.48984653735362e-05
2.62836401536676e-06
3.9623578121107e-08
0
0
0
0
0
4.09443640584772e-07
1.32078593737023e-07
1.92834746856054e-06
1.730229577955e-06
0
0
0
0
0
0
1.32078593737023e-08
0
3.9623578121107e-08
3.9623578121107e-08
0
0
0
0
0
0
0
0
0
0
0
0
0
0
0
0
0
0
0
0
0
0
0
0
0
0
0
0
0
0
0
0
0
0
0
0
0
0
0
0
0
0
0
0
1.46607239048096e-06
1.03021303114878e-05
4.82086867140135e-06
8.13604137420063e-06
2.37741468726642e-06
4.5567114839273e-06
1.84910031231833e-06
0
0
1.32078593737023e-08
5.6925873900657e-06
2.63893030286573e-05
0.000216674933025587
0.000365686002479696
3.63744447151762e-05
0.000142407139767258
8.37378284292728e-05
1.45286453110726e-07
0
0
1.32078593737023e-07
3.77744778087887e-06
6.66336505403282e-05
0.000244688802757209
0.000160303789218625
7.15865978054666e-05
4.25160993239478e-05
7.9247156242214e-08
0
0
1.32078593737023e-08
5.0982337182491e-06
0.000210084211198109
0.000212989940260324
0.000385960066618329
6.87204923213732e-05
3.85669493712108e-06
1.32078593737023e-08
0
0
2.64157187474047e-08
1.17946184207162e-05
4.54482441049097e-05
3.51989452309167e-05
7.43734561333178e-05
4.15915491677886e-05
1.32078593737023e-07
0
0
0
0
9.90589453027675e-07
1.3934291639256e-05
2.0234440560512e-05
5.61334023382349e-06
8.98134437411758e-07
0
0
0
0
0
1.32078593737023e-08
2.90572906221451e-07
5.679379530692e-07
2.37741468726642e-07
0
0
0
0
0
0
0
0
0
0
0
0
0
0
0
0
0
0
0
0
0
0
0
0
0
0
0
0
0
0
0
0
0
0
3.9623578121107e-08
2.00759462480275e-05
0.000186838378700393
9.19267012409682e-06
3.31517270279928e-05
6.3582635025003e-05
4.1485886292799e-05
1.1490837655121e-06
0
0
3.9623578121107e-08
2.14231479041452e-05
0.000245758639366479
0.000306224219579288
0.000981621316512931
0.000815334366998018
0.000204470870964286
5.04540228075429e-05
9.24550156159163e-08
0
0
6.20769390564009e-07
9.39739194438921e-05
0.000970592753935889
0.00279179806725696
0.00130512141615302
0.000189572405590749
8.42661428042209e-05
1.58494312484428e-07
0
0
2.11325749979237e-07
0.000118566953597726
0.00150619786725827
0.00333671472143779
0.00175689624603051
0.000303146788345216
6.87469080401206e-05
1.18870734363321e-07
0
0
5.15106515574391e-07
0.00028218591551915
0.00101811463196247
0.00106530631350471
0.000896813651474388
0.000105134560614671
2.50949328100344e-06
0
0
0
5.28314374948093e-08
2.93214478096192e-05
0.000373980538166381
0.000545471384274532
0.000185715710653628
4.68879007766433e-06
2.64157187474047e-08
0
0
0
0
5.28314374948093e-07
1.25342585456435e-05
2.94799421221036e-05
1.9257058966858e-05
1.05662874989619e-07
0
0
0
0
0
5.28314374948093e-08
1.17549948425951e-05
6.73600828058819e-07
3.9623578121107e-07
0
0
0
0
0
0
2.64157187474047e-08
1.2732376436249e-05
1.84910031231833e-07
0
0
0
0
0
0
0
0
2.77365046847749e-07
0
0
0
0
0
0
1.32078593737023e-08
4.42463289019028e-06
4.93577704795256e-05
0.000115040455144947
0.000352280025215388
0.000275753688004157
0.000148997861594736
4.62275078079581e-07
0
0
1.32078593737023e-08
5.34918304634944e-06
0.000407488877397464
0.00267340281583109
0.00531160668643126
0.00228386341932249
0.00053058612676037
5.30955946822834e-06
1.32078593737023e-08
0
0
1.05662874989619e-06
0.000540729762759373
0.00648836091733127
0.0130727958037468
0.00774421701802038
0.00132987294461934
8.5058614366643e-05
1.45286453110726e-07
0
0
6.73600828058819e-07
0.000388258234149354
0.0089677270711033
0.0189173924473445
0.0105686781215085
0.00133758633449358
0.000109612024942356
1.98117890605535e-07
0
0
1.1226680467647e-06
0.00063068849295366
0.005432577470435
0.00897945565022714
0.00470142999908496
0.000625537427797916
3.01403350907887e-05
5.28314374948093e-08
0
1.18870734363321e-07
4.75482937453284e-07
0.000192663044684196
0.00180609552219755
0.00267921427395552
0.00194833095979295
7.68301179768264e-05
7.26432265553628e-07
0
0
5.36239090572315e-06
5.87749742129754e-06
7.91150776484769e-06
0.000192147938168621
0.000483130288030657
0.000351923413012298
3.59253774964703e-06
0
0
0
1.25474664050172e-06
1.38682523423874e-06
1.34720165611764e-06
0.000275502738676057
2.45137869975915e-05
1.10153547176677e-05
5.28314374948093e-08
0
0
0
2.64157187474047e-08
2.64157187474047e-08
6.60392968685116e-07
0.000286755834862451
4.27934643707955e-06
9.24550156159163e-08
0
0
0
0
0
0
1.32078593737023e-08
6.27373320250861e-06
9.24550156159163e-08
0
0
0
0
0
0
2.2453360935294e-07
3.84744943555949e-05
0.00019531782441831
0.000433442321066789
0.000294059781096109
6.23543041032487e-05
5.49446949946017e-06
1.32078593737023e-08
0
0
2.2453360935294e-06
0.00115147438805874
0.00481417228669888
0.0109842237931239
0.00647321150262963
0.00137780426628651
2.33118717945846e-05
3.9623578121107e-08
0
0
3.84348707774738e-06
0.00214269781833636
0.015022936240274
0.0321517599948098
0.0206692168753755
0.00394612535294042
9.29040828346222e-05
1.58494312484428e-07
4.88690796826986e-07
0
4.01518924960551e-06
0.00224373794254518
0.0202310197249342
0.0449854407124552
0.0264084676326085
0.00336080585693543
0.000156050858500293
3.16988624968856e-07
2.2096748732204e-05
0
3.59253774964703e-06
0.00200142655447523
0.0151170950697491
0.0257076189906617
0.0131161439982113
0.00186921588214447
0.0001921083145905
3.43404343716261e-07
4.88690796826986e-07
2.68119545286157e-06
4.02839710897921e-06
0.00061602776904885
0.00520055500481717
0.00939718061863923
0.00454286964730366
0.000343470383013129
5.15106515574391e-06
1.32078593737023e-08
0
0.000120680211097518
0.000132157840893265
9.57305647405945e-05
0.00134730731899263
0.00249244193455199
0.00102330532069634
4.10368190740931e-05
7.9247156242214e-08
0
0
2.839689765346e-05
3.10648852469479e-05
3.57932989027333e-06
0.000414383379990537
0.000257143814146611
8.96153258505703e-05
8.84926578038056e-07
0
0
0
5.679379530692e-07
6.33977249937712e-07
5.28314374948093e-07
0.000191434713762442
7.07941262430445e-06
1.54531954672317e-06
0
0
0
0
0
0
1.32078593737023e-08
4.08122854647402e-06
5.28314374948093e-08
0
0
0
0
0
0
5.28314374948093e-08
2.64685501848995e-05
0.000161109468640421
0.000339653311654129
0.000376120211384921
0.000187842176012795
4.97011748232419e-05
9.24550156159163e-08
0
0
1.38682523423874e-06
0.000769225729924424
0.00380271441586076
0.00892748272359162
0.00698291600372018
0.00203752363414356
0.000178517427294961
3.56612203089963e-07
0
0
4.46425646831139e-06
0.00248121525408435
0.0139967516062342
0.0298564585692697
0.0213707919495878
0.00480561359382472
0.000328202097577129
2.45666184350863e-06
1.08040289676885e-05
0
5.42843020259166e-06
0.00302419035293725
0.020223768610138
0.0455286403449174
0.0291237393626542
0.00550527352842786
0.000250949328100344
2.04721820292386e-06
0.000483724641702474
0
3.51329059340482e-06
0.00196223883571346
0.0156947143837392
0.0278057138678931
0.0184744008439505
0.00349218443412564
0.000106970453067615
2.2453360935294e-07
1.07908211083148e-05
1.76985315607611e-06
3.4208355777889e-06
0.000831659281183914
0.00613652995933459
0.0105984354286775
0.00657559882849457
0.000743589274880067
1.22701013581695e-05
2.64157187474047e-08
0
7.96169763046776e-05
8.71586640070617e-05
5.56050879632868e-05
0.00153316831609937
0.00254668661299979
0.00132707287843212
0.000205897319776646
5.679379530692e-07
0
0
1.87419524512836e-05
2.0498597747986e-05
9.90589453027675e-07
6.6065712587259e-05
0.000259006122318303
0.000155456504828476
4.50388004643249e-06
1.32078593737023e-08
0
0
3.83027921837367e-07
4.09443640584772e-07
5.28314374948093e-08
2.66270444973839e-05
1.38682523423874e-05
2.89252120284081e-06
0
0
0
0
0
0
0
5.81145812442902e-07
2.11325749979237e-07
0
0
0
0
0
0
0
1.79626887482352e-06
4.67558221829062e-05
0.000107921418942522
0.000315231979672153
5.39144819634529e-05
2.90572906221451e-06
0
0
0
1.18870734363321e-07
7.25507715397469e-05
0.0019658842049006
0.00361942895133189
0.00316584464472021
0.000845963392885634
3.16328232000171e-05
1.1226680467647e-06
0
0
1.36040951549134e-06
0.000763533142534358
0.00638942084276286
0.0149207074087215
0.0124904876996791
0.00343193017966281
0.000507855400778228
4.89483268389408e-05
5.81145812442902e-07
0
2.8661054840934e-06
0.00159650000179627
0.0107543410007246
0.0243032933427528
0.0184035670941293
0.00527235292837262
0.000366346395448381
1.95608397324531e-05
2.21363723103251e-05
0
1.55852740609687e-06
0.000875998065101433
0.0100171443297814
0.019800390677914
0.0144361374640191
0.00321437032005919
0.000157820711656369
6.73600828058819e-07
4.88690796826986e-07
7.9247156242214e-08
8.18887281169544e-07
0.000416734378959056
0.00493851107484292
0.00973151116296575
0.00578930854425933
0.00103754339310119
2.05250134667334e-05
3.9623578121107e-08
0
3.3944198590415e-06
3.80386349962627e-06
5.39276898228266e-05
0.00116246332705766
0.00311046409036627
0.00183498111064784
0.000120429261769418
1.78306101544981e-06
0
0
7.9247156242214e-07
8.71718718664354e-07
1.50569596860207e-06
0.000296252285752143
0.00100700682222919
0.000497592894044861
3.03780765595154e-06
2.64157187474047e-08
0
0
1.32078593737023e-08
1.32078593737023e-08
3.9623578121107e-07
0.000218695735509763
0.000135842833658528
1.04870403427196e-05
1.32078593737023e-08
0
0
0
0
0
1.32078593737023e-08
4.74162151515914e-06
2.56232471849825e-06
0
0
0
0
0
0
0
4.49067218705879e-07
7.75301345236327e-06
2.34835739664427e-05
0.000136793799533435
5.21710445261242e-05
9.29833299908644e-06
1.32078593737023e-08
0
0
3.9623578121107e-08
2.22420351853147e-05
0.000364338800823579
0.000980445817028671
0.000890605957568748
0.000572124844490664
0.000128723797456103
3.86990279649478e-06
0
0
1.98117890605535e-07
0.000113997034254425
0.00103084700839872
0.0034598119708007
0.00388012567965003
0.00126491669221947
0.000502638296325616
0.000165018995015037
3.03780765595154e-07
0
6.47185109311414e-07
0.000362502908370634
0.00163637452924548
0.00569081753690963
0.00684737695082724
0.0026445700588183
0.000448776645799658
6.52600331654632e-05
1.18870734363321e-07
0
5.41522234321795e-07
0.000305220422266887
0.00251090652195643
0.0102193038253553
0.00738747273633668
0.002001241644444
0.000288169075815437
1.87551603106573e-06
0
0
1.58494312484428e-07
8.70001696945772e-05
0.00148143313093257
0.00684495991256186
0.00384755509843448
0.00104703984399088
0.000324992587749319
5.81145812442902e-07
0
0
1.32078593737023e-08
1.10813940145363e-05
0.000635271620156335
0.0029954368430807
0.000722311413429033
0.000201327400433345
3.59253774964703e-05
6.60392968685116e-08
0
0
0
7.00016546806223e-07
0.000289516277471555
0.0011992075918353
0.00020427275307368
4.33217787457436e-06
6.47185109311414e-07
0
0
0
0
7.9247156242214e-08
4.53689969486675e-05
0.00011729899909785
4.99257084325948e-06
1.32078593737023e-08
0
0
0
0
0
0
8.71718718664354e-07
2.04721820292386e-06
1.32078593737023e-08
0
0
0
0
0
0
1.32078593737023e-08
2.77365046847749e-07
5.0982337182491e-06
7.55489556175773e-06
7.48885626488922e-06
1.6906059998339e-06
0
0
0
0
9.77381593653972e-07
1.32738986705708e-05
0.00023373948733641
0.000127957741612428
0.00016335480473395
4.56331541361415e-05
2.50949328100344e-07
0
0
2.64157187474047e-08
1.15436690926158e-05
4.45104860893768e-05
0.000438791504113139
0.000500643909560187
0.000395192360320547
0.000102545820177425
7.59451913987884e-06
1.32078593737023e-08
0
5.15106515574391e-07
0.000281340612519233
0.000443308592018945
0.000843585978198368
0.00139508014634731
0.00104015854925718
0.000300122188548638
3.44725129653631e-06
0
0
2.64157187474047e-08
1.89664860606365e-05
0.000480501924015291
0.00323506703569778
0.00254528657990618
0.000522027433886211
5.5063565728965e-05
1.58494312484428e-07
0
0
0
3.90952637461589e-06
0.000460214652017284
0.00183026590485143
0.00140971445453337
0.000463926060501294
0.000187538395247199
3.43404343716261e-07
0
0
0
7.79263703048437e-07
0.000239775479070192
0.000930295574986723
0.000242984988898002
0.000161479288702885
4.07198304491243e-05
7.9247156242214e-08
0
0
0
2.50949328100344e-07
0.000138814602017611
0.000417804215568326
1.36833423111556e-05
3.3944198590415e-06
8.18887281169544e-07
0
0
0
0
1.32078593737023e-08
4.35859359332177e-06
2.16740972322455e-05
3.43404343716261e-07
0
0
0
0
0
0
0
2.64157187474047e-08
2.90572906221451e-07
0
0
0
0
0
0
0
0
0
1.99438676542905e-06
1.03021303114878e-06
8.32095140543247e-07
5.28314374948093e-08
0
0
0
0
0
1.7170217185813e-07
9.33795657720755e-05
4.8631338213972e-05
3.45913836997264e-05
1.87551603106573e-06
0
0
0
0
3.56612203089963e-07
7.26432265553628e-07
0.000176681534842016
0.000115331028051169
0.00010213637653684
3.84348707774738e-06
1.32078593737023e-08
0
0
2.64157187474047e-08
1.22701013581695e-05
2.05514291854808e-05
3.47762937309582e-05
9.93759339277363e-05
6.24863826969857e-05
1.28776628893598e-05
2.64157187474047e-08
0
0
0
5.28314374948093e-07
0.000141205224564252
0.000168915313530279
0.000321096269234077
0.000109361075614255
2.10004964041867e-06
0
0
0
0
1.7170217185813e-07
9.33267343345806e-05
0.000217374949572393
0.000191553584496805
2.21099565915777e-05
7.91150776484769e-06
1.32078593737023e-08
0
0
0
9.24550156159163e-08
5.21314209480031e-05
9.26927570846429e-05
5.01634499013214e-05
7.06620476493074e-06
1.78306101544981e-06
0
0
0
0
1.32078593737023e-08
6.68317684309338e-06
1.78966494513667e-05
1.08304446864359e-06
1.45286453110726e-07
3.9623578121107e-08
0
0
0
0
0
1.18870734363321e-07
7.66055843674735e-07
0
0
0
0
0
0
0
0
0
1.32078593737023e-08
0
0
0
0
0
0
