3.37538440854175e-06
2.73806367943474e-05
0.000104863609920579
0.000198459001626908
0.00019364606929634
9.81081508982031e-05
2.49245326230555e-05
3.02830921692699e-06
1.7041079227932e-07
4.69020529209136e-09
0
0
0
0
0
0
0
2.00897126677913e-07
3.5575207140513e-06
2.88603965640022e-05
0.000110535631520481
0.000209214424062555
0.000204213883520304
0.000103590219183776
2.64418140350471e-05
3.28158030269992e-06
2.05587331970005e-07
8.5987097021675e-09
7.81700882015227e-10
0
0
0
0
0
0
7.50432846734618e-08
1.33592680736402e-06
1.08437546353152e-05
4.15966490346763e-05
7.90901501396547e-05
7.82654557091286e-05
4.15075351341266e-05
1.23579092437787e-05
2.50144282244873e-06
4.42442699220619e-07
6.09726687971877e-08
5.47190617410659e-09
0
0
0
0
0
0
7.81700882015227e-09
1.46959765818863e-07
1.24915800946033e-06
5.29993198006324e-06
1.24165368099299e-05
1.84692467393738e-05
1.97395106726485e-05
1.52595829178193e-05
7.55044881938508e-06
2.12700809996343e-06
3.36131379266548e-07
3.28314370446396e-08
2.34510264604568e-09
0
0
0
0
0
7.81700882015227e-10
2.34510264604568e-08
3.54110499552898e-07
2.74064329234539e-06
1.10219824364147e-05
2.48784122710166e-05
3.48224291911323e-05
3.10436871274707e-05
1.64548035664205e-05
4.94660318139236e-06
9.2709724607006e-07
1.28980645532513e-07
1.25072141122436e-08
7.81700882015227e-10
0
0
0
0
2.34510264604568e-09
5.86275661511421e-08
6.92586981465491e-07
4.38299684545938e-06
1.49304868464908e-05
2.86626262408523e-05
3.46887583403077e-05
2.85211383812076e-05
1.50657210990795e-05
5.00288564489746e-06
1.22648868388189e-06
2.34510264604568e-07
2.81412317525482e-08
2.34510264604568e-09
0
0
0
0
1.09438123482132e-08
1.94643519621792e-07
1.79556692598898e-06
8.67218958507693e-06
2.27091923234244e-05
3.30706375145362e-05
2.84179538647816e-05
1.62765757653211e-05
6.84769972645339e-06
2.30367249929888e-06
7.13692905279903e-07
1.76664399335441e-07
3.04863343985939e-08
4.69020529209136e-09
7.81700882015227e-10
0
0
0
1.87608211683655e-08
3.07990147514e-07
2.6898327350144e-06
1.2117145372118e-05
2.88142762119633e-05
3.62810830369728e-05
2.40912394828273e-05
8.92311556820382e-06
2.25442534373192e-06
5.87839063275451e-07
2.13404340790157e-07
8.20785926115989e-08
2.81412317525482e-08
7.03530793813705e-09
7.81700882015227e-10
0
0
0
1.0162111466198e-08
1.46178064936848e-07
1.2217984785898e-06
5.39920799207918e-06
1.25689684819228e-05
1.52564561142912e-05
9.41246032034535e-06
3.01580200281475e-06
6.12071790617923e-07
1.34452551706619e-07
5.1592258213005e-08
2.65778299885177e-08
1.17255132302284e-08
3.12680352806091e-09
7.81700882015227e-10
0
0
0
2.34510264604568e-09
1.95425220503807e-08
1.44614663172817e-07
6.14416893263969e-07
1.41018839115547e-06
1.69238240956297e-06
1.03731707043421e-06
3.50201995142822e-07
1.05529619072056e-07
5.00288564489746e-08
2.34510264604568e-08
7.81700882015227e-09
2.34510264604568e-09
7.81700882015227e-10
0
0
0
0
0
7.81700882015227e-10
5.47190617410659e-09
1.95425220503807e-08
4.22118476288223e-08
5.08105573309898e-08
3.83033432187461e-08
2.89229326345634e-08
2.65778299885177e-08
1.95425220503807e-08
9.38041058418273e-09
2.34510264604568e-09
0
0
0
0
0
0
0
0
0
7.81700882015227e-10
7.81700882015227e-10
1.56340176403045e-09
2.34510264604568e-09
3.90850441007614e-09
4.69020529209136e-09
3.12680352806091e-09
7.81700882015227e-10
0
0
0
0
0
0
0
0
0
0
0
0
0
0
0
0
0
0
0
0
0
0
0
0
0
0
0
0
0
0
0
0
0
0
0
0
0
0
0
0
0
0
0
0
0
0
0
0
0
0
0
0
0
0
0
0
0
0
0
0
0
0
0
0
0
0
0
0
0
0
0
0
0
0
0
0
0
0
0
0
0
0
0
0
0
0
0
0
0
0
0
0
0
0
0
0
0
0
0
0
0
0
0
0
0
0
0
0
0
0
0
0
0
0
0
3.14243754570121e-07
5.56414687818439e-06
4.51400991328513e-05
0.000172878621963842
0.000327182467569237
0.000319257584027367
0.000161764398823349
4.11159029922369e-05
5.00757585018955e-06
2.85320821935558e-07
7.81700882015227e-09
0
0
0
0
0
0
0
3.30659473092441e-07
5.86510171776025e-06
4.75813509873849e-05
0.00018225356064185
0.00034507716416033
0.000337242957920773
0.000171838959790761
4.46702969027602e-05
6.03473080915756e-06
5.47190617410659e-07
5.39373608590507e-08
4.69020529209136e-09
0
0
0
0
0
0
1.24290440240421e-07
2.20517818816496e-06
1.79322182334293e-05
6.91281540992526e-05
0.000133308923316231
0.000137680976349342
8.30674442273481e-05
3.46356026803307e-05
1.20952577474216e-05
3.25500247271141e-06
5.51099121820735e-07
5.31556599770355e-08
3.12680352806091e-09
0
0
0
0
0
1.40706158762741e-08
2.68905103413238e-07
2.55068997801569e-06
1.31161590993335e-05
4.06226497356853e-05
8.24584992402583e-05
0.000112685308946023
9.94831627496679e-05
5.24232062505872e-05
1.56519967605909e-05
2.73907989058136e-06
3.15025455452137e-07
2.65778299885177e-08
2.34510264604568e-09
7.81700882015227e-10
0
0
0
3.90850441007614e-09
1.26635542886467e-07
2.08323285057058e-06
1.6938676412388e-05
7.02858531055172e-05
0.000162250616771963
0.000230203874445546
0.000206505830506373
0.000111201640671958
3.58159710121737e-05
8.07106160680722e-06
1.4219139043857e-06
1.7353759580738e-07
2.03242229323959e-08
4.69020529209136e-09
7.81700882015227e-10
0
0
1.64157185223198e-08
3.22060763390274e-07
3.92882863300853e-06
2.61588383157576e-05
9.28269797393083e-05
0.000183935780939947
0.000227394441475584
0.000189013709869518
0.000103144649681027
3.92413842771644e-05
1.24110649037558e-05
2.90167367404052e-06
4.22900177170238e-07
5.78458652691268e-08
1.25072141122436e-08
2.34510264604568e-09
0
0
7.34798829094314e-08
1.01308434309173e-06
8.98017973259093e-06
4.47078185450969e-05
0.000123199185809128
0.000190815530402563
0.000176433015874365
0.000108797128758879
5.00257296454465e-05
2.06838053381229e-05
8.37592495079316e-06
2.56241549124592e-06
5.95656072095603e-07
1.22727038476391e-07
1.95425220503807e-08
2.34510264604568e-09
0
0
1.50086569346924e-07
1.6736215883946e-06
1.30856727649349e-05
5.83813303733073e-05
0.000141616058589407
0.000185229495899682
0.000132323980204892
5.67616461457717e-05
1.83934217538183e-05
6.63507708654525e-06
3.25734757535745e-06
1.67674839192266e-06
7.14474606161918e-07
1.86044809919624e-07
2.50144282244873e-08
1.56340176403045e-09
0
0
1.18036833184299e-07
9.45858067238425e-07
6.22624752525129e-06
2.60431465852193e-05
6.05052116697426e-05
7.48634934705983e-05
4.88977352726985e-05
1.8632622223715e-05
5.7548818933961e-06
2.17938205905845e-06
1.16160751067463e-06
7.09002699987811e-07
3.36913080148563e-07
8.91139005497359e-08
1.17255132302284e-08
7.81700882015227e-10
0
0
3.67399414547157e-08
2.00115425795898e-07
9.17716835485877e-07
3.2753266956438e-06
7.13771075368104e-06
8.57135017129697e-06
5.76660740662633e-06
2.91105408462471e-06
1.85419449214012e-06
1.29215155797117e-06
6.65227450594959e-07
2.30601760194492e-07
6.25360705612182e-08
1.25072141122436e-08
1.56340176403045e-09
0
0
0
3.90850441007614e-09
1.79791202863502e-08
6.56628740892791e-08
1.85263109037609e-07
3.35349678384533e-07
3.95540646299705e-07
4.58076716860923e-07
6.33177714432334e-07
7.12911204397887e-07
5.5031742093872e-07
2.64214898121147e-07
7.19164811454009e-08
1.09438123482132e-08
7.81700882015227e-10
0
0
0
0
0
7.81700882015227e-10
3.12680352806091e-09
1.0162111466198e-08
1.79791202863502e-08
2.81412317525482e-08
6.48811732072639e-08
1.14910029656238e-07
1.2116363671236e-07
8.05151908475684e-08
3.36131379266548e-08
7.81700882015227e-09
7.81700882015227e-10
0
0
0
0
0
0
0
0
0
7.81700882015227e-10
1.56340176403045e-09
4.69020529209136e-09
8.5987097021675e-09
7.81700882015227e-09
4.69020529209136e-09
1.56340176403045e-09
0
0
0
0
0
0
0
0
0
0
0
0
0
0
0
0
0
0
0
0
0
0
0
0
0
0
0
0
0
0
0
0
0
0
0
0
0
0
0
0
0
0
0
0
0
0
0
0
0
0
0
0
0
0
0
0
0
0
0
0
0
0
0
0
0
0
0
0
0
0
0
0
0
0
0
0
0
0
0
0
0
0
0
0
0
0
0
0
0
0
0
0
0
0
0
0
0
2.7359530870533e-07
4.84810887025844e-06
3.93312798785962e-05
0.000150632978263452
0.000285091001876246
0.000278224541328624
0.000141052452253474
3.59433882559422e-05
4.44006100984649e-06
2.77503813115406e-07
1.32889149942589e-08
7.81700882015227e-10
0
0
0
0
0
0
2.88447625463619e-07
5.11076036661556e-06
4.14653232864977e-05
0.000158889302979297
0.000301280027142781
0.000296057483550037
0.000154088877862842
4.37650872813865e-05
8.35794583050681e-06
1.61812082577152e-06
2.80630616643467e-07
2.89229326345634e-08
1.56340176403045e-09
0
0
0
0
0
1.08656422600117e-07
1.9300194776956e-06
1.58005199281738e-05
6.20256198852623e-05
0.000126100859483168
0.000151076984364437
0.000128272424533407
8.85299699908705e-05
4.59515046483831e-05
1.52142442666624e-05
2.93216000843912e-06
3.16588857216167e-07
2.11059238144111e-08
1.56340176403045e-09
7.81700882015227e-10
0
0
0
1.40706158762741e-08
3.15807156334152e-07
3.7318400107407e-06
2.51504441779579e-05
0.000100706524630022
0.000247265277896411
0.000378317430766264
0.000354980532634581
0.000196645455580633
6.35092881593271e-05
1.27339073680281e-05
1.78931331893286e-06
2.22003050492325e-07
4.61203520388984e-08
1.32889149942589e-08
3.12680352806091e-09
0
0
1.32889149942589e-08
3.90850441007614e-07
6.45215908015369e-06
5.35261861951107e-05
0.000227575014379329
0.000538681021609041
0.000776836357426447
0.000702198775510751
0.000388839906339071
0.00014032937893761
3.99120836339335e-05
8.92233386732181e-06
1.56652856755852e-06
3.91632141889629e-07
1.22727038476391e-07
2.50144282244873e-08
3.12680352806091e-09
0
8.75504987857055e-08
1.12877607362999e-06
1.24978337016595e-05
8.43533421782632e-05
0.000307518000181262
0.00062289678443207
0.000776749588628543
0.000646045292651187
0.000370799813383923
0.000171794402840487
7.01482737502825e-05
1.97746872123392e-05
4.06640798824321e-06
1.06936680659683e-06
3.15025455452137e-07
6.25360705612182e-08
7.03530793813705e-09
0
5.07323872427883e-07
3.95462476211504e-06
2.76831550356873e-05
0.00013646230467428
0.000395850199848983
0.000650814449732362
0.000637053387405366
0.000412775587346377
0.000208103627109212
0.000107778572509614
5.49512269030244e-05
2.13208915569653e-05
6.97433526933986e-06
1.92063906711141e-06
3.90850441007614e-07
5.86275661511421e-08
5.47190617410659e-09
0
1.25072141122436e-06
7.61142148818227e-06
4.08501246923518e-05
0.000166847017958212
0.000413225847054418
0.000574868300540172
0.00045854886419366
0.000237107856635505
9.86287636856253e-05
4.63595525087951e-05
2.94920108766705e-05
1.95401769477346e-05
9.58365281350669e-06
2.64996599003162e-06
3.85378534833507e-07
3.36131379266548e-08
2.34510264604568e-09
0
1.24446780416824e-06
6.04254781797771e-06
2.34822944957374e-05
7.86094040972153e-05
0.000175363649067768
0.000224273891554579
0.000165121804111605
8.45636197155253e-05
4.12190875086629e-05
2.30171824709384e-05
1.50266360549787e-05
9.83379709575156e-06
4.71834652384391e-06
1.24915800946033e-06
1.63375484341183e-07
1.09438123482132e-08
7.81700882015227e-10
0
4.59640118624954e-07
1.96832282091434e-06
5.69781772900899e-06
1.40385661401115e-05
2.57531355579917e-05
3.01095545734625e-05
2.52934954393667e-05
2.25841201823019e-05
2.2126825166323e-05
1.77469551243917e-05
9.68214712464061e-06
3.48638593378791e-06
9.38041058418273e-07
1.84481408155594e-07
2.11059238144111e-08
1.56340176403045e-09
0
0
5.08105573309898e-08
2.29820059312477e-07
7.27763521156177e-07
1.7557001810062e-06
2.74377009587345e-06
3.16901537568973e-06
4.89891942758943e-06
8.23209198850236e-06
9.74624659696586e-06
7.7106975001982e-06
3.82329901393648e-06
1.08500082423714e-06
1.75882698453426e-07
1.79791202863502e-08
1.56340176403045e-09
0
0
0
1.56340176403045e-09
1.17255132302284e-08
5.23739590950202e-08
1.50868270228939e-07
2.50144282244873e-07
3.83815133069477e-07
8.83321996677207e-07
1.56731026844053e-06
1.66267777604639e-06
1.11548715863573e-06
4.79182640675334e-07
1.21945337594375e-07
1.7197419404335e-08
1.56340176403045e-09
0
0
0
0
0
7.81700882015227e-10
3.12680352806091e-09
8.5987097021675e-09
1.32889149942589e-08
2.50144282244873e-08
6.80079767353248e-08
1.17255132302284e-07
1.11001525246162e-07
6.01909679151725e-08
1.95425220503807e-08
3.90850441007614e-09
7.81700882015227e-10
0
0
0
0
0
0
0
0
7.81700882015227e-10
7.81700882015227e-10
7.81700882015227e-10
1.56340176403045e-09
3.12680352806091e-09
2.34510264604568e-09
1.56340176403045e-09
0
0
0
0
0
0
0
0
0
0
0
0
0
0
0
0
0
0
0
0
0
0
0
0
0
0
0
0
0
0
0
0
0
0
0
0
0
0
0
0
0
0
0
0
0
0
0
0
0
0
0
0
0
0
0
0
0
0
0
0
0
0
0
0
0
0
0
0
0
0
0
0
0
0
0
0
0
0
0
0
1.29762346414528e-07
2.29820059312477e-06
1.86474745404732e-05
7.14208827862033e-05
0.000135202984553354
0.00013205194829795
6.71653031845124e-05
1.73850276160187e-05
2.34275754339964e-06
2.25911554902401e-07
2.65778299885177e-08
2.34510264604568e-09
0
0
0
0
0
0
1.36797654352665e-07
2.42483613601124e-06
1.96793197047333e-05
7.55435732379516e-05
0.000144248827160034
0.000145612113498268
8.40523873386873e-05
3.39781922385559e-05
1.31474271346141e-05
4.39706746133565e-06
9.20061938131923e-07
1.0318451642601e-07
6.25360705612182e-09
0
0
0
0
0
5.31556599770355e-08
9.40386161064319e-07
7.82560752985444e-06
3.26750968682365e-05
7.90104166496891e-05
0.000136613172944509
0.000187404969454331
0.000185661776487437
0.000116879134178035
4.34868017673891e-05
9.19983768043721e-06
1.11861396216379e-06
1.10219824364147e-07
2.03242229323959e-08
5.47190617410659e-09
7.81700882015227e-10
0
0
1.56340176403045e-08
3.17370558098182e-07
4.26652341403911e-06
3.45206926506745e-05
0.000161633073075171
0.000445304506149676
0.000735150594491221
0.000728284915644481
0.000429526655547081
0.000153333754810815
3.59605856753465e-05
6.69057784916833e-06
1.54698604550813e-06
5.60479532404918e-07
1.85263109037609e-07
3.83033432187461e-08
3.90850441007614e-09
0
6.09726687971877e-08
8.55180764924659e-07
1.11165682431385e-05
8.97205004341797e-05
0.000392423223182228
0.000966502005831565
0.00142949796634301
0.00130660755238228
0.000756826378248621
0.000320349620159542
0.000117654581452994
3.57839212760111e-05
1.13760929359676e-05
4.78557279969722e-06
1.66971308398453e-06
3.49420294260807e-07
3.83033432187461e-08
2.34510264604568e-09
5.40937010354537e-07
3.88974358890777e-06
2.71484716323888e-05
0.00016148142310406
0.000587503713597066
0.00121008625427457
0.00151004677032851
0.00124438807067828
0.000765650999505691
0.000445164581691796
0.000228394236903681
8.367717091532e-05
2.95803430763382e-05
1.24306074258061e-05
4.19148012936565e-06
8.60652671098765e-07
9.38041058418273e-08
4.69020529209136e-09
3.09866229630836e-06
1.5963113711633e-05
6.80838017208803e-05
0.000280070918811944
0.000825729402493853
0.00143711251463472
0.00148594224193068
0.0010098652988596
0.000558061731576845
0.000344596418117891
0.000213072899616183
0.000110537976623127
5.0153146889215e-05
1.75194801677253e-05
4.38846875163349e-06
7.60594958200816e-07
7.81700882015227e-08
3.90850441007614e-09
7.72398641519246e-06
3.41290605087848e-05
0.000108589978025145
0.000331746819019324
0.000805122203842168
0.00122099098157868
0.00113080380571794
0.000715645594083177
0.000369040204698507
0.000211960539261075
0.000165227333730677
0.000128941560488412
6.81244501667451e-05
1.99239920808041e-05
3.28548880711e-06
3.68962816311187e-07
3.04863343985939e-08
1.56340176403045e-09
8.08591392356551e-06
3.30651656083621e-05
8.49224204203703e-05
0.000190280846999265
0.000366876456657089
0.000485701244330459
0.000431013450624674
0.000307605550680048
0.000211428200960423
0.000150990997267415
0.000110140090874182
7.28420149897069e-05
3.42306816234468e-05
9.03177199080394e-06
1.23977759887615e-06
1.00057712897949e-07
6.25360705612182e-09
0
3.09788059542635e-06
1.25947646110293e-05
3.09358124057526e-05
5.88268998760559e-05
8.73449114537355e-05
9.62946048519278e-05
0.000103291609446846
0.000130578442135352
0.000149690246999742
0.000128990025943097
7.45555033230843e-05
2.81255977349079e-05
7.53012459645268e-06
1.41331519468353e-06
1.60248680813122e-07
1.09438123482132e-08
7.81700882015227e-10
0
3.53328798670883e-07
1.63375484341183e-06
5.13108458954795e-06
1.18372964563566e-05
1.74999376456749e-05
1.98481670952486e-05
3.24906154600809e-05
5.61745887833783e-05
6.76945146816367e-05
5.53139361122795e-05
2.88314736313676e-05
8.79257152090728e-06
1.54854944727217e-06
1.65720586987228e-07
1.17255132302284e-08
7.81700882015227e-10
0
0
1.79791202863502e-08
1.25853842004452e-07
5.55789327112827e-07
1.44067472555406e-06
2.18250886258651e-06
3.00642159223056e-06
6.2934738011046e-06
1.08218670106188e-05
1.14738055462195e-05
7.89361550658977e-06
3.55830241493332e-06
9.7790780340105e-07
1.5555847552103e-07
1.7197419404335e-08
5.47190617410659e-09
3.90850441007614e-09
7.81700882015227e-10
0
2.34510264604568e-09
1.79791202863502e-08
7.66066864374923e-08
1.68847390515289e-07
2.13404340790157e-07
2.53271085772934e-07
5.04978769781837e-07
8.18440823469943e-07
7.62158359964847e-07
4.19773373642177e-07
1.45396364054832e-07
3.28314370446396e-08
7.03530793813705e-09
8.5987097021675e-09
1.25072141122436e-08
8.5987097021675e-09
3.12680352806091e-09
7.81700882015227e-10
0
1.56340176403045e-09
7.03530793813705e-09
1.40706158762741e-08
1.56340176403045e-08
1.17255132302284e-08
1.32889149942589e-08
1.95425220503807e-08
1.7197419404335e-08
8.5987097021675e-09
2.34510264604568e-09
7.81700882015227e-10
2.34510264604568e-09
7.03530793813705e-09
1.0162111466198e-08
7.03530793813705e-09
2.34510264604568e-09
0
0
0
0
0
0
0
0
0
0
0
0
0
7.81700882015227e-10
2.34510264604568e-09
3.12680352806091e-09
2.34510264604568e-09
7.81700882015227e-10
0
0
0
0
0
0
0
0
0
0
0
0
0
0
0
0
0
0
0
0
0
0
0
0
0
0
0
0
0
0
0
0
0
0
0
0
0
0
0
0
0
0
0
0
0
0
0
0
0
0
0
0
0
0
0
3.36131379266548e-08
5.94874371213588e-07
4.83169315173612e-06
1.8534127912581e-05
3.52234417436061e-05
3.47426957011668e-05
1.82105037474267e-05
5.28351626154092e-06
1.09281783305729e-06
2.45454076952781e-07
4.76837538029289e-08
5.47190617410659e-09
0
0
0
0
0
0
3.75216423367309e-08
6.46466629426593e-07
5.22488869538978e-06
2.03672164809067e-05
4.10791630507822e-05
4.87484304042336e-05
4.24963867498758e-05
3.30839264295305e-05
2.05180847511357e-05
8.10154794120582e-06
1.79634862687099e-06
2.14967742554188e-07
1.7197419404335e-08
1.56340176403045e-09
0
0
0
0
3.439483880867e-08
4.24463578934268e-07
3.05879555132558e-06
1.41745820935821e-05
4.90407865341073e-05
0.000131071695391903
0.000242073220638066
0.00028028275975097
0.00019353741287374
7.74259089618442e-05
1.77219406961672e-05
2.63589537415535e-06
4.6354862303503e-07
1.32107449060573e-07
3.67399414547157e-08
7.03530793813705e-09
7.81700882015227e-10
0
8.98956014317512e-08
8.15314019941882e-07
5.58056259670671e-06
3.56518138269505e-05
0.000171734211872571
0.000513458660949938
0.000907934630648338
0.000953089582097948
0.000603412108246958
0.000239638222390588
6.82182542725869e-05
1.98841253358213e-05
8.21020436380593e-06
3.72558640368457e-06
1.27964434385893e-06
2.66560000767193e-07
2.97046335165786e-08
1.56340176403045e-09
4.11956364822025e-07
2.99391437811832e-06
1.76289182912074e-05
0.000101274821171247
0.000427108854719008
0.0010913787217335
0.00165319027244137
0.00152274471945596
0.000932782556584956
0.000475123267995029
0.000234769007596515
0.000113004242905885
6.1189199941506e-05
3.17870846662672e-05
1.15316514114886e-05
2.44203355541557e-06
2.69686804295253e-07
1.40706158762741e-08
2.84773631318147e-06
1.66424117781042e-05
6.69026516881553e-05
0.000253744796507435
0.000815237413255445
0.00166955127190195
0.00206994549897809
0.00167027669032046
0.00108613898072135
0.00075575935654467
0.000486390704508397
0.000266716340943596
0.000153538560441903
8.00258460954269e-05
2.86391752143919e-05
6.00502617564098e-06
6.60537245302867e-07
3.51765396906852e-08
1.26416666639503e-05
6.03316740739352e-05
0.000185230277600564
0.000518845361727905
0.00136123202831662
0.00243716277721973
0.00267427063385524
0.00193439543923312
0.00114464929174019
0.000757326666813111
0.000550420605455146
0.000381246463971175
0.000221293266091455
9.32537884208886e-05
2.7515871046936e-05
5.26319203860853e-06
5.62042934168949e-07
2.97046335165786e-08
2.79981804911394e-05
0.000116355394587085
0.000289480252328761
0.000621922785133079
0.0013307120807801
0.00214254049648908
0.00226870936394898
0.00168556519617091
0.00102487473749517
0.000676959999133125
0.000584901431360838
0.000485105588258364
0.000265846307861913
8.43580323835553e-05
1.69183521894556e-05
2.47564669334223e-06
2.39982170778675e-07
1.25072141122436e-08
2.85047226626853e-05
0.000113332557276332
0.000257135814933617
0.000449331047392937
0.000726679302032822
0.000968108401144107
0.00100188022434981
0.000884894778851822
0.000736904731270463
0.00060276485991665
0.000460795472528572
0.000296548391703943
0.000134107039916768
3.58706900739148e-05
5.67045819813846e-06
6.43339825898532e-07
5.55007626230811e-08
2.34510264604568e-09
1.09969680081902e-05
4.50236257014311e-05
0.000109091048290517
0.000194905389417267
0.000266851575196184
0.00028861881795678
0.000341862028432601
0.000469749856132057
0.000563233464612258
0.000512132114553158
0.000315392854866684
0.000125239425111188
3.33418877205955e-05
6.00815297916904e-06
7.19164811454009e-07
6.56628740892791e-08
4.69020529209136e-09
0
1.38673736469501e-06
6.9508842428794e-06
2.28139402416144e-05
5.11599776252506e-05
7.26802029071298e-05
8.06089949534103e-05
0.000124610155901165
0.000205649086339684
0.000248901377842469
0.000212957989586526
0.000119031938407105
3.9581424160841e-05
7.59344236789592e-06
8.52835662278613e-07
7.19164811454009e-08
1.40706158762741e-08
3.90850441007614e-09
7.81700882015227e-10
1.39924457880726e-07
1.08656422600117e-06
4.55497103950273e-06
1.04646297075378e-05
1.39963542924826e-05
1.58560206907969e-05
2.61549298113475e-05
4.03881394710808e-05
4.2096155898284e-05
3.02784019639778e-05
1.47968159956662e-05
4.49790687511562e-06
8.20004225233974e-07
1.7353759580738e-07
1.51649971110954e-07
1.02402815543995e-07
3.28314370446396e-08
4.69020529209136e-09
2.81412317525482e-08
2.36073666368599e-07
9.72435897226943e-07
2.05900012322811e-06
2.39122299808458e-06
1.99411895002085e-06
2.35682815927591e-06
3.14869115275734e-06
2.8336656973052e-06
1.64938886105213e-06
6.48030031190623e-07
1.77446100217457e-07
9.69309093698882e-08
2.39982170778675e-07
3.63490910137081e-07
2.50925983126888e-07
8.05151908475684e-08
1.25072141122436e-08
2.34510264604568e-09
2.18876246964264e-08
9.06773023137664e-08
1.8838991256567e-07
2.0793243461605e-07
1.31325748178558e-07
7.97334899655532e-08
7.81700882015227e-08
6.56628740892791e-08
3.59582405727005e-08
1.40706158762741e-08
1.09438123482132e-08
5.78458652691268e-08
1.94643519621792e-07
2.97828036047802e-07
2.05587331970005e-07
6.56628740892791e-08
1.0162111466198e-08
0
7.81700882015227e-10
2.34510264604568e-09
4.69020529209136e-09
5.47190617410659e-09
3.12680352806091e-09
7.81700882015227e-10
7.81700882015227e-10
7.81700882015227e-10
0
0
2.34510264604568e-09
1.79791202863502e-08
6.09726687971877e-08
9.30224049598121e-08
6.40994723252486e-08
2.03242229323959e-08
3.12680352806091e-09
0
0
0
0
0
0
0
0
0
0
0
0
1.56340176403045e-09
6.25360705612182e-09
9.38041058418273e-09
6.25360705612182e-09
2.34510264604568e-09
0
0
0
0
0
0
0
0
0
0
0
0
0
0
0
0
0
0
0
0
0
0
0
0
0
0
0
0
0
0
0
0
0
0
0
0
0
4.69020529209136e-09
8.75504987857055e-08
7.19164811454009e-07
2.92668810226501e-06
6.27471297993623e-06
7.63096401023265e-06
5.65404247961614e-06
2.79848915761451e-06
1.05138768631048e-06
3.13462053688106e-07
6.33177714432334e-08
7.03530793813705e-09
7.81700882015227e-10
0
0
0
0
0
2.03242229323959e-08
2.26693255784416e-07
1.57121877285061e-06
7.10878782104648e-06
2.08596880365763e-05
3.92445110806925e-05
4.94089676495365e-05
4.37768127946168e-05
2.68615874086893e-05
1.05115317604588e-05
2.38418769014644e-06
3.15025455452137e-07
3.59582405727005e-08
6.25360705612182e-09
7.81700882015227e-10
0
0
0
1.56340176403045e-07
1.32576469589783e-06
6.21295861025703e-06
2.15968319683167e-05
6.74818920417285e-05
0.000167015083647845
0.000288522668748292
0.000326788490324702
0.000229773938960438
9.60350801590987e-05
2.41459585445684e-05
4.86921479407285e-06
1.35703273117843e-06
4.55731614214878e-07
1.32889149942589e-07
2.65778299885177e-08
3.12680352806091e-09
0
6.1754369679203e-07
4.76290347411878e-06
1.98935057464055e-05
6.00971638093307e-05
0.000184455612026487
0.000487786040582794
0.000854954071668874
0.000926672782491126
0.000625313021858379
0.000277801641151454
0.00010327753883097
4.81066539800991e-05
2.6537963243535e-05
1.30301720023118e-05
4.59561948536752e-06
9.71654196344928e-07
1.07874721718101e-07
5.47190617410659e-09
2.20126968375488e-06
1.39760300695503e-05
5.24755802096822e-05
0.000156473065552988
0.00046601567101867
0.00107958832733006
0.0015739398736209
0.00142406827201653
0.000916055721111595
0.000560198120087393
0.000388550677012725
0.000283955190494677
0.000198369887726358
0.000111248542724879
4.1429365045925e-05
8.89966454174336e-06
9.91978419277324e-07
5.31556599770355e-08
1.04333616722572e-05
5.94374082649098e-05
0.000195837176868629
0.000485396380986473
0.00117757375118979
0.00224611039144992
0.00273270042968323
0.00216821858876239
0.00141137110458996
0.00103662682855539
0.00082773759205975
0.000653888097600446
0.000483153681155972
0.000276092843023368
0.000102716277597683
2.19751751952121e-05
2.44281525629759e-06
1.31325748178558e-07
3.31847658433104e-05
0.000166391286343997
0.000483289697109442
0.00103271910584619
0.00214412734927957
0.00368136089458368
0.00420784816413417
0.00325074923821236
0.00202020899865899
0.00132379402797427
0.00104742524453955
0.000869644576344587
0.000592119657305366
0.000290724720132929
9.74366698405521e-05
1.99935634593035e-05
2.1973611793448e-06
1.17255132302284e-07
5.90207616947957e-05
0.000254447545600367
0.000631042107622669
0.00117931147225051
0.00215523610051389
0.00339141162172571
0.00382003932125847
0.00313273194755011
0.00213711392896613
0.00151381456857982
0.00129811749910271
0.00106027875214252
0.000602915728186879
0.000221628615769839
5.79318523661485e-05
1.06921046642043e-05
1.15144539920843e-06
6.1754369679203e-08
5.5493727315143e-05
0.000225662192321038
0.000521632907073171
0.000886450363607032
0.00135389107533362
0.00180397724577858
0.00199320748679242
0.00190486043480794
0.00169343067044575
0.00144794298035504
0.0011072042560899
0.000681086598089283
0.000299897198282496
8.78803765579159e-05
1.87952160071741e-05
3.1416558448192e-06
3.32222874856472e-07
1.79791202863502e-08
2.18266520276292e-05
9.44130508289171e-05
0.000242976085156793
0.000442027616052269
0.000603107244902972
0.000675615473616059
0.000810131343094121
0.0010538164309509
0.0012349771737597
0.00116145429730175
0.000756027479947201
0.000312685824712265
8.30807331423424e-05
1.51689056155055e-05
2.27787637019237e-06
3.26750968682365e-07
3.439483880867e-08
2.34510264604568e-09
3.63256399872476e-06
2.15131899739411e-05
7.57374350566914e-05
0.000161141383220383
0.000213631815746824
0.000229447187991756
0.000312464603362655
0.000449446739123475
0.000529138798942282
0.00047855258976443
0.000289057352151591
0.00010358396557672
2.1099670207355e-05
2.5514716788977e-06
4.00230851591796e-07
1.7197419404335e-07
5.23739590950202e-08
7.81700882015227e-09
7.7310217231306e-07
6.29425550198661e-06
2.56491693406836e-05
5.48613313015927e-05
6.74084121588191e-05
6.50132806563244e-05
7.81255312512479e-05
9.56708075480797e-05
9.50008898921926e-05
7.50417212716978e-05
4.14137310282847e-05
1.38517396293098e-05
3.00094968605646e-06
1.66502287869243e-06
2.15827613524404e-06
1.4836682740649e-06
4.74492435383243e-07
7.26981820274161e-08
1.86826510801639e-07
1.56965537108658e-06
6.41229233517091e-06
1.34132054344993e-05
1.52033004543142e-05
1.1036053052291e-05
8.50412389544366e-06
8.18909843999152e-06
7.10097081222633e-06
5.07245702339681e-06
2.61869795475101e-06
9.52893375176562e-07
1.15848070714657e-06
3.47309701879366e-06
5.28664306506898e-06
3.6552333243032e-06
1.16942451949478e-06
1.79791202863502e-07
1.79791202863502e-08
1.47741466700878e-07
6.05036482679786e-07
1.25932012092653e-06
1.38126545852091e-06
8.29384635818156e-07
3.63490910137081e-07
2.27474956666431e-07
1.96988622267837e-07
1.61812082577152e-07
1.00057712897949e-07
1.39924457880726e-07
8.35638242874278e-07
2.83444739818721e-06
4.33062288636436e-06
2.99469607900034e-06
9.57583580468653e-07
1.46959765818863e-07
7.81700882015227e-10
3.90850441007614e-09
1.56340176403045e-08
3.20497361626243e-08
3.439483880867e-08
1.95425220503807e-08
6.25360705612182e-09
2.34510264604568e-09
2.34510264604568e-09
2.34510264604568e-09
3.90850441007614e-09
3.439483880867e-08
2.5874299194704e-07
8.82540295795192e-07
1.34921572235828e-06
9.32569152244166e-07
2.98609736929817e-07
4.61203520388984e-08
0
0
0
0
0
0
0
0
0
0
0
3.12680352806091e-09
2.57961291065025e-08
8.75504987857055e-08
1.32889149942589e-07
9.22407040777968e-08
2.97046335165786e-08
4.69020529209136e-09
0
0
0
0
0
0
0
0
0
0
0
0
7.81700882015227e-10
2.34510264604568e-09
3.12680352806091e-09
2.34510264604568e-09
7.81700882015227e-10
0
0
0
0
0
0
0
0
0
0
0
0
0
0
0
0
0
0
0
2.34510264604568e-09
2.57961291065025e-08
2.33728563722553e-07
1.42504070791376e-06
4.95598359197654e-06
9.27331756334664e-06
9.44372835562596e-06
5.38201057267484e-06
1.84559578243795e-06
4.4713290451271e-07
8.05151908475684e-08
9.38041058418273e-09
7.81700882015227e-10
0
0
0
0
0
6.01909679151725e-08
5.49535720056705e-07
3.16588857216167e-06
1.4526347490489e-05
4.70834075255412e-05
9.04154325182913e-05
0.000101746186803102
7.24785240795699e-05
3.61669547081985e-05
1.28511625003303e-05
2.90167367404052e-06
4.1273806570404e-07
5.78458652691268e-08
1.09438123482132e-08
2.34510264604568e-09
0
0
0
6.33177714432334e-07
5.1232675807278e-06
2.22589326153836e-05
6.53947506867479e-05
0.000159676475767486
0.000301208110661635
0.000405325977940772
0.000390444738249848
0.000259828774472159
0.000110508271989611
3.00048066552725e-05
7.2948326309661e-06
2.39513150249466e-06
8.48927157868537e-07
2.54834487536964e-07
5.1592258213005e-08
5.47190617410659e-09
0
2.59446522740854e-06
1.87623845701295e-05
7.2637209358619e-05
0.000169550139608221
0.000320851472125796
0.000575764911451844
0.000848934193176475
0.000894063348496978
0.000633211327570261
0.00031080270728749
0.000139919767675434
7.98054064466986e-05
4.79542223081061e-05
2.44680193079586e-05
8.86995990822678e-06
1.9096952547632e-06
2.14186041672172e-07
1.17255132302284e-08
7.81544541838824e-06
4.64205251775923e-05
0.00015894089523751
0.000359647286900212
0.000718768489106827
0.00128507325648452
0.00166859681512501
0.00148329618444506
0.00100763432454232
0.00068000706917122
0.000554247031272611
0.000473398054148422
0.000358515384023054
0.000209368419136312
8.01094880898025e-05
1.75140082615512e-05
1.9714496244424e-06
1.06311319954071e-07
2.59063489308667e-05
0.0001429246258659
0.000445518692191349
0.000935591207854037
0.00181810805262277
0.00309782665806549
0.00367224313549585
0.00299815197859973
0.00199425027576902
0.00140373623207532
0.00118089050803218
0.00106581163098543
0.000862311440370402
0.000519714613108706
0.000200268639168773
4.37807212990268e-05
4.92393385581392e-06
2.65778299885177e-07
5.90520297300763e-05
0.000311396799957822
0.000925128923249145
0.00181203580017127
0.0031464500163286
0.00490939031090402
0.005604524855544
0.00457971890772645
0.00302456721480478
0.00194588331539521
0.00147543540037552
0.00127222912929213
0.000967125021434531
0.00054415370948403
0.000202597326096297
4.3993343938935e-05
4.95832869462259e-06
2.68123402531223e-07
7.75822491382473e-05
0.000362072123036223
0.000980839963409489
0.00186084129473989
0.00309872248727628
0.0045435410092059
0.005143904484013
0.00445974111125211
0.00324856516594801
0.00231364465745074
0.00180831803077641
0.00139416977668121
0.000867430017745837
0.000408164333843369
0.000140774948440358
3.04808624924198e-05
3.4856042329059e-06
1.90735015211715e-07
6.36429590101518e-05
0.000278624772180216
0.000714161925809112
0.0013115658810769
0.00203079010179794
0.00272078652654044
0.00307886572147133
0.00296140891034148
0.00255650036067171
0.0021114186392734
0.0015451881334795
0.000903988604595926
0.000415429461840819
0.000157772252418897
4.99319255396047e-05
1.07210275968388e-05
1.23665079534809e-06
6.80079767353248e-08
2.75291599619303e-05
0.000137920958520121
0.000404169060635389
0.000757064015316754
0.00101214786543508
0.00117191970871017
0.00139865908484663
0.0016257541348844
0.00173160425131808
0.00160852701084655
0.00107014928917973
0.000447204039292973
0.000119844125623519
2.5359158313456e-05
5.79787544190694e-06
1.17411472478687e-06
1.40706158762741e-07
8.5987097021675e-09
7.60047767583406e-06
5.34159663707465e-05
0.000197173103675993
0.000395020815213165
0.000483621138283417
0.000505661194651836
0.000612163249621119
0.000722254875040615
0.000791035953948253
0.000754177193959471
0.000481759908483339
0.000176757421740401
3.62529418052202e-05
5.25850183331644e-06
2.09574006468282e-06
1.25306651387041e-06
3.93195543653659e-07
6.01909679151725e-08
2.53896446478546e-06
2.0943330030952e-05
8.42024739080343e-05
0.000174754704080678
0.000207854264527849
0.000189838404300044
0.000189677373918349
0.000185461661061641
0.000181993254248139
0.000170626541722756
0.000106423103180199
3.71034323648528e-05
9.90336847425092e-06
1.13057398565862e-05
1.62937731847254e-05
1.1244767187789e-05
3.59660575815206e-06
5.52662523584766e-07
6.3708621884241e-07
5.34370722945609e-06
2.1766461059714e-05
4.53605387815796e-05
5.11865554552391e-05
3.61091088429294e-05
2.36323810650844e-05
1.84192178829248e-05
1.77453917226277e-05
1.76203195815052e-05
1.13721844315575e-05
4.9075181372916e-06
8.3931223701975e-06
2.62956359701102e-05
4.00824944262128e-05
2.77144230709679e-05
8.86526970293469e-06
1.36172293647053e-06
6.01909679151725e-08
5.03415368017806e-07
2.05430991793602e-06
4.27668552550531e-06
4.68864189032733e-06
2.79614405496847e-06
1.12252246657387e-06
6.06599884443816e-07
7.08220999105796e-07
8.69251380800933e-07
6.69135955005035e-07
1.05373278895653e-06
6.33724905049745e-06
2.14889572465986e-05
3.28306553437575e-05
2.27021570154862e-05
7.26200119392146e-06
1.11548715863573e-06
1.56340176403045e-09
1.25072141122436e-08
5.23739590950202e-08
1.08656422600117e-07
1.18036833184299e-07
6.64445749712943e-08
2.03242229323959e-08
8.5987097021675e-09
1.64157185223198e-08
2.57961291065025e-08
3.51765396906852e-08
2.64214898121147e-07
1.96206921385822e-06
6.69292295181438e-06
1.02277743402872e-05
7.07204787959176e-06
2.26224235255207e-06
3.47856892496776e-07
0
0
0
7.81700882015227e-10
7.81700882015227e-10
7.81700882015227e-10
0
0
0
7.81700882015227e-10
1.56340176403045e-09
2.50144282244873e-08
1.93861818739776e-07
6.61318946184882e-07
1.01073924044569e-06
6.98840588521613e-07
2.23566452256355e-07
3.439483880867e-08
0
0
0
0
0
0
0
0
0
0
0
7.81700882015227e-10
4.69020529209136e-09
1.7197419404335e-08
2.57961291065025e-08
1.79791202863502e-08
5.47190617410659e-09
7.81700882015227e-10
0
0
0
0
0
0
0
0
0
0
0
0
0
0
0
0
0
0
3.90850441007614e-09
3.90850441007614e-08
3.31441173974456e-07
2.07932434616051e-06
7.54732201585702e-06
1.44638114199278e-05
1.47780551744979e-05
8.22271157791818e-06
2.62964176709923e-06
5.71423344753131e-07
9.53675076058577e-08
1.0162111466198e-08
7.81700882015227e-10
0
0
0
0
0
1.36797654352665e-07
1.15535390361851e-06
6.07381585325832e-06
2.51160493391493e-05
7.68333796932767e-05
0.000142415738591708
0.000152545018620862
9.98036601112942e-05
4.48993352611906e-05
1.49719169932377e-05
3.32222874856472e-06
4.62766922153015e-07
6.01909679151725e-08
1.09438123482132e-08
2.34510264604568e-09
0
0
0
1.61812082577152e-06
1.15082003850282e-05
4.70920062352433e-05
0.000125664670391004
0.000268502527459
0.000446409049495964
0.000531141516602005
0.000461781197340793
0.000293050280256925
0.000124392061355083
3.37624427951197e-05
7.80606500780406e-06
2.43108974306736e-06
8.67687979036902e-07
2.68123402531223e-07
5.55007626230811e-08
6.25360705612182e-09
0
7.92644694363441e-06
4.47695729147761e-05
0.000160152531604634
0.000347577043581015
0.000549551354074345
0.000767588835992206
0.000955815373073535
0.000962008789161742
0.000697786855732657
0.000352382158902762
0.00015351041921015
8.15564164224127e-05
4.82207823088733e-05
2.51731135035364e-05
9.37181187448056e-06
2.05430991793602e-06
2.32946862840538e-07
1.25072141122436e-08
2.20658524975258e-05
0.000102956259768462
0.000320130743912578
0.000658054563301587
0.00107760358879063
0.00157804614835413
0.00189350153929137
0.00175439161372971
0.00128216298410078
0.000840446484999554
0.000604009327720818
0.000478941876803674
0.000361941578988927
0.00021675314736871
8.50076258165099e-05
1.88991822244822e-05
2.14811402377784e-06
1.16473431420269e-07
4.78533828943262e-05
0.000230748719960311
0.000677482175322311
0.00134014486532338
0.00231231576595132
0.00356919776182684
0.00419199683364866
0.00372029819721774
0.00270306927604956
0.00181310438527699
0.00131385548296032
0.00109379730426245
0.000888869727836869
0.000551439161704412
0.000218282154293932
4.86202314595831e-05
5.52818863761169e-06
3.00173138693847e-07
7.45742641442527e-05
0.000390898906462299
0.00118067319518698
0.00231639311775191
0.00375165143789449
0.00533838071964604
0.00592417172661061
0.00513424969641923
0.00372266206068496
0.00241982230655399
0.00160059587369762
0.00126511643296667
0.00103114163346629
0.000646427544382492
0.00026014301822673
5.89441550083582e-05
6.7812551514821e-06
3.70526218075218e-07
6.88834817231818e-05
0.000352543189284457
0.00106629315872875
0.00217998709554113
0.00355557037035067
0.00486712687101699
0.00535249901927612
0.00477436086394648
0.00365084407385069
0.00256703456175774
0.00173442306469863
0.00123223887557
0.00091448293893698
0.000570170278239261
0.000238025573470991
5.58798875508585e-05
6.57097761422e-06
3.62709209255065e-07
4.8101963774807e-05
0.000247099557309423
0.000755027684519104
0.00153799726706584
0.00238084122867054
0.00309279172268443
0.00346216024175338
0.00326554918101156
0.00265180064200171
0.00201691725624482
0.00134254390533028
0.000747558532591448
0.000412992118490695
0.000229444061188228
9.51384692474273e-05
2.26028810034703e-05
2.68123402531223e-06
1.48523167582893e-07
2.74517715746108e-05
0.000172644893400119
0.000581917679094186
0.0010991761880316
0.00137474216466049
0.00154802101747592
0.0018219923243055
0.00193672725296417
0.0018223964636615
0.00157570495421249
0.00100798999844364
0.000403082496409388
0.000110878798207686
3.21701180984547e-05
1.0933650236747e-05
2.60853584328481e-06
3.35349678384533e-07
2.26693255784416e-08
1.24165368099299e-05
9.54441142922952e-05
0.000357382699445014
0.000689192054534899
0.00080655818836243
0.00084466141615538
0.000984029303008111
0.00104005067841861
0.00109028277709691
0.00107375840215199
0.000689339014300718
0.000242854921520081
4.76032386120813e-05
9.82832518957745e-06
7.70288049137805e-06
5.05213280046441e-06
1.6017051072492e-06
2.45454076952781e-07
4.66831766739494e-06
3.85691215186313e-05
0.000153855149299119
0.000315578117975721
0.000375372763543712
0.000351057175907747
0.000344680060112266
0.000324328477649
0.000353255318787973
0.000379705731532723
0.000249691677434186
8.7730289988569e-05
2.82670855945526e-05
4.4971251742336e-05
6.65391607780182e-05
4.59624484607313e-05
1.47014484880604e-05
2.25911554902401e-06
1.14597349303432e-06
9.60632213908513e-06
3.90787904937053e-05
8.13977311433636e-05
9.24158050753682e-05
6.67846148549709e-05
4.46327752604234e-05
3.65030860874651e-05
4.4818038369461e-05
5.41640541148351e-05
3.82392437464209e-05
1.79705215766481e-05
3.40532355232294e-05
0.000107472927464746
0.000163840596365982
0.000113284873522529
3.62365260866979e-05
5.56805538259446e-06
1.07093020836086e-07
8.98174313435496e-07
3.66852223929746e-06
7.64034442081683e-06
8.40406618254571e-06
5.08965444280115e-06
2.16687484494621e-06
1.5454226437441e-06
2.79692575585048e-06
4.1531767861469e-06
3.46918851438358e-06
4.69567719826547e-06
2.60056249428826e-05
8.78498902235173e-05
0.000134200062321728
9.27964934049097e-05
2.96827458918822e-05
4.56122464655885e-06
2.34510264604568e-09
2.26693255784416e-08
9.30224049598121e-08
1.93861818739776e-07
2.11059238144111e-07
1.20381935830345e-07
4.22118476288223e-08
4.37752493928527e-08
1.27417243768482e-07
2.15749443436203e-07
2.43108974306736e-07
1.12486756921991e-06
8.03041316094243e-06
2.7360312571415e-05
4.18069265719384e-05
2.89088620186871e-05
9.24673973335812e-06
1.42113220350368e-06
0
0
7.81700882015227e-10
1.56340176403045e-09
1.56340176403045e-09
7.81700882015227e-10
0
7.81700882015227e-10
2.34510264604568e-09
4.69020529209136e-09
1.0162111466198e-08
1.0474791819004e-07
7.91862993481425e-07
2.70233994912664e-06
4.12972575968645e-06
2.85555332200163e-06
9.13808331075801e-07
1.40706158762741e-07
0
0
0
0
0
0
0
0
0
0
0
2.34510264604568e-09
2.03242229323959e-08
6.95713784993552e-08
1.06311319954071e-07
7.34798829094314e-08
2.34510264604568e-08
3.90850441007614e-09
0
0
0
0
0
0
0
0
0
0
0
0
0
7.81700882015227e-10
7.81700882015227e-10
7.81700882015227e-10
0
0
4.69020529209136e-09
4.22118476288223e-08
3.15025455452137e-07
1.83465197008974e-06
6.50218793660266e-06
1.2374324962301e-05
1.25939829101473e-05
6.95948295258157e-06
2.1918892731707e-06
4.64330323917045e-07
7.58249855554771e-08
7.81700882015227e-09
7.81700882015227e-10
0
0
0
0
0
1.98552024031868e-07
1.39299097175114e-06
6.54049127982141e-06
2.39614771364128e-05
6.80877102252903e-05
0.00012249409161355
0.000129003314858091
8.27188056339693e-05
3.6294371951967e-05
1.18982691251538e-05
2.61322604857691e-06
3.47075191614761e-07
3.83033432187461e-08
6.25360705612182e-09
1.56340176403045e-09
0
0
0
3.37460270765974e-06
1.61217989906821e-05
5.6674877347868e-05
0.000136919599690259
0.00026108965799485
0.000397444087947412
0.000446930443984268
0.000375254726710528
0.000235001954459356
9.96567003454753e-05
2.63824047680139e-05
5.32260130564168e-06
1.40237138233532e-06
4.84654546849441e-07
1.52431671992969e-07
3.20497361626243e-08
3.90850441007614e-09
0
2.35002736160238e-05
7.80043676145355e-05
0.000214222781613627
0.000427039283340509
0.000626624715938401
0.000771206547674173
0.00085791984481524
0.000832055707732002
0.000609923676594145
0.000307861166868467
0.000119636974889785
5.09403196774043e-05
2.7158633743855e-05
1.41534761697677e-05
5.36012294797841e-06
1.18974874242718e-06
1.3601595347065e-07
7.03530793813705e-09
6.54455612440789e-05
0.000187549584117503
0.000430975147281455
0.00079166678656004
0.00118598641608204
0.00155685111063917
0.00179966225690986
0.00176904303336132
0.00138213627330347
0.000861631360603048
0.000488364499235485
0.000304503761580212
0.000210503448816999
0.000124668783467317
4.92268313440269e-05
1.1037616454055e-05
1.26166522357258e-06
6.878967761734e-08
9.01316750981197e-05
0.000295139766714551
0.00071148460028821
0.00133025869426853
0.00217584017236204
0.00314690809304546
0.00374581291400672
0.003694225345999
0.00298416031451253
0.00197395653917103
0.00118071306193196
0.000797840660126196
0.00058707065130843
0.000347777940707693
0.000135578982677603
3.0237753518113e-05
3.45355449674327e-06
1.87608211683655e-07
7.67669351183054e-05
0.000342378732715613
0.00100325132769687
0.00206999005592836
0.00343915243969303
0.00467486128547829
0.00505201789043476
0.00466939328780859
0.00379763342887727
0.00259781012548268
0.00155509306535552
0.00107577519042759
0.000843727283601372
0.000525697751659651
0.000213208133868771
4.89383837185633e-05
5.68531051489675e-06
3.11898651924076e-07
4.46734237062882e-05
0.000242575854305201
0.000813806118940475
0.00185765742704745
0.00319214668648944
0.00425337833200714
0.00447984411283489
0.00403976293197884
0.0032979022171164
0.00236093990591531
0.00141815783164762
0.000933342254416479
0.000795399408271662
0.000569771610789433
0.000254061385364651
6.11571502053433e-05
7.2588743903934e-06
4.02575954237842e-07
2.89588908751361e-05
0.000185764961003863
0.000673584614724583
0.00147752957703844
0.00224267716117611
0.00273329608575533
0.00290403284730245
0.00266594630116266
0.00210522131468079
0.00148976866774815
0.000872554848728329
0.000464938487203253
0.000332151740076208
0.000238940163502949
0.000109718754098775
2.68295376725266e-05
3.20575531714445e-06
1.78227801099472e-07
2.49941040015549e-05
0.000185506218011916
0.000677356321480307
0.00129565826812789
0.00156465873904874
0.00166994993935178
0.00187904476317938
0.00190821784009619
0.00166821143659017
0.00131395788577587
0.000764329143314203
0.000277154392821145
7.802938204276e-05
3.06575268917552e-05
1.27878447288871e-05
3.28158030269992e-06
4.51041408922786e-07
3.439483880867e-08
1.39510156413258e-05
0.000110723239732165
0.000417450158620828
0.000804324868942512
0.000962386350687755
0.00105709644785184
0.00123761932274091
0.00129665728185511
0.0013636365402297
0.00132865698916128
0.000829616800980115
0.0002802944852642
5.35973209753741e-05
1.58974508375437e-05
1.66588274966265e-05
1.12252246657387e-05
3.5731547316916e-06
5.47972318292674e-07
4.85201737466852e-06
4.00699872121006e-05
0.000159499811368151
0.000328902991210553
0.000407789117420002
0.000421028003557812
0.000446951549908083
0.000454503562129232
0.00055154703642613
0.00062240822138081
0.000418738401674389
0.000152109611229579
5.62183640327711e-05
9.99951768273879e-05
0.000148782692275722
0.000102790539181474
3.28783390975605e-05
5.05213280046441e-06
1.12330416745588e-06
9.41871392740148e-06
3.83408648610829e-05
8.03205473279466e-05
9.38478810912202e-05
7.48408241450199e-05
5.9034832310672e-05
5.96828623418626e-05
9.31990693591475e-05
0.000125838207986811
9.56684624454336e-05
4.70411956779124e-05
7.81638345944666e-05
0.000240615348493107
0.00036643088715434
0.000253352382664663
8.10397121394006e-05
1.24517133496206e-05
1.03966217308025e-07
8.70814782564963e-07
3.5575207140513e-06
7.4331936870828e-06
8.31182547846791e-06
5.44298324147203e-06
3.08302827866806e-06
4.04608376531082e-06
1.01738369794282e-05
1.65353187572681e-05
1.43191967567549e-05
1.35781443206045e-05
5.88972529554373e-05
0.000196556341680083
0.000300132490247983
0.000207532203764459
6.63836023024971e-05
1.01996331085347e-05
2.34510264604568e-09
2.18876246964264e-08
8.98956014317512e-08
1.87608211683655e-07
2.07150733734035e-07
1.27417243768482e-07
7.50432846734618e-08
2.09495836380081e-07
6.99622289403629e-07
1.20850956359554e-06
1.18193173360702e-06
2.8078695681987e-06
1.80275857410352e-05
6.11970169503261e-05
9.34984607969593e-05
6.46529165497154e-05
2.06806785345949e-05
3.1776140853919e-06
0
0
7.81700882015227e-10
7.81700882015227e-10
1.56340176403045e-09
7.81700882015227e-10
7.81700882015227e-10
4.69020529209136e-09
1.64157185223198e-08
2.89229326345634e-08
3.83033432187461e-08
2.42327273424721e-07
1.77289760041054e-06
6.04489292062375e-06
9.23657762189193e-06
6.38727790694642e-06
2.0433661055878e-06
3.14243754570121e-07
0
0
0
0
0
0
0
0
0
0
7.81700882015227e-10
6.25360705612182e-09
4.53386511568832e-08
1.5555847552103e-07
2.37637068132629e-07
1.64157185223198e-07
5.23739590950202e-08
7.81700882015227e-09
0
0
0
0
0
0
0
0
0
0
0
0
0
7.81700882015227e-10
1.56340176403045e-09
7.81700882015227e-10
0
0
3.12680352806091e-09
2.57961291065025e-08
1.65720586987228e-07
8.85667099323253e-07
3.05097854250543e-06
5.75722699604215e-06
5.84399579394584e-06
3.2237344374308e-06
1.01230264220972e-06
2.13404340790157e-07
3.439483880867e-08
3.90850441007614e-09
0
0
0
0
0
0
2.36073666368599e-07
1.04591578013637e-06
3.95540646299705e-06
1.26533921771805e-05
3.31738220309622e-05
5.77864560020937e-05
6.01260867419652e-05
3.83330478522627e-05
1.67667022183446e-05
5.49535720056705e-06
1.20460105918547e-06
1.54776774639015e-07
1.40706158762741e-08
1.56340176403045e-09
0
0
0
0
6.45215908015369e-06
1.76453340097297e-05
4.18585188301514e-05
8.54148919760399e-05
0.000146481364879069
0.000205089388508161
0.000218939564735707
0.000180145313363055
0.000113008151410295
4.83364740394116e-05
1.2677624904523e-05
2.26458745519811e-06
4.64330323917045e-07
1.44614663172817e-07
4.53386511568832e-08
9.38041058418273e-09
7.81700882015227e-10
0
5.67163074946148e-05
0.000122675446218178
0.000204069268857131
0.000321528425089621
0.000446971874131015
0.00051538711702587
0.000518904770994938
0.000481410488189078
0.000357816543434532
0.000183426893665755
6.57676220074691e-05
2.12575737855221e-05
8.91608026026568e-06
4.32515098019025e-06
1.61890252665354e-06
3.59582405727005e-07
4.14301467468071e-08
2.34510264604568e-09
0.00016024789911224
0.000325999754134748
0.000463772971188168
0.000640991596448958
0.000899753349217167
0.00113233672114757
0.00127254806325199
0.0013032423300852
0.00107941400803337
0.000663868854462016
0.000316069807830509
0.000146697896023388
8.10037538988279e-05
4.20515989480092e-05
1.55667913644512e-05
3.41603285440654e-06
3.88505338361568e-07
2.11059238144111e-08
0.000179329217642231
0.000390582317605082
0.000617641409402282
0.000966636458383272
0.00155642430195759
0.00221365964273482
0.00267895067703586
0.00285348025126252
0.0025071640912042
0.00169521294845674
0.000932817733124647
0.000542466017279759
0.000328299518129637
0.000154621216163494
5.13131909981256e-05
1.07116471862547e-05
1.20069255477539e-06
6.48811732072639e-08
8.75974008386264e-05
0.000258417804380122
0.000625936819162227
0.00137168571421181
0.00253381696447739
0.00355825238607687
0.00386706957312404
0.00371981276097001
0.00325664717136717
0.00234209466105169
0.00140681691525134
0.000930034096283791
0.000625859430774908
0.000318459467426829
0.000113046454753514
2.47017478716812e-05
2.83601079995125e-06
1.5555847552103e-07
2.49339130336397e-05
0.000125929666990007
0.000456966701608462
0.00121244230073296
0.00238019554374199
0.00338183891272455
0.00358227561758296
0.00320788467034706
0.00265506580658589
0.0018915183641537
0.00109121300114651
0.000691179138176982
0.000549269160055938
0.000363389289022419
0.000155459199509014
3.69369300769835e-05
4.37127133222915e-06
2.42327273424721e-07
1.64024296073255e-05
0.000123875357072071
0.000496145549815065
0.00114858046547584
0.00179361111038218
0.00218757975620815
0.00223722948772934
0.00195321488796763
0.00148153579405876
0.000971830079043381
0.000505114785735308
0.000255500496688441
0.000198608306495373
0.000148897602305378
6.87552827785313e-05
1.68143859721475e-05
2.00897126677913e-06
1.11783226128178e-07
1.92829973575516e-05
0.00015371600654212
0.000590323308678495
0.00119198362524886
0.00152636868474498
0.001633760315318
0.00170265943105882
0.00160944081917762
0.0013189982930631
0.000934127082102023
0.000483650842916933
0.000158408556936858
4.31678678075269e-05
1.85880652734401e-05
8.2547613140808e-06
2.23879132609161e-06
3.38476481912593e-07
2.97046335165786e-08
1.05388912913293e-05
8.53758069319391e-05
0.000331244185352189
0.000677751862126607
0.00090925414173718
0.00109929891507008
0.00127800980731463
0.001297578907195
0.00129693087716381
0.00118304018545772
0.000713045656949594
0.000240499656762569
4.76438870579461e-05
1.72951320145869e-05
1.98051735467378e-05
1.34679244962404e-05
4.29622804755569e-06
6.59755544420852e-07
2.96811824901182e-06
2.4693149161979e-05
0.000100122594071156
0.000217725583265937
0.000311422596086928
0.000399939277162805
0.000479267846071474
0.000511596649448978
0.000637169860836786
0.000731364035418739
0.000514291954090166
0.00020142711987592
7.46493074289261e-05
0.000121386421463735
0.000179179131072884
0.000123751066631831
3.95829875626051e-05
6.08163286207847e-06
6.08944987089862e-07
5.12873948690191e-06
2.11020153100011e-05
4.57279381961268e-05
6.02363065663294e-05
6.51180285745145e-05
7.06845205553449e-05
8.78201855900007e-05
0.000161046797413659
0.00023645826320255
0.000192575139087979
9.35797576886889e-05
0.000103107909739573
0.000290746607757626
0.000441206830126153
0.000305013430555286
9.75640870843205e-05
1.4990677814406e-05
5.47190617410659e-08
4.62766922153015e-07
1.89875144241499e-06
4.04061185913671e-06
4.93409596728011e-06
4.47601925041919e-06
4.62845092241216e-06
9.50939122971524e-06
2.68654959130993e-05
4.51338455257952e-05
3.94414997029603e-05
2.65160756188385e-05
7.3305563612742e-05
0.000236913994816765
0.000361346704617713
0.000249849581012353
7.99195347754728e-05
1.22797391555772e-05
1.56340176403045e-09
1.17255132302284e-08
4.76837538029289e-08
1.00839413779964e-07
1.20381935830345e-07
1.0474791819004e-07
1.50868270228939e-07
6.29269210022258e-07
2.14967742554188e-06
3.72871320721264e-06
3.4136877517605e-06
4.28606593608949e-06
2.19157659281789e-05
7.36995408572777e-05
0.000112564927010193
7.78355202240202e-05
2.4897173092185e-05
3.82564411658252e-06
0
0
0
7.81700882015227e-10
7.81700882015227e-10
7.81700882015227e-10
2.34510264604568e-09
1.48523167582893e-08
5.23739590950202e-08
9.14590031957816e-08
9.53675076058577e-08
3.14243754570121e-07
2.13951531407568e-06
7.27763521156177e-06
1.11196950466666e-05
7.68959157638379e-06
2.45923097481991e-06
3.77561526013355e-07
0
0
0
0
0
0
0
0
0
7.81700882015227e-10
7.81700882015227e-10
7.03530793813705e-09
5.47190617410659e-08
1.86826510801639e-07
2.85320821935558e-07
1.97770323149853e-07
6.33177714432334e-08
9.38041058418273e-09
0
0
0
0
0
0
0
0
0
0
0
0
0
7.81700882015227e-10
1.56340176403045e-09
1.56340176403045e-09
7.81700882015227e-10
0
2.34510264604568e-09
9.38041058418273e-09
4.76837538029289e-08
2.33728563722553e-07
7.82482582897243e-07
1.46490745289654e-06
1.4836682740649e-06
8.17659122587928e-07
2.56397889300995e-07
5.39373608590507e-08
8.5987097021675e-09
7.81700882015227e-10
0
0
0
0
0
0
2.47799179598827e-07
6.25360705612182e-07
1.46021724760444e-06
3.72480470280256e-06
8.92858747437793e-06
1.5039143269091e-05
1.5454226437441e-05
9.82910689045947e-06
4.32046077489816e-06
1.42894921232384e-06
3.15807156334152e-07
4.06484458647918e-08
3.12680352806091e-09
0
0
0
0
0
8.70423932123956e-06
1.70700021605665e-05
2.34752591877993e-05
3.26360118241357e-05
4.84052637170289e-05
6.2578282408847e-05
6.28018488611034e-05
5.051585609847e-05
3.21169624384776e-05
1.41292434424252e-05
3.82564411658252e-06
6.62100647066898e-07
1.03966217308025e-07
2.4232727342472e-08
7.03530793813705e-09
1.56340176403045e-09
0
0
8.22810531400408e-05
0.000149927884067875
0.00016496859073873
0.000165985583586231
0.000199773822510458
0.00022257134703355
0.000207543147576807
0.00018520526317234
0.000142883977420035
7.83092309585214e-05
2.91746403185723e-05
8.2289651849743e-06
2.35448305662987e-06
8.18440823469943e-07
2.63433197239132e-07
5.55007626230811e-08
6.25360705612182e-09
0
0.000233196225421901
0.000418474186776268
0.000431724798427308
0.000386504184103609
0.000462354184087311
0.000578580598028863
0.000645283915992104
0.000680738741196787
0.000604999742738331
0.000397106393166382
0.000190245670459574
7.75994465576516e-05
3.1674519739257e-05
1.12267880675027e-05
3.0595772522076e-06
5.77676951809253e-07
6.25360705612182e-08
3.12680352806091e-09
0.000247370807515483
0.000453429505117343
0.000504533200279088
0.00056900632562594
0.000892257619459523
0.00133296728782471
0.00164359254901199
0.00177328454234713
0.00162973611917738
0.00116757579690881
0.00066651178514411
0.000375185937032911
0.000192332030113673
6.58919124477096e-05
1.48937469050361e-05
2.39825830602272e-06
2.41545572542705e-07
1.25072141122436e-08
9.82738714851904e-05
0.000204890054783247
0.000345994099294934
0.000746987890947577
0.00161100109413813
0.00254913830176489
0.00293977612013259
0.0028021451726397
0.00238587069214542
0.00171344768493151
0.00105728249266176
0.000691408176535413
0.000400981284438531
0.000153895797744984
4.04889788848607e-05
7.45586301266124e-06
8.05151908475684e-07
4.29935485108375e-08
1.53995073757e-05
5.85759738929291e-05
0.000212999419733273
0.00067454923361299
0.00160534626995763
0.002634380437846
0.00302209156811144
0.00266494963253809
0.00198353941028365
0.00126512034147108
0.000703331460088791
0.000433528964062999
0.000283924704160279
0.000145564429744466
5.27882605624883e-05
1.17497459575709e-05
1.36328633823456e-06
7.50432846734618e-08
8.80820553854758e-06
7.12762681230305e-05
0.000302375971779366
0.000751660898820264
0.00129839656631759
0.00174656287939632
0.0018527827403472
0.00153742349861844
0.00102026270229128
0.000558938799966466
0.000252193120256635
0.000118203335472169
7.99015556551865e-05
5.20065596804731e-05
2.24191812961967e-05
5.35621444356834e-06
6.3552281707838e-07
3.51765396906852e-08
1.19803477177654e-05
9.97020389966322e-05
0.000407883703226726
0.00090820275405087
0.00130241685395379
0.00147397518312791
0.00146794045231876
0.00125033603268953
0.000891636167258321
0.000528260948851778
0.000234346889120227
7.0020856506514e-05
1.73318719560416e-05
6.51235004806886e-06
2.82584868848505e-06
8.21567626998004e-07
1.42269560526771e-07
1.48523167582893e-08
5.98626535447261e-06
5.04892782684815e-05
0.000211375045300446
0.000492572395083373
0.000782767903719178
0.00106116520094273
0.00122980544072428
0.00113281512208736
0.000960935513850735
0.000773308541345912
0.000452690797783838
0.000159718687615115
3.38132533524507e-05
1.13385712936309e-05
1.23774517658291e-05
8.41735509753997e-06
2.68826933325037e-06
4.1273806570404e-07
1.21085466624159e-06
1.05271657780991e-05
4.66026614831018e-05
0.000119930894421422
0.000228240241829924
0.000387120164398637
0.000509594713490137
0.000514210657198437
0.000589513466564728
0.0006819464690595
0.00050914210867945
0.000214368177977682
6.83308191995971e-05
7.85703190531145e-05
0.000112322599736768
7.74814097244673e-05
2.47814813616467e-05
3.80766499629617e-06
1.86044809919624e-07
1.61421232136144e-06
7.07986488841191e-06
1.79322182334293e-05
3.45887006274098e-05
6.25134012356398e-05
8.73128617175728e-05
0.000111111745070526
0.000207540020773279
0.000316608399738217
0.000266982119243481
0.000125590408807212
8.03752663896877e-05
0.00018387089976674
0.000276330480091501
0.000190964835271028
6.10828886215519e-05
9.38510078947482e-06
1.56340176403045e-08
1.33670850824604e-07
5.65169737697009e-07
1.33827191001007e-06
2.39434980161264e-06
4.28215743167942e-06
6.7609309285497e-06
1.47053569924705e-05
4.14981547235424e-05
7.02108098208437e-05
6.13619558364313e-05
3.32879503597364e-05
4.98099802020103e-05
0.000148780347173076
0.000226255503290487
0.000156426163500067
5.00358917569127e-05
7.68802817461976e-06
7.81700882015227e-10
3.12680352806091e-09
1.40706158762741e-08
3.20497361626243e-08
5.47190617410659e-08
1.0162111466198e-07
2.38418769014644e-07
1.02011965102987e-06
3.46215320644544e-06
6.00346277387695e-06
5.34761573386617e-06
4.1430146746807e-06
1.40627988674539e-05
4.61813247076956e-05
7.04765881207289e-05
4.87312329848293e-05
1.55878972882656e-05
2.39513150249466e-06
0
0
0
0
0
7.81700882015227e-10
3.90850441007614e-09
2.34510264604568e-08
8.52053961396598e-08
1.47741466700878e-07
1.3914275699871e-07
2.32946862840538e-07
1.34765232059425e-06
4.55731614214878e-06
6.96182805522762e-06
4.81371403144977e-06
1.53995073757e-06
2.36855367250614e-07
0
0
0
0
0
0
0
0
7.81700882015227e-10
7.81700882015227e-10
7.81700882015227e-10
4.69020529209136e-09
3.439483880867e-08
1.17255132302284e-07
1.79009501981487e-07
1.23508739358406e-07
3.98667449827766e-08
6.25360705612182e-09
0
0
0
0
0
0
0
0
0
0
0
0
0
7.81700882015227e-10
7.81700882015227e-10
7.81700882015227e-10
0
0
1.56340176403045e-09
3.12680352806091e-09
8.5987097021675e-09
3.36131379266548e-08
1.07874721718101e-07
2.00897126677913e-07
2.04023930205974e-07
1.13346627892208e-07
3.59582405727005e-08
7.81700882015227e-09
1.56340176403045e-09
0
0
0
0
0
0
0
2.25911554902401e-07
3.93977244535675e-07
4.61985221270999e-07
6.62100647066898e-07
1.33592680736402e-06
2.18798076876062e-06
2.25208024108587e-06
1.44692833261019e-06
6.41776424134502e-07
2.14186041672172e-07
4.84654546849441e-08
7.03530793813705e-09
7.81700882015227e-10
0
0
0
0
0
8.55649785453868e-06
1.40651439701e-05
1.28652331162066e-05
9.55316647910809e-06
1.00698707621202e-05
1.20905675421295e-05
1.17004988020039e-05
9.2045278857293e-06
5.93545479714162e-06
2.83210229554117e-06
9.29442348716105e-07
2.14186041672172e-07
3.59582405727005e-08
4.69020529209136e-09
7.81700882015227e-10
0
0
0
8.19496119660664e-05
0.000133024384195177
0.000114723203145437
7.06548159218283e-05
5.96101641598352e-05
6.33928147279069e-05
5.84047813997677e-05
5.20948918801408e-05
4.4714853853035e-05
3.12828875973674e-05
1.59396626851725e-05
5.50395591026922e-06
1.27026393327474e-06
2.14186041672172e-07
3.28314370446396e-08
4.69020529209136e-09
7.81700882015227e-10
0
0.000229417483358239
0.000372835362480691
0.000321041425440126
0.000201005001399632
0.000186850743528982
0.000232147182838236
0.000261741596530451
0.000277740668482656
0.000279336901683731
0.000234023264955073
0.000141036036534951
5.89777681462849e-05
1.7968958174884e-05
3.93195543653659e-06
6.01909679151725e-07
6.95713784993552e-08
5.47190617410659e-09
0
0.000236016602204212
0.00038851784557568
0.000358814775460866
0.000321524516585211
0.000498615724602233
0.00078962654725798
0.000965358377441177
0.000967748037037498
0.000901532500424634
0.000746712732237108
0.000481332318100876
0.000248120458661335
0.000101686777536069
2.71633239491471e-05
4.28606593608949e-06
4.42442699220619e-07
3.28314370446396e-08
1.56340176403045e-09
8.82391772627609e-05
0.000153302486775534
0.000196952664027265
0.000408565346395843
0.00100596930166363
0.00176406359874288
0.0021157305013386
0.00190491906237409
0.00148573978140224
0.00106932537645008
0.000679158142013352
0.000399045011353779
0.000192552469762401
5.8521254831188e-05
1.08953468935282e-05
1.4320760158519e-06
1.28980645532513e-07
6.25360705612182e-09
1.06694353386258e-05
2.89823419015966e-05
9.89492610472515e-05
0.000376098963663104
0.00105545722110225
0.00191037533453055
0.00229650039370639
0.00197382834022638
0.00129030987069314
0.00071106951711986
0.000374071231575157
0.000211759642134397
0.000111062497914959
4.10088099714008e-05
1.07366616144791e-05
1.9917738473748e-06
2.16531144318218e-07
1.17255132302284e-08
3.93351883830062e-06
3.27603022643762e-05
0.000149708226120028
0.000420073546780871
0.000836136968037004
0.00125361839469311
0.00140862967959673
0.00115681255746435
0.000669791802045045
0.000283712863221253
0.000103397139065918
4.35243234097258e-05
2.31305290988306e-05
1.10297994452349e-05
3.89834229860994e-06
8.61434371980781e-07
1.00057712897949e-07
5.47190617410659e-09
5.60323192228515e-06
4.91150481178988e-05
0.000219267879106153
0.000550465944106303
0.000892620328668778
0.00111397222232638
0.00117013899410094
0.000958595101409981
0.00057179543437297
0.00025481729011756
8.89356727486364e-05
2.40357387202042e-05
5.339017024164e-06
1.42504070791376e-06
5.26084693596248e-07
1.64938886105213e-07
3.36131379266548e-08
3.90850441007614e-09
2.67419871737409e-06
2.42092763160116e-05
0.000113807049711715
0.000308842201475396
0.0005735370639381
0.000878905386693821
0.00107034549610111
0.000915551524042695
0.000618538802014835
0.000407445169031915
0.00023071354342062
8.65561752637821e-05
1.92032638675861e-05
4.56591485185094e-06
3.94524435153085e-06
2.65074769091364e-06
8.46582055222491e-07
1.29762346414528e-07
4.1117466394001e-07
4.02888634590648e-06
2.1354504694892e-05
6.92540079412571e-05
0.000168923997201727
0.000340547207549052
0.000471394554787817
0.000436814452870109
0.000421799542328361
0.000467792477123491
0.000360961326082879
0.000157440029544041
4.26527269262789e-05
2.7208662600304e-05
3.5521269779654e-05
2.44133002462176e-05
7.80762840956809e-06
1.19991085389337e-06
3.75216423367309e-08
3.72871320721263e-07
2.06447202940222e-06
7.5613926317333e-06
2.32743620611214e-05
5.64989946494146e-05
8.47778057571974e-05
9.87811953576182e-05
0.000167974230630078
0.000255137787479186
0.000217511397224265
0.000100065529906769
3.95063808761676e-05
5.95710791157344e-05
8.71471411305856e-05
6.0165171786066e-05
1.92439123134509e-05
2.95717443666361e-06
2.34510264604568e-09
2.26693255784416e-08
1.11783226128178e-07
4.01794253355827e-07
1.42894921232384e-06
3.91397631625024e-06
6.70073996063453e-06
1.30934897737551e-05
3.51491801598147e-05
5.92654340708665e-05
5.17259290638296e-05
2.5204381538817e-05
1.91407277970249e-05
4.72717974381068e-05
7.1302845953019e-05
4.928233210665e-05
1.57637799867191e-05
2.42249103336519e-06
0
7.81700882015227e-10
2.34510264604568e-09
7.81700882015227e-09
3.12680352806091e-08
9.30224049598121e-08
2.26693255784416e-07
8.85667099323253e-07
2.95404763313554e-06
5.11388717014362e-06
4.50337878128973e-06
2.58586651770637e-06
4.73085373795616e-06
1.45841933557581e-05
2.22049952545245e-05
1.53526053227791e-05
4.91064494081966e-06
7.54341351144694e-07
0
0
0
0
0
7.81700882015227e-10
3.12680352806091e-09
2.03242229323959e-08
7.26981820274161e-08
1.26635542886467e-07
1.13346627892208e-07
1.0474791819004e-07
4.32280587754421e-07
1.43676622114399e-06
2.19345267493473e-06
1.51649971110954e-06
4.85436247731456e-07
7.42615837914466e-08
0
0
0
0
0
0
0
0
7.81700882015227e-10
7.81700882015227e-10
7.81700882015227e-10
1.56340176403045e-09
1.09438123482132e-08
3.67399414547157e-08
5.62824635050964e-08
3.90850441007614e-08
1.25072141122436e-08
1.56340176403045e-09
0
0
0
0
0
0
0
0
0
0
0
0
0
0
0
0
0
0
1.56340176403045e-09
2.34510264604568e-09
2.34510264604568e-09
3.12680352806091e-09
1.17255132302284e-08
2.81412317525482e-08
3.75216423367309e-08
2.57961291065025e-08
1.0162111466198e-08
2.34510264604568e-09
0
0
0
0
0
0
0
0
2.7515871046936e-07
3.89287039243583e-07
2.79067214879436e-07
1.51649971110954e-07
2.69686804295253e-07
7.03530793813705e-07
1.04669748101839e-06
8.03588506711654e-07
3.29096071328411e-07
7.73883873195075e-08
1.17255132302284e-08
1.56340176403045e-09
0
0
0
0
0
0
1.0524038974571e-05
1.48476265529972e-05
1.03403392672974e-05
4.209459249652e-06
3.23311484801498e-06
6.69370465269639e-06
9.78298653842057e-06
7.72867662048455e-06
3.50983696024837e-06
1.18896704154516e-06
4.23681878052253e-07
1.36797654352665e-07
2.81412317525482e-08
3.12680352806091e-09
0
0
0
0
0.000100313329086368
0.000141610586683233
9.90532272645595e-05
4.12018900892586e-05
2.50378792509477e-05
3.23147327616275e-05
3.84190349492844e-05
3.18558743438846e-05
2.28194121477885e-05
1.85231841002328e-05
1.22625417361729e-05
4.89501092317935e-06
1.08890932864721e-06
1.32107449060573e-07
9.38041058418273e-09
7.81700882015227e-10
0
0
0.000274540385071686
0.00038954969073994
0.000282557509317634
0.000151172351872043
0.000135374177046515
0.000151505356447781
0.00014825426247948
0.000133520764255257
0.000144483337424639
0.000160009480343225
0.000117002642917393
4.93300158604529e-05
1.21030747562418e-05
1.78227801099472e-06
1.64938886105213e-07
1.0162111466198e-08
7.81700882015227e-10
0
0.000272250783188263
0.000391489872329102
0.000316588075515285
0.000290013372330295
0.000441052053351514
0.000585110927197218
0.000595292581185466
0.000504773182449867
0.000477666140964225
0.000488425471904282
0.0003556707745134
0.000161521289849042
4.77322192576138e-05
9.21234489454945e-06
1.09516293570333e-06
7.97334899655532e-08
3.90850441007614e-09
0
9.86928631579505e-05
0.000147888426466697
0.000168231410220261
0.000348950492030715
0.000795968486513769
0.00124550512123868
0.00134305044750183
0.00107799209412899
0.000787364304905428
0.000621718761202873
0.000420884170595521
0.000204868948859433
7.16256884172913e-05
1.65658050916667e-05
2.31461631164709e-06
2.0636903285202e-07
1.32889149942589e-08
7.81700882015227e-10
1.07452603241813e-05
2.12700809996343e-05
6.48311443508149e-05
0.000268690135670684
0.000757816011565252
0.00129890310848914
0.00145211179115883
0.00115796869306885
0.000690423233424073
0.000361307619573612
0.000190849925241372
9.09938911709825e-05
3.4755984616161e-05
9.14668202046018e-06
1.58919789313696e-06
2.03242229323959e-07
1.79791202863502e-08
7.81700882015227e-10
1.34765232059425e-06
1.08421912335512e-05
5.73088367631824e-05
0.000198820929135281
0.00047300173180124
0.000776102340298234
0.00090135661772618
0.000739410082597322
0.000394987202075238
0.000136607701038335
3.98604913757205e-05
1.41143911256669e-05
5.55007626230811e-06
1.75413677924217e-06
4.17428270996131e-07
7.34798829094314e-08
7.81700882015227e-09
7.81700882015227e-10
1.67596669104065e-06
1.58810351190214e-05
7.97553775902496e-05
0.000230560330047745
0.000434466223420535
0.000641208909294159
0.000780766749461219
0.000674641474317068
0.000362926522100266
0.000120672728558455
2.95428214340015e-05
6.76483943295978e-06
1.38673736469501e-06
2.48580880480842e-07
5.94092670331573e-08
1.87608211683655e-08
4.69020529209136e-09
7.81700882015227e-10
8.08278712003745e-07
8.08825902621156e-06
4.35180698026697e-05
0.000136553763677476
0.000294020371051505
0.000522543588600719
0.000706068976577608
0.000612669010091783
0.000351604366525157
0.000174520975516956
8.79648002531735e-05
3.37069420324966e-05
7.60516788112615e-06
1.24134100064018e-06
6.40213022370471e-07
4.1117466394001e-07
1.31325748178558e-07
2.03242229323959e-08
1.18036833184299e-07
1.35468762853239e-06
8.55415275189263e-06
3.2595363378271e-05
9.18529804403173e-05
0.000206047753789512
0.000301614595120283
0.000271283037496329
0.000214751993110751
0.000207231248924883
0.000157828534882402
6.95135326340861e-05
1.71380101373018e-05
5.43594793353389e-06
5.57274558788656e-06
3.78577737159975e-06
1.21007296535957e-06
1.86044809919624e-07
7.03530793813705e-09
9.6149208487873e-08
7.09784400869827e-07
3.37694781030578e-06
1.26330679542481e-05
3.36014124134245e-05
5.16805904126727e-05
5.52529634434823e-05
8.01454463303752e-05
0.000116759533943086
9.93674710191297e-05
4.52143607166428e-05
1.30786374569968e-05
1.00393844277216e-05
1.355312989238e-05
9.32803662508771e-06
2.98297056577011e-06
4.58076716860923e-07
0
3.12680352806091e-09
2.50144282244873e-08
1.50868270228939e-07
7.48869444970588e-07
2.26536915608013e-06
3.84127813422283e-06
6.58192142656822e-06
1.63922674958593e-05
2.73743831872912e-05
2.38543841155767e-05
1.10985891228522e-05
4.65190194887262e-06
7.52308928851455e-06
1.10641942840435e-05
7.63956271993482e-06
2.4435969571796e-06
3.75216423367309e-07
0
0
0
2.34510264604568e-09
1.56340176403045e-08
5.23739590950202e-08
1.20381935830345e-07
4.20555074524192e-07
1.37032164617269e-06
2.36620856986009e-06
2.0738524399864e-06
1.02637325808599e-06
8.79413492267131e-07
2.27787637019237e-06
3.44339238527708e-06
2.38027918573637e-06
7.61376659082832e-07
1.17255132302284e-07
0
0
0
0
0
0
1.56340176403045e-09
9.38041058418273e-09
3.36131379266548e-08
5.86275661511421e-08
5.1592258213005e-08
3.20497361626243e-08
7.03530793813705e-08
2.2278475137434e-07
3.40039883676624e-07
2.35291965486583e-07
7.50432846734618e-08
1.17255132302284e-08
0
0
0
0
0
0
0
0
0
0
0
0
1.56340176403045e-09
5.47190617410659e-09
8.5987097021675e-09
6.25360705612182e-09
1.56340176403045e-09
0
0
0
0
0
0
0
0
0
0
0
0
0
0
0
0
0
0
0
2.34510264604568e-09
3.12680352806091e-09
1.56340176403045e-09
3.12680352806091e-09
1.95425220503807e-08
6.72262758533096e-08
1.10219824364147e-07
8.67687979036902e-08
3.51765396906852e-08
7.03530793813705e-09
7.81700882015227e-10
0
0
0
0
0
0
0
3.2753266956438e-07
4.40097596574573e-07
2.86102522817573e-07
1.79009501981487e-07
7.45742641442527e-07
2.57961291065025e-06
4.2196213611182e-06
3.33629936444099e-06
1.33749020912805e-06
2.80630616643467e-07
3.12680352806091e-08
2.34510264604568e-09
0
0
0
0
0
0
1.25330102413501e-05
1.68558161188943e-05
1.08406278317872e-05
4.2915378422636e-06
7.84749515455087e-06
2.51887475211767e-05
4.08563782994079e-05
3.2288154931639e-05
1.30559681314183e-05
2.91965279432687e-06
4.68238828327121e-07
8.98956014317512e-08
1.64157185223198e-08
1.56340176403045e-09
0
0
0
0
0.000119185933480862
0.000160493353189192
0.000104388335784313
4.0607015718045e-05
3.75060083190906e-05
8.24858587711288e-05
0.000122032888093161
9.55566792193054e-05
4.27246434074243e-05
1.63109706041297e-05
7.68959157638379e-06
2.91496258903478e-06
6.33959415314349e-07
7.19164811454009e-08
3.90850441007614e-09
0
0
0
0.000323732821576904
0.000437939320439329
0.000299189758984272
0.000162716510497644
0.000166481181945429
0.000197979818986233
0.000196958917634321
0.00014515090997788
0.00010071746844237
9.23907906471438e-05
6.74404618949817e-05
2.8079477382869e-05
6.32786863991327e-06
7.61376659082832e-07
5.00288564489746e-08
1.56340176403045e-09
0
0
0.000317169660971504
0.000434593640664304
0.000338732098101012
0.000327886780063933
0.000468957993138575
0.000495676529285856
0.000386137566389944
0.000260649560398275
0.000227211523469192
0.000252601949817929
0.000192620477739136
8.23224832867876e-05
1.97598348955809e-05
2.7312628817612e-06
2.25911554902401e-07
1.17255132302284e-08
0
0
0.000114007946838393
0.000162808751201721
0.000180242244272425
0.00035659787175947
0.000686563194468682
0.000856517473432905
0.000748104159807095
0.000510047318300824
0.000347108804752688
0.000295559540088193
0.000209248818901364
9.07476553931478e-05
2.3565154789231e-05
3.7732701574875e-06
3.77561526013355e-07
2.4232727342472e-08
7.81700882015227e-10
0
1.21116734659439e-05
2.10629302659003e-05
5.53842891916609e-05
0.000211061583246757
0.000536427377966192
0.000831344359929368
0.000847715521501413
0.000612946513904898
0.000329148445287506
0.000163590452083737
8.66773389004945e-05
3.5933226144476e-05
9.80643756488103e-06
1.73381255630977e-06
1.99333724913883e-07
1.56340176403045e-08
7.81700882015227e-10
0
5.19049385658111e-07
3.00642159223056e-06
1.9147763104963e-05
8.59245609511138e-05
0.000248100916139285
0.000463687765792029
0.000575349046582612
0.000467193694247867
0.000230880827409371
6.8586435388016e-05
1.62992450908995e-05
4.60578159683372e-06
1.25619331739847e-06
2.53271085772934e-07
3.59582405727005e-08
3.90850441007614e-09
0
0
2.89229326345634e-07
3.07208446631984e-06
1.79955360048725e-05
6.22304255163502e-05
0.000148111992918953
0.000286153333374904
0.000417564286949602
0.00038398710726352
0.000198946001276403
5.57149486647533e-05
9.52111674294547e-06
1.5555847552103e-06
2.81412317525482e-07
3.83033432187461e-08
4.69020529209136e-09
1.56340176403045e-09
0
0
1.43832962290802e-07
1.64157185223198e-06
1.01746186803102e-05
3.67477584635358e-05
9.39526290094102e-05
0.00020095028233789
0.000309335454731948
0.000286496500062109
0.000155028482323024
5.83211394053921e-05
2.25286194196789e-05
8.13828788266053e-06
1.82996176479765e-06
2.38418769014644e-07
5.62824635050964e-08
3.12680352806091e-08
1.0162111466198e-08
1.56340176403045e-09
2.26693255784416e-08
3.07208446631984e-07
2.20283308551891e-06
9.40542501240722e-06
3.00743780337718e-05
7.53489297183298e-05
0.000119490015123966
0.000110751380963917
7.4639927018342e-05
5.63176400447871e-05
3.97369826363621e-05
1.73615765895582e-05
4.11331004116413e-06
7.35580529976329e-07
4.37752493928527e-07
2.85320821935558e-07
9.14590031957816e-08
1.40706158762741e-08
1.56340176403045e-09
2.26693255784416e-08
1.899533143297e-07
9.99013727215461e-07
4.07031649265329e-06
1.14691153409274e-05
1.83496465044255e-05
1.88014696142302e-05
2.24535761350054e-05
2.99156927547228e-05
2.50972885179809e-05
1.13526419095071e-05
2.84460950965341e-06
9.71654196344928e-07
1.03262686514212e-06
7.0274909293169e-07
2.2434815313837e-07
3.439483880867e-08
0
7.81700882015227e-10
6.25360705612182e-09
4.29935485108375e-08
2.31383461076507e-07
7.17601409689979e-07
1.20929126447756e-06
1.85653959478617e-06
4.22274816464626e-06
6.93681362700313e-06
6.03160400562949e-06
2.75862241263174e-06
8.00461703183593e-07
6.18325397674045e-07
8.35638242874278e-07
5.75331849163207e-07
1.83699707273578e-07
2.81412317525482e-08
0
0
0
7.81700882015227e-10
4.69020529209136e-09
1.56340176403045e-08
3.439483880867e-08
1.09438123482132e-07
3.47856892496776e-07
5.98782875623664e-07
5.23739590950202e-07
2.44672376070766e-07
1.05529619072056e-07
1.75882698453426e-07
2.59524692829055e-07
1.79009501981487e-07
5.70641643871116e-08
8.5987097021675e-09
0
0
0
0
0
0
7.81700882015227e-10
2.34510264604568e-09
8.5987097021675e-09
1.48523167582893e-08
1.32889149942589e-08
6.25360705612182e-09
6.25360705612182e-09
1.7197419404335e-08
2.57961291065025e-08
1.79791202863502e-08
5.47190617410659e-09
7.81700882015227e-10
0
0
0
0
0
0
0
0
0
0
0
0
0
7.81700882015227e-10
7.81700882015227e-10
7.81700882015227e-10
0
0
0
0
0
0
0
0
0
0
0
0
0
0
0
0
0
0
0
0
1.56340176403045e-09
1.56340176403045e-09
1.56340176403045e-09
6.25360705612182e-09
4.84654546849441e-08
1.7041079227932e-07
2.79067214879436e-07
2.20439648728294e-07
8.83321996677207e-08
1.87608211683655e-08
2.34510264604568e-09
0
0
0
0
0
0
0
2.19657947846279e-07
2.9313783075571e-07
1.98552024031868e-07
2.92356129873695e-07
1.86201150096027e-06
6.54439978423148e-06
1.07218092977209e-05
8.4806728689832e-06
3.39649033235616e-06
7.08220999105796e-07
7.58249855554771e-08
3.90850441007614e-09
0
0
0
0
0
0
8.39546747284354e-06
1.12181893578005e-05
7.2330782612869e-06
4.48539966100338e-06
1.83996753608744e-05
6.334747607675e-05
0.000103526119711451
8.18511176549324e-05
3.28134579243532e-05
6.8992919846664e-06
7.84045984661273e-07
6.09726687971877e-08
6.25360705612182e-09
7.81700882015227e-10
0
0
0
0
7.98069698484626e-05
0.000106771741773578
6.9146133219539e-05
3.1825388009486e-05
6.30629369556965e-05
0.000187090725699761
0.000296761796044733
0.000233318952460377
9.46389623838196e-05
2.19806471013862e-05
4.1836631205455e-06
9.9745032545143e-07
1.97770323149853e-07
2.18876246964264e-08
1.56340176403045e-09
0
0
0
0.000216549905139386
0.000291140585002161
0.000199017917757549
0.000118450352950885
0.000158535192479744
0.000270134718900648
0.000346481880645311
0.000259625532242835
0.000115397811006616
4.57568611287613e-05
2.26185150211106e-05
8.71361973182374e-06
1.90031484417902e-06
2.14186041672172e-07
1.17255132302284e-08
0
0
0
0.000211819833102312
0.000288794700655234
0.000228346553149878
0.000235189562671039
0.00033902601763265
0.000353743881839233
0.000276767450884547
0.00017102755427523
0.000100686200407089
8.26117126131333e-05
5.91012768856433e-05
2.45532247040983e-05
5.49223039703899e-06
6.46466629426593e-07
3.98667449827766e-08
1.56340176403045e-09
0
0
7.60751298377219e-05
0.000108447708464619
0.000122977964459518
0.000241907500051078
0.000429935485108375
0.000482103856871425
0.000385931979057974
0.00024067866626455
0.000134110948421178
9.3891656340613e-05
6.27369676878961e-05
2.59016587255746e-05
5.91825737773729e-06
7.37143931740359e-07
5.1592258213005e-08
2.34510264604568e-09
0
0
8.06011779445901e-06
1.37892035587486e-05
3.45066220347982e-05
0.000122581642112336
0.000299680667138178
0.000489112586979574
0.000551855026573644
0.000408101016071926
0.00019158237896782
6.86567884673974e-05
2.74423911640266e-05
9.97606665627833e-06
2.27787637019237e-06
2.96264634283771e-07
2.26693255784416e-08
7.81700882015227e-10
0
0
2.46235777834797e-07
9.57583580468653e-07
6.51078664630483e-06
3.55384671990583e-05
0.000131331220084732
0.00031786224795297
0.000463074130599647
0.000383174920047106
0.000175408206018043
4.42692843502864e-05
7.29639603273013e-06
1.32341959325178e-06
2.60306393711071e-07
3.51765396906852e-08
3.12680352806091e-09
0
0
0
2.97046335165786e-08
3.61145807491035e-07
2.62495156180713e-06
1.27112380424496e-05
4.87140355654249e-05
0.000135788478513983
0.000225270560179148
0.000204943210443224
9.97012572957502e-05
2.51496624770759e-05
3.34098956973308e-06
3.20497361626243e-07
3.98667449827766e-08
4.69020529209136e-09
0
0
0
0
1.48523167582893e-08
1.91516716093731e-07
1.36094123558851e-06
5.84321409306383e-06
1.94151048066122e-05
5.21605547542301e-05
9.00331807869858e-05
8.74457508675154e-05
4.62665301038353e-05
1.4269167900306e-05
3.75450933631914e-06
1.12330416745588e-06
2.44672376070766e-07
2.89229326345634e-08
3.12680352806091e-09
7.81700882015227e-10
0
0
2.34510264604568e-09
3.98667449827766e-08
3.15025455452137e-07
1.50868270228939e-06
5.65482418049815e-06
1.61358696065583e-05
2.79942719867293e-05
2.73517138617128e-05
1.66760249160308e-05
9.28035287128478e-06
5.55007626230811e-06
2.35057455221979e-06
5.47972318292674e-07
7.26981820274161e-08
1.87608211683655e-08
1.0162111466198e-08
3.12680352806091e-09
7.81700882015227e-10
0
3.12680352806091e-09
2.81412317525482e-08
1.61812082577152e-07
7.23855016746101e-07
2.1918892731707e-06
3.7271498054486e-06
3.81157350070625e-06
3.69822687281404e-06
4.21180435229805e-06
3.41290605087848e-06
1.53369713051388e-06
3.65836012783126e-07
6.56628740892791e-08
3.90850441007614e-08
2.57961291065025e-08
7.81700882015227e-09
1.56340176403045e-09
0
0
7.81700882015227e-10
7.03530793813705e-09
3.75216423367309e-08
1.20381935830345e-07
2.05587331970005e-07
2.90792728109665e-07
5.90184165921497e-07
9.43512964592379e-07
8.16877421705913e-07
3.71307918957233e-07
9.22407040777968e-08
2.97046335165786e-08
3.04863343985939e-08
2.11059238144111e-08
7.03530793813705e-09
7.81700882015227e-10
0
0
0
0
7.81700882015227e-10
2.34510264604568e-09
5.47190617410659e-09
1.48523167582893e-08
4.69020529209136e-08
8.12968917295837e-08
7.11347802633857e-08
3.20497361626243e-08
9.38041058418273e-09
7.03530793813705e-09
9.38041058418273e-09
6.25360705612182e-09
2.34510264604568e-09
0
0
0
0
0
0
0
0
0
7.81700882015227e-10
2.34510264604568e-09
1.56340176403045e-09
7.81700882015227e-10
0
7.81700882015227e-10
7.81700882015227e-10
7.81700882015227e-10
0
0
0
0
0
0
0
0
0
0
0
0
0
0
0
0
0
0
0
0
0
0
0
0
0
0
0
0
0
0
0
0
0
0
0
0
0
0
7.81700882015227e-10
7.81700882015227e-10
7.81700882015227e-10
8.5987097021675e-09
6.33177714432334e-08
2.2434815313837e-07
3.67399414547157e-07
2.90792728109665e-07
1.16473431420269e-07
2.4232727342472e-08
2.34510264604568e-09
0
0
0
0
0
0
0
7.19164811454009e-08
9.69309093698882e-08
7.8951789083538e-08
3.31441173974456e-07
2.4435969571796e-06
8.61747052333587e-06
1.41198630318411e-05
1.11689422022336e-05
4.47289244689113e-06
9.32569152244166e-07
9.92760120159339e-08
5.47190617410659e-09
0
0
0
0
0
0
2.76409431880584e-06
3.69353666752195e-06
2.5100415321509e-06
3.75216423367309e-06
2.37347838806283e-05
8.32198758993411e-05
0.000136254372239664
0.000107758248286681
4.31616142004708e-05
9.00675756257945e-06
9.68527392816867e-07
5.39373608590507e-08
2.34510264604568e-09
0
0
0
0
0
2.62737483454138e-05
3.51460533562866e-05
2.32102625887961e-05
1.73131111348733e-05
7.14865456602925e-05
0.000238715033648928
0.000387203024692131
0.000305600487917679
0.000122530049854123
2.58875881096983e-05
3.04550663633133e-06
2.79067214879436e-07
3.36131379266548e-08
3.12680352806091e-09
0
0
0
0
7.12879936362607e-05
9.59186067276785e-05
6.70003642984072e-05
4.9949122959009e-05
0.000111230563604593
0.000277954854524329
0.000416851375745204
0.000323018346970742
0.000130644105009441
3.0542616862099e-05
5.98782875623664e-06
1.47037935907064e-06
2.93919531637726e-07
3.20497361626243e-08
1.56340176403045e-09
0
0
0
6.97339722828144e-05
9.54276985737729e-05
7.87829416930227e-05
9.23266911748185e-05
0.000150428172632364
0.000198833436349393
0.000207856609630495
0.000143914259182531
6.14010408805321e-05
2.22237560756929e-05
1.00862864806425e-05
3.80141138924005e-06
8.24694430526065e-07
9.22407040777968e-08
5.47190617410659e-09
0
0
0
2.50613302774082e-05
3.61552291949683e-05
4.42372346141237e-05
9.29434531707285e-05
0.000168011752272415
0.000204808757891518
0.000193205971699766
0.000132216105483174
6.02331797628013e-05
2.32391855214307e-05
1.0576412933666e-05
3.96478687358123e-06
8.63779474626826e-07
9.84943111339187e-08
5.47190617410659e-09
0
0
0
2.66090980237983e-06
4.68629678768129e-06
1.24947068981314e-05
4.57005786652562e-05
0.000125946082708529
0.00026159385506375
0.00036333144315715
0.000292136471925849
0.000130254036269315
3.36287719442951e-05
6.81486828940875e-06
1.63531824517586e-06
3.2753266956438e-07
3.75216423367309e-08
2.34510264604568e-09
0
0
0
7.73883873195075e-08
2.74377009587345e-07
1.99880915531294e-06
1.38790991601804e-05
7.07267324029737e-05
0.000217336296226694
0.000354281692046059
0.00030031775335702
0.000134229766955245
3.14892566302194e-05
3.9374273427107e-06
3.48638593378791e-07
3.90850441007614e-08
3.90850441007614e-09
0
0
0
0
2.34510264604568e-09
3.20497361626243e-08
3.7677982513134e-07
3.66852223929746e-06
2.3719149862988e-05
8.14360344865824e-05
0.000139708708437289
0.000122091515659312
5.57313643832756e-05
1.31505539381422e-05
1.55245795168224e-06
9.6149208487873e-08
4.69020529209136e-09
0
0
0
0
0
7.81700882015227e-10
1.25072141122436e-08
1.12564927010193e-07
7.41052436150436e-07
3.96635027534526e-06
1.33037673110172e-05
2.38012284555996e-05
2.2330067395647e-05
1.10563772752234e-05
2.91183578550672e-06
4.87781350377502e-07
9.06773023137664e-08
1.7197419404335e-08
2.34510264604568e-09
0
0
0
0
0
3.12680352806091e-09
2.4232727342472e-08
1.3757935523468e-07
6.44121526780547e-07
2.10199367173895e-06
3.90928611095815e-06
3.953061360351e-06
2.25911554902401e-06
9.34132554008197e-07
4.22118476288223e-07
1.65720586987228e-07
3.83033432187461e-08
4.69020529209136e-09
7.81700882015227e-10
0
0
0
0
0
2.34510264604568e-09
1.40706158762741e-08
7.11347802633857e-08
2.35291965486583e-07
4.28372083344345e-07
4.46351203630695e-07
3.56455602198944e-07
3.19715660744228e-07
2.41545572542705e-07
1.07093020836086e-07
2.50144282244873e-08
3.12680352806091e-09
7.81700882015227e-10
7.81700882015227e-10
0
0
0
0
0
7.81700882015227e-10
3.12680352806091e-09
1.09438123482132e-08
1.87608211683655e-08
2.50144282244873e-08
4.37752493928527e-08
6.64445749712943e-08
5.70641643871116e-08
2.57961291065025e-08
6.25360705612182e-09
7.81700882015227e-10
7.81700882015227e-10
0
0
0
0
0
0
0
0
0
7.81700882015227e-10
7.81700882015227e-10
3.12680352806091e-09
5.47190617410659e-09
4.69020529209136e-09
2.34510264604568e-09
7.81700882015227e-10
0
0
0
0
0
0
0
0
0
0
0
0
0
0
0
0
0
0
0
0
0
0
0
0
0
0
0
0
0
0
0
0
0
0
0
0
0
0
0
0
0
0
0
0
0
0
0
0
0
0
0
0
0
0
0
0
0
0
0
0
0
0
5.47190617410659e-09
4.22118476288223e-08
1.47741466700878e-07
2.42327273424721e-07
1.92298416975746e-07
7.66066864374923e-08
1.64157185223198e-08
1.56340176403045e-09
0
0
0
0
0
0
0
1.17255132302284e-08
1.56340176403045e-08
2.18876246964264e-08
2.09495836380081e-07
1.6118672187154e-06
5.69000072018884e-06
9.32334641979562e-06
7.37456612093166e-06
2.95326593225353e-06
6.15980295027999e-07
6.56628740892791e-08
3.12680352806091e-09
0
0
0
0
0
0
4.38534194810543e-07
5.88620764157466e-07
4.86217948613471e-07
2.11528258673321e-06
1.55824253820915e-05
5.49097967562776e-05
8.99503204934922e-05
7.11457240757339e-05
2.84945605512191e-05
5.94092670331573e-06
6.34741116196365e-07
3.36131379266548e-08
7.81700882015227e-10
0
0
0
0
0
4.16802910290519e-06
5.58603450288081e-06
3.96869537799131e-06
7.18617620836599e-06
4.50337878128973e-05
0.00015617914602135
0.0002550502369804
0.000201586586855851
8.07364121971787e-05
1.68565978197764e-05
1.81979965333145e-06
1.03966217308025e-07
4.69020529209136e-09
0
0
0
0
0
1.13104300618783e-05
1.52713084310495e-05
1.12877607362999e-05
1.38337605090235e-05
5.49004163456934e-05
0.000169228860545713
0.000268887905993834
0.000211153042249953
8.45597112111152e-05
1.78712455646321e-05
2.11215578320514e-06
1.96988622267837e-07
2.4232727342472e-08
2.34510264604568e-09
0
0
0
0
1.10696661902176e-05
1.52916326539819e-05
1.37962388666867e-05
2.06111071560955e-05
4.43060242917411e-05
8.49208570186062e-05
0.000113974333700466
8.58096509214576e-05
3.45089671374442e-05
7.92410184098836e-06
1.42738581055981e-06
3.19715660744228e-07
6.25360705612182e-08
7.03530793813705e-09
0
0
0
0
3.98511109651363e-06
5.90653186450706e-06
8.39155896843347e-06
2.02710672724189e-05
4.13668289753638e-05
6.49046242337243e-05
7.88923798165048e-05
6.04895776521023e-05
2.62604594304195e-05
6.66400001917981e-06
1.35077912412231e-06
3.26750968682365e-07
6.48811732072639e-08
7.03530793813705e-09
0
0
0
0
4.26026980698299e-07
8.09842113767776e-07
2.58664821858839e-06
1.10688844893356e-05
4.00488812882861e-05
0.000107773882304321
0.000170197387938529
0.000142899611437676
6.34686397134624e-05
1.48898384006261e-05
1.92767437504955e-06
1.99333724913883e-07
2.57961291065025e-08
2.34510264604568e-09
0
0
0
0
1.25072141122436e-08
5.1592258213005e-08
4.8152774332138e-07
4.65815555592874e-06
3.02010135766583e-05
0.000103450294725895
0.000175498883320357
0.000150335150227405
6.70175617178115e-05
1.54940931824238e-05
1.80025713128107e-06
1.07874721718101e-07
4.69020529209136e-09
0
0
0
0
0
0
3.90850441007614e-09
9.38041058418273e-08
1.41644199821159e-06
1.07436969224173e-05
3.85558326036371e-05
6.64312860563001e-05
5.73104001649464e-05
2.56554229477398e-05
5.9393633015517e-06
6.83206570881309e-07
3.75216423367309e-08
7.81700882015227e-10
0
0
0
0
0
0
7.81700882015227e-10
1.17255132302284e-08
1.62593783459167e-07
1.21632657241569e-06
4.39081385427953e-06
7.67004905433341e-06
6.75311391972955e-06
3.09475379189828e-06
7.34798829094314e-07
8.98956014317512e-08
7.03530793813705e-09
7.81700882015227e-10
0
0
0
0
0
0
0
7.81700882015227e-10
1.0162111466198e-08
6.33177714432334e-08
2.27474956666431e-07
4.23681878052253e-07
4.1273806570404e-07
2.14967742554188e-07
6.64445749712943e-08
1.87608211683655e-08
6.25360705612182e-09
1.56340176403045e-09
0
0
0
0
0
0
0
0
7.81700882015227e-10
3.90850441007614e-09
1.48523167582893e-08
2.81412317525482e-08
2.97046335165786e-08
2.03242229323959e-08
1.32889149942589e-08
8.5987097021675e-09
3.90850441007614e-09
7.81700882015227e-10
0
0
0
0
0
0
0
0
0
0
7.81700882015227e-10
7.81700882015227e-10
1.56340176403045e-09
1.56340176403045e-09
2.34510264604568e-09
2.34510264604568e-09
7.81700882015227e-10
0
0
0
0
0
0
0
0
0
0
0
0
0
0
0
0
0
0
0
0
0
0
0
0
0
0
0
0
0
0
0
0
0
0
0
0
0
0
0
0
0
0
0
0
0
0
0
0
0
0
0
0
0
0
0
0
0
0
0
0
0
0
0
0
0
0
0
0
0
0
0
0
0
0
0
0
0
0
0
0
0
1.56340176403045e-09
1.32889149942589e-08
4.76837538029289e-08
7.8951789083538e-08
6.25360705612182e-08
2.50144282244873e-08
5.47190617410659e-09
7.81700882015227e-10
0
0
0
0
0
0
0
7.81700882015227e-10
1.56340176403045e-09
4.69020529209136e-09
6.72262758533096e-08
5.22176189186172e-07
1.84403238067392e-06
3.02205560987087e-06
2.39044129720257e-06
9.57583580468653e-07
1.99333724913883e-07
2.11059238144111e-08
7.81700882015227e-10
0
0
0
0
0
0
3.36131379266548e-08
4.53386511568832e-08
6.56628740892791e-08
6.56628740892791e-07
5.04353409076225e-06
1.77954205790767e-05
2.9156661198286e-05
2.30625211220953e-05
9.23657762189193e-06
1.9253292724035e-06
2.05587331970005e-07
1.09438123482132e-08
0
0
0
0
0
0
3.17370558098182e-07
4.28372083344345e-07
3.89287039243583e-07
1.97223132532442e-06
1.43887681352543e-05
5.04838063623074e-05
8.26187479210714e-05
6.53322146161867e-05
2.61643102219317e-05
5.45549045558427e-06
5.8314885798336e-07
3.04863343985939e-08
7.81700882015227e-10
0
0
0
0
0
8.62216072862796e-07
1.17333302390486e-06
1.00839413779964e-06
2.74455179675546e-06
1.59560784036948e-05
5.34441076024991e-05
8.65702458796584e-05
6.82909524546143e-05
2.73384249467185e-05
5.70797984047519e-06
6.16761995910014e-07
3.51765396906852e-08
1.56340176403045e-09
0
0
0
0
0
8.44236952576446e-07
1.18974874242718e-06
1.27495413856684e-06
2.81412317525482e-06
8.9168619611477e-06
2.30304713859326e-05
3.48021049681999e-05
2.70726466468334e-05
1.08617337556016e-05
2.30054569577081e-06
2.67341701649208e-07
2.26693255784416e-08
2.34510264604568e-09
0
0
0
0
0
3.04863343985939e-07
4.77619238911304e-07
8.68469679918918e-07
2.58273971417831e-06
6.64680259977548e-06
1.4117517929195e-05
2.04399146629342e-05
1.65994182295934e-05
7.21197233747249e-06
1.66111437428236e-06
2.10277537262096e-07
2.03242229323959e-08
2.34510264604568e-09
0
0
0
0
0
3.28314370446396e-08
7.34798829094314e-08
3.16588857216167e-07
1.79322182334293e-06
8.76990219532884e-06
2.76729929242211e-05
4.61047180212581e-05
3.9324244570658e-05
1.75007193465569e-05
4.04373866266477e-06
4.71365631855182e-07
2.89229326345634e-08
1.56340176403045e-09
0
0
0
0
0
7.81700882015227e-10
6.25360705612182e-09
8.52053961396598e-08
1.08969102952923e-06
7.93035544804448e-06
2.81967325151713e-05
4.8406827118793e-05
4.16091562487885e-05
1.85528887337494e-05
4.28059402991538e-06
4.91689854787578e-07
2.7359530870533e-08
7.81700882015227e-10
0
0
0
0
0
0
7.81700882015227e-10
2.18876246964264e-08
3.74434722485294e-07
2.92356129873695e-06
1.05779763354301e-05
1.82472436888815e-05
1.57121877285061e-05
7.01107521079457e-06
1.61812082577152e-06
1.85263109037609e-07
1.0162111466198e-08
0
0
0
0
0
0
0
0
2.34510264604568e-09
3.98667449827766e-08
3.11898651924076e-07
1.13112117627603e-06
1.9558156068021e-06
1.68925560603491e-06
7.5668645379074e-07
1.75100997571411e-07
2.03242229323959e-08
7.81700882015227e-10
0
0
0
0
0
0
0
0
0
1.56340176403045e-09
9.38041058418273e-09
3.36131379266548e-08
5.86275661511421e-08
5.23739590950202e-08
2.4232727342472e-08
6.25360705612182e-09
7.81700882015227e-10
0
0
0
0
0
0
0
0
0
0
0
0
7.81700882015227e-10
1.56340176403045e-09
1.56340176403045e-09
7.81700882015227e-10
0
0
0
0
0
0
0
0
0
0
0
0
0
0
0
0
0
0
0
0
0
0
0
0
0
0
0
0
0
0
0
0
0
0
0
0
0
0
0
0
0
0
0
0
0
0
0
0
0
0
0
0
0
0
0
0
0
0
0
0
0
0
0
0
0
0
0
0
0
0
0
0
0
0
0
0
0
0
0
0
0
0
0
0
0
0
0
0
0
0
0
0
0
0
0
0
0
0
0
0
