4.94661084914808e-07
1.44240304760666e-06
3.72788063993768e-07
5.93593301897769e-07
8.63147748170187e-07
1.23306821167169e-07
0
0
0
1.12983459395034e-06
1.25787295592974e-05
3.6331064436685e-05
7.22778704074071e-06
2.74859507183098e-06
6.71018515188783e-07
4.58816078761561e-08
1.43380024612988e-09
1.43380024612988e-09
0
8.08519958792638e-06
8.61484539884676e-05
0.000233256359241393
3.8858854270612e-05
6.1567382568817e-06
2.25393398691617e-06
2.25106638642391e-07
1.00366017229091e-08
3.29774056609872e-08
4.30140073838963e-09
1.45487710974799e-05
0.000110477176564799
0.000127278447848949
4.17536969675482e-05
6.91593548720747e-05
3.53087648611944e-05
4.00173648694849e-06
2.2940803938078e-08
2.72422046764677e-08
4.30140073838963e-09
6.18398046155816e-06
4.61038469143062e-05
4.85785861391264e-05
2.7897451388949e-05
0.000107311345621345
9.80848410374988e-05
1.30318104370745e-05
4.87492083684159e-08
1.43380024612988e-09
0
3.59883861778599e-07
2.68550786100126e-06
2.82458648487586e-06
1.74063349880167e-06
7.08153941563547e-06
6.60265013342809e-06
8.80353351123745e-07
2.86760049225976e-09
0
0
0
1.43380024612988e-09
1.43380024612988e-09
0
2.86760049225976e-09
2.86760049225976e-09
0
0
0
0
0
0
0
0
0
0
0
0
0
0
0
0
0
0
0
0
0
0
0
0
0
0
0
0
0
0
0
0
0
0
3.58450061532469e-07
6.03486523596066e-06
2.94445218545232e-05
5.67225715371441e-05
0.000197746862345741
0.000287985948436417
4.11299938604817e-05
1.54850426582027e-07
0
0
9.08169075898665e-06
0.000134542079895843
0.000582538702000108
0.000676370891507586
0.000909984267010265
0.000225870854173578
1.59323883349952e-05
3.06833252671794e-07
7.55612729710446e-07
1.1470401969039e-07
6.46285460943042e-05
0.000753573865760449
0.0024123029593022
0.00124785499361003
0.000730541298606619
0.00014017834866338
8.56408887013376e-06
3.45689239341914e-06
1.16238185953749e-05
1.76787570347814e-06
0.00011986856817695
0.00101356486439118
0.00193350830791106
0.00198629509777258
0.00210570054847003
0.000724294230934231
7.14233254607137e-05
3.33215177200584e-06
9.92906670444941e-06
1.50979165917476e-06
5.08741003331803e-05
0.000386489459145785
0.000493016516032497
0.000624450116994731
0.00152442789208726
0.00107005802788894
0.000134813068142362
7.0256212060364e-07
6.30872108297146e-07
9.60646164907018e-08
2.96366510875046e-06
2.21952278100905e-05
2.62786909110684e-05
3.50822244223059e-05
9.66926209985067e-05
7.12971510390543e-05
9.074521757756e-06
3.44112059071171e-08
0
0
1.43380024612988e-09
4.30140073838963e-08
2.53782643564988e-07
1.86394031996884e-07
3.97162668177976e-07
2.06467235442702e-07
2.2940803938078e-08
0
0
0
0
1.43380024612988e-09
1.43380024612988e-08
7.16900123064939e-09
2.00732034458183e-08
8.60280147677927e-09
1.43380024612988e-09
0
0
0
0
0
0
0
0
0
0
0
0
0
0
0
0
0
0
0
0
0
0
0
4.20103472116054e-07
2.10223792087563e-05
0.000162757834939433
0.000491473746967661
0.00168311946952866
0.00237033705989822
0.000341217216374234
1.89978532612209e-06
1.00366017229091e-08
1.43380024612988e-09
1.01713789460454e-05
0.00038512448131147
0.00278482433645019
0.00570735228233893
0.00740329996266972
0.00252545847472677
0.000310449296892533
1.88702450393153e-05
2.35042874348071e-05
3.56729501237114e-06
6.95350105365607e-05
0.00132303057431487
0.00703032263704346
0.00957411798311798
0.00689832698638475
0.00180340957497798
0.000373720034153753
0.000138376061753995
0.000361137003193717
5.48916086228362e-05
0.000150365499412133
0.00208193100798969
0.00941370584538122
0.0159297558777433
0.0163984766486051
0.00504462543397352
0.000949878325058583
0.000167965397433377
0.000308634105780933
4.68824004479548e-05
6.33739708789406e-05
0.000619245422101279
0.00200902656687472
0.00486012115070103
0.0074989817544947
0.00376071036417332
0.000477352248343528
1.49832125720572e-05
1.96660041759174e-05
2.97656931096563e-06
3.78523264978288e-06
6.05866632004641e-05
0.000311128918209199
0.000598938509215342
0.000855035306377584
0.000513845332208026
6.38256179564715e-05
4.61683679253821e-07
1.57718027074287e-08
1.43380024612988e-09
4.58816078761561e-08
1.20324516655219e-05
8.1990433274691e-05
5.85707400544055e-05
0.00012210242896042
6.11874255035925e-05
6.90231438486923e-06
2.86760049225976e-08
0
0
2.86760049225976e-09
6.9969452011138e-07
4.63834379623016e-06
2.44319561940531e-06
6.4592701088151e-06
2.90201169816687e-06
3.08267052917924e-07
1.43380024612988e-09
0
0
0
0
1.43380024612988e-09
1.43380024612988e-09
1.43380024612988e-09
1.43380024612988e-09
0
0
0
0
0
0
0
0
0
0
0
0
0
0
1.76357430273975e-07
3.57044937291262e-05
0.000318766772120333
0.000928237977943745
0.00245121629798216
0.00299934379407515
0.000462065070119291
8.29310062361522e-06
6.73886115681043e-08
5.73520098451951e-09
2.40735061325207e-06
0.000352132737648021
0.00354998330819936
0.0101444220676179
0.00926571185157619
0.00794780424554074
0.00180254786103005
0.000157544537244505
0.00013019766515007
1.97147533842858e-05
1.26231773669274e-05
0.0011846430421589
0.0101282975500499
0.0220102776149415
0.0181016965637843
0.00875342075883496
0.00302105296360181
0.000897267892627339
0.00199800637818297
0.000303350551873944
2.59231084500282e-05
0.00197436587972478
0.016082781076612
0.0344838135515811
0.0407926679779754
0.0139977616628922
0.00522433508922294
0.00113533321789425
0.00171112158833558
0.000259100608677884
1.12510305313812e-05
0.000884750816478625
0.00728890421003225
0.0155080709239558
0.016193014507135
0.00841458508466955
0.00189617214950184
0.000305441032632802
0.000129017647547505
1.6525981636893e-05
1.47107905252926e-06
0.00027087210869861
0.00215432645001728
0.0035840905484543
0.00399238524174323
0.00262606967179795
0.000425779887290482
3.3284238913659e-05
2.80307948118391e-06
1.57718027074287e-08
3.59883861778599e-07
9.62567457236832e-05
0.000664179288014743
0.000508685085122204
0.000900382106761933
0.00044948777436024
5.4292280119954e-05
1.32339762717788e-06
9.4630816244572e-08
0
2.15070036919482e-08
5.60472516212169e-06
3.76573296643551e-05
2.24289372502097e-05
4.76036019717581e-05
2.10123426070334e-05
2.23386078347035e-06
8.60280147677927e-09
0
0
0
1.43380024612988e-09
1.29042022151689e-08
7.16900123064939e-09
1.57718027074287e-08
7.16900123064939e-09
1.43380024612988e-09
0
0
0
0
0
0
0
0
0
0
0
0
0
5.16168088606756e-07
0.000138248453532089
0.00100014592788765
0.00093712753946975
0.000790550140307892
0.0012197094947785
0.000291782651488169
1.88473042353772e-05
7.45576127987537e-08
1.43380024612988e-09
1.40799184169954e-06
0.000376035621551252
0.00305533799508726
0.0051397351395003
0.00558719121891177
0.00788522459999816
0.00290804369580234
0.000299166722755737
2.08718301829126e-05
2.8360568868449e-06
3.930046474642e-06
0.00102214329126377
0.00914564111756453
0.0210013510943465
0.0247032068260167
0.0164775077181718
0.00567139257216599
0.000784569759481285
0.000308585356572565
4.36362766907167e-05
6.46787291029188e-06
0.0017003150358805
0.0164037444307094
0.0429169993268437
0.041696542822137
0.0169863820649265
0.00587385376972101
0.00103323947136857
0.000296971574578913
3.73920766188211e-05
3.75368904436802e-06
0.00100458927485041
0.00900460679015421
0.0198203843160187
0.018054928867356
0.0133639144190843
0.00644396429118766
0.00183969045640605
0.000190454554293924
3.00667911613435e-06
1.11262899099679e-06
0.000299244147969028
0.00247848287726281
0.00428330761308372
0.00320745273079968
0.00260944905934481
0.00122110314861774
0.000283892448733716
2.34512368257003e-05
8.60280147677927e-08
3.87126066455067e-07
0.000103801402618819
0.000782961035605127
0.000919873187307823
0.000560717696054257
0.00026521146532689
8.15703298025749e-05
1.30131710338748e-05
8.11530939309511e-07
2.86760049225976e-09
2.2940803938078e-08
6.03629903620679e-06
4.48693449023884e-05
4.87090619615242e-05
2.84781404886316e-05
9.92906670444941e-06
1.81662491184656e-06
1.29042022151689e-07
0
0
0
1.43380024612988e-09
1.43380024612988e-08
1.57718027074287e-08
8.60280147677927e-09
2.86760049225976e-09
0
0
0
0
0
0
0
0
0
0
0
0
0
0
2.48047442580469e-07
6.64337006041818e-05
0.000488715115294107
0.000620217538668155
0.00153143774149058
0.00318262934713843
0.000547533902791093
1.40254340076425e-05
4.7315408122286e-08
0
1.74493489954006e-06
0.000439730763685326
0.0030209812735895
0.00216862143847119
0.00368506736458824
0.00342403255937833
0.000905292872604928
9.20083955944004e-05
3.41817978677363e-06
2.00732034458183e-08
3.38233478062038e-06
0.000472500268310624
0.00368765250643202
0.00653965038441339
0.0106231608007994
0.00650002874841183
0.00242114663922033
0.000586715362117084
5.34836167811367e-05
3.24038855625352e-07
5.23193709812792e-06
0.000928944841465087
0.00826952321236785
0.0184681500982907
0.0163732231248701
0.00798802377624493
0.00402023394392381
0.0012194886895406
0.000117823969025969
5.43410293283224e-07
2.02165834704313e-06
0.000513012294265024
0.00418657054427758
0.00725179172446142
0.00776388208516818
0.00791553513720134
0.00568121697145248
0.00226433047250086
0.000246179200859762
9.17632157523122e-07
2.29408039380781e-07
6.28721407927952e-05
0.000837666250195966
0.00326230562681587
0.00292506863992489
0.00201135649227468
0.00232510209593307
0.000530781380715312
3.32483939075057e-05
1.2043922067491e-07
5.01830086145457e-08
1.38089301704769e-05
0.000237911908640577
0.00103047797209453
0.000393400376332131
0.000178716031678859
0.000229643182621146
3.98926242480716e-05
1.21586260871814e-06
4.30140073838963e-09
2.86760049225976e-09
8.01494337586602e-07
1.36325727402029e-05
5.7615829090483e-05
1.54621018542646e-05
5.20756249394372e-06
6.58974593121292e-06
9.47741962691849e-07
4.30140073838963e-09
0
0
0
4.30140073838963e-09
1.86394031996884e-08
4.30140073838963e-09
1.43380024612988e-09
1.43380024612988e-09
0
0
0
0
0
0
0
0
0
0
0
0
0
3.72788063993768e-08
1.00036243172482e-05
7.82439132315536e-05
0.000154999541807624
0.000443927497005748
0.000542882654792648
8.60781977764072e-05
1.89835152587596e-06
5.73520098451951e-09
0
8.2730274201694e-07
0.000122566980240166
0.000809444759951392
0.000484526984775162
0.000978697710005793
0.000577607862953667
0.000100606895670441
7.98483357069729e-06
4.50213277284782e-07
1.43380024612988e-09
7.21775043901781e-06
0.000379555601155501
0.00227973235474478
0.00114234306729758
0.00248166734760947
0.00286338798713663
0.000583383210345079
7.63484293061699e-05
7.30807985452399e-06
2.72422046764677e-08
8.10097139063381e-06
0.000458836151965007
0.00309771682896212
0.00383263551972018
0.00618265276253025
0.00695298488556746
0.0013867615614551
0.000170784248717268
1.61962075802831e-05
6.02196103374549e-08
9.13330756784732e-07
0.000134840310347038
0.001161359559962
0.00249657887016922
0.00315518497662726
0.00520732161550237
0.00156953811543099
0.000334717799858528
3.27666370248061e-05
1.2043922067491e-07
2.72422046764677e-08
7.53175269292025e-06
0.000117227508123579
0.000520869519613816
0.000603221270550532
0.00118085637570888
0.00156874092249415
0.000249005221144884
5.06991767031525e-06
1.57718027074287e-08
0
1.1757162018265e-07
2.04545943112888e-05
0.00013426535644834
5.8907683112246e-05
0.000103077333494523
0.000178280156404035
2.68651152117355e-05
2.4087844134982e-07
0
0
7.16900123064939e-09
1.16854720059585e-06
7.52601749193573e-06
2.09908356033414e-06
3.05972972524116e-06
5.34807491806445e-06
7.78553533648524e-07
2.86760049225976e-09
0
0
0
0
2.86760049225976e-09
0
1.43380024612988e-09
1.43380024612988e-09
0
0
0
0
0
0
0
0
0
0
0
0
0
1.43380024612988e-09
4.702864807306e-07
4.07199269900885e-06
1.21457218849662e-05
3.42922004866883e-05
1.48570381503978e-05
1.75210390077071e-06
3.5845006153247e-08
0
0
8.88956152600524e-08
9.72976847023735e-06
6.30069180159314e-05
3.69705393464589e-05
8.90762740910648e-05
9.72876481006506e-05
2.4087844134982e-05
1.76070670224749e-06
7.16900123064939e-09
0
1.00222637204478e-06
4.86244677470026e-05
0.000289568863908144
0.000140077982646151
0.000386694492580982
0.00129133928747466
0.000353390180463877
2.58700578409214e-05
1.1470401969039e-07
0
1.09972478878162e-06
5.2835539069886e-05
0.000456133438501052
0.00120322796094924
0.00130653470248314
0.00142109964354966
0.000258779437422751
1.06918484353905e-05
8.45942145216628e-08
0
1.01799817475221e-07
1.26088393644661e-05
0.000353286946846156
0.00198052118418142
0.00153898526598621
0.00162618326175485
0.000315856157620689
1.54319920490959e-05
1.49115225597507e-07
0
1.43380024612988e-09
6.36607309281666e-07
2.25307370676849e-05
0.000132827254801472
0.000114010060371263
0.0002043007632708
0.000197729656742787
2.68407406075513e-05
1.1183641919813e-07
0
0
0
7.16900123064939e-08
4.94661084914808e-07
1.66607588600292e-06
1.20338854657681e-05
2.16274429126231e-05
3.15149294099347e-06
1.1470401969039e-08
0
0
0
2.86760049225976e-09
2.2940803938078e-08
4.7315408122286e-08
3.61317662024729e-07
6.52379111989094e-07
9.4630816244572e-08
0
0
0
0
0
0
0
0
0
0
0
0
0
0
0
0
0
0
0
0
0
0
0
1.43380024612988e-09
1.1470401969039e-08
3.5845006153247e-08
1.08968818705871e-07
9.31970159984421e-08
2.15070036919482e-08
1.43380024612988e-09
0
0
0
2.86760049225976e-08
1.89261632489144e-07
2.15070036919482e-07
2.46154826255577e-05
0.000161213632074351
5.1168029383637e-05
4.24978392952896e-06
1.57718027074287e-08
0
2.86760049225976e-09
1.73489829781715e-07
8.13108119580254e-06
4.91205626321635e-05
0.000371926350045844
0.00238227774834799
0.000755915261562379
6.27789437767967e-05
2.29408039380781e-07
0
2.86760049225976e-09
5.62049696482912e-07
0.000109439105186601
0.000709768400640689
0.000278036808528521
0.000698977619988316
0.000215343892766493
1.76386106278898e-05
6.45210110758445e-08
0
0
1.93563033227534e-07
4.2800371147223e-05
0.00029273039345086
0.000187532469392311
0.000179984944896684
3.80860359379479e-05
2.16073697091773e-06
7.16900123064939e-09
0
0
1.00366017229091e-08
2.43746041842079e-06
1.6857189493749e-05
1.17844042229415e-05
1.01756803467837e-05
2.38297600906786e-06
1.63453228058806e-07
0
0
0
0
1.43380024612988e-09
5.73520098451951e-09
8.60280147677927e-09
3.87126066455067e-08
6.59548113219744e-08
1.00366017229091e-08
0
0
0
0
0
0
0
1.43380024612988e-09
1.43380024612988e-09
0
0
0
0
0
0
0
0
0
0
0
0
0
0
0
0
0
0
0
0
0
0
0
0
0
0
0
1.43380024612988e-09
7.16900123064939e-09
2.86760049225976e-09
0
0
0
0
0
1.43380024612988e-08
1.01799817475221e-07
3.40097418382007e-06
2.2388790843318e-05
7.10878162031193e-06
5.9072570140551e-07
2.86760049225976e-09
0
0
1.59151827320416e-07
4.24017746787989e-05
0.000273385560530076
9.24385356682394e-05
0.000330796356185363
0.00010498285402163
8.72180689720805e-06
3.15436054148573e-08
0
0
2.3084183962691e-06
0.000617252439759159
0.00397702780730693
0.00063128934416877
9.38508289106773e-05
2.90487929865913e-05
2.41308581423658e-06
8.60280147677927e-09
0
0
1.59151827320416e-07
4.25078758970125e-05
0.00027393613982459
4.36448794921935e-05
5.34233971707993e-06
1.5886506727119e-06
1.29042022151689e-07
0
0
0
0
2.15070036919482e-08
1.39078623874598e-07
4.87492083684159e-08
3.15436054148573e-08
5.73520098451951e-09
0
0
0
0
0
0
0
0
0
0
0
0
0
0
0
0
0
0
0
0
0
0
0
0
0
0
0
0
0
0
0
0
0
0
0
0
0
0
0
0
0
0
0
0
