0
0
6.63989812762857e-09
3.65194397019571e-08
6.80589558081929e-08
4.31593378295857e-08
9.95984719144286e-09
1.65997453190714e-09
0
0
0
0
0
0
0
2.32396434467e-08
3.17055135594264e-07
1.65333463377951e-06
3.09253255294301e-06
1.89237096637414e-06
4.34913327359671e-07
3.98393887657714e-08
4.97992359572143e-09
1.65997453190714e-09
0
0
0
1.32797962552571e-08
1.01258446446336e-07
4.79732639721164e-07
4.20305551478889e-06
2.19548231590039e-05
4.10943295118932e-05
2.43800459501202e-05
5.3218783492943e-06
4.54833021742557e-07
4.14993632976786e-08
8.29987265953572e-09
0
0
0
5.21232003018843e-07
3.94077953874756e-06
9.02196158091532e-06
1.82032807168937e-05
7.23051706608113e-05
0.000131131348122537
7.80520024902739e-05
1.72985945970043e-05
1.45579766448256e-06
1.07898344573964e-07
1.99196943828857e-08
1.65997453190714e-09
0
0
5.6704730009948e-06
4.29501810385654e-05
9.22647044324628e-05
7.55454409470941e-05
9.71533294289294e-05
0.000124688986964205
7.04210995670967e-05
1.63424492666258e-05
1.39603858133391e-06
8.63186756591714e-08
1.49397707871643e-08
1.65997453190714e-09
0
0
1.44201987586774e-05
0.000109571598902127
0.000237394617782572
0.000180606889046029
0.00013810656110561
9.6891053452888e-05
3.56844725124079e-05
6.16348543697122e-06
6.00910780550386e-07
1.26158064424943e-07
2.98795415743286e-08
3.31994906381429e-09
0
0
4.54501026836176e-06
3.49623835910282e-05
8.00655515974772e-05
7.35003523237845e-05
6.16066348026698e-05
3.51483007386018e-05
9.47845457718979e-06
1.21842130641984e-06
2.32396434467e-07
9.62785228506143e-08
2.32396434467e-08
1.65997453190714e-09
0
0
1.61017529594993e-07
1.38939868320628e-06
4.60310937697851e-06
8.366271640812e-06
9.87020856671987e-06
6.10538632835447e-06
1.76953285101301e-06
3.15395161062357e-07
1.01258446446336e-07
2.98795415743286e-08
4.97992359572143e-09
0
0
0
1.65997453190714e-09
2.98795415743286e-08
1.44417784275921e-07
3.63534422487664e-07
6.22490449465179e-07
6.82249532613836e-07
2.92155517615657e-07
6.63989812762857e-08
1.99196943828857e-08
3.31994906381429e-09
0
0
0
0
0
0
3.31994906381429e-09
6.63989812762857e-09
1.32797962552571e-08
1.82597198509786e-08
8.29987265953572e-09
1.65997453190714e-09
0
0
0
0
0
0
0
0
0
0
0
0
0
0
0
0
0
0
0
0
0
0
0
0
0
0
0
0
0
0
0
0
0
0
0
0
0
0
0
0
0
0
0
0
0
0
0
0
0
0
0
0
0
0
0
0
0
0
0
0
0
0
0
0
3.31994906381429e-09
5.31191850210286e-08
2.92155517615657e-07
6.02570755082293e-07
4.63132894402093e-07
1.394378606802e-07
1.99196943828857e-08
1.32797962552571e-08
2.65595925105143e-08
3.15395161062357e-08
1.161982172335e-08
1.65997453190714e-09
0
4.97992359572143e-09
1.61017529594993e-07
2.27084515964897e-06
1.2227372402028e-05
2.4473004523907e-05
1.76571490958963e-05
5.0197629844872e-06
6.67309761826672e-07
1.7429732585025e-07
4.97992359572143e-08
1.32797962552571e-08
3.31994906381429e-09
0
4.48193123614929e-08
3.75154244211014e-07
2.65595925105143e-06
2.80419497675074e-05
0.000143994490770285
0.000270365031935312
0.000169211163884487
4.09299920332344e-05
5.44139651559162e-06
1.5802957543756e-06
3.78474193274829e-07
3.15395161062357e-08
0
0
1.80439231618306e-06
1.37943883601484e-05
3.57990107551094e-05
0.000112357036166667
0.000466167327846419
0.000825664692272485
0.000495321460550304
0.00011430916621619
1.42957006687843e-05
3.91753989530086e-06
9.528253813147e-07
8.96386247229857e-08
3.31994906381429e-09
0
1.96308588143339e-05
0.000150096557149576
0.000340930549286685
0.000379387179267378
0.000643090733406146
0.000823515025253666
0.000468956085060023
0.000113532298135257
1.33212956185548e-05
3.02945352073054e-06
7.93467826251614e-07
9.95984719144286e-08
4.97992359572143e-09
0
4.99851531047879e-05
0.000383933849510271
0.000877625215070243
0.000852710657320848
0.000882558659379071
0.000672528721754988
0.000266005938814524
5.48754380757863e-05
1.22987513069e-05
5.52605521671888e-06
1.41097835212107e-06
1.32797962552571e-07
4.97992359572143e-09
0
1.59473753280319e-05
0.000125399456063861
0.000311997193195543
0.000369166716074425
0.000395055678874049
0.000268784736180937
9.13068991275524e-05
2.04724659020108e-05
9.16803933972315e-06
4.37569286610723e-06
1.04744392963341e-06
8.79786501910786e-08
1.65997453190714e-09
0
7.46988539358214e-07
7.26570852615757e-06
2.7763074046147e-05
5.69603660878617e-05
7.81665407329755e-05
6.89570020299546e-05
2.95541865660748e-05
1.00727254596125e-05
4.53837037023413e-06
1.37611888695102e-06
2.53976103381793e-07
1.99196943828857e-08
0
0
5.47791595529357e-08
6.40750169316157e-07
2.56466065179654e-06
5.25879931708183e-06
9.00204188653244e-06
1.15866222327119e-05
6.00080793284432e-06
2.31068454841474e-06
9.09666043485114e-07
1.67657427722621e-07
1.65997453190714e-08
1.65997453190714e-09
0
0
1.65997453190714e-09
2.15796689147929e-08
8.133875206345e-08
1.52717656935457e-07
2.62275976041329e-07
3.6021447342385e-07
1.90897071169321e-07
7.46988539358214e-08
2.82195670424214e-08
4.97992359572143e-09
0
0
0
0
0
0
0
1.65997453190714e-09
1.65997453190714e-09
1.65997453190714e-09
0
0
0
0
0
0
0
0
0
0
0
0
0
0
0
0
0
0
0
0
0
0
0
0
0
0
0
0
0
0
0
0
0
0
0
0
0
0
0
0
0
0
0
0
0
0
0
0
0
0
0
0
1.49397707871643e-08
1.95876994765043e-07
1.12380275810114e-06
2.53810105928602e-06
2.26420526152134e-06
7.91807851719707e-07
2.02516892892671e-07
4.58152970806371e-07
1.27486044050469e-06
1.49895700231215e-06
5.77671137103686e-07
5.64391340848429e-08
1.65997453190714e-09
2.65595925105143e-08
5.84311035231314e-07
7.8549994849846e-06
4.32904758176064e-05
9.31710505268841e-05
7.80818820318482e-05
2.63089363561963e-05
5.9958280092486e-06
2.71571833420009e-06
1.03914405697387e-06
5.345117992741e-07
1.859171475736e-07
1.82597198509786e-08
7.46988539358214e-08
7.28728819507236e-07
7.74212121681492e-06
8.71254232816783e-05
0.000428763121718956
0.000808166900731652
0.000549682306521199
0.000159505292796425
4.73507735226513e-05
2.40248114002921e-05
5.93440895156804e-06
5.17912053955029e-07
1.82597198509786e-08
0
2.69247869075339e-06
2.13904318181554e-05
7.12975661199437e-05
0.00033915935646114
0.00135854141663266
0.00229662788407855
0.00139915933345389
0.000367189686406924
0.000115169033023718
6.09675446078856e-05
1.61233326284141e-05
1.80937223977879e-06
8.46587011272643e-08
1.65997453190714e-09
2.90196747668007e-05
0.000227325212272024
0.000577206344234752
0.000984764951283125
0.00204357638651103
0.00253617880877807
0.00146457228985823
0.000399741786977623
0.000102697644365499
5.05711241145511e-05
1.64453676876041e-05
2.93649494694374e-06
2.14136714616021e-07
4.97992359572143e-09
7.43602191313124e-05
0.000586580220416431
0.00147730761446702
0.00201861202952568
0.00277175077452461
0.00231736428593114
0.00104892960683946
0.000312498505504179
0.000156034286050208
8.74574181880597e-05
2.36795366976554e-05
2.68085886903004e-06
1.24498089893036e-07
1.65997453190714e-09
2.59819213734106e-05
0.000218945660834956
0.000633104326622193
0.000998726997070996
0.00131204221004487
0.00111773721116155
0.000525300600596547
0.0002165287379165
0.000139202144296669
6.85469883205736e-05
1.65482861085823e-05
1.48567720605689e-06
4.31593378295857e-08
0
3.36642835070769e-06
3.76565222563135e-05
0.000147606595351715
0.000281554920254898
0.000388010746960635
0.000435099244507245
0.000253426651811732
0.000137789505970016
7.09190919266689e-05
2.17174468009412e-05
4.00551854549194e-06
3.18715110126171e-07
8.29987265953572e-09
0
6.57349914635229e-07
7.67406226100672e-06
2.92504112267358e-05
5.18144450389496e-05
7.17938985049839e-05
9.08902455200437e-05
5.64789734736086e-05
3.24774017167633e-05
1.42741209998695e-05
2.68583879262576e-06
2.60616001509422e-07
2.15796689147929e-08
4.97992359572143e-09
0
2.98795415743286e-08
3.56894524360036e-07
1.3711389633553e-06
2.31566447201046e-06
2.71073841060437e-06
3.15063166155976e-06
1.91893055888466e-06
1.09558319105871e-06
4.68112817997814e-07
8.46587011272643e-08
3.15395161062357e-08
3.81794142338643e-08
1.49397707871643e-08
1.65997453190714e-09
0
4.97992359572143e-09
1.99196943828857e-08
3.15395161062357e-08
2.48996179786071e-08
1.99196943828857e-08
9.95984719144286e-09
4.97992359572143e-09
3.31994906381429e-09
6.63989812762857e-09
2.32396434467e-08
3.485946517005e-08
1.49397707871643e-08
1.65997453190714e-09
0
0
0
0
0
0
0
0
0
1.65997453190714e-09
4.97992359572143e-09
8.29987265953572e-09
3.31994906381429e-09
0
0
0
0
0
0
0
0
0
0
0
0
0
0
0
0
0
0
0
0
0
0
0
0
0
0
0
0
0
0
8.29987265953572e-09
5.64391340848429e-08
4.56492996274464e-07
2.36048378437196e-06
5.41815687214492e-06
5.22227987737987e-06
2.05338849596914e-06
1.33129957458953e-06
7.3204876857105e-06
2.25756536339371e-05
2.67670893270027e-05
1.03134217667391e-05
1.00096464274001e-06
2.65595925105143e-08
3.08755262934729e-07
2.08326803754346e-06
1.6983199435942e-05
8.4574042426137e-05
0.00018560341238707
0.000170771539944479
6.64072811489453e-05
2.60151208640487e-05
1.62245910748604e-05
1.06769561892267e-05
8.88584366929894e-06
3.32160903834619e-06
3.22035059189986e-07
2.30736459935093e-07
2.68251884356194e-06
1.9252384621059e-05
0.00015731578638884
0.000688728413211869
0.00128038151579781
0.000955851514886367
0.00036236414044267
0.000222755302385683
0.000133297614886676
3.32459699250363e-05
3.22367054096367e-06
1.95876994765043e-07
1.161982172335e-08
2.73065810498725e-06
2.61728184445799e-05
0.000114820438372017
0.000612794538224309
0.0021690488814543
0.00339279704614703
0.00211920316621019
0.000762789836927439
0.000574623423863104
0.000364439108607554
0.000107455131373945
1.62345509220519e-05
1.06404367495248e-06
2.15796689147929e-08
2.24395357223208e-05
0.000200129849515789
0.00064732366846251
0.00173523611720928
0.00391631815404537
0.00460620854942958
0.00271617316722183
0.000966452112247126
0.000550037541071028
0.0003605448083557
0.000151798031044781
3.69095337169553e-05
3.1373518653045e-06
6.63989812762857e-08
5.66433109522674e-05
0.000509638740888003
0.00161328276827366
0.0033558626128121
0.00556038349003872
0.00507771269539608
0.00274381008320355
0.00118516039672402
0.000851732932321555
0.000512259840673885
0.0001577506997162
2.48066594048203e-05
1.65665458284333e-06
3.31994906381429e-08
3.02845753601139e-05
0.000312317568280201
0.00113912100308158
0.00221237421673707
0.00310719344800881
0.00312223115729336
0.00192149687951099
0.00109753200115917
0.000775659619473315
0.000383704773024868
9.62353635127847e-05
1.04196601367811e-05
4.68112817997814e-07
8.29987265953572e-09
1.29727009668543e-05
0.000152266143862778
0.000594436879875948
0.00105305464355125
0.00130433162834417
0.00153312757805146
0.00107506424586981
0.000737875279178044
0.000400115281247302
0.000123712921939444
2.31118254077432e-05
2.11646752818161e-06
8.63186756591714e-08
1.65997453190714e-09
3.46602682262211e-06
4.07872342234904e-05
0.000156761354895183
0.000263892791235406
0.000300382351395789
0.000348285896437565
0.000247756178810737
0.000178973474106632
8.32460628006113e-05
1.61382723992012e-05
1.86249142479981e-06
5.4613162099745e-07
1.94217020233136e-07
1.82597198509786e-08
2.6725589963705e-07
3.19545097392125e-06
1.25875868754519e-05
2.04492262585641e-05
1.79526245625758e-05
1.62279110239242e-05
1.08047742281836e-05
8.01435704004769e-06
3.58222503985561e-06
8.7148662925125e-07
1.27486044050469e-06
1.7662129019492e-06
7.33708743102957e-07
7.30388794039143e-08
6.63989812762857e-09
7.30388794039143e-08
2.93815492147564e-07
4.69772792529722e-07
3.41954753572871e-07
2.27416510871279e-07
1.36117911616386e-07
1.07898344573964e-07
6.97189303401e-08
2.93815492147564e-07
1.11716285997351e-06
1.59191557609895e-06
6.60669863699043e-07
6.47390067443786e-08
0
0
1.65997453190714e-09
1.65997453190714e-09
1.65997453190714e-09
0
0
0
6.63989812762857e-09
6.97189303401e-08
2.68915874168957e-07
3.81794142338643e-07
1.59357555063086e-07
1.49397707871643e-08
0
0
0
0
0
0
0
0
0
1.65997453190714e-09
8.29987265953572e-09
1.161982172335e-08
4.97992359572143e-09
0
0
0
0
0
0
0
0
0
0
0
0
0
0
0
6.63989812762857e-09
7.80188029996357e-08
3.20375084658079e-07
1.13210263076067e-06
3.73992262038679e-06
7.4831651898374e-06
7.34538730368911e-06
3.16723140687883e-06
5.95100869688711e-06
5.2003682135587e-05
0.000165990813292587
0.000197336112378589
7.60517331793258e-05
7.38024676885916e-06
2.34056408998907e-07
2.66093917464715e-06
1.10238908663953e-05
3.89131229769673e-05
0.000125646792269115
0.000243780539806819
0.000232862887310466
9.98507880432785e-05
5.12948730104626e-05
4.49155908843435e-05
6.02603954572931e-05
6.40036380267437e-05
2.44597247276518e-05
2.37210360609531e-06
1.70645381880054e-06
1.94051022779945e-05
8.04589655615392e-05
0.00027941521308327
0.000816905006667611
0.00135532936591342
0.00110353612904108
0.00054623619939296
0.000469958709677295
0.000286327347034131
7.24097490563215e-05
9.05682104608537e-06
1.08064342027155e-06
8.29987265953572e-08
8.92900300712852e-06
9.59017086318714e-05
0.000341342222970598
0.00103122265850761
0.00264497685954833
0.00356077650892884
0.00231146971636834
0.00125836029365753
0.00136954206785561
0.000906822507111958
0.00031419665945032
6.42244146394874e-05
5.10276171108256e-06
1.06238370042057e-07
3.65360394472762e-05
0.000380238746202246
0.00121751330035089
0.00288807680979707
0.00604516743226048
0.00685859147233468
0.00417732092962073
0.00197984332433299
0.00157476305926075
0.00117067877890766
0.000624205203156639
0.000181368817356174
1.63856086044554e-05
3.53574575296221e-07
7.11946476989655e-05
0.000753027526705293
0.00249004977651091
0.00512453725699212
0.00864658656009157
0.00873970615140796
0.00532349848443744
0.0026163771583381
0.0019734291827417
0.00126788854747068
0.000505221548658599
0.00011572844444097
9.58967287082757e-06
2.02516892892671e-07
4.56011603660211e-05
0.000518730421399259
0.00194715842579974
0.00376162014749335
0.00549566274301419
0.00628811300487775
0.00431091567994862
0.00252882512160172
0.00172492435541707
0.000866491765884742
0.000257940122563987
4.37386689412213e-05
3.12407206904924e-06
6.30790322124714e-08
2.3722696035485e-05
0.000281938374371769
0.00111431766362582
0.00198374758443204
0.00246723176659531
0.00300897109498133
0.00230077782040832
0.00168525428405356
0.000922832961472202
0.000293355679202226
6.3015953180259e-05
9.05350109702156e-06
6.82249532613836e-07
2.15796689147929e-08
8.5521887883856e-06
0.000102076813890566
0.000403169634386011
0.000676605619205352
0.000683531032952468
0.00072514659446738
0.000576477615415245
0.000492881297988401
0.000234760238200436
4.67598225892923e-05
1.05391783030785e-05
8.15047495166407e-06
3.22201056643176e-06
3.17055135594264e-07
1.28482028769613e-06
1.54842424336298e-05
6.20398881554976e-05
0.000100747174290508
7.98929142461589e-05
6.25312406169421e-05
5.01146311182766e-05
5.06375230958274e-05
2.29142884384462e-05
8.22517380559989e-06
2.08227205282432e-05
2.94330084252456e-05
1.2227372402028e-05
1.21012143376031e-06
3.81794142338643e-08
4.58152970806371e-07
1.84091175588502e-06
2.96803446304997e-06
2.20444617837269e-06
1.54045636560983e-06
1.32299970192999e-06
1.55041621280127e-06
1.10388306371825e-06
4.89360492006226e-06
1.86249142479981e-05
2.65197531217485e-05
1.10189109427996e-05
1.09060326746299e-06
0
1.65997453190714e-09
6.63989812762857e-09
9.95984719144286e-09
6.63989812762857e-09
4.97992359572143e-09
8.29987265953572e-09
1.49397707871643e-08
1.02918420978243e-07
1.15534227420737e-06
4.47031141442594e-06
6.36600232986389e-06
2.64433942932808e-06
2.62275976041329e-07
0
0
0
0
0
0
0
0
3.31994906381429e-09
3.65194397019571e-08
1.42757809744014e-07
2.04176867424579e-07
8.46587011272643e-08
8.29987265953572e-09
0
0
0
0
0
0
0
0
0
0
0
0
0
0
2.65595925105143e-08
3.07095288402821e-07
1.12878268169686e-06
2.55968072820081e-06
5.35673781446435e-06
8.90244341461801e-06
8.65676718389575e-06
3.84450101589694e-06
1.64204680696255e-05
0.000169158044699466
0.000545268434240858
0.000648731326865567
0.000250027023970386
2.42621877583548e-05
9.27925763336093e-07
1.04843991435255e-05
3.87471255237765e-05
8.70573643258701e-05
0.000176033659210625
0.000283050557308147
0.000271216598870181
0.000114236127336786
5.06823424081889e-05
7.83043186191238e-05
0.00018101690275541
0.000209012373236024
8.03842667076034e-05
7.79856035089976e-06
6.52203993586316e-06
7.40796834354201e-05
0.000275911006846414
0.000595668580978623
0.00104114598625935
0.00139124457488576
0.00120224651458094
0.000624334681170128
0.000465352280351253
0.00026600261886546
7.07066151865848e-05
1.42791009234652e-05
3.04273331698579e-06
2.65595925105143e-07
2.5957021755432e-05
0.000282454626451192
0.000944774504834951
0.00194462530466405
0.00341993430979465
0.00387067881426512
0.00267798877306437
0.00164069392771904
0.00157068450183586
0.00102078639862551
0.000412842305983434
0.000102571486301074
8.86260402585224e-06
1.89237096637414e-07
7.34405932406358e-05
0.000769320176735961
0.00229485503127848
0.00440041320683639
0.00826576184287956
0.0092860867685852
0.00588791472490385
0.00302757110961135
0.0022455205881902
0.00173361266211708
0.00107189701446293
0.00033747946223485
3.11909214545352e-05
6.77269609018114e-07
0.000110738560998057
0.00117693024299482
0.00362833083247934
0.00657305593315227
0.0109636487306579
0.0118105893165058
0.00732693004686883
0.00346972690585374
0.00234802899545906
0.00168975945493315
0.000937616694653367
0.000276324340504859
2.50290959920959e-05
5.41151697401729e-07
5.62316372683545e-05
0.000632012063380198
0.00224472712036394
0.00424353399374944
0.00689762909340154
0.00876154477634973
0.00603147762229584
0.00315107487475978
0.00190702854149088
0.00108812160553779
0.000494440014073862
0.000130175202792158
1.13791254162235e-05
2.4401625619035e-07
2.26055331755115e-05
0.000270104415933803
0.00108661434866282
0.00206422646968796
0.0029872851876965
0.00401381011827881
0.00325850178656668
0.00231711694972588
0.0011947633493911
0.000456617494364357
0.000159314395725256
3.42319947969891e-05
3.22201056643176e-06
1.19518166297314e-07
1.35470521548942e-05
0.000163411212870003
0.000661000198630893
0.00113845037337068
0.00114206081797758
0.00119578755367729
0.00113969535426961
0.00113458097273681
0.000521024506202354
0.00011749465734292
5.82916656624512e-05
5.2753990624009e-05
2.07696013432222e-05
2.04010869971388e-06
3.25189010800609e-06
3.92849572721144e-05
0.000158633806167174
0.000262395494207626
0.000216062285073034
0.0001794764463898
0.00019228812982706
0.000235706423683623
0.000107679227935753
4.74885514087996e-05
0.000133993144215545
0.000189482772868137
7.87010525322496e-05
7.79026047824022e-06
1.0457839551015e-07
1.26324061878134e-06
5.09612181295493e-06
8.38453136066298e-06
6.70297715984104e-06
5.49617567514455e-06
7.61928310145379e-06
1.15102634042441e-05
8.23513365279134e-06
3.17768924642984e-05
0.000119908260312312
0.000170696841090543
7.09257318247965e-05
7.02003229543531e-06
0
4.97992359572143e-09
1.82597198509786e-08
2.82195670424214e-08
2.32396434467e-08
2.48996179786071e-08
8.63186756591714e-08
1.87577122105507e-07
7.204289468477e-07
7.44664575013544e-06
2.87706785870146e-05
4.09714913965321e-05
1.70230388247078e-05
1.68487414988575e-06
0
0
0
0
0
0
0
1.65997453190714e-09
1.99196943828857e-08
2.37376358062721e-07
9.22945839740372e-07
1.31303985473855e-06
5.4613162099745e-07
5.47791595529357e-08
0
0
0
0
0
0
0
0
0
0
3.31994906381429e-09
4.97992359572143e-09
1.65997453190714e-09
0
4.31593378295857e-08
4.7641269065735e-07
1.68487414988575e-06
3.14399176343213e-06
5.17912053955029e-06
8.18367444230222e-06
8.11893543555784e-06
3.59882478517469e-06
2.19498432354082e-05
0.000236202756068663
0.000763231390152926
0.000908221865642355
0.000350042149492323
3.39680588464159e-05
1.44915776635494e-06
1.63275094958387e-05
5.85738613328755e-05
0.000109986592535103
0.000174405224194824
0.000263386499003174
0.000258318596757262
0.000102666104849393
3.05269316417724e-05
8.51351138179216e-05
0.000247473983140313
0.000292130617997679
0.000112528013543453
1.09193124708852e-05
1.01225246955698e-05
0.000115237091979526
0.000431946952871153
0.000829889327456189
0.00114893311253968
0.00138947504203475
0.00126491221313497
0.000581477458705349
0.000241677352074893
0.00011359537716747
3.50769218337298e-05
1.31835177324065e-05
3.94741943687519e-06
3.66854371551479e-07
3.47997060869013e-05
0.000384177865766462
0.00135092877342933
0.00261168939026
0.00380950875276434
0.0040188348611869
0.00310174209164603
0.00163800808892642
0.000916221282911616
0.000513074888169051
0.000228767730140251
6.28150962618982e-05
5.62067376503759e-06
1.21178140829221e-07
7.4992669427969e-05
0.000797079930833044
0.00251112813311706
0.00489668417281895
0.00847823194306554
0.00915162717152618
0.00619436262323923
0.00312655207099991
0.00169368363472658
0.00117002640891662
0.000770498758653615
0.000251208925837104
2.34322004924012e-05
5.09612181295493e-07
9.1529335714828e-05
0.000993449938034064
0.00329807059948375
0.00666190772994713
0.0111115640812725
0.0113237885052278
0.00692661390870317
0.00335882732732608
0.00201747162702226
0.00150451625701951
0.000993589375894744
0.000320595861270822
2.97915629241375e-05
6.47390067443786e-07
4.84795562043481e-05
0.000548453925367588
0.0019971684785225
0.00402673136003518
0.0067180414287181
0.00818358148372843
0.00553558513050656
0.00275150904508254
0.00154022728912443
0.00114858783783704
0.000696817469105853
0.000200838658640913
1.78961854284909e-05
3.85114091402457e-07
2.29458279545524e-05
0.000269476945560742
0.00106244843942732
0.00216527907929234
0.00342397136785625
0.00446349057907433
0.00379248571393963
0.00258900417830695
0.00130846994485221
0.000853198689833229
0.000413302118928772
8.20525411121701e-05
7.30388794039143e-06
2.92155517615657e-07
1.59174957864576e-05
0.000191056428724385
0.000772741384246222
0.00140765342313366
0.00158858566718794
0.00174165855867323
0.00189064957278456
0.00193731145687647
0.000887146828985262
0.000300598148084937
0.000192963739461546
0.000150850185587062
5.77222943980071e-05
5.65387325567573e-06
3.99887864736431e-06
4.83434382927317e-05
0.000196600743660954
0.000339119517072374
0.000317227772945583
0.000310247580038913
0.000425657309369757
0.000567963606041093
0.000271216598870181
0.000135083747483008
0.000372813680121025
0.000524900546734358
0.000217939716268621
2.15713690421333e-05
1.29478013488757e-07
1.56369600905653e-06
6.36268238080008e-06
1.08960728274385e-05
9.94158747159188e-06
1.09541719360552e-05
2.80286699712521e-05
5.16384877385674e-05
3.49872832090069e-05
9.05931100788323e-05
0.000332237262663087
0.000472686047833218
0.000196403206691657
1.94399617431646e-05
0
4.97992359572143e-09
2.15796689147929e-08
3.65194397019571e-08
3.485946517005e-08
8.63186756591714e-08
5.82651060699407e-07
1.31469982927046e-06
2.46174223081829e-06
2.07115022346054e-05
7.96754575824791e-05
0.000113452619357726
4.7139956757099e-05
4.66618840919098e-06
0
0
0
0
0
0
1.65997453190714e-09
4.97992359572143e-09
5.809910861675e-08
6.59009889167136e-07
2.55304083007319e-06
3.63700419940855e-06
1.5105768240355e-06
1.49397707871643e-07
0
0
0
0
0
0
0
0
0
1.65997453190714e-09
8.29987265953572e-09
1.161982172335e-08
4.97992359572143e-09
0
2.32396434467e-08
2.6725589963705e-07
9.31245712399907e-07
1.63175496486472e-06
2.60781998962612e-06
4.47529133802166e-06
4.64460874027619e-06
2.01188913267146e-06
1.16331015196053e-05
0.000126264302794985
0.000408237536631924
0.000485811466457008
0.00018724014727553
1.81700812262556e-05
8.89746349102229e-07
9.31245712399907e-06
3.3428567123546e-05
6.0798227205631e-05
9.36275435231586e-05
0.000150385392718128
0.000154128635287578
5.9850381747912e-05
1.20547350507097e-05
4.21998725501434e-05
0.00013156958139896
0.000156195303579803
6.0190676526953e-05
5.84145037778124e-06
8.07245614866444e-06
7.00442853483538e-05
0.000273852638426849
0.000558765687159795
0.000778574534751344
0.000975178598361362
0.000939640203607762
0.000400711212104257
8.38702132246084e-05
2.25623738376819e-05
9.16139944159552e-06
5.88958963920654e-06
2.04674859784151e-06
1.94217020233136e-07
2.74211192925741e-05
0.000226423846101198
0.000877445937820797
0.00191717264585537
0.00279353462030683
0.00301629158266704
0.00264127179639311
0.00127359553991137
0.000364475628047256
0.000119642664387207
5.27440307768176e-05
1.53315247766944e-05
1.39935853039772e-06
3.15395161062357e-08
4.21633531104414e-05
0.000398837100857734
0.00149653177952103
0.00361933709046546
0.00615659488268928
0.00627977329282945
0.00470596969884813
0.00246815637240958
0.000971349037116252
0.000438464012883421
0.000253064777363776
8.22135586417651e-05
7.6923219808577e-06
1.67657427722621e-07
4.03224413545564e-05
0.00045642825726772
0.00194028779121217
0.00528539044910845
0.00915528575539451
0.00845979128599058
0.00519427942697566
0.00279066618431569
0.0015656298793862
0.000904188127529821
0.000510750923824381
0.000160192522252635
1.4838512340718e-05
3.22035059189986e-07
3.15395161062357e-05
0.000373892663566765
0.00156631544886788
0.00379700582459002
0.00609939382029429
0.00591377712811096
0.00370331022211105
0.00192265720170879
0.00114019002668012
0.000964534841662773
0.000542238980720128
0.000133568190735376
1.10803300004802e-05
2.34056408998907e-07
2.54490695486684e-05
0.000302827493881288
0.00124440156781872
0.00270063912555224
0.00387167977890786
0.00396359920863769
0.00316972302865122
0.00204122420259932
0.00118059712673581
0.00119171065622693
0.000595165608695455
9.97478696223002e-05
7.87657915389939e-06
3.30334931849521e-07
1.19468367061357e-05
0.000144175427994263
0.000603880474987968
0.00126757481228415
0.00173158915316268
0.00189693755631142
0.00200267129409578
0.00195367714578654
0.000955091246550753
0.000457527160407842
0.000287778164775018
0.000192203471125932
7.13340855596457e-05
6.96359316135047e-06
2.14800704428784e-06
2.62176377569414e-05
0.000111679766557649
0.000230331426149308
0.00030912211730628
0.000375320241664205
0.000602457876814123
0.000876801867702417
0.000455243035451938
0.00019993895244462
0.000463079775217072
0.000646312743972578
0.000268240264534471
2.65479726887909e-05
6.63989812762857e-08
8.03427673443057e-07
3.43614728104779e-06
7.06319163326489e-06
9.56643322738087e-06
1.69383801235805e-05
7.2096013869791e-05
0.000148423302821413
9.30764319785654e-05
0.000121480256194029
0.000409625275340598
0.000581771274197496
0.000241722171387254
2.39268729029096e-05
0
3.31994906381429e-09
1.161982172335e-08
2.32396434467e-08
3.65194397019571e-08
2.34056408998907e-07
2.00026931094811e-06
4.52343059944697e-06
4.72594749233964e-06
2.58225638183475e-05
9.80829151667974e-05
0.000139632077700433
5.80177698646866e-05
5.74351188039872e-06
0
0
0
0
0
0
6.63989812762857e-09
1.65997453190714e-08
7.63588284677286e-08
8.133875206345e-07
3.14233178890022e-06
4.47529133802166e-06
1.859171475736e-06
1.84257173041693e-07
0
0
0
0
0
0
0
0
0
3.31994906381429e-09
9.95984719144286e-09
1.49397707871643e-08
6.63989812762857e-09
0
6.63989812762857e-09
5.47791595529357e-08
1.82597198509786e-07
3.23695033721893e-07
6.20830474933271e-07
1.27486044050469e-06
1.394378606802e-06
5.77671137103686e-07
2.21938594915985e-06
2.39401526991648e-05
7.74145722700215e-05
9.21252665717826e-05
3.55068552374938e-05
3.44610712823923e-06
9.04686119889393e-07
2.76883751922111e-06
7.42008615762493e-06
1.40417245654025e-05
2.49411173419048e-05
4.55513611300639e-05
4.8856370423091e-05
1.9019988186592e-05
2.86013611847601e-06
7.84669961232507e-06
2.49062578767348e-05
2.96156056237553e-05
1.14139848813935e-05
1.10720301278206e-06
2.41194299486108e-05
4.35544117681796e-05
8.44794238778183e-05
0.000181795430810875
0.000282308548692384
0.000375711995653735
0.000376591782155646
0.000161862456631734
2.63238761269835e-05
3.03443344432626e-06
1.21676133188794e-06
1.04412398056959e-06
3.8345411687055e-07
3.65194397019571e-08
9.02478353761956e-05
0.000158899402092279
0.00032174290367237
0.000793416367041125
0.00126743537442347
0.00142213338097549
0.00135533102588795
0.000744081923952845
0.000201572367384016
3.08390068537709e-05
6.31786306843859e-06
1.6500146847157e-06
1.5105768240355e-07
3.31994906381429e-09
8.14068110192582e-05
0.00018766676073023
0.000601694288529446
0.00194329400508946
0.00356863648833742
0.00363269490552372
0.00291045326648718
0.00180215633048859
0.000677586664153709
0.000156095705107888
4.3064719281267e-05
1.20597149743054e-05
1.11716285997351e-06
2.48996179786071e-08
2.77730338933384e-05
0.000170559063204395
0.000961739444551041
0.00351104035200384
0.00660136347884488
0.00609301453816817
0.00367662779148517
0.0019079763869486
0.000894518775881462
0.000338925300052141
0.000119885020668866
3.16324746800225e-05
2.82693662783787e-06
6.14190576805643e-08
1.93237635259311e-05
0.000248456688063202
0.0012820199106608
0.00355053944599057
0.00541965084922363
0.00440096265840645
0.00230576936382577
0.00102814672569999
0.000563851849125559
0.000465838652889102
0.000221799157055305
4.15209429665934e-05
2.91823522709276e-06
5.809910861675e-08
1.92656644173143e-05
0.000247854117308119
0.00117824494282409
0.00271033503679311
0.00357229507220575
0.00316653089762636
0.00203559190901256
0.0010559081397716
0.00064362524520542
0.00075077992118909
0.000367998094003963
5.5899642361973e-05
3.96069923313044e-06
1.626775041269e-07
6.06720691412061e-06
7.85167953592079e-05
0.000384697437794949
0.000985739356333355
0.0016078480116562
0.00178736429743476
0.00151819444716242
0.00132659354679157
0.000681841178878987
0.000322823547092642
0.000174058289517655
0.000100088164401341
3.5968328157364e-05
3.49756633872835e-06
5.32851824742193e-07
7.08145135311587e-06
3.9095720175477e-05
0.000135070467686752
0.000296790166508742
0.00040001734274992
0.000599028369431203
0.000918028995176863
0.000503705991910967
0.00015727262705101
0.000237293359336126
0.000324558220478485
0.000134623934537669
1.33229555930867e-05
1.32797962552571e-08
1.7429732585025e-07
1.01756438805908e-06
3.88600037919462e-06
9.30747720040335e-06
2.04708059274789e-05
9.75384435203318e-05
0.000207262760079394
0.000124005077457059
7.60865926444958e-05
0.000206646909528056
0.000291984540238871
0.000121309278817242
1.20082557638163e-05
0
0
3.31994906381429e-09
1.32797962552571e-08
3.81794142338643e-08
3.30334931849521e-07
2.9281950742842e-06
6.60835861152234e-06
4.90190479272179e-06
1.34524336065755e-05
4.92580842598126e-05
7.00758248644601e-05
2.91159532896513e-05
2.8817157873908e-06
0
0
0
0
0
1.65997453190714e-09
9.95984719144286e-09
2.32396434467e-08
4.64792868934e-08
4.10013709381064e-07
1.57697580531179e-06
2.24594554167036e-06
9.32905686931814e-07
9.29585737868e-08
0
0
0
0
0
0
0
0
0
1.65997453190714e-09
4.97992359572143e-09
8.29987265953572e-09
3.31994906381429e-09
0
9.95984719144286e-09
1.65997453190714e-08
1.82597198509786e-08
2.65595925105143e-08
7.13789048720071e-08
1.7429732585025e-07
1.9753696929695e-07
7.80188029996357e-08
1.47737733339736e-07
1.5570561109289e-06
5.03470275527437e-06
5.99084808565288e-06
2.30902457388284e-06
2.24096561807464e-07
3.03775339339007e-06
3.93413964061993e-06
2.16626676413882e-06
1.92059053341656e-06
3.72166290053582e-06
6.74613649767063e-06
7.23250903551942e-06
2.84685632222075e-06
3.68514346083386e-07
5.14592104891214e-07
1.61847516860946e-06
1.92557045701229e-06
7.42008615762493e-07
7.13789048720071e-08
9.32474093553519e-05
0.000118558701017872
5.97873027156996e-05
4.92049650747915e-05
7.2436308648832e-05
7.80005432797848e-05
7.18685973589198e-05
3.68696943281896e-05
8.85264417866079e-06
1.04080403150578e-06
1.14538242701593e-07
6.63989812762857e-08
2.48996179786071e-08
1.65997453190714e-09
0.000351293770289381
0.00045321620654848
0.000303401845069328
0.000449718640209751
0.000647758581789869
0.000572506956334923
0.000496269306008023
0.00042764429888445
0.000176750768208409
2.63487757449621e-05
1.71475369146008e-06
1.0457839551015e-07
6.63989812762857e-09
0
0.000303921417097815
0.000419875618075125
0.000569283285793959
0.00152198748896783
0.00250233856797061
0.00232574383736821
0.00171627754808037
0.00139715574419388
0.000605957103127384
9.82937319323496e-05
7.96455780409047e-06
8.16707469698314e-07
6.63989812762857e-08
1.65997453190714e-09
7.53113845380952e-05
0.00017064206193099
0.000699305770929182
0.00238951175901142
0.00432344184776639
0.00423265618064185
0.00245376439321795
0.00120323751937649
0.000456879770340399
9.89577217451124e-05
1.65798256246885e-05
2.70243853794483e-06
2.10816765552207e-07
4.97992359572143e-09
1.4139663062785e-05
0.000178047208317828
0.00102521355070211
0.00265187571370294
0.00358789385288208
0.00300363095691219
0.00147583687703175
0.000489086596208461
0.000175857701910243
0.000114324105986977
4.86638133773898e-05
7.30886786398715e-06
4.183135820406e-07
8.29987265953572e-09
9.13981977268073e-06
0.000129717049821352
0.000706417101823872
0.0016566844623849
0.00222219130611877
0.00225247920142795
0.00120411066598027
0.000394756883458306
0.000185296317098667
0.000203743614071751
9.76264221705229e-05
1.4123063317466e-05
8.99706196293672e-07
3.31994906381429e-08
2.12310742630924e-06
3.06995689930907e-05
0.000178802496729846
0.000519195214268193
0.00100074386612726
0.00125375552430602
0.000827225068332478
0.000551599577105552
0.000274007016058316
0.000104971809474212
4.3458133245329e-05
1.98449955289499e-05
6.7162569560963e-06
6.47390067443786e-07
9.62785228506143e-08
1.62345509220519e-06
1.36682302957234e-05
6.91196795340815e-05
0.000191516241669723
0.000270212314278377
0.00031960153652621
0.000458367107520988
0.000254376157243983
6.10339435891618e-05
4.64211877847833e-05
6.01126577239534e-05
2.48996179786071e-05
2.4634022053502e-06
1.65997453190714e-09
2.65595925105143e-08
3.12075211998543e-07
1.98034961656522e-06
6.03068747441865e-06
1.27851238447488e-05
5.31274848936881e-05
0.000112074840496243
6.57100918455443e-05
2.24079962062145e-05
3.88085445814571e-05
5.40122513191946e-05
2.2434555798725e-05
2.22104592369176e-06
0
0
1.65997453190714e-09
6.63989812762857e-09
2.32396434467e-08
1.859171475736e-07
1.6035353978223e-06
3.60712465783422e-06
2.29740475215949e-06
2.75887767202967e-06
9.12985992548929e-06
1.2961081145131e-05
5.38495738150677e-06
5.32851824742193e-07
0
0
0
0
0
0
4.97992359572143e-09
1.32797962552571e-08
1.32797962552571e-08
7.63588284677286e-08
2.92155517615657e-07
4.14993632976786e-07
1.72637351318343e-07
1.65997453190714e-08
0
0
0
0
0
0
0
0
0
0
1.65997453190714e-09
1.65997453190714e-09
0
0
1.65997453190714e-08
1.99196943828857e-08
8.29987265953572e-09
3.31994906381429e-09
6.63989812762857e-09
1.161982172335e-08
1.161982172335e-08
4.97992359572143e-09
3.31994906381429e-09
3.485946517005e-08
1.11218293637779e-07
1.31137988020664e-07
5.14592104891214e-08
4.97992359572143e-09
4.75416705938206e-06
5.97756828939762e-06
2.53976103381793e-06
1.01590441352717e-06
1.3014200330152e-06
8.66506705655529e-07
4.84712563316886e-07
1.87577122105507e-07
2.98795415743286e-08
1.32797962552571e-08
3.65194397019571e-08
4.31593378295857e-08
1.65997453190714e-08
1.65997453190714e-09
0.000146298535420572
0.000184303652328586
8.2268337801318e-05
4.36540102400941e-05
5.22742579842878e-05
2.68832875442362e-05
1.01872637023141e-05
7.57778373815611e-06
3.18715110126171e-06
4.74752716125443e-07
2.82195670424214e-08
1.65997453190714e-09
0
0
0.000551242682581192
0.000706121626357192
0.000439086503332886
0.000553822283003776
0.000652590767652251
0.000358161084927881
0.000179557785141864
0.000189125878343777
9.13799380069563e-05
1.41612427316998e-05
8.2500734235785e-07
1.65997453190714e-08
0
0
0.000476430950377201
0.000646769236968853
0.000783154404484875
0.00174733401159782
0.00228893390212316
0.00166979826118697
0.000939492465874422
0.000717703268666309
0.000315567798413676
4.84795562043481e-05
2.8817157873908e-06
6.97189303401e-08
1.65997453190714e-09
0
0.000113869272965234
0.000196635603126124
0.000568856672339259
0.00165335123352483
0.0027691280147642
0.00301554127417862
0.00177291421913451
0.000709932927882451
0.000207988168949837
3.09651649181958e-05
2.52814121209458e-06
1.64337478658807e-07
8.29987265953572e-09
0
8.6202477441938e-06
8.51483936141769e-05
0.000507606932060949
0.00127779195552803
0.00183593515223836
0.0020430385547627
0.0011735106954591
0.000332790034182212
5.98321220280611e-05
1.6481887127306e-05
5.64225343395238e-06
7.60268335613472e-07
3.81794142338643e-08
0
2.59952011696659e-06
3.95953725095811e-05
0.000234230706324757
0.000563511554346518
0.00087582082275406
0.00112381603789739
0.000600920740397577
0.000137909024136314
3.08539466245581e-05
2.51436342347975e-05
1.17177602207325e-05
1.64835471018379e-06
9.46185483187072e-08
3.31994906381429e-09
4.16653607508693e-07
6.69467728718151e-06
4.40773037457304e-05
0.000140309347309451
0.000332383340421895
0.00048434238899627
0.000270056276672377
0.000112353716217603
4.77226078177985e-05
1.52767456171414e-05
4.82222601519025e-06
1.51721672216313e-06
4.44873174551114e-07
4.14993632976786e-08
1.49397707871643e-08
3.08755262934729e-07
3.21039074470841e-06
1.87311526180402e-05
6.07218683771633e-05
9.15326556638918e-05
7.80171430251038e-05
8.76682349536119e-05
4.76429290402669e-05
1.00727254596125e-05
3.47266672074974e-06
3.89098030279034e-06
1.60519537235421e-06
1.59357555063086e-07
0
4.97992359572143e-09
7.30388794039143e-08
5.41151697401729e-07
1.88739104277842e-06
3.64530407206809e-06
1.06636763929715e-05
2.14319311814531e-05
1.24398491421121e-05
3.04107334245389e-06
2.61445988775375e-06
3.48262656794119e-06
1.44583781729112e-06
1.42757809744014e-07
0
0
0
1.65997453190714e-09
6.63989812762857e-09
3.98393887657714e-08
3.08755262934729e-07
6.88889430741464e-07
4.14993632976786e-07
2.29076485403186e-07
5.9261090789085e-07
8.34967189549293e-07
3.46934677168593e-07
3.485946517005e-08
0
0
0
0
0
0
1.65997453190714e-09
1.65997453190714e-09
1.65997453190714e-09
4.97992359572143e-09
1.82597198509786e-08
2.65595925105143e-08
1.161982172335e-08
1.65997453190714e-09
0
0
0
0
0
0
0
0
0
0
0
0
0
0
9.95984719144286e-09
1.161982172335e-08
4.97992359572143e-09
1.65997453190714e-09
3.31994906381429e-09
1.65997453190714e-09
0
0
0
0
0
1.65997453190714e-09
0
0
2.66591909824287e-06
3.35480852898434e-06
1.44915776635494e-06
6.93869354337186e-07
8.88086374570322e-07
3.88434040466272e-07
4.97992359572143e-08
8.29987265953572e-09
1.65997453190714e-09
0
0
0
0
0
8.20691408574892e-05
0.000103481152344559
4.74155125293956e-05
2.99160610140305e-05
3.69078737424234e-05
1.59872147167977e-05
2.50324159411597e-06
1.22008128095175e-06
5.79331111635593e-07
8.96386247229857e-08
4.97992359572143e-09
0
0
0
0.000309253255294301
0.000397507461257676
0.00026268598975071
0.000368406447738812
0.000431133565350519
0.000197880584025055
5.4201488415832e-05
3.8524688936501e-05
1.77534276187469e-05
2.73563802858297e-06
1.59357555063086e-07
3.31994906381429e-09
0
0
0.000267312338771135
0.000366034344132716
0.00047612551506333
0.00109333226559345
0.00139670589109573
0.000965482687120492
0.000486917009495258
0.000222868180653853
6.81734940508945e-05
9.41537554497732e-06
5.37831748337914e-07
9.95984719144286e-09
0
0
6.33180685450661e-05
0.000102073493941502
0.000269559944287337
0.000797285767675001
0.00150958747921448
0.00203704604670251
0.00141782242711612
0.000460291018003468
6.81369746111925e-05
6.03068747441865e-06
3.43614728104779e-07
9.95984719144286e-09
0
0
2.9514347177309e-06
1.97404171334397e-05
0.000128516888234783
0.000427624379190067
0.00105673812703756
0.00172939300685697
0.00121782703553742
0.000350785818082617
3.56379932255145e-05
2.07496816488393e-06
3.27014982785707e-07
3.81794142338643e-08
1.65997453190714e-09
0
3.76814218742922e-07
6.02902749988674e-06
3.98775681800053e-05
0.00012625102299873
0.000322818567169046
0.000537957906402339
0.000350035509594195
9.02212757836851e-05
8.77628535019307e-06
1.49065712965261e-06
6.10870627741829e-07
8.46587011272643e-08
4.97992359572143e-09
0
4.14993632976786e-08
7.25408870443422e-07
5.32353832382621e-06
1.91345264292936e-05
5.58133236863139e-05
9.09549845267881e-05
4.89094896081121e-05
1.26705856020472e-05
3.36144842711196e-06
8.96386247229857e-07
2.37376358062721e-07
4.81392614253071e-08
9.95984719144286e-09
1.65997453190714e-09
1.65997453190714e-09
3.15395161062357e-08
3.68514346083386e-07
2.36380373343577e-06
8.71818624157631e-06
1.38873469339352e-05
8.78624519738451e-06
6.16846536056694e-06
3.10913229826208e-06
6.22490449465179e-07
1.07898344573964e-07
8.63186756591714e-08
3.485946517005e-08
3.31994906381429e-09
0
0
8.29987265953572e-09
6.80589558081929e-08
2.6725589963705e-07
4.74752716125443e-07
8.05087647974964e-07
1.41097835212107e-06
8.08407597038779e-07
1.70977376786436e-07
6.47390067443786e-08
7.63588284677286e-08
3.15395161062357e-08
3.31994906381429e-09
0
0
0
0
1.65997453190714e-09
3.31994906381429e-09
1.99196943828857e-08
4.48193123614929e-08
2.65595925105143e-08
8.29987265953572e-09
1.32797962552571e-08
1.82597198509786e-08
8.29987265953572e-09
0
0
0
0
0
0
0
0
0
0
0
0
0
0
0
0
0
0
0
0
0
0
0
0
0
0
0
0
0
1.65997453190714e-09
1.65997453190714e-09
1.65997453190714e-09
0
1.65997453190714e-09
0
0
0
0
0
0
0
0
0
5.14592104891214e-07
6.49050041975693e-07
2.98795415743286e-07
2.19116638211743e-07
3.07095288402821e-07
1.31137988020664e-07
1.32797962552571e-08
0
0
0
0
0
0
0
1.58361570343941e-05
2.00292527019916e-05
9.94324744612379e-06
9.17301926331887e-06
1.23302908230063e-05
5.26875916427327e-06
6.22490449465179e-07
9.95984719144286e-08
3.81794142338643e-08
6.63989812762857e-09
0
0
0
0
5.96827243201894e-05
7.74544116587873e-05
5.97690429958486e-05
0.000106535505483269
0.000134459597059011
6.15352558977978e-05
1.42857408215929e-05
4.84214570957314e-06
1.36947898882339e-06
1.84257173041693e-07
9.95984719144286e-09
0
0
0
5.16169080696526e-05
7.26521053379799e-05
0.000115987400467948
0.000305317455679149
0.000432073110935578
0.000350405683914811
0.000223955463972252
7.92023648408855e-05
1.05607579719932e-05
7.48648513890122e-07
3.65194397019571e-08
0
0
0
1.21991528349856e-05
2.00159729057363e-05
6.00495786917409e-05
0.000209897139661531
0.000527262690493262
0.000924136041479749
0.00081107185616249
0.000277584261174576
2.77282145809769e-05
8.96386247229857e-07
2.32396434467e-08
0
0
0
4.59812945338279e-07
2.28744490496804e-06
1.99047546120986e-05
0.000119242610525018
0.000481686429745219
0.000962454893574294
0.00079586648945022
0.000253345313059668
2.34869796519542e-05
5.6937126444415e-07
1.161982172335e-08
0
0
0
2.32396434467e-08
4.23293505636322e-07
4.31593378295857e-06
3.00405591039236e-05
0.000130288081060328
0.00025753342880367
0.000202916946754861
6.1978469097817e-05
5.62233373956949e-06
1.49397707871643e-07
1.32797962552571e-08
1.65997453190714e-09
0
0
1.65997453190714e-09
3.81794142338643e-08
3.35314855445243e-07
1.76953285101301e-06
6.91545389992516e-06
1.28880422657271e-05
8.7845852228526e-06
2.39866319860582e-06
2.57296052445607e-07
2.32396434467e-08
4.97992359572143e-09
0
0
0
0
1.65997453190714e-09
1.82597198509786e-08
1.29478013488757e-07
5.16252079423121e-07
8.49906960336457e-07
4.58152970806371e-07
1.7429732585025e-07
6.97189303401e-08
1.32797962552571e-08
1.65997453190714e-09
0
0
0
0
0
0
3.31994906381429e-09
1.49397707871643e-08
2.65595925105143e-08
2.48996179786071e-08
3.15395161062357e-08
1.82597198509786e-08
3.31994906381429e-09
0
0
0
0
0
0
0
0
0
0
0
1.65997453190714e-09
0
0
0
0
0
0
0
0
0
0
0
0
0
0
0
0
0
0
0
0
0
0
0
0
0
0
0
0
0
0
0
0
0
0
0
0
0
0
0
0
0
0
0
0
0
0
0
0
3.31994906381429e-08
4.31593378295857e-08
2.32396434467e-08
3.15395161062357e-08
4.64792868934e-08
1.99196943828857e-08
1.65997453190714e-09
0
0
0
0
0
0
0
1.03582410791006e-06
1.32299970192999e-06
8.03427673443057e-07
1.25826069518561e-06
1.82099206150214e-06
7.83507979060172e-07
8.96386247229857e-08
6.63989812762857e-09
1.65997453190714e-09
0
0
0
0
0
3.90758004810941e-06
5.21232003018843e-06
5.65387325567573e-06
1.38624473159566e-05
1.9074767346145e-05
9.46517478093453e-06
2.9514347177309e-06
8.84766425506507e-07
1.0457839551015e-07
4.97992359572143e-09
0
0
0
0
3.38468807055866e-06
5.14758102344405e-06
1.23153510522191e-05
3.90907402518813e-05
6.5160640275483e-05
7.23167904825347e-05
6.53150179069504e-05
2.47336205254164e-05
2.46838212894592e-06
6.63989812762857e-08
1.65997453190714e-09
0
0
0
8.0176769891115e-07
1.47737733339736e-06
6.28964350139616e-06
2.86129810064834e-05
0.000100074884605086
0.000228787649834634
0.000250832111618361
9.49903826138543e-05
9.21949855021227e-06
2.091567910203e-07
1.65997453190714e-09
0
0
0
2.82195670424214e-08
1.5105768240355e-07
2.17954656039408e-06
2.08642198915409e-05
0.000106955479039841
0.000250083463104471
0.000249215296424283
8.90808732802649e-05
8.47251001085406e-06
1.859171475736e-07
1.65997453190714e-09
0
0
0
0
1.82597198509786e-08
4.54833021742557e-07
5.48123590435739e-06
2.90014150469497e-05
6.57731708777567e-05
6.2622539216197e-05
2.17987855530046e-05
2.05504847050104e-06
4.48193123614929e-08
0
0
0
0
0
1.65997453190714e-09
1.82597198509786e-08
1.94217020233136e-07
1.00262461727191e-06
2.23266574541511e-06
2.0683282667563e-06
7.07149150592443e-07
6.63989812762857e-08
1.65997453190714e-09
0
0
0
0
0
0
0
3.31994906381429e-09
1.32797962552571e-08
2.48996179786071e-08
1.49397707871643e-08
4.97992359572143e-09
0
0
0
0
0
0
0
0
0
0
0
0
0
0
0
0
0
0
0
0
0
0
0
0
0
0
0
0
0
0
0
0
0
0
0
0
0
0
0
0
0
0
0
0
0
0
0
0
0
0
0
0
0
0
0
0
0
0
0
0
0
0
0
