6.1943043383997e-10
2.47772173535988e-09
6.1943043383997e-09
1.36274695444793e-08
2.29189260520789e-08
3.22103825596785e-08
4.39795608026379e-08
7.18539303254365e-08
1.55477038893833e-07
3.65463955965582e-07
7.67474307527723e-07
1.31195365887306e-06
1.76413787557624e-06
1.83661123633551e-06
1.46743069776689e-06
8.95076976898757e-07
4.1501839067278e-07
1.46185582386233e-07
3.90241173319181e-08
8.05259563991961e-09
1.23886086767994e-09
6.1943043383997e-09
1.73440521475192e-08
4.33601303687979e-08
9.84894389805553e-08
2.21136664880869e-07
5.08552386182616e-07
1.14470744173626e-06
2.3990540702622e-06
4.65440027987354e-06
8.48619694360759e-06
1.43998992954778e-05
2.17079395539218e-05
2.76197836144904e-05
2.86740542128861e-05
2.38753266419278e-05
1.58072452411622e-05
8.275590596102e-06
3.41058396872288e-06
1.10568332440435e-06
2.85557430000226e-07
6.1943043383997e-08
1.30080391106394e-08
5.14127260087175e-08
1.40610708481673e-07
3.18387242993745e-07
6.54737968568849e-07
1.39000189353689e-06
3.14794546477473e-06
7.02619941104678e-06
1.44166239171915e-05
2.69105357677437e-05
4.65074564031388e-05
7.41538755262844e-05
0.000104691176484161
0.000124198899137083
0.000119140630214346
9.05080778405273e-05
5.39740708526458e-05
2.52386930268096e-05
9.32862233362995e-06
2.81716961310418e-06
7.75526903167643e-07
2.40958438763748e-07
9.10562737744756e-08
1.28222099804874e-07
3.54314208156463e-07
8.04640133558121e-07
1.62786318013144e-06
3.18944730384201e-06
6.18439345145826e-06
1.14365440999874e-05
1.95324998702758e-05
3.0725607809764e-05
4.52227576833547e-05
6.30524432910044e-05
8.19184360144684e-05
9.45362339517886e-05
9.18256063733049e-05
7.21785118727687e-05
4.4935341962053e-05
2.2043670849063e-05
8.7141473432607e-06
3.05936691273561e-06
1.18806757210506e-06
5.74212012169652e-07
2.83699138698706e-07
2.60160782212788e-08
7.49510824946364e-08
1.83970838850471e-07
4.168766819743e-07
9.07465585575556e-07
1.86324674499063e-06
3.48181846861447e-06
5.86972279106756e-06
9.04616205579892e-06
1.30284803149561e-05
1.80018872682572e-05
2.40196539330125e-05
2.97506243068999e-05
3.20158814034527e-05
2.83253148786342e-05
1.99524737044193e-05
1.10394891918959e-05
4.81545219267193e-06
1.71334458000136e-06
5.50673655683733e-07
1.88926282321191e-07
7.24733607592765e-08
6.1943043383997e-10
1.85829130151991e-09
9.29145650759955e-09
3.46881042950383e-08
1.09639186789675e-07
2.88654582169426e-07
6.42349359892049e-07
1.22523339813546e-06
2.01810435345062e-06
2.91256189991554e-06
3.87082078106597e-06
5.04216373145736e-06
6.43278505542809e-06
7.44059837128572e-06
7.20335651512501e-06
5.58912080453805e-06
3.4248308687012e-06
1.6613124235588e-06
6.48543664230449e-07
2.0998691707175e-07
5.88458912147972e-08
1.48663304121593e-08
0
0
6.1943043383997e-10
2.47772173535988e-09
9.91088694143952e-09
3.03520912581585e-08
7.55705129284764e-08
1.55477038893833e-07
2.65116225683507e-07
3.78471995076222e-07
4.76961434056777e-07
5.79786886074212e-07
7.05531264143726e-07
8.07117855293481e-07
7.91632094447482e-07
6.3243847295061e-07
4.04488073297501e-07
2.0750919533639e-07
8.67202607375958e-08
3.03520912581585e-08
9.29145650759955e-09
2.47772173535988e-09
0
0
0
0
0
0
6.1943043383997e-10
1.23886086767994e-09
2.47772173535988e-09
3.09715216919985e-09
4.33601303687979e-09
5.57487390455973e-09
6.1943043383997e-09
7.43316520607964e-09
6.81373477223967e-09
5.57487390455973e-09
3.71658260303982e-09
1.85829130151991e-09
6.1943043383997e-10
0
0
0
0
0
0
0
0
0
0
0
0
0
0
0
0
0
0
0
0
0
0
0
0
0
0
0
0
0
0
0
0
0
0
0
0
0
0
0
0
0
0
0
0
0
0
0
0
0
0
0
0
0
0
0
0
0
0
0
0
0
0
0
0
0
0
0
0
0
0
0
0
0
0
0
0
0
0
0
0
0
0
0
0
0
0
0
0
0
0
0
0
0
0
0
0
0
0
0
0
0
0
0
0
0
0
0
0
0
0
0
0
0
0
0
0
0
0
0
0
0
0
0
0
0
0
0
0
0
0
0
0
0
0
0
0
0
0
0
0
0
0
0
0
0
0
0
0
0
0
0
0
0
0
0
0
0
0
0
0
0
0
0
0
0
0
0
0
0
0
0
0
0
0
0
0
0
0
0
0
0
0
0
0
0
0
0
0
0
0
0
0
0
0
0
0
0
0
0
0
0
0
0
0
0
0
0
0
0
0
0
0
0
0
0
0
0
0
0
0
0
0
0
0
0
0
0
0
0
0
0
0
0
0
0
0
0
0
0
0
0
0
0
0
0
0
0
0
0
0
0
0
0
0
0
0
0
0
0
0
0
0
0
0
0
0
0
0
0
0
0
0
0
0
0
0
0
0
0
0
0
0
0
0
0
0
0
0
0
0
0
0
0
0
0
0
0
0
0
0
0
0
0
0
0
0
0
0
0
0
0
4.33601303687979e-09
1.9821773882879e-08
7.12344998915966e-08
1.9945659969647e-07
4.2430984718038e-07
6.90664933731567e-07
8.75255203015878e-07
9.26048498590756e-07
1.02825452017435e-06
1.71891945390592e-06
3.90860603753021e-06
8.44407567410647e-06
1.48576583860855e-05
2.03953664646149e-05
2.15357378933142e-05
1.73768819605127e-05
1.06709280837612e-05
4.9746458141688e-06
1.75794357123784e-06
4.71386560152217e-07
9.66311476790354e-08
1.54857608459993e-08
1.02206021583595e-07
3.22103825596785e-07
8.62866594339079e-07
2.01810435345062e-06
4.21274638054564e-06
8.01109380085233e-06
1.41657545914863e-05
2.36077326945089e-05
3.75542089124159e-05
5.84723746631917e-05
9.02881800365141e-05
0.000133159579793012
0.000175057234907514
0.000193696516092193
0.000174273655408706
0.00012501778617062
7.06379883838087e-05
3.12236298785714e-05
1.0822688540052e-05
3.01910393453601e-06
7.37122216269565e-07
1.83970838850471e-07
7.81101777072202e-07
2.1587150619323e-06
4.87305922301905e-06
9.71390806347841e-06
1.88808590538761e-05
3.74662497908106e-05
7.27787399631596e-05
0.000130387009171145
0.000211259227182857
0.000315339025828818
0.000442699497900221
0.000575197525989892
0.000658027144172539
0.000630644602414209
0.000490805084822667
0.000305917488930112
0.000152636330924242
6.21493137184657e-05
2.21495934532497e-05
8.11144153113441e-06
3.48615448165135e-06
1.5807864671596e-06
1.92518978837463e-06
5.26577811807359e-06
1.17066157691416e-05
2.26723927394106e-05
4.14417543151955e-05
7.37840755572819e-05
0.000124222437493569
0.000191477716278178
0.000269574266515854
0.000352873412967351
0.000438136773324555
0.000516761697722297
0.00056075178884231
0.000531022844600594
0.000418698426880223
0.000267694914579583
0.000139240528362019
6.27898047870563e-05
2.91380076078322e-05
1.62656237622038e-05
9.76098477645025e-06
5.15118348781319e-06
3.95196616789901e-07
1.12984111132411e-06
2.73850194800651e-06
6.04749932557963e-06
1.26853158546088e-05
2.48180997622322e-05
4.37150640073882e-05
6.88224377822237e-05
9.85439488587332e-05
0.000131458004391254
0.000167824145731565
0.000209089362373116
0.000249105187829612
0.000266524810490059
0.000240000799313032
0.000174702301268924
0.000101440405567369
4.77618030316648e-05
1.94445407486705e-05
7.73668611866123e-06
3.2947504775948e-06
1.41044309785361e-06
7.43316520607964e-09
3.71658260303982e-08
1.64149064967592e-07
6.2004986427381e-07
1.93324238401455e-06
4.95792119245512e-06
1.0590402127362e-05
1.91527890143319e-05
2.97190333547741e-05
4.03589899168433e-05
5.03169535712546e-05
6.16704939931074e-05
7.55389219763505e-05
8.61596761949707e-05
8.39786616374201e-05
6.66816862028728e-05
4.26490242307496e-05
2.22982567573712e-05
9.87000453280609e-06
3.86338761585989e-06
1.37141898052169e-06
4.36698455857179e-07
0
1.85829130151991e-09
1.17691782429594e-08
5.51293086117574e-08
1.9821773882879e-07
5.72973151301973e-07
1.34416404143274e-06
2.58550263084804e-06
4.1130180806974e-06
5.52593890028637e-06
6.62171133774928e-06
7.73235010562435e-06
9.20597510772964e-06
1.04950098405506e-05
1.04157227450191e-05
8.52707935224103e-06
5.69318511742317e-06
3.14980375607625e-06
1.49096905425281e-06
6.2314701644301e-07
2.32286412689989e-07
7.55705129284764e-08
0
0
0
6.1943043383997e-10
1.85829130151991e-09
4.95544347071976e-09
1.17691782429594e-08
2.35383564859189e-08
4.02629781995981e-08
5.94653216486371e-08
7.86676650976762e-08
9.78700085467153e-08
1.13355769392715e-07
1.17691782429594e-07
1.06542034620475e-07
8.11453868330361e-08
5.14127260087175e-08
2.78743695227987e-08
1.30080391106394e-08
5.57487390455973e-09
1.85829130151991e-09
6.1943043383997e-10
0
0
0
0
0
0
0
0
6.1943043383997e-10
1.85829130151991e-09
3.09715216919985e-09
4.95544347071976e-09
5.57487390455973e-09
4.33601303687979e-09
2.47772173535988e-09
1.23886086767994e-09
6.1943043383997e-10
0
0
0
0
0
0
0
0
0
0
0
0
0
0
0
0
0
0
0
0
0
0
0
0
0
0
0
0
0
0
0
0
0
0
0
0
0
0
0
0
0
0
0
0
0
0
0
0
0
0
0
0
0
0
0
0
0
0
0
0
0
0
0
0
0
0
0
0
0
0
0
0
0
0
0
0
0
0
0
0
0
0
0
0
0
0
0
0
0
0
0
0
0
0
0
0
0
0
0
0
0
0
0
0
0
0
0
0
0
0
0
0
0
0
0
0
0
0
0
0
0
0
0
0
0
0
0
0
0
0
0
0
0
0
0
0
0
0
0
0
0
0
0
0
0
0
0
0
0
0
0
0
0
0
0
0
0
0
0
0
0
0
0
0
0
0
0
0
0
0
0
0
0
0
0
0
0
0
0
0
0
0
0
0
0
0
0
0
0
0
0
0
0
0
0
0
0
0
0
0
0
0
0
0
0
0
0
0
0
0
0
0
0
0
0
0
0
0
0
0
0
0
0
0
0
0
0
0
0
0
0
0
0
0
0
0
0
0
0
0
0
0
0
0
0
0
0
0
0
0
0
0
0
0
0
0
0
0
0
0
0
0
0
0
0
0
0
0
0
0
0
0
0
0
0
0
0
0
0
0
0
0
0
0
0
0
0
0
0
0
0
4.76961434056777e-08
2.32905843123829e-07
8.64724885640598e-07
2.43807818759412e-06
5.19020760514511e-06
8.36045256553808e-06
1.02912172278173e-05
1.00657445498995e-05
9.19420592948668e-06
1.1762983938621e-05
2.33940291948342e-05
4.83366344742682e-05
8.31213699169856e-05
0.000112285393603039
0.000117147303078249
9.36516872922651e-05
5.70879476435593e-05
2.64502989554006e-05
9.30198682497483e-06
2.48701319186748e-06
5.10410677484135e-07
8.3003678134556e-08
8.09595577028841e-07
2.77628720447075e-06
8.07551456597169e-06
1.9833543061122e-05
4.07405590640887e-05
7.01573103671489e-05
0.000103823973876785
0.000137965121098743
0.000173438043753456
0.000218916626205987
0.000293795854770298
0.000415705958454342
0.000564628803927714
0.000665725425604302
0.000640718399559748
0.000488145869970192
0.000290255809840902
0.000134342072491213
4.91276471382819e-05
1.49964108032657e-05
4.32548271950451e-06
1.34292518056506e-06
5.40824711785678e-06
1.51326854987105e-05
3.45555461821966e-05
6.83262740047179e-05
0.00012573570604344
0.000224906518501219
0.000385990641682171
0.000610116677836752
0.00086484133856216
0.00110549439812203
0.00131606172151028
0.0014977654449729
0.00160189913406661
0.00152917366512076
0.00124072968929884
0.000832487867572265
0.000461488061819455
0.000220538914512214
0.000101934091623139
5.19132257992602e-05
2.81989510701308e-05
1.39972695134818e-05
1.29869784758888e-05
3.51303776248001e-05
7.60226971451795e-05
0.000139412730022627
0.000234837846646976
0.000383650433503124
0.000600823363037851
0.00086852075533917
0.00114075733385967
0.00137260085378946
0.00154141422992387
0.00164241360102234
0.00165289622225422
0.00151699937937407
0.00121283178141955
0.000823582316224948
0.000488284002956938
0.000283891162133197
0.000186579260407371
0.000133320631705811
8.73440271844727e-05
4.68376128243755e-05
2.69700010893923e-06
7.71190890130763e-06
1.85476054804702e-05
4.00616633086001e-05
8.10351282158126e-05
0.000151704088121313
0.00025440875120415
0.000378968778284161
0.000511234519961143
0.000641906467131854
0.000769844248367595
0.000902074063079413
0.00102809966256589
0.00108424731481088
0.00099119151959597
0.000752496479637473
0.000471599644221458
0.000253614021957533
0.000127424273406088
6.47602129971012e-05
3.27480481762515e-05
1.50205685901854e-05
6.1323612950157e-08
3.14670660390705e-07
1.41477911089049e-06
5.32090742668534e-06
1.63288056664555e-05
4.0646405638145e-05
8.27051126654451e-05
0.000139721206378679
0.00019994533030877
0.000249360393168354
0.000285564243734999
0.000324164051219736
0.000377964681550907
0.00042587143130409
0.000423264248608058
0.000352909339932514
0.000246263240999154
0.000148391993591571
8.06033852034261e-05
4.02759862387087e-05
1.8138161963702e-05
7.06584295881254e-06
2.47772173535988e-09
1.92023434490391e-08
1.14594630260394e-07
5.21560425293255e-07
1.84466383197543e-06
5.13074228349647e-06
1.13361963697053e-05
2.01804241040724e-05
2.94694028899366e-05
3.63549915925017e-05
4.01812133823312e-05
4.37379829334403e-05
4.98139760589766e-05
5.62411862405001e-05
5.70074216871601e-05
4.91344608730541e-05
3.59381149105274e-05
2.29666221954846e-05
1.32440421059324e-05
6.92894883293391e-06
3.20121648208497e-06
1.25806321112898e-06
0
0
1.23886086767994e-09
4.33601303687979e-09
1.61051912798392e-08
4.58378521041578e-08
1.09019756355835e-07
2.23614386616229e-07
4.1749611240814e-07
7.20397594555885e-07
1.11621364177963e-06
1.48167759774521e-06
1.6303409018668e-06
1.47052784993609e-06
1.10196674180131e-06
7.08628416312926e-07
4.1130180806974e-07
2.26092108351589e-07
1.20788934598794e-07
6.1323612950157e-08
2.78743695227987e-08
1.11497478091195e-08
0
0
0
0
0
6.1943043383997e-10
1.85829130151991e-09
7.43316520607964e-09
2.47772173535988e-08
6.1943043383997e-08
1.17072351995754e-07
1.67865647570632e-07
1.82731977982791e-07
1.50521595423113e-07
9.29145650759955e-08
4.33601303687979e-08
1.54857608459993e-08
4.33601303687979e-09
6.1943043383997e-10
0
0
0
0
0
0
0
0
0
0
0
0
6.1943043383997e-10
1.23886086767994e-09
1.23886086767994e-09
1.85829130151991e-09
1.23886086767994e-09
6.1943043383997e-10
6.1943043383997e-10
0
0
0
0
0
0
0
0
0
0
0
0
0
0
0
0
0
0
0
0
0
0
0
0
0
0
0
0
0
0
0
0
0
0
0
0
0
0
0
0
0
0
0
0
0
0
0
0
0
0
0
0
0
0
0
0
0
0
0
0
0
0
0
0
0
0
0
0
0
0
0
0
0
0
0
0
0
0
0
0
0
0
0
0
0
0
0
0
0
0
0
0
0
0
0
0
0
0
0
0
0
0
0
0
0
0
0
0
0
0
0
0
0
0
0
0
0
0
0
0
0
0
0
0
0
0
0
0
0
0
0
0
0
0
0
0
0
0
0
0
0
0
0
0
0
0
0
0
0
0
0
0
0
0
0
0
0
0
0
0
0
0
0
0
0
0
0
0
0
0
0
0
0
0
0
0
0
0
0
0
0
0
0
0
0
0
0
0
0
0
0
0
0
0
0
0
0
0
0
0
0
0
0
0
0
0
0
0
0
0
0
0
0
0
0
0
0
0
0
0
0
0
0
0
0
0
0
0
0
0
0
0
0
0
0
0
0
0
0
0
0
0
0
0
0
0
0
0
0
0
0
0
0
0
0
0
0
0
0
0
0
0
0
0
0
0
0
0
0
0
2.1618122141015e-07
1.06665920707243e-06
3.99966231130469e-06
1.13207106088593e-05
2.41503537545528e-05
3.89138587146946e-05
4.78559564576084e-05
4.68146938983234e-05
4.27766269001207e-05
5.22272770292171e-05
9.21291272858865e-05
0.000167963517579179
0.000260762249164046
0.000325991990429998
0.000321491828328151
0.000246921695550326
0.000146284691255647
6.63948899120049e-05
2.30081240345519e-05
6.10324806462523e-06
1.26239922416586e-06
2.1680065184399e-07
2.97822152590258e-06
1.0900117344282e-05
3.35836598315017e-05
8.54702501221068e-05
0.000176327067296886
0.000293240845101577
0.000398977000727626
0.000461533899671559
0.000484059487398149
0.000505968122412635
0.000588917290669013
0.000784024869289493
0.00106144174452819
0.0012717061664343
0.00124550178136114
0.000963759423402933
0.000582936070399855
0.000277843043377183
0.000108621462586876
3.84387555719394e-05
1.41075281307053e-05
5.56929903065517e-06
1.77020829382787e-05
5.06607374620358e-05
0.000118918874119031
0.000239541181931123
0.000433800140857242
0.000726265459055651
0.00112418137545011
0.00158142076392386
0.00198720902170199
0.00222774129232725
0.00229135617845218
0.00227663231703981
0.00224849902559566
0.00213197301124256
0.00181668292041801
0.00133284766683691
0.000849120194151302
0.000506414731755434
0.000314268650039143
0.000204455403297559
0.000124934163062051
6.47670267318734e-05
4.12999047458462e-05
0.000111234220156813
0.000236572251861728
0.000415072900550958
0.000645942056408321
0.000960197078977919
0.00139347132339683
0.00191453558491258
0.00241565666418042
0.00278438130194973
0.00297314529349726
0.00300615102473399
0.00291459982604287
0.00267237898805496
0.00224678506158523
0.00171497677919453
0.00124954356494194
0.000955480735654662
0.000779686378530878
0.000609020285968856
0.000406088681538543
0.000217447337216919
8.7977704518291e-06
2.55601774219725e-05
6.2318418226904e-05
0.000134508699277916
0.000265689818265243
0.000476819584487428
0.000759110138379582
0.00106694228678069
0.00135407368951331
0.00160371344580732
0.00181925913159235
0.00201274380247617
0.00218200688510555
0.0022555964595066
0.00211373264325727
0.00173104480464833
0.00124351960397285
0.000820619580459891
0.000525247894665904
0.000326455943824944
0.000185496496009019
8.98843113936504e-05
2.57683060477428e-07
1.3466417631681e-06
6.01962495605683e-06
2.22127753575013e-05
6.64754158684041e-05
0.000160358770142925
0.000312658130911159
0.0004979774698161
0.000660440445142779
0.000752727527189295
0.00077920755880552
0.000798848459001718
0.000867729123244722
0.000965689568634778
0.00100414195167626
0.00092379253295071
0.000753779939496389
0.000562130640988038
0.000388777459204017
0.000243471468033837
0.000131984520260018
5.94925765877261e-05
1.05303173752795e-08
8.17648172668761e-08
4.82536307961337e-07
2.18844772275661e-06
7.67722079701259e-06
2.0921262902945e-05
4.46442096581482e-05
7.56473223022725e-05
0.000104148555424117
0.000121010690694109
0.00012633097869036
0.000129216905081621
0.000137683899681779
0.000149092569412244
0.000152702609980663
0.000141756035353843
0.000119556268035453
9.33370166318744e-05
6.72689062541531e-05
4.32405802950668e-05
2.37074609943572e-05
1.07012801750193e-05
0
6.1943043383997e-10
3.71658260303982e-09
1.85829130151991e-08
6.93762085900767e-08
2.0750919533639e-07
5.44479351345334e-07
1.33796973709434e-06
3.13060141262721e-06
6.57835120738048e-06
1.15288392346295e-05
1.60667865929411e-05
1.74152866474108e-05
1.46086473516819e-05
9.58940254627658e-06
5.12330911829039e-06
2.45108622670476e-06
1.2227556764001e-06
6.91284364165407e-07
4.03868642863661e-07
2.1432293010863e-07
9.53922868113554e-08
0
0
0
0
6.1943043383997e-10
4.33601303687979e-09
2.35383564859189e-08
1.00967160715915e-07
3.30156421236704e-07
8.2198418570564e-07
1.55600924980601e-06
2.23614386616229e-06
2.43250331368956e-06
1.99828257956774e-06
1.23700257637842e-06
5.76070303471172e-07
2.0131489099799e-07
5.32710173102374e-08
1.05303173752795e-08
1.85829130151991e-09
0
0
0
0
0
0
0
0
0
6.1943043383997e-10
3.09715216919985e-09
6.81373477223967e-09
1.36274695444793e-08
1.92023434490391e-08
2.1060634750559e-08
1.73440521475192e-08
1.05303173752795e-08
4.95544347071976e-09
1.85829130151991e-09
6.1943043383997e-10
0
0
0
0
0
0
0
0
0
0
0
0
0
0
0
0
0
0
0
0
0
0
0
0
0
0
0
0
0
0
0
0
0
0
0
0
0
0
0
0
0
0
0
0
0
0
0
0
0
0
0
0
0
0
0
0
0
0
0
0
0
0
0
0
0
0
0
0
0
0
0
0
0
0
0
0
0
0
0
0
0
0
0
0
0
0
0
0
0
0
0
0
0
0
0
0
0
0
0
0
0
0
0
0
0
0
0
0
0
0
0
0
0
0
0
0
0
0
0
0
0
0
0
0
0
0
0
0
0
0
0
0
0
0
0
0
0
0
0
0
0
0
0
0
0
0
0
0
0
0
0
0
0
0
0
0
0
0
0
0
0
0
0
0
0
0
0
0
0
0
0
0
0
0
0
0
0
0
0
0
0
0
0
0
0
0
0
0
0
0
0
0
0
0
0
0
0
0
0
0
0
0
0
0
0
0
0
0
0
0
0
0
0
0
0
0
0
0
0
0
0
0
0
0
0
0
0
0
0
0
0
0
0
0
0
0
0
0
0
0
0
0
0
0
0
0
0
0
0
0
0
0
0
0
0
0
0
0
0
0
0
0
0
0
0
0
0
0
3.89002312451501e-07
1.93510067531607e-06
7.29503221933333e-06
2.07515389640728e-05
4.45258984452847e-05
7.23934542333112e-05
9.08648697704191e-05
9.44817240736107e-05
0.000101012379137585
0.000145432974409117
0.000251814576547228
0.000403235584960276
0.000537456249086456
0.000582636266069876
0.000510205026580101
0.000357854872516292
0.000198743015836687
8.64093066598082e-05
2.92117198294592e-05
7.72615580128595e-06
1.67432046266944e-06
3.49978195119583e-07
4.84146827089321e-06
1.87030825193641e-05
6.03442934342561e-05
0.000158738959558434
0.0003339417606179
0.00055831928552862
0.000749449501333414
0.000832795724497883
0.00081476534342967
0.000784481389519233
0.00085404156894816
0.00107926771355324
0.0013866284753942
0.00157998554360865
0.00148650791626829
0.00112304286231271
0.000680112936291103
0.000339584771870182
0.000151080321674436
6.78759480793163e-05
3.34027861448204e-05
1.73223720823348e-05
2.65617964334918e-05
7.95615032137073e-05
0.000198478519041437
0.000426293263429535
0.00080618375419925
0.00135024003455827
0.00199419124155223
0.00258470790160142
0.002942227662253
0.00298494544326191
0.00281605525775371
0.00264420109761958
0.00257067718284451
0.00248787358074008
0.00223025370216691
0.00178865555157806
0.00131735013681267
0.000953610055744465
0.00070340909547739
0.00050366693835092
0.000323955303163532
0.00017888283726691
6.00766994868372e-05
0.000164764778818829
0.00035729800455627
0.000634231104626142
0.000975376221759168
0.00138953298469848
0.00190808917238761
0.00250585874338663
0.00306919975144239
0.00348362906377259
0.00373250754006341
0.00387564676357602
0.00394028928479069
0.00386646494625521
0.0035820646123054
0.00312921884389888
0.00266658979122029
0.00229976494659156
0.00196072837065533
0.00152654294406824
0.00100810816474414
0.000541835002823271
1.3520308079425e-05
4.14547623543062e-05
0.000107390654314836
0.000242593115678652
0.000483770213385546
0.000845878714691017
0.001286904511559
0.00171910342474477
0.00207666654552672
0.0023556865067282
0.00258176622647111
0.00277711476353036
0.00295568416899774
0.00308530184557006
0.00306190719694479
0.00280270157646098
0.00235855756678905
0.00186416536032402
0.00140044734894274
0.000972612942593808
0.000591256879417627
0.000299204101888155
5.48195933948374e-07
2.90017329123874e-06
1.26654940807259e-05
4.50443617184088e-05
0.000129778728485114
0.000302507524391823
0.000571279628495854
0.000879392998313929
0.00111955113295716
0.0012126056893112
0.0011765325385661
0.00111400661114385
0.00112984173075454
0.00124494243567938
0.00138569189657823
0.0014634898813468
0.00144430983739338
0.00132869376634758
0.00111213655066409
0.000810235448666998
0.000491910768147071
0.000241128782133054
1.9821773882879e-08
1.48663304121593e-07
8.76494063883558e-07
3.98603484176021e-06
1.40263827438723e-05
3.82585013156919e-05
8.15851824410625e-05
0.000138640919702062
0.000194574249016944
0.00023803410768559
0.000268715735934551
0.000288531315513092
0.000294350864439018
0.000285439738217797
0.000269710541211298
0.000256471454548837
0.000246540745833514
0.00023073473945322
0.000197619988460135
0.00014592542160402
8.89173804864262e-05
4.34679112642861e-05
0
1.23886086767994e-09
6.81373477223967e-09
3.53075347288783e-08
1.43088430217033e-07
5.04835803579576e-07
1.6767981844048e-06
5.28683875282415e-06
1.47889016079293e-05
3.41312363350162e-05
6.21617023271425e-05
8.7451188649527e-05
9.416705341322e-05
7.74814558168727e-05
4.91047282122298e-05
2.47313795014946e-05
1.08350771487288e-05
4.95668233158744e-06
2.72363561759435e-06
1.633438054036e-06
9.03749002972517e-07
4.1935440370966e-07
0
0
0
0
3.71658260303982e-09
2.41577869197588e-08
1.35035834577114e-07
5.71114860000453e-07
1.84714155371079e-06
4.56334400609906e-06
8.58902239562503e-06
1.22839249334805e-05
1.33146571753902e-05
1.09087893703557e-05
6.74064198104656e-06
3.13803457783329e-06
1.10196674180131e-06
2.94229456073986e-07
6.1943043383997e-08
1.11497478091195e-08
2.47772173535988e-09
6.1943043383997e-10
0
0
0
0
0
0
1.23886086767994e-09
4.95544347071976e-09
1.61051912798392e-08
3.90241173319181e-08
7.37122216269565e-08
1.05922604186635e-07
1.14594630260394e-07
9.41534259436755e-08
5.82264607809572e-08
2.72549390889587e-08
9.29145650759955e-09
2.47772173535988e-09
6.1943043383997e-10
0
0
0
0
0
0
0
0
0
0
0
0
0
0
0
0
0
0
0
0
0
0
0
0
0
0
0
0
0
0
0
0
0
0
0
0
0
0
0
0
0
0
0
0
0
0
0
0
0
0
0
0
0
0
0
0
0
0
0
0
0
0
0
0
0
0
0
0
0
0
0
0
0
0
0
0
0
0
0
0
0
0
0
0
0
0
0
0
0
0
0
0
0
0
0
0
0
0
0
0
0
0
0
0
0
0
0
0
0
0
0
0
0
0
0
0
0
0
0
0
0
0
0
0
0
0
0
0
0
0
0
0
0
0
0
0
0
0
0
0
0
0
0
0
0
0
0
0
0
0
0
0
0
0
0
0
0
0
0
0
0
0
0
0
0
0
0
0
0
0
0
0
0
0
0
0
0
0
0
0
0
0
0
0
0
0
0
0
0
0
0
0
0
0
0
0
0
0
0
0
0
0
0
0
0
0
0
0
0
0
0
0
0
0
0
0
0
0
0
0
0
0
0
0
0
0
0
0
0
0
0
0
0
0
0
0
0
0
0
0
0
0
0
0
0
0
0
0
0
0
0
0
0
0
0
0
0
0
0
0
0
0
0
0
0
0
0
3.69180538568622e-07
1.81369231028343e-06
6.81435420267351e-06
1.94823260051347e-05
4.2391960600706e-05
7.074143326626e-05
9.34503724012671e-05
0.00010892064748642
0.000142636865430764
0.000238732825214961
0.000415313239559288
0.000619000549118885
0.000742809826513083
0.000712909919471628
0.000551470862652086
0.000346385498603311
0.000176848008291745
7.30413784671078e-05
2.4362198962926e-05
6.74002255061272e-06
1.75484641906864e-06
5.74831442603492e-07
3.86896248976445e-06
1.59367062018348e-05
5.41221147263336e-05
0.000148365358082916
0.00032381778960722
0.000561249810911117
0.000780085291730271
0.000892928172723766
0.000893333280227498
0.000879090096831781
0.000976281209623008
0.0012234475801947
0.0015118289935428
0.00164738143310174
0.00150376710644638
0.00113189204549055
0.00070992922022399
0.000389118145942629
0.000205385787809187
0.000116447966118444
7.3036423023637e-05
4.74273105973912e-05
1.90536801449175e-05
6.31521715908526e-05
0.000177194269904262
0.000426834026198278
0.000883215503521155
0.00155834883855462
0.00232844643396965
0.00294571939160856
0.0031971003668521
0.00309817608770699
0.00290344945880332
0.00287080795266169
0.00301424326392167
0.00311347911657501
0.00295363199597043
0.00252689088433723
0.00200160210726269
0.00153551911048501
0.00116419038717183
0.000852689971741522
0.000583009782621482
0.000364418357393261
4.07764860292514e-05
0.000120388782538534
0.000285841129138925
0.000559620089439684
0.000934941661329396
0.00138797078114433
0.00189651945074434
0.00242662058285938
0.0029202527481821
0.00335059213120547
0.00377672805930481
0.00426388160171999
0.00474933852417689
0.00505617834502299
0.00504183295560569
0.00470910465920768
0.00418554409304355
0.00359246484928957
0.00294196440431862
0.00220430823901509
0.00144404162401553
0.000805504239013328
1.01183961367759e-05
3.46354527081619e-05
9.98348418828557e-05
0.000243343865364466
0.000500626773781633
0.000871484729965094
0.00130372266726819
0.00172762059321007
0.00210878896896479
0.00246333670239482
0.00283481718616429
0.0032548554410729
0.00369459653922111
0.00404202577810544
0.00415278055910646
0.00395437761057795
0.00350695991106317
0.00293919431141849
0.00232657203747685
0.00168230925697467
0.0010556172401588
0.000550352790719004
5.91556064317172e-07
3.15290090824545e-06
1.34949114316376e-05
4.65743548899935e-05
0.000130758048001015
0.000300945940268113
0.00057073700743581
0.000896999069534963
0.0011827745390479
0.00134169251400171
0.00136632974007726
0.00132837723739589
0.00131959619156577
0.00139383307077019
0.00154892172678201
0.00174471439546232
0.00192008939818239
0.00198451449931478
0.0018337426539964
0.00144071652144667
0.000924952726153292
0.000472486049172283
1.67246217136792e-08
1.29460960672554e-07
7.73668611866123e-07
3.60942113798551e-06
1.31220143104659e-05
3.73863432648452e-05
8.50174464749698e-05
0.000159842165161103
0.000261150632046064
0.000386207442334015
0.000517570054438458
0.000608047780187727
0.000608932946277684
0.000527449969858205
0.000429810389432879
0.000375605890458844
0.000368843568412613
0.000371116878104806
0.00034139103101526
0.000266856205772164
0.000169927731484885
8.59565030126711e-05
0
1.23886086767994e-09
6.1943043383997e-09
3.96435477657581e-08
2.0627033446871e-07
9.57639450716594e-07
4.01205091998149e-06
1.43825552433303e-05
4.19620758796211e-05
9.66280505268661e-05
0.000172767820024041
0.00023783403165546
0.000251153024843887
0.00020381677052027
0.000128888606951686
6.64103756728509e-05
3.10724888527144e-05
1.55006271764114e-05
8.75255203015878e-06
5.03534999668512e-06
2.61895187427539e-06
1.14966288520698e-06
0
0
0
1.23886086767994e-09
1.17691782429594e-08
8.05259563991961e-08
4.1749611240814e-07
1.67308160180176e-06
5.17967728776983e-06
1.23533011420705e-05
2.26147857090635e-05
3.16566117518255e-05
3.37558614921092e-05
2.73224570062472e-05
1.67469212092974e-05
7.77261308382395e-06
2.74965169581563e-06
7.61899433623163e-07
1.80254256247431e-07
4.39795608026379e-08
1.30080391106394e-08
3.71658260303982e-09
0
0
0
0
0
6.1943043383997e-10
3.71658260303982e-09
1.42468999783193e-08
4.39795608026379e-08
1.05922604186635e-07
1.93881725791911e-07
2.71310530021907e-07
2.89893443037106e-07
2.34144703991509e-07
1.43707860650873e-07
6.62790564208768e-08
2.29189260520789e-08
6.1943043383997e-09
1.23886086767994e-09
0
0
0
0
0
0
0
0
0
0
0
0
0
0
0
0
0
0
0
0
0
0
0
0
0
0
0
0
0
0
0
0
0
0
0
0
0
0
0
0
0
0
0
0
0
0
0
0
0
0
0
0
0
0
0
0
0
0
0
0
0
0
0
0
0
0
0
0
0
0
0
0
0
0
0
0
0
0
0
0
0
0
0
0
0
0
0
0
0
0
0
0
0
0
0
0
0
0
0
0
0
0
0
0
0
0
0
0
0
0
0
0
0
0
0
0
0
0
0
0
0
0
0
0
0
0
0
0
0
0
0
0
0
0
0
0
0
0
0
0
0
0
0
0
0
0
0
0
0
0
0
0
0
0
0
0
0
0
0
0
0
0
0
0
0
0
0
0
0
0
0
0
0
0
0
0
0
0
0
0
0
0
0
0
0
0
0
0
0
0
0
0
0
0
0
0
0
0
0
0
0
0
0
0
0
0
0
0
0
0
0
0
0
0
0
0
0
0
0
0
0
0
0
0
0
0
0
0
0
0
0
0
0
0
0
0
0
0
0
0
0
0
0
0
0
0
0
0
0
0
0
0
0
0
0
0
0
0
0
0
0
0
0
0
0
0
0
7.38980507571084e-07
3.12564596915649e-06
1.05780135186852e-05
2.84374317871592e-05
6.03114636212625e-05
0.00010074044917713
0.000134468436299716
0.000152947904432464
0.000176359277679446
0.000248143212365858
0.000388641803939006
0.000549650976037464
0.000636195937962283
0.00059070248917934
0.000443063103564885
0.000271801118925508
0.000137449754977788
5.74112903300238e-05
1.99797286435082e-05
6.12492812980963e-06
1.98341624915559e-06
8.62866594339079e-07
4.4803403279645e-06
1.76048323601658e-05
5.61247333189382e-05
0.000145379703391807
0.000305719890621717
0.000521794569997246
0.000725604526782744
0.000835096289129165
0.000834398191030227
0.000810133242645414
0.000884503918823543
0.00110065354928157
0.00136989332336315
0.00152464934523199
0.00143975206826118
0.00113491362714682
0.000757597489260145
0.000453557493975002
0.000269402064855246
0.000172817374458749
0.000119213103575105
8.229133313564e-05
1.22938358204219e-05
4.52221382529209e-05
0.000136168772840607
0.000340214113190964
0.000712997878593233
0.00126002308902165
0.0018771009260739
0.00235883445219298
0.00254240513898319
0.0024857780475824
0.00244535587576131
0.00262378590938108
0.00296855407512164
0.00323206845370323
0.00319695480070015
0.00284407209627629
0.00233039020667104
0.00182727703912798
0.00140400226020254
0.00105319031171901
0.000759917875665309
0.000516355351357698
2.12210672329235e-05
7.21791313032025e-05
0.000194525933443104
0.000419482625809465
0.000738660881467223
0.00110090008259423
0.00145977082102202
0.00180962203290267
0.00217140843038254
0.00258817733146136
0.00312908256920343
0.00381279067973254
0.00451375859987017
0.00501430422826497
0.00515311177475374
0.00489599115711024
0.00431564306706296
0.0035468958299937
0.0027260619266037
0.00194988895749356
0.00128355153462063
0.000768326024374253
5.22861229204319e-06
1.98285876176513e-05
6.09395660811763e-05
0.000152592970793874
0.000315840145049795
0.000555799442523759
0.00086576243161728
0.00124250435749179
0.00168564365100003
0.00219495979490757
0.00278629100597726
0.00346563460966954
0.00413528536593308
0.00457983138595658
0.0046231351481559
0.00427643064287916
0.00370402241213285
0.00307165517368213
0.00243616600584486
0.00178096160615933
0.00113754682592107
0.000608218742987467
3.24581547332144e-07
1.79387053640055e-06
8.01604924432306e-06
2.93616219944484e-05
8.90945375905044e-05
0.000224473536627965
0.00046870752352586
0.000812583090011251
0.00118320628206029
0.0014800776089346
0.00164087431639425
0.00167277808088918
0.00163586126589318
0.00160871286883885
0.0016550357349727
0.00179417653503487
0.0019802515790691
0.00209593454860175
0.00199322183292327
0.00161006694376722
0.00106045994729056
0.000554554387351741
1.05303173752795e-08
8.73396911714358e-08
5.68017707831253e-07
2.86300746520834e-06
1.12469983872323e-05
3.50002972336937e-05
8.88746397864912e-05
0.000191338344430564
0.00036024029911701
0.000594865681125179
0.000840754166711859
0.00098788314164883
0.000955071911568327
0.000783609231468387
0.000603698139681303
0.000506704005768037
0.000484497424714874
0.000475522497158967
0.00042817819023971
0.000330472330757963
0.000209751533506891
0.000106517876833555
0
6.1943043383997e-10
6.81373477223967e-09
5.51293086117574e-08
3.54933638590303e-07
1.87811307540279e-06
8.16471254844465e-06
2.84869862218664e-05
7.84570587501706e-05
0.000168924873612498
0.000282750171274064
0.000366840330389575
0.00036910434862526
0.000290616937783831
0.000184757515501448
0.000102795099926177
5.73481084257721e-05
3.49996778032598e-05
2.19544728665901e-05
1.26772632589688e-05
6.28907719477722e-06
2.58364433954652e-06
0
0
0
3.71658260303982e-09
3.15909521258385e-08
1.92023434490391e-07
8.97554698634117e-07
3.25882351243208e-06
9.19544479035436e-06
2.01692743562633e-05
3.43170654651682e-05
4.51453288791247e-05
4.5736265513008e-05
3.55453960154729e-05
2.11479744417304e-05
9.66621192007273e-06
3.46571327733463e-06
1.04683743318955e-06
3.14670660390705e-07
1.12116908525035e-07
4.39795608026379e-08
1.54857608459993e-08
0
0
0
0
0
1.85829130151991e-09
7.43316520607964e-09
2.78743695227987e-08
7.80482346638363e-08
1.71582230173672e-07
2.92371164772466e-07
3.85285729848462e-07
3.90241173319181e-07
3.02901482147745e-07
1.79634825813591e-07
8.05259563991961e-08
2.72549390889587e-08
6.81373477223967e-09
1.23886086767994e-09
0
0
0
0
0
0
0
0
0
0
0
0
0
0
0
0
0
0
0
0
0
0
0
0
0
0
0
0
0
0
0
0
0
0
0
0
0
0
0
0
0
0
0
0
0
0
0
0
0
0
0
0
0
0
0
0
0
0
0
0
0
0
0
0
0
0
0
0
0
0
0
0
0
0
0
0
0
0
0
0
0
0
0
0
0
0
0
0
0
0
0
0
0
0
0
0
0
0
0
0
0
0
0
0
0
0
0
0
0
0
0
0
0
0
0
0
0
0
0
0
0
0
0
0
0
0
0
0
0
0
0
0
0
0
0
0
0
0
0
0
0
0
0
0
0
0
0
0
0
0
0
0
0
0
0
0
0
0
0
0
0
0
0
0
0
0
0
0
0
0
0
0
0
0
0
0
0
0
0
0
0
0
0
0
0
0
0
0
0
0
0
0
0
0
0
0
0
0
0
0
0
0
0
0
0
0
0
0
0
0
0
0
0
0
0
0
0
0
0
0
0
0
0
0
0
0
0
0
0
0
0
0
0
0
0
0
0
0
0
0
0
0
0
0
0
0
0
0
0
0
0
0
0
0
0
0
0
0
0
0
0
0
0
0
0
0
0
2.27454855306037e-06
8.50911586965967e-06
2.55558414089357e-05
6.19727760448213e-05
0.000121573752958469
0.000192819402597875
0.000247487854966856
0.000260529343320922
0.000237933759955308
0.000218264985389587
0.000236041399979927
0.000283417297851309
0.00031604579595383
0.000297682780742644
0.000231309570895823
0.000148119444200681
7.82099060070685e-05
3.41157505741702e-05
1.25508994504655e-05
4.22513498922244e-06
1.56406184544592e-06
7.39599938004924e-07
1.2057213394695e-05
4.25226604222463e-05
0.000118956039945062
0.00026775252160993
0.000492347466602928
0.000749780896615518
0.000954442570247546
0.00102231666003556
0.000938369589350266
0.000788788289325723
0.000704142501111057
0.000753192100014675
0.000889801907324176
0.000991924925229636
0.000955920531262688
0.000778609808436864
0.000550059180693364
0.000361848340523259
0.000240291312186503
0.000164756106792755
0.000112831111815252
7.42368792044189e-05
1.67444434875621e-05
5.82109750201112e-05
0.000158857890201731
0.000346441247342357
0.000619974913191316
0.000939846930934975
0.00123908943751003
0.00144004629771726
0.00149778526674678
0.00146716434268034
0.00148873229095621
0.00165928193059667
0.00193253375559823
0.00215924529438366
0.00220969666435906
0.00206448172946266
0.00180085337568123
0.00150134637231093
0.00119819402083748
0.000903040993986637
0.000639447328309509
0.000424599121192983
1.84150473676285e-05
6.41723735153871e-05
0.000172202899468379
0.000358482974976206
0.000589635829972268
0.000797385364316988
0.000952504372420061
0.00110048320591226
0.00130455889835388
0.00159372884664426
0.0019794060565269
0.00246067005437713
0.00298094516152017
0.00341652120943123
0.00362592400360387
0.00350902633099046
0.00306243804882659
0.00240789891742701
0.00173067562410977
0.00116771432690995
0.000757579525777564
0.000472080322238118
3.59207708583799e-06
1.30718404453249e-05
3.74408531430232e-05
8.64898326162074e-05
0.000168766918851869
0.000297140779113034
0.000498569025880417
0.000801735624253846
0.00120067793687718
0.00164759761432315
0.00210001845345205
0.00254827981721772
0.00296046617194699
0.00323327448475792
0.00325678930288735
0.00301904942465784
0.00261810697116364
0.00217483326125125
0.00173794587911175
0.00128959779508534
0.000839377172857433
0.000457491496660319
1.21408365032634e-07
7.49510824946364e-07
3.95134673746517e-06
1.73273275258055e-05
6.16673968409382e-05
0.000175095020163978
0.000395313069711463
0.000717608299312304
0.00107216532419883
0.00135909727033175
0.00150626464995562
0.00150222038865308
0.00140426242098476
0.00131553892222412
0.00132359709273795
0.0014458423082867
0.00162323727365152
0.00174150636524546
0.0016727675505718
0.00136432774091509
0.000908707543595405
0.000481335851780555
8.05259563991961e-09
7.43316520607964e-08
5.17843842690215e-07
2.73292707410195e-06
1.10816104613971e-05
3.5482833541655e-05
9.28061647500735e-05
0.00020569921960871
0.000394696116999358
0.000650791577274854
0.000897795037642447
0.00101235188264638
0.000933427153918657
0.000739605512878829
0.000572651047476376
0.000501476632336862
0.000492612582828612
0.000479392698509599
0.000421088808924412
0.000317256163021553
0.000198048014889918
9.97475021916842e-05
0
6.1943043383997e-10
8.67202607375958e-09
7.80482346638363e-08
5.11649538351815e-07
2.70071669154227e-06
1.13591152957574e-05
3.75275734037608e-05
9.65456662791654e-05
0.000192550569789589
0.000297186616965138
0.000355319543750585
0.000331232991330718
0.000246011132812581
0.000154648860403788
9.33624132796618e-05
6.17082792495717e-05
4.39027514288417e-05
2.97828346894596e-05
1.76358038818578e-05
8.73025253454054e-06
3.52703689028479e-06
0
0
6.1943043383997e-10
6.81373477223967e-09
5.14127260087175e-08
2.94848886507826e-07
1.28903473282098e-06
4.32919930210755e-06
1.12042576872974e-05
2.2388074170278e-05
3.45766068169471e-05
4.12893744284709e-05
3.81166517463426e-05
2.7207242945553e-05
1.50633092901204e-05
6.564723737836e-06
2.37179913117325e-06
8.15789881367241e-07
3.23962116898304e-07
1.48663304121593e-07
6.56596259870368e-08
2.47772173535988e-08
0
0
0
0
6.1943043383997e-10
2.47772173535988e-09
1.11497478091195e-08
3.65463955965582e-08
9.53922868113554e-08
1.90165143188871e-07
2.93610025640146e-07
3.50597625553423e-07
3.23342686464464e-07
2.30428121388469e-07
1.25744378069514e-07
5.32710173102374e-08
1.73440521475192e-08
4.33601303687979e-09
6.1943043383997e-10
0
0
0
0
0
0
0
0
0
0
0
0
0
0
0
0
0
0
0
0
0
0
0
0
0
0
0
0
0
0
0
0
0
0
0
0
0
0
0
0
0
0
0
0
0
0
0
0
0
0
0
0
0
0
0
0
0
0
0
0
0
0
0
0
0
0
0
0
0
0
0
0
0
0
0
0
0
0
0
0
0
0
0
0
0
0
0
0
0
0
0
0
0
0
0
0
0
0
0
0
0
0
0
0
0
0
0
0
0
0
0
0
0
0
0
0
0
0
0
0
0
0
0
0
0
0
0
0
0
0
0
0
0
0
0
0
0
0
0
0
0
0
0
0
0
0
0
0
0
0
0
0
0
0
0
0
0
0
0
0
0
0
0
0
0
0
0
0
0
0
0
0
0
0
0
0
0
0
0
0
0
0
0
0
0
0
0
0
0
0
0
0
0
0
0
0
0
0
0
0
0
0
0
0
0
0
0
0
0
0
0
0
0
0
0
0
0
0
0
0
0
0
0
0
0
0
0
0
0
0
0
0
0
0
0
0
0
0
0
0
0
0
0
0
0
0
0
0
0
0
0
0
0
0
0
0
0
0
0
0
0
0
0
0
0
0
0
3.60570455538247e-06
1.28215905500535e-05
3.6257121583955e-05
8.25452996135144e-05
0.000153105239762659
0.000233569253118471
0.000294631466425548
0.000307663043892673
0.00026681036792006
0.000197329475586664
0.000136736171118004
0.000104733297753662
9.35470035489461e-05
8.45454404843837e-05
6.7559419127624e-05
4.50765721009685e-05
2.47035051319719e-05
1.12005411046943e-05
4.38432861071931e-06
1.64025178880824e-06
6.75798603319408e-07
3.24581547332144e-07
1.97040821004495e-05
6.71920968803569e-05
0.000180531141651358
0.000387764690444689
0.000678779921997479
0.000989675153893929
0.00122284239666084
0.00128659046032905
0.00114549040180464
0.000865842338143246
0.00058999757734563
0.000429321658820579
0.000388113429778941
0.00039301869938452
0.000374132265456739
0.000315150099546497
0.000241708569019129
0.000178646834271617
0.00012962325144622
8.94284105943442e-05
5.71288300521928e-05
3.3957795813541e-05
2.24097542354624e-05
7.32916283623791e-05
0.000188267208339585
0.000384264289063059
0.000636373714496795
0.000882241758879159
0.00105930347067058
0.00112586808452146
0.00106720430585421
0.000923717581868216
0.00079421759707833
0.000765435761969956
0.000842144168605396
0.000957575029951475
0.00103734466179095
0.00104664231260289
0.000985798138808525
0.000861615964293156
0.000684647786497245
0.000487085405067457
0.000313524094657667
0.000187772283422947
1.61361628015312e-05
5.30436863410182e-05
0.000135392626507005
0.000269907520089259
0.000428215356065741
0.000564769414636196
0.000667702028118685
0.000766100410825466
0.00087555872392846
0.000976800292326566
0.00106744836144514
0.00119555896377192
0.00140951395220285
0.0016826319802307
0.00189956209303537
0.00192508882121391
0.00170661818492029
0.00131877172965833
0.000901654708675704
0.000562340008474676
0.000332841032736967
0.000191776901177722
2.68399206982859e-06
8.97678584720885e-06
2.36219795944873e-05
5.02079338148988e-05
9.15313769172309e-05
0.000156791470274441
0.000268347174826417
0.000446528816842219
0.000676289811653443
0.000900283909125616
0.00106373425656384
0.00116531589227012
0.00124616581078622
0.00132729942844101
0.00137928760532276
0.00136186426607971
0.00127456297959517
0.0011447885871231
0.000975689653558691
0.000750477755853588
0.000490948173252884
0.000262317638983418
4.95544347071976e-08
3.07237495184625e-07
1.73440521475192e-06
8.18825090493057e-06
3.0768348509699e-05
9.03340178886182e-05
0.000207794133335956
0.000381290403550194
0.000573989636643904
0.000730398918340665
0.000803307738694932
0.000777028402539271
0.000687414782245208
0.000611477566499899
0.000614797094194847
0.000708563995547807
0.000850702219479329
0.000962593035896012
0.00095545471957644
0.000791063457309217
0.0005281765617571
0.000278341684876424
4.33601303687979e-09
4.02629781995981e-08
2.83699138698706e-07
1.52008228464329e-06
6.24881421657762e-06
2.04281962776084e-05
5.50196694249677e-05
0.000126011352586499
0.000247789517588136
0.000411075096530955
0.000558820404749597
0.00060969856229391
0.000536169072644937
0.000402666947822011
0.000300802232407462
0.000265619822626219
0.000269791686598131
0.00027040925874067
0.000241958199483966
0.000183803592633334
0.000114756301603627
5.74980105907614e-05
0
6.1943043383997e-10
6.1943043383997e-09
5.94653216486371e-08
3.98913199392941e-07
2.1184520837327e-06
8.80644247790286e-06
2.83736304524737e-05
7.04490621014875e-05
0.000134345169643382
0.000196487050196642
0.000220628731925121
0.000191596027491041
0.000132098495459844
7.81745984723396e-05
4.67663783244839e-05
3.25151423331277e-05
2.4497854227937e-05
1.72275992259573e-05
1.04064312885115e-05
5.20507393555727e-06
2.11163834896046e-06
0
0
6.1943043383997e-10
6.1943043383997e-09
4.39795608026379e-08
2.44675021366788e-07
1.04250142015267e-06
3.3876650426708e-06
8.41124586111296e-06
1.59664388626591e-05
2.3177847973424e-05
2.57299013608447e-05
2.18491696928373e-05
1.4220883900098e-05
7.14822720651326e-06
2.85061885653154e-06
9.83655528937873e-07
3.59889082061023e-07
1.65387925835272e-07
8.42425390022359e-08
3.90241173319181e-08
1.48663304121593e-08
0
0
0
0
6.1943043383997e-10
1.85829130151991e-09
8.67202607375958e-09
2.91132303904786e-08
7.18539303254365e-08
1.35655265010953e-07
1.96978877961111e-07
2.18658943145509e-07
1.85209699718151e-07
1.20169504164954e-07
5.94653216486371e-08
2.22994956182389e-08
6.81373477223967e-09
1.23886086767994e-09
0
0
0
0
0
0
0
0
0
0
0
0
0
0
0
0
0
0
0
0
0
0
0
0
0
0
0
0
0
0
0
0
0
0
0
0
0
0
0
0
0
0
0
0
0
0
0
0
0
0
0
0
0
0
0
0
0
0
0
0
0
0
0
0
0
0
0
0
0
0
0
0
0
0
0
0
0
0
0
0
0
0
0
0
0
0
0
0
0
0
0
0
0
0
0
0
0
0
0
0
0
0
0
0
0
0
0
0
0
0
0
0
0
0
0
0
0
0
0
0
0
0
0
0
0
0
0
0
0
0
0
0
0
0
0
0
0
0
0
0
0
0
0
0
0
0
0
0
0
0
0
0
0
0
0
0
0
0
0
0
0
0
0
0
0
0
0
0
0
0
0
0
0
0
0
0
0
0
0
0
0
0
0
0
0
0
0
0
0
0
0
0
0
0
0
0
0
0
0
0
0
0
0
0
0
0
0
0
0
0
0
0
0
0
0
0
0
0
0
0
0
0
0
0
0
0
0
0
0
0
0
0
0
0
0
0
0
0
0
0
0
0
0
0
0
0
0
0
0
0
0
0
0
0
0
0
0
0
0
0
0
0
0
0
0
0
0
0
2.71558302195443e-06
9.76222363731793e-06
2.7966045227007e-05
6.44988133540207e-05
0.00012096733056374
0.000186205124425332
0.000236811971439624
0.000249109523842649
0.00021549737021119
0.00015202619194691
8.78544378619568e-05
4.40693782155447e-05
2.28501692739227e-05
1.47368694514867e-05
1.07471180271235e-05
7.22503658030941e-06
4.10124890245444e-06
1.97164707091263e-06
8.51097416096119e-07
3.59269651627183e-07
1.56715899761512e-07
7.12344998915966e-08
1.76872166078665e-05
5.92355129576825e-05
0.000159624125648391
0.000349722989780841
0.000630147819206269
0.00094449513691051
0.00118700710720233
0.00125080162815307
0.00109466799299937
0.000785951297938736
0.000465652492626161
0.000246640474133362
0.000147382941414846
0.000118946748488554
0.000109040197560151
9.4902317338188e-05
7.66334555529458e-05
5.85702446717384e-05
4.17254534538942e-05
2.66386058072879e-05
1.50329571988622e-05
7.72615580128595e-06
3.02994396712821e-05
8.78098388707203e-05
0.000207009314976281
0.000404992289670646
0.000671003592331052
0.000956446427701018
0.00117929148171842
0.00124940295423346
0.00112342443145996
0.000857125093647816
0.000584812325183956
0.000423575822116279
0.000396773067244024
0.000442957180960698
0.000482424810483246
0.000474173377674063
0.000420572203942589
0.00033824866042439
0.000242845843295659
0.000152649958393787
8.45454404843837e-05
4.30405042649365e-05
1.92407481359372e-05
5.30046622236862e-05
0.000117216059856405
0.000213808802848543
0.000336300551709963
0.000482292252370404
0.000652561290024335
0.000819273558127157
0.00091286206351517
0.000880802202550915
0.000760649423007674
0.00066382005758981
0.000676081683027672
0.000780432172773221
0.000877333392121411
0.000874880447603405
0.000757079645417455
0.000573845309352819
0.000386412473807616
0.000232599844489512
0.000125402452470034
6.11823828112415e-05
2.95716089115202e-06
8.06870083119945e-06
1.76816417339619e-05
3.23739121942122e-05
5.34190611839252e-05
8.71526231804161e-05
0.000144449938310613
0.000227981990605235
0.0003182107053201
0.000380564431081733
0.000394465069447536
0.000374580113660405
0.000358032649050804
0.000369677321776562
0.000406373000107676
0.000455958406336565
0.0005135456149098
0.000561239280593742
0.000552128697772824
0.000453328304714481
0.000296318175496894
0.000150908120013829
3.03520912581585e-08
1.16452921561914e-07
4.78819725358297e-07
1.97846080568486e-06
7.1829153108083e-06
2.12223060937912e-05
5.01311244411026e-05
9.58457098889263e-05
0.000151725768186498
0.000202487472809249
0.000229051746964476
0.00022005761706512
0.000185411014609149
0.000154689742812422
0.000157965290946568
0.000209723039706934
0.000301499091645532
0.000393615210892308
0.000425733917747778
0.000365251491326775
0.000243543941394596
0.000125048138261878
1.23886086767994e-09
8.67202607375958e-09
6.38013346855169e-08
3.51217055987263e-07
1.50831310640033e-06
5.26330039633823e-06
1.54046154591662e-05
3.83638044894447e-05
8.04002120211266e-05
0.000137996092620435
0.000188864958708241
0.000202869661386929
0.000171640456634453
0.000120150301821505
8.1815610562451e-05
7.02260671453051e-05
7.74752615125343e-05
8.74883544755574e-05
8.64823994510013e-05
6.99739589587322e-05
4.4908087022964e-05
2.24908996222955e-05
0
0
1.85829130151991e-09
2.22994956182389e-08
1.53618747592313e-07
8.3127564221324e-07
3.46757156863615e-06
1.11125819830891e-05
2.72642305454663e-05
5.1097435917893e-05
7.30395201758063e-05
7.959743017887e-05
6.63701126946513e-05
4.30820061040038e-05
2.31574067691073e-05
1.21526056815064e-05
7.68589282308635e-06
5.71672347390909e-06
4.137795298051e-06
2.597271809091e-06
1.34788062403578e-06
5.64301125228213e-07
0
0
0
2.47772173535988e-09
1.79634825813591e-08
1.00967160715915e-07
4.26787568915739e-07
1.37389670225705e-06
3.36846269922176e-06
6.29155491651258e-06
8.94147831247997e-06
9.65753989399898e-06
7.91694037490866e-06
4.92385251859392e-06
2.33339444427517e-06
8.59150011736039e-07
2.65735656117347e-07
8.61008303037559e-08
3.77852564642382e-08
1.92023434490391e-08
8.67202607375958e-09
3.71658260303982e-09
0
0
0
0
0
6.1943043383997e-10
3.71658260303982e-09
1.17691782429594e-08
2.84937999566386e-08
5.38904477440774e-08
7.61899433623163e-08
8.2384247700716e-08
6.75179172885568e-08
4.1501839067278e-08
1.9821773882879e-08
6.81373477223967e-09
1.85829130151991e-09
6.1943043383997e-10
0
0
0
0
0
0
0
0
0
0
0
0
0
0
0
0
0
0
0
0
0
0
0
0
0
0
0
0
0
0
0
0
0
0
0
0
0
0
0
0
0
0
0
0
0
0
0
0
0
0
0
0
0
0
0
0
0
0
0
0
0
0
0
0
0
0
0
0
0
0
0
0
0
0
0
0
0
0
0
0
0
0
0
0
0
0
0
0
0
0
0
0
0
0
0
0
0
0
0
0
0
0
0
0
0
0
0
0
0
0
0
0
0
0
0
0
0
0
0
0
0
0
0
0
0
0
0
0
0
0
0
0
0
0
0
0
0
0
0
0
0
0
0
0
0
0
0
0
0
0
0
0
0
0
0
0
0
0
0
0
0
0
0
0
0
0
0
0
0
0
0
0
0
0
0
0
0
0
0
0
0
0
0
0
0
0
0
0
0
0
0
0
0
0
0
0
0
0
0
0
0
0
0
0
0
0
0
0
0
0
0
0
0
0
0
0
0
0
0
0
0
0
0
0
0
0
0
0
0
0
0
0
0
0
0
0
0
0
0
0
0
0
0
0
0
0
0
0
0
0
0
0
0
0
0
0
0
0
0
0
0
0
0
0
0
0
0
0
1.21098649815714e-06
4.70829072761761e-06
1.47356305906191e-05
3.69230093003329e-05
7.37060273226181e-05
0.000117022797561047
0.000148177670661462
0.00015046956326667
0.000123119851321334
8.12029938633832e-05
4.30120104649799e-05
1.83562014764137e-05
6.64091368119832e-06
2.47772173535988e-06
1.24815232418754e-06
7.68713168395403e-07
4.48467634100138e-07
2.29808690954629e-07
1.07161465054315e-07
4.70767129718377e-08
1.9821773882879e-08
8.05259563991961e-09
1.44643200605971e-05
4.46956223841569e-05
0.000115901009045363
0.000253585528157576
0.000464598841458199
0.000703479710546848
0.000871209702852469
0.000878165906624492
0.000719483934665971
0.000479213063683785
0.000262058097631639
0.000125603767361032
6.62771981295753e-05
4.94466538117095e-05
4.36611735596441e-05
3.52524054202665e-05
2.44557329584359e-05
1.50546372640466e-05
8.54442340438855e-06
4.45742140191243e-06
2.08562227073918e-06
8.81449507354278e-07
5.02562493887383e-05
0.000129834477224159
0.000270896131061668
0.000472765412297945
0.000715797084723756
0.00095977462742204
0.00113346973480554
0.00115486052597734
0.000998014545824717
0.000732257209642185
0.000476418812996733
0.00031740730404741
0.000266319159586025
0.000270670038953316
0.000264965704088084
0.000221236393180718
0.000155839405697629
9.59887983191433e-05
5.35968377184373e-05
2.72388338976788e-05
1.24152441854545e-05
5.13879487913639e-06
3.57380388803971e-05
8.80322143964689e-05
0.000170792456370526
0.000270780917000974
0.000376873245126481
0.000505934053738774
0.0006831258459213
0.000879061603031825
0.000995568415041483
0.000950634311940298
0.000771438662304299
0.000576858218983017
0.000465503829322039
0.000435334470041863
0.000414954589338095
0.000353953699643968
0.000262942644291163
0.000177293378773676
0.000113804237026815
6.90336635601632e-05
3.73584688953224e-05
1.70987576957185e-05
5.59345681757493e-06
1.35927814401843e-05
2.58085690259424e-05
3.97414177743048e-05
5.42670614478521e-05
7.52360204942028e-05
0.000111705606716965
0.000161203053824249
0.000202634277822069
0.000212060770164246
0.000186461568624942
0.000147167999054303
0.000119203192688164
0.000111320320987116
0.000118728708975842
0.000140032160456467
0.000178857440619122
0.000223375286468767
0.000239948767156589
0.000205145448800857
0.000135097777620497
6.77706449055635e-05
4.89350042733576e-08
1.22027795466474e-07
2.53347047440548e-07
5.02977512278056e-07
1.11807193308115e-06
2.72239675672667e-06
6.2562473817837e-06
1.24332076680359e-05
2.08636558725979e-05
2.93281727510211e-05
3.41869850740618e-05
3.28601650847766e-05
2.69483210242079e-05
2.25850530482392e-05
2.81692184093065e-05
5.16189963431862e-05
9.4170769995823e-05
0.000140689376146771
0.000162705792056745
0.000143253198712435
9.55397112546093e-05
4.82282341483462e-05
0
6.1943043383997e-10
5.57487390455973e-09
3.34492434273584e-08
1.57335330195352e-07
6.1943043383997e-07
2.05403131861334e-06
5.67088562180493e-06
1.27175262371684e-05
2.26104496960266e-05
3.13072529871398e-05
3.34455268447554e-05
2.76532328579178e-05
1.8478848702314e-05
1.21749051771246e-05
1.19878371861049e-05
1.71718504869117e-05
2.38226750550514e-05
2.67253260680255e-05
2.31555484778058e-05
1.52993122854134e-05
7.68031794918179e-06
0
0
6.1943043383997e-10
3.71658260303982e-09
2.72549390889587e-08
1.49282734555433e-07
6.2748302947989e-07
2.01067118824454e-06
4.91765821425552e-06
9.16571212953004e-06
1.30006059454333e-05
1.40133747047616e-05
1.1484240243393e-05
7.21017024989725e-06
3.59207708583799e-06
1.61609400188848e-06
8.75255203015878e-07
6.52879677267329e-07
5.27135299197815e-07
3.74755412473182e-07
2.1742008227783e-07
9.91088694143952e-08
0
0
0
6.1943043383997e-10
3.09715216919985e-09
1.85829130151991e-08
7.92870955315162e-08
2.53966477874388e-07
6.2128872514149e-07
1.15585718954538e-06
1.63529634533752e-06
1.75484641906864e-06
1.42592885869961e-06
8.76494063883558e-07
4.0696579503286e-07
1.44327291084713e-07
4.0882408633438e-08
1.11497478091195e-08
3.71658260303982e-09
1.85829130151991e-09
6.1943043383997e-10
6.1943043383997e-10
0
0
0
0
0
0
6.1943043383997e-10
2.47772173535988e-09
5.57487390455973e-09
9.91088694143952e-09
1.42468999783193e-08
1.48663304121593e-08
1.23886086767994e-08
7.43316520607964e-09
3.71658260303982e-09
1.23886086767994e-09
6.1943043383997e-10
0
0
0
0
0
0
0
0
0
0
0
0
0
0
0
0
0
0
0
0
0
0
0
0
0
0
0
0
0
0
0
0
0
0
0
0
0
0
0
0
0
0
0
0
0
0
0
0
0
0
0
0
0
0
0
0
0
0
0
0
0
0
0
0
0
0
0
0
0
0
0
0
0
0
0
0
0
0
0
0
0
0
0
0
0
0
0
0
0
0
0
0
0
0
0
0
0
0
0
0
0
0
0
0
0
0
0
0
0
0
0
0
0
0
0
0
0
0
0
0
0
0
0
0
0
0
0
0
0
0
0
0
0
0
0
0
0
0
0
0
0
0
0
0
0
0
0
0
0
0
0
0
0
0
0
0
0
0
0
0
0
0
0
0
0
0
0
0
0
0
0
0
0
0
0
0
0
0
0
0
0
0
0
0
0
0
0
0
0
0
0
0
0
0
0
0
0
0
0
0
0
0
0
0
0
0
0
0
0
0
0
0
0
0
0
0
0
0
0
0
0
0
0
0
0
0
0
0
0
0
0
0
0
0
0
0
0
0
0
0
0
0
0
0
0
0
0
0
0
0
0
0
0
0
0
0
0
0
0
0
0
0
0
0
0
0
0
0
0
4.1625725154046e-07
1.69042565394928e-06
5.60398713495021e-06
1.47802295818555e-05
3.04629693058159e-05
4.86568800085635e-05
6.01844803823253e-05
5.79303730335817e-05
4.37596629986247e-05
2.61833244384155e-05
1.2506300459229e-05
4.81173561006889e-06
1.54795665416609e-06
4.91827764468936e-07
2.1556179097631e-07
1.27602669371034e-07
7.30927911931165e-08
3.46881042950383e-08
1.36274695444793e-08
4.95544347071976e-09
1.85829130151991e-09
6.1943043383997e-10
1.21030512467992e-05
3.25405389809152e-05
7.34948015446786e-05
0.000142771281834907
0.000239031390684072
0.000338209016876624
0.000394216058413132
0.000372075136985956
0.000283164570234303
0.000175308104233219
9.09497317398552e-05
4.34840164555659e-05
2.43770652933382e-05
1.90512024231821e-05
1.65524200530717e-05
1.25131141940012e-05
7.5874033841058e-06
3.68313335961246e-06
1.48477474991441e-06
5.27754729631655e-07
1.74679382342872e-07
5.45098781779174e-08
5.9013137431934e-05
0.000141835322449375
0.000269937872180518
0.000417113923830461
0.000544147336632796
0.000626559458703034
0.000654969635551105
0.000621368631667456
0.000527972149713932
0.000400261080016977
0.00027621641905792
0.000186295561268673
0.000140071184573799
0.000122427328096301
0.00010715589018041
8.05439198817775e-05
4.87578471692794e-05
2.36758700422313e-05
9.53489266809866e-06
3.37713472529552e-06
1.11063876787507e-06
3.47500473384223e-07
4.90508377644857e-05
0.000111368017130522
0.000198745493558422
0.000283800105859422
0.000341050963707082
0.000383856703837593
0.000456455808974939
0.000572808382806571
0.000677466729477739
0.000688889646108181
0.000583391971199161
0.000421806728797232
0.000286832837263503
0.000208544263591337
0.000161743816592991
0.000117489848108163
7.35214370533337e-05
4.05243778426785e-05
2.1742008227783e-05
1.20801323207471e-05
6.45508455104633e-06
2.95344430854898e-06
8.05135677905193e-06
1.79764906204698e-05
3.14738797738427e-05
4.38934599723341e-05
5.15217457650734e-05
5.81979669810006e-05
7.3559222309798e-05
0.000100668595246804
0.000127403832201771
0.000135154145789977
0.000117230306756384
8.55458206350352e-05
5.78727660032346e-05
4.21138363359119e-05
3.54264653721756e-05
3.42458309652766e-05
3.85545890630674e-05
4.61574782080192e-05
4.94516092551802e-05
4.2481158583179e-05
2.80478100442738e-05
1.40542571133951e-05
6.99956390239166e-08
1.56096469327673e-07
2.75027112624947e-07
3.90860603753021e-07
4.88730612299737e-07
6.38632777289009e-07
9.81177807202513e-07
1.59874994974096e-06
2.38542660071773e-06
3.04264229102193e-06
3.24767376462296e-06
2.90203158254026e-06
2.30737836605389e-06
2.20950835750717e-06
3.85967103325685e-06
8.87829640822829e-06
1.78067666815976e-05
2.76965929882866e-05
3.2606818037336e-05
2.89081989168776e-05
1.92940191532474e-05
9.70709432870617e-06
0
0
6.1943043383997e-10
1.85829130151991e-09
8.05259563991961e-09
3.46881042950383e-08
1.28222099804874e-07
3.80330286377742e-07
8.88882672560357e-07
1.61237741928544e-06
2.24791304440525e-06
2.39843463982836e-06
1.97164707091263e-06
1.33858916752818e-06
1.06046490273403e-06
1.54485950199689e-06
2.81716961310418e-06
4.31247468039387e-06
5.055171770568e-06
4.47166830189074e-06
2.9800798172041e-06
1.49840221945889e-06
0
0
0
0
1.85829130151991e-09
1.11497478091195e-08
4.70767129718377e-08
1.50521595423113e-07
3.67322247267102e-07
6.83851198959327e-07
9.67550337658034e-07
1.03878483754963e-06
8.46141972625399e-07
5.24038147028615e-07
2.52727617006708e-07
1.07161465054315e-07
5.94653216486371e-08
5.45098781779174e-08
5.45098781779174e-08
4.52184216703178e-08
2.91132303904786e-08
1.42468999783193e-08
0
0
0
0
0
1.23886086767994e-09
6.1943043383997e-09
1.92023434490391e-08
4.70767129718377e-08
8.73396911714358e-08
1.23266656334154e-07
1.31938682407914e-07
1.07161465054315e-07
6.56596259870368e-08
3.03520912581585e-08
1.05303173752795e-08
3.09715216919985e-09
6.1943043383997e-10
0
0
0
0
0
0
0
0
0
0
0
0
6.1943043383997e-10
6.1943043383997e-10
1.23886086767994e-09
1.23886086767994e-09
6.1943043383997e-10
6.1943043383997e-10
0
0
0
0
0
0
0
0
0
0
0
0
0
0
0
0
0
0
0
0
0
0
0
0
0
0
0
0
0
0
0
0
0
0
0
0
0
0
0
0
0
0
0
0
0
0
0
0
0
0
0
0
0
0
0
0
0
0
0
0
0
0
0
0
0
0
0
0
0
0
0
0
0
0
0
0
0
0
0
0
0
0
0
0
0
0
0
0
0
0
0
0
0
0
0
0
0
0
0
0
0
0
0
0
0
0
0
0
0
0
0
0
0
0
0
0
0
0
0
0
0
0
0
0
0
0
0
0
0
0
0
0
0
0
0
0
0
0
0
0
0
0
0
0
0
0
0
0
0
0
0
0
0
0
0
0
0
0
0
0
0
0
0
0
0
0
0
0
0
0
0
0
0
0
0
0
0
0
0
0
0
0
0
0
0
0
0
0
0
0
0
0
0
0
0
0
0
0
0
0
0
0
0
0
0
0
0
0
0
0
0
0
0
0
0
0
0
0
0
0
0
0
0
0
0
0
0
0
0
0
0
0
0
0
0
0
0
0
0
0
0
0
0
0
0
0
0
0
0
0
0
0
0
0
0
0
0
0
0
0
0
0
0
0
0
0
0
0
0
0
0
0
1.31319251974074e-07
4.199738341435e-07
1.22771111987082e-06
3.05874748230177e-06
6.1447499036925e-06
9.63895698098378e-06
1.16527253213975e-05
1.08307411356919e-05
7.77013536208859e-06
4.33911018904899e-06
1.91032345796247e-06
6.78276325054767e-07
2.0812862577023e-07
6.87567781562367e-08
3.40686738611984e-08
2.1060634750559e-08
1.17691782429594e-08
5.57487390455973e-09
1.85829130151991e-09
6.1943043383997e-10
0
0
9.22889403378172e-06
1.97604502699289e-05
3.50541876814378e-05
5.3292077944988e-05
7.15138630172584e-05
8.5241060861586e-05
8.83283021438444e-05
7.72411168085428e-05
5.61495105362918e-05
3.43102517303959e-05
1.84057559111209e-05
9.49586855076674e-06
5.52779719158789e-06
4.05107503731341e-06
3.26439838633664e-06
2.35259678772421e-06
1.36336638488177e-06
6.1385555993541e-07
2.1370349967479e-07
5.82264607809572e-08
1.30080391106394e-08
2.47772173535988e-09
5.70935225174639e-05
0.000114091652748116
0.000181950876205719
0.000234848996394785
0.000251301688148008
0.000232971502749816
0.000200022759113
0.000169722700011284
0.000145149275270419
0.000120736902442352
9.26475905590105e-05
6.42875875760813e-05
4.26118584047192e-05
2.99172510936029e-05
2.22431274487595e-05
1.53451501375176e-05
8.7513131692911e-06
3.92161407664085e-06
1.36584410661713e-06
3.75994273340862e-07
8.61008303037559e-08
1.79634825813591e-08
7.74653506255928e-05
0.000140501069294884
0.000200622367772957
0.000229298899707579
0.000216638980500757
0.000184680706127652
0.000171224199382912
0.000196213261944884
0.00024109099687659
0.00026304051429971
0.000234782717338364
0.00016965270437226
0.00010375707538993
5.99255584609802e-05
3.6434898118467e-05
2.25367374743996e-05
1.25595714765392e-05
5.96263735614355e-06
2.55019509611916e-06
1.11993022438267e-06
5.22799286160935e-07
2.27950399653109e-07
1.4232653078341e-05
2.5372490000519e-05
3.54450482851908e-05
3.94366580008555e-05
3.6152437840636e-05
3.02350189061628e-05
2.88797051169209e-05
3.55701732328265e-05
4.61797777036375e-05
5.17949145863968e-05
4.67762892114254e-05
3.38797475788772e-05
2.05861510382376e-05
1.1740065012569e-05
7.24114177158925e-06
5.12950342262879e-06
4.27159227176044e-06
4.16938625017684e-06
4.09939061115292e-06
3.42854745130423e-06
2.24791304440525e-06
1.12426623741955e-06
1.24505517201834e-07
2.21136664880869e-07
3.09095786486145e-07
3.44403321215023e-07
3.18387242993745e-07
2.74407682191107e-07
2.76265973492627e-07
3.53075347288783e-07
4.63953394946138e-07
5.25896438330135e-07
4.84394599262857e-07
3.63605664664063e-07
2.39100147462228e-07
1.92023434490391e-07
3.07856925618465e-07
6.99956390239166e-07
1.40796537611825e-06
2.19773917926421e-06
2.59355522648796e-06
2.30180349214933e-06
1.53680690635697e-06
7.73049181432283e-07
0
0
0
0
6.1943043383997e-10
1.23886086767994e-09
3.71658260303982e-09
1.05303173752795e-08
2.53966477874388e-08
4.58378521041578e-08
6.38013346855169e-08
6.81373477223967e-08
5.69875999132773e-08
4.33601303687979e-08
5.14127260087175e-08
1.06542034620475e-07
2.1494236054247e-07
3.36350725575104e-07
3.97674338525261e-07
3.53694777722623e-07
2.36002995293029e-07
1.18930643297274e-07
0
0
0
0
0
6.1943043383997e-10
1.23886086767994e-09
4.33601303687979e-09
1.05303173752795e-08
1.9821773882879e-08
2.78743695227987e-08
2.97326608243186e-08
2.41577869197588e-08
1.48663304121593e-08
7.43316520607964e-09
3.71658260303982e-09
2.47772173535988e-09
3.09715216919985e-09
3.71658260303982e-09
3.09715216919985e-09
1.85829130151991e-09
1.23886086767994e-09
0
0
0
0
0
0
0
6.1943043383997e-10
1.23886086767994e-09
2.47772173535988e-09
3.71658260303982e-09
3.71658260303982e-09
3.09715216919985e-09
1.85829130151991e-09
6.1943043383997e-10
0
0
0
0
0
0
0
0
0
0
0
0
0
0
0
0
0
0
0
0
0
0
0
0
0
0
0
0
0
0
0
0
0
0
0
0
0
0
0
0
0
0
0
0
0
0
0
0
0
0
0
0
0
0
0
0
0
0
0
0
0
0
0
0
0
0
0
0
0
0
0
0
0
0
0
0
0
0
0
0
0
0
0
0
0
0
0
0
0
0
0
0
0
0
0
0
0
0
0
0
0
0
0
0
0
0
0
0
0
0
0
0
0
0
0
0
0
0
0
0
0
0
0
0
0
0
0
0
0
0
0
0
0
0
0
0
0
0
0
0
0
0
0
0
0
0
0
0
0
0
0
0
0
0
0
0
0
0
0
0
0
0
0
0
0
0
0
0
0
0
0
0
0
0
0
0
0
0
0
0
0
0
0
0
0
0
0
0
0
0
0
0
0
0
0
0
0
0
0
0
0
0
0
0
0
0
0
0
0
0
0
0
0
0
0
0
0
0
0
0
0
0
0
0
0
0
0
0
0
0
0
0
0
0
0
0
0
0
0
0
0
0
0
0
0
0
0
0
0
0
0
0
0
0
0
0
0
0
0
0
0
0
0
0
0
0
0
0
0
0
0
0
0
0
0
0
0
0
0
0
0
0
0
0
0
0
0
0
0
0
0
0
0
1.10878047657355e-07
1.9821773882879e-07
3.02282051713905e-07
4.37317886291019e-07
6.2748302947989e-07
8.3746994655164e-07
9.42153689870595e-07
8.430448204562e-07
5.87839481714132e-07
3.19006673427585e-07
1.36894125878633e-07
4.83155738395177e-08
1.54857608459993e-08
5.57487390455973e-09
2.47772173535988e-09
1.85829130151991e-09
6.1943043383997e-10
6.1943043383997e-10
0
0
0
0
1.24722317853678e-05
2.08580809986933e-05
2.69179689329498e-05
2.74147521408894e-05
2.29430838389987e-05
1.68447912178442e-05
1.17041380474062e-05
8.0042800660801e-06
5.32586287015606e-06
3.39014276440616e-06
2.06641992729014e-06
1.20912820685562e-06
6.96859238069967e-07
4.27406999349579e-07
2.87415721301746e-07
1.88306851887351e-07
1.05303173752795e-07
4.64572825379978e-08
1.54857608459993e-08
3.71658260303982e-09
6.1943043383997e-10
0
9.13517420914173e-05
0.000150743351518427
0.000189971880893513
0.00018490617880557
0.000141525607232455
8.81728251049506e-05
4.85317550609278e-05
2.83073513960528e-05
2.11368246939213e-05
1.85835324456329e-05
1.54845219851316e-05
1.09688741224382e-05
6.61365874210936e-06
3.70419399436302e-06
2.15314018802774e-06
1.2785044154457e-06
6.81992907657807e-07
2.95468316941666e-07
9.91088694143952e-08
2.53966477874388e-08
4.95544347071976e-09
6.1943043383997e-10
0.000169018407608008
0.000273819223278959
0.000335581392976275
0.000313110315127862
0.00022494368432725
0.0001283763379829
6.57643097303558e-05
4.28806912130058e-05
4.32269528255223e-05
4.72055545020765e-05
4.32696935254573e-05
3.13475159653394e-05
1.81232956332899e-05
8.88139356039749e-06
4.15575878063236e-06
2.0379261273335e-06
9.90469263710112e-07
4.2554870804806e-07
1.55477038893833e-07
5.26515868763975e-08
1.92023434490391e-08
7.43316520607964e-09
3.24631101766852e-05
5.24750492027531e-05
6.4091228128554e-05
5.94795685486155e-05
4.23752359789924e-05
2.38908124027738e-05
1.21216341598144e-05
8.06126766599337e-06
8.43230649586351e-06
9.38437107267555e-06
8.65901803464894e-06
6.28040516870346e-06
3.61871259449311e-06
1.75546584950248e-06
8.12073298764201e-07
4.1130180806974e-07
2.41577869197588e-07
1.69104508438312e-07
1.36274695444793e-07
1.05303173752795e-07
6.75179172885568e-08
3.34492434273584e-08
2.84318569132546e-07
4.58997951475418e-07
5.60584542625173e-07
5.20321564425575e-07
3.71038829870142e-07
2.0936748663791e-07
1.07161465054315e-07
7.30927911931165e-08
7.68093737961563e-08
8.48619694360759e-08
7.80482346638363e-08
5.63681694794373e-08
3.28298129935184e-08
1.73440521475192e-08
1.42468999783193e-08
2.29189260520789e-08
4.27406999349579e-08
6.56596259870368e-08
7.68093737961563e-08
6.81373477223967e-08
4.58378521041578e-08
2.29189260520789e-08
0
0
0
0
0
0
0
0
6.1943043383997e-10
6.1943043383997e-10
6.1943043383997e-10
6.1943043383997e-10
6.1943043383997e-10
6.1943043383997e-10
1.23886086767994e-09
3.09715216919985e-09
6.1943043383997e-09
9.91088694143952e-09
1.17691782429594e-08
1.05303173752795e-08
6.81373477223967e-09
3.71658260303982e-09
0
0
0
0
0
0
0
0
0
0
0
6.1943043383997e-10
0
0
0
0
0
0
0
0
0
0
0
0
0
0
0
0
0
0
0
0
0
0
0
0
0
0
0
0
0
0
0
0
0
0
0
0
0
0
0
0
0
0
0
0
0
0
0
0
0
0
0
0
0
0
0
0
0
0
0
0
0
0
0
0
0
0
0
0
0
0
0
0
0
0
0
0
0
0
0
0
0
0
0
0
0
0
0
0
0
0
0
0
0
0
0
0
0
0
0
0
0
0
0
0
0
0
0
0
0
0
0
0
0
0
0
0
0
0
0
0
0
0
0
0
0
0
0
0
0
0
0
0
0
0
0
0
0
0
0
0
0
0
0
0
0
0
0
0
0
0
0
0
0
0
0
0
0
0
0
0
0
0
0
0
0
0
0
0
0
0
0
0
0
0
0
0
0
0
0
0
0
0
0
0
0
0
0
0
0
0
0
0
0
0
0
0
0
0
0
0
0
0
0
0
0
0
0
0
0
0
0
0
0
0
0
0
0
0
0
0
0
0
0
0
0
0
0
0
0
0
0
0
0
0
0
0
0
0
0
0
0
0
0
0
0
0
0
0
0
0
0
0
0
0
0
0
0
0
0
0
0
0
0
0
0
0
0
0
0
0
0
0
0
0
0
0
0
0
0
0
0
0
0
0
0
0
0
0
0
0
0
0
0
0
0
0
0
0
0
0
0
0
0
0
0
0
0
0
0
0
0
0
0
0
0
0
0
0
1.29460960672554e-07
2.0812862577023e-07
2.52727617006708e-07
2.34144703991509e-07
1.70962799739832e-07
1.04064312885115e-07
5.94653216486371e-08
3.46881042950383e-08
1.9821773882879e-08
9.91088694143952e-09
4.33601303687979e-09
1.85829130151991e-09
6.1943043383997e-10
0
0
0
0
0
0
0
0
0
1.50787950509664e-05
2.41924750240539e-05
2.92098615381576e-05
2.66317920725157e-05
1.84280554067391e-05
9.76346249818561e-06
4.04116415037197e-06
1.38442701963233e-06
4.63953394946138e-07
2.0441204316719e-07
1.22647225900314e-07
7.68093737961563e-08
4.33601303687979e-08
2.22994956182389e-08
1.17691782429594e-08
6.1943043383997e-09
3.09715216919985e-09
1.23886086767994e-09
6.1943043383997e-10
0
0
0
0.00011300826891933
0.00018115738581997
0.000218425417871952
0.000198638951523802
0.000136741745991909
7.16340325214234e-05
2.89044823342745e-05
9.42835063347819e-06
3.08104697792001e-06
1.57087558021816e-06
1.15647661997922e-06
8.03401272690441e-07
4.59617381909258e-07
2.20517234447029e-07
9.91088694143952e-08
4.58378521041578e-08
2.1680065184399e-08
8.67202607375958e-09
3.09715216919985e-09
6.1943043383997e-10
0
0
0.000216795696400519
0.000347112090502206
0.000417724682238227
0.000378739589023641
0.000259467639557321
0.000134903276464272
5.39084112266588e-05
1.76797834426604e-05
6.43650163803113e-06
4.07089681119628e-06
3.33687174709592e-06
2.37365742247477e-06
1.33549201535898e-06
6.00228090390931e-07
2.30428121388469e-07
8.61008303037559e-08
3.34492434273584e-08
1.30080391106394e-08
4.33601303687979e-09
1.23886086767994e-09
6.1943043383997e-10
0
4.18165097276687e-05
6.69430858459533e-05
8.05433004513436e-05
7.30011154889082e-05
4.99843194282826e-05
2.59659043561377e-05
1.03649294494442e-05
3.40253137308296e-06
1.25434662852594e-06
8.09595577028841e-07
6.68984868547168e-07
4.76342003622937e-07
2.67593947418867e-07
1.19550073731114e-07
4.52184216703178e-08
1.67246217136792e-08
6.81373477223967e-09
3.09715216919985e-09
1.85829130151991e-09
1.23886086767994e-09
6.1943043383997e-10
6.1943043383997e-10
3.66083386399422e-07
5.85981190412612e-07
7.04911833709886e-07
6.38632777289009e-07
4.37317886291019e-07
2.27330969219269e-07
9.10562737744756e-08
2.97326608243186e-08
1.11497478091195e-08
7.43316520607964e-09
6.1943043383997e-09
4.33601303687979e-09
2.47772173535988e-09
1.23886086767994e-09
6.1943043383997e-10
6.1943043383997e-10
6.1943043383997e-10
6.1943043383997e-10
6.1943043383997e-10
6.1943043383997e-10
6.1943043383997e-10
0
0
0
0
0
0
0
0
0
0
0
0
0
0
0
0
0
0
0
0
0
0
0
0
0
0
0
0
0
0
0
0
0
0
0
0
0
0
0
0
0
0
0
0
0
0
0
0
0
0
0
0
0
0
0
0
0
0
0
0
0
0
0
0
0
0
0
0
0
0
0
0
0
0
0
0
0
0
0
0
0
0
0
0
0
0
0
0
0
0
0
0
0
0
0
0
0
0
0
0
0
0
0
0
0
0
0
0
0
0
0
0
0
0
0
0
0
0
0
0
0
0
0
0
0
0
0
0
0
0
0
0
0
0
0
0
0
0
0
0
0
0
0
0
0
0
0
0
0
0
0
0
0
0
0
0
0
0
0
0
0
0
0
0
0
0
0
0
0
0
0
0
0
0
0
0
0
0
0
0
0
0
0
0
0
0
0
0
0
0
0
0
0
0
0
0
0
0
0
0
0
0
0
0
0
0
0
0
0
0
0
0
0
0
0
0
0
0
0
0
0
0
0
0
0
0
0
0
0
0
0
0
0
0
0
0
0
0
0
0
0
0
0
0
0
0
0
0
0
0
0
0
0
0
0
0
0
0
0
0
0
0
0
0
0
0
0
0
0
0
0
0
0
0
0
0
0
0
0
0
0
0
0
0
0
0
0
0
0
0
0
0
0
0
0
0
0
0
0
0
0
0
0
0
0
0
0
0
0
0
0
0
0
0
0
0
0
0
0
0
0
0
0
0
0
0
0
0
0
0
0
0
0
0
0
0
0
0
0
0
0
0
0
0
0
0
0
0
0
0
0
0
0
7.06150694577566e-08
1.12736338958875e-07
1.35655265010953e-07
1.22647225900314e-07
8.42425390022359e-08
4.33601303687979e-08
1.73440521475192e-08
5.57487390455973e-09
1.23886086767994e-09
6.1943043383997e-10
0
0
0
0
0
0
0
0
0
0
0
0
8.22541673096096e-06
1.31616578582317e-05
1.58239698628759e-05
1.43249482129832e-05
9.79009800684073e-06
5.06694094881096e-06
1.99642428826622e-06
6.07661255597011e-07
1.51141025856953e-07
3.71658260303982e-08
1.23886086767994e-08
4.95544347071976e-09
1.85829130151991e-09
6.1943043383997e-10
0
0
0
0
0
0
0
0
6.1734295327793e-05
9.87762352714232e-05
0.000118746672458424
0.000107487904892949
7.34421499578022e-05
3.79909073682731e-05
1.49505729511615e-05
4.53670849744394e-06
1.12116908525035e-06
2.76265973492627e-07
9.53922868113554e-08
4.27406999349579e-08
1.92023434490391e-08
7.43316520607964e-09
2.47772173535988e-09
6.1943043383997e-10
0
0
0
0
0
0
0.000118703312328055
0.000189916132154467
0.00022828922810042
0.000206609162916021
0.000141125455172194
7.29608525107086e-05
2.86734347824522e-05
8.6707872128919e-06
2.1277435402403e-06
5.26515868763975e-07
1.94501156225751e-07
9.72505781128753e-08
4.70767129718377e-08
1.85829130151991e-08
6.1943043383997e-09
1.85829130151991e-09
6.1943043383997e-10
0
0
0
0
0
2.29022014303652e-05
3.66411684529358e-05
4.40439815677572e-05
3.98603484176021e-05
2.72258258585682e-05
1.40746983177118e-05
5.53027491332325e-06
1.67184274093408e-06
4.1006294720206e-07
1.01586591149755e-07
3.77852564642382e-08
1.92023434490391e-08
9.29145650759955e-09
3.71658260303982e-09
1.23886086767994e-09
6.1943043383997e-10
0
0
0
0
0
0
2.0069546056415e-07
3.20864964729105e-07
3.85285729848462e-07
3.48739334251903e-07
2.38480717028389e-07
1.23266656334154e-07
4.83155738395177e-08
1.48663304121593e-08
3.71658260303982e-09
6.1943043383997e-10
6.1943043383997e-10
0
0
0
0
0
0
0
0
0
0
0
0
0
0
0
0
0
0
0
0
0
0
0
0
0
0
0
0
0
0
0
0
0
0
0
0
0
0
0
0
0
0
0
0
0
0
0
0
0
0
0
0
0
0
0
0
0
0
0
0
0
0
0
0
0
0
0
0
0
0
0
0
0
0
0
0
0
0
0
0
0
0
0
0
0
0
0
0
0
0
0
0
0
0
0
0
0
0
0
0
0
0
0
0
0
0
0
0
0
0
0
0
0
0
0
0
0
0
0
0
0
0
0
0
0
0
0
0
0
0
0
0
0
0
0
0
0
0
0
0
0
0
0
0
0
0
0
0
0
0
0
0
0
0
0
0
0
0
0
0
0
0
0
0
0
0
0
0
0
0
0
0
0
0
0
0
0
0
0
0
0
0
0
0
0
0
0
0
0
0
0
0
0
0
0
0
0
0
0
0
0
0
0
0
0
0
0
0
0
0
0
0
0
0
0
0
0
0
0
0
0
0
0
0
0
0
0
0
0
0
0
0
0
0
0
0
0
0
0
0
0
0
0
0
0
0
0
0
0
0
0
0
0
0
0
0
0
0
0
0
0
0
0
0
0
0
0
0
0
0
0
0
0
0
0
0
0
0
0
0
0
0
0
0
0
0
0
0
0
0
0
0
0
0
0
0
0
0
0
0
0
0
0
0
0
0
0
0
0
0
0
0
0
0
0
0
0
0
0
0
0
0
0
0
0
0
0
0
0
0
0
0
0
0
0
0
0
0
0
0
0
0
0
0
0
0
0
0
0
0
0
0
0
0
0
0
0
0
0
0
0
0
0
1.48663304121593e-08
2.41577869197588e-08
2.91132303904786e-08
2.66355086551187e-08
1.85829130151991e-08
1.11497478091195e-08
6.1943043383997e-09
4.95544347071976e-09
4.33601303687979e-09
3.09715216919985e-09
1.85829130151991e-09
6.1943043383997e-10
0
0
0
0
0
0
0
0
0
0
1.75546584950248e-06
2.80911701746426e-06
3.3814707383324e-06
3.08042754748617e-06
2.1649093662707e-06
1.2630186545997e-06
7.52607977115564e-07
5.72973151301973e-07
4.89969473167416e-07
3.66083386399422e-07
2.1556179097631e-07
9.66311476790354e-08
3.28298129935184e-08
8.67202607375958e-09
1.85829130151991e-09
0
0
0
0
0
0
0
1.317590475821e-05
2.10847925374787e-05
2.53755871526882e-05
2.30911277126864e-05
1.6164037171054e-05
9.27720960762123e-06
5.28498046152263e-06
3.81197488985118e-06
3.17148382126065e-06
2.35445507902573e-06
1.38256872833081e-06
6.2004986427381e-07
2.1060634750559e-07
5.38904477440774e-08
1.05303173752795e-08
1.23886086767994e-09
0
0
0
0
0
0
2.53365630353563e-05
4.05435801861276e-05
4.87758106518608e-05
4.43165309586468e-05
3.08117086400678e-05
1.72034414390375e-05
9.03191515582061e-06
5.79724943030828e-06
4.51874501486258e-06
3.28979503412408e-06
1.92271206663927e-06
8.61627733471399e-07
2.92371164772466e-07
7.49510824946364e-08
1.42468999783193e-08
1.85829130151991e-09
0
0
0
0
0
0
4.88854498386505e-06
7.82216751853114e-06
9.41038715089683e-06
8.54813998699159e-06
5.93847956922379e-06
3.30528079497008e-06
1.71768059303824e-06
1.08462268965379e-06
8.368505161178e-07
6.07661255597011e-07
3.54933638590303e-07
1.59193621496872e-07
5.38904477440774e-08
1.36274695444793e-08
2.47772173535988e-09
6.1943043383997e-10
0
0
0
0
0
0
4.27406999349579e-08
6.87567781562367e-08
8.2384247700716e-08
7.49510824946364e-08
5.20321564425575e-08
2.91132303904786e-08
1.48663304121593e-08
9.29145650759955e-09
7.43316520607964e-09
5.57487390455973e-09
3.09715216919985e-09
1.23886086767994e-09
6.1943043383997e-10
0
0
0
0
0
0
0
0
0
0
0
0
0
0
0
0
0
0
0
0
0
0
0
0
0
0
0
0
0
0
0
0
0
0
0
0
0
0
0
0
0
0
0
0
0
0
0
0
0
0
0
0
0
0
0
0
0
0
0
0
0
0
0
0
0
0
0
0
0
0
0
0
0
0
0
0
0
0
0
0
0
0
0
0
0
0
0
0
0
0
0
0
0
0
0
0
0
0
0
0
0
0
0
0
0
0
0
0
0
0
0
0
0
0
0
0
0
0
0
0
0
0
0
0
0
0
0
0
0
0
0
0
0
0
0
0
0
0
0
0
0
0
0
0
0
0
0
0
0
0
0
0
0
0
0
0
0
0
0
0
0
0
0
0
0
0
0
0
0
0
0
0
0
0
0
0
0
0
0
0
0
0
0
0
0
0
0
0
0
0
0
0
0
0
0
0
0
0
0
0
0
0
0
0
0
0
0
0
0
0
0
0
0
0
0
0
0
0
0
0
0
0
0
0
0
0
0
0
0
0
0
0
0
0
0
0
0
0
0
0
0
0
0
0
0
0
0
0
0
0
0
0
0
0
0
0
0
0
0
0
0
0
0
0
0
0
0
0
0
0
0
0
0
0
0
0
0
0
0
0
0
0
0
0
0
0
0
0
0
0
0
0
0
0
0
0
0
0
0
0
0
0
0
0
0
0
0
0
0
0
0
0
0
0
0
0
0
0
0
0
0
0
0
0
0
0
0
0
0
0
0
0
0
0
0
0
0
0
0
0
0
0
0
0
0
0
0
0
0
0
0
0
0
0
0
0
0
0
0
0
0
1.23886086767994e-09
1.85829130151991e-09
3.09715216919985e-09
4.95544347071976e-09
9.91088694143952e-09
2.0441204316719e-08
3.53075347288783e-08
4.76961434056777e-08
4.89350042733576e-08
3.84046868980782e-08
2.29189260520789e-08
1.05303173752795e-08
3.71658260303982e-09
6.1943043383997e-10
0
0
0
0
0
0
0
0
1.42468999783193e-07
2.39719577896069e-07
3.48739334251903e-07
5.62442833926693e-07
1.14470744173626e-06
2.37241856160709e-06
4.10248776332212e-06
5.52222231768333e-06
5.68451309134941e-06
4.45246595844171e-06
2.64558738293051e-06
1.18992586340658e-06
4.03868642863661e-07
1.03444882451275e-07
1.9821773882879e-08
3.09715216919985e-09
0
0
0
0
0
0
1.06913692880779e-06
1.78272078859143e-06
2.5322316135378e-06
3.87267907236749e-06
7.52050489725108e-06
1.53055065897518e-05
2.63400403381771e-05
3.5417173915668e-05
3.6450383879313e-05
2.85470709739489e-05
1.69637218611414e-05
7.62952465360691e-06
2.59045807431876e-06
6.62790564208768e-07
1.27602669371034e-07
1.85829130151991e-08
1.85829130151991e-09
0
0
0
0
0
2.04907587514262e-06
3.37899301659704e-06
4.60174869299714e-06
6.36031169466881e-06
1.11150597048244e-05
2.1602636380169e-05
3.67179778267319e-05
4.92292337294316e-05
5.06334825229469e-05
3.96491226396627e-05
2.35606559815371e-05
1.05965964317004e-05
3.59827139017639e-06
9.20473624686196e-07
1.77157104078231e-07
2.53966477874388e-08
2.47772173535988e-09
0
0
0
0
0
3.95196616789901e-07
6.51021385965809e-07
8.82068937788118e-07
1.20293390251722e-06
2.07075594032702e-06
3.99470686783397e-06
6.77594951577543e-06
9.08023072966012e-06
9.33853322057139e-06
7.31237627148085e-06
4.34530449338739e-06
1.95430301876511e-06
6.63409994642608e-07
1.69723938872152e-07
3.28298129935184e-08
4.95544347071976e-09
6.1943043383997e-10
0
0
0
0
0
3.71658260303982e-09
5.57487390455973e-09
7.43316520607964e-09
1.05303173752795e-08
1.79634825813591e-08
3.46881042950383e-08
5.94653216486371e-08
7.92870955315162e-08
8.17648172668761e-08
6.38013346855169e-08
3.77852564642382e-08
1.73440521475192e-08
5.57487390455973e-09
1.23886086767994e-09
0
0
0
0
0
0
0
0
0
0
0
0
0
0
0
0
0
0
0
0
0
0
0
0
0
0
0
0
0
0
0
0
0
0
0
0
0
0
0
0
0
0
0
0
0
0
0
0
0
0
0
0
0
0
0
0
0
0
0
0
0
0
0
0
0
0
0
0
0
0
0
0
0
0
0
0
0
0
0
0
0
0
0
0
0
0
0
0
0
0
0
0
0
0
0
0
0
0
0
0
0
0
0
0
0
0
0
0
0
0
0
0
0
0
0
0
0
0
0
0
0
0
0
0
0
0
0
0
0
0
0
0
0
0
0
0
0
0
0
0
0
0
0
0
0
0
0
0
0
0
0
0
0
0
0
0
0
0
0
0
0
0
0
0
0
0
0
0
0
0
0
0
0
0
0
0
0
0
0
0
0
0
0
0
0
0
0
0
0
0
0
0
0
0
0
0
0
0
0
0
0
0
0
0
0
0
0
0
0
0
0
0
0
0
0
0
0
0
0
0
0
0
0
0
0
0
0
0
0
0
0
0
0
0
0
0
0
0
0
0
0
0
0
0
0
0
0
0
0
0
0
0
0
0
0
0
0
0
0
0
0
0
0
0
0
0
0
0
0
0
0
0
0
0
0
0
0
0
0
0
0
0
0
0
0
0
0
0
0
0
0
0
0
0
0
0
0
0
0
0
0
0
0
0
0
0
0
0
0
0
0
0
0
0
0
0
0
0
0
0
0
0
0
0
0
0
0
0
0
0
0
0
0
0
0
0
0
0
0
0
0
0
0
0
0
0
0
0
0
0
0
0
0
0
0
0
0
0
0
0
0
6.1943043383997e-10
3.09715216919985e-09
1.23886086767994e-08
3.84046868980782e-08
8.98174129067957e-08
1.59813051930712e-07
2.1618122141015e-07
2.22994956182389e-07
1.74679382342872e-07
1.04064312885115e-07
4.64572825379978e-08
1.61051912798392e-08
4.33601303687979e-09
6.1943043383997e-10
0
0
0
0
0
0
0
1.36274695444793e-08
7.24733607592765e-08
3.62366803796383e-07
1.44513120214865e-06
4.43264418455883e-06
1.03605934364073e-05
1.84354885719452e-05
2.49754350924276e-05
2.57466259825584e-05
2.01717520779986e-05
1.19878371861049e-05
5.3915224961431e-06
1.83103636243095e-06
4.68289407983018e-07
8.98174129067957e-08
1.30080391106394e-08
1.23886086767994e-09
0
0
0
0
0
9.10562737744756e-08
4.73244851453737e-07
2.33153615297365e-06
9.27535131631971e-06
2.84269014697839e-05
6.64301974467338e-05
0.00011820405139838
0.000160134536325875
0.000165080688340087
0.000129333977433617
7.68620253830327e-05
3.45697930821749e-05
1.17382067212674e-05
3.00237931282234e-06
5.77309164338852e-07
8.3003678134556e-08
8.67202607375958e-09
0
0
0
0
0
1.43088430217033e-07
6.83851198959327e-07
3.2699732602412e-06
1.29114079629603e-05
3.95004593355411e-05
9.22715962856696e-05
0.000164170125602343
0.000222402161257204
0.000229270405907622
0.000179624295496216
0.000106748924385377
4.80114334965023e-05
1.63027895882342e-05
4.16938625017684e-06
8.01542981388922e-07
1.15833491128074e-07
1.17691782429594e-08
0
0
0
0
0
2.66355086551187e-08
1.26983238937194e-07
6.03944672993971e-07
2.38232944854853e-06
7.28574076282573e-06
1.70176123088855e-05
3.02771401756639e-05
4.10168250375813e-05
4.2283560274784e-05
3.31271396017616e-05
1.96873574787358e-05
8.85475805174238e-06
3.00671532585922e-06
7.68713168395403e-07
1.48043873687753e-07
2.1060634750559e-08
2.47772173535988e-09
0
0
0
0
0
0
1.23886086767994e-09
5.57487390455973e-09
2.1060634750559e-08
6.38013346855169e-08
1.48663304121593e-07
2.64496795249667e-07
3.58030790759503e-07
3.69180538568622e-07
2.89274012603266e-07
1.72201660607512e-07
7.74288042299963e-08
2.60160782212788e-08
6.81373477223967e-09
1.23886086767994e-09
0
0
0
0
0
0
0
0
0
0
0
0
0
0
0
0
0
0
0
0
0
0
0
0
0
0
0
0
0
0
0
0
0
0
0
0
0
0
0
0
0
0
0
0
0
0
0
0
0
0
0
0
0
0
0
0
0
0
0
0
0
0
0
0
0
0
0
0
0
0
0
0
0
0
0
0
0
0
0
0
0
0
0
0
0
0
0
0
0
0
0
0
0
0
0
0
0
0
0
0
0
0
0
0
0
0
0
0
0
0
0
0
0
0
0
0
0
0
0
0
0
0
0
0
0
0
0
0
0
0
0
0
0
0
0
0
0
0
0
0
0
0
0
0
0
0
0
0
0
0
0
0
0
0
0
0
0
0
0
0
0
0
0
0
0
0
0
0
0
0
0
0
0
0
0
0
0
0
0
0
0
0
0
0
0
0
0
0
0
0
0
0
0
0
0
0
0
0
0
0
0
0
0
0
0
0
0
0
0
0
0
0
0
0
0
0
0
0
0
0
0
0
0
0
0
0
0
0
0
0
0
0
0
0
0
0
0
0
0
0
0
0
0
0
0
0
0
0
0
0
0
0
0
0
0
0
0
0
0
0
0
0
0
0
0
0
0
0
0
0
0
0
0
0
0
0
0
0
0
0
0
0
0
0
0
0
0
0
0
0
0
0
0
0
0
0
0
0
0
0
0
0
0
0
0
0
0
0
0
0
0
0
0
0
0
0
0
0
0
0
0
0
0
0
0
0
0
0
0
0
0
0
0
0
0
0
0
0
0
0
0
0
0
0
0
0
0
0
0
0
0
0
0
0
0
0
0
0
0
0
1.23886086767994e-09
4.95544347071976e-09
2.1060634750559e-08
6.44207651193569e-08
1.50521595423113e-07
2.67593947418867e-07
3.62366803796383e-07
3.73516551605502e-07
2.92990595206306e-07
1.74059951909032e-07
7.80482346638363e-08
2.66355086551187e-08
6.81373477223967e-09
1.23886086767994e-09
0
0
0
0
0
0
0
1.54857608459993e-08
1.10878047657355e-07
5.94033786052532e-07
2.41082324850516e-06
7.4232543191382e-06
1.73644933518359e-05
3.090400377471e-05
4.18691613145451e-05
4.3162532060403e-05
3.38165656746255e-05
2.0096800995504e-05
9.03872889059285e-06
3.06927779967705e-06
7.84818359675242e-07
1.51141025856953e-07
2.1680065184399e-08
2.47772173535988e-09
0
0
0
0
0
1.00347730282075e-07
7.09867277180606e-07
3.80825830724814e-06
1.54591253373441e-05
4.75939373840941e-05
0.000111334567887095
0.000198148982050634
0.000268451239139302
0.000276746032078853
0.000216820473617872
0.000128853918847391
5.79539113900676e-05
1.9678685452662e-05
5.03287227494976e-06
9.67550337658034e-07
1.39371847613993e-07
1.42468999783193e-08
0
0
0
0
0
1.39371847613993e-07
9.86133250673233e-07
5.28931647455951e-06
2.1470697697761e-05
6.61006604559309e-05
0.000154625322047303
0.000275196836563819
0.000372835797558712
0.000384355345336834
0.000301128052815662
0.000178957788349404
8.04881711427319e-05
2.73305096018872e-05
6.98965301545022e-06
1.3435446109989e-06
1.93881725791911e-07
1.9821773882879e-08
0
0
0
0
0
2.53966477874388e-08
1.82112547548951e-07
9.75602933297953e-07
3.96001876353893e-06
1.21910103684045e-05
2.85167188826907e-05
5.07536520271118e-05
6.87604947388397e-05
7.08851411269108e-05
5.55356549763564e-05
3.30044923758613e-05
1.4844030916541e-05
5.04030544015584e-06
1.28903473282098e-06
2.47772173535988e-07
3.59269651627183e-08
3.71658260303982e-09
0
0
0
0
0
0
1.85829130151991e-09
8.67202607375958e-09
3.46881042950383e-08
1.06542034620475e-07
2.49011034403668e-07
4.43512190629419e-07
6.00847520824771e-07
6.1943043383997e-07
4.85014029696697e-07
2.88035151735586e-07
1.29460960672554e-07
4.39795608026379e-08
1.11497478091195e-08
1.85829130151991e-09
6.1943043383997e-10
0
0
0
0
0
0
0
0
0
0
0
0
0
0
0
0
0
0
0
0
0
0
0
0
0
0
0
0
0
0
0
0
0
0
0
0
0
0
0
0
0
0
0
0
0
0
0
0
0
0
0
0
0
0
0
0
0
0
0
0
0
0
0
0
0
0
0
0
0
0
0
0
0
0
0
0
0
0
0
0
0
0
0
0
0
0
0
0
0
0
0
0
0
0
0
0
0
0
0
0
0
0
0
0
0
0
0
0
0
0
0
0
0
0
0
0
0
0
0
0
0
0
0
0
0
0
0
0
0
0
0
0
0
0
0
0
0
0
0
0
0
0
0
0
0
0
0
0
0
0
0
0
0
0
0
0
0
0
0
0
0
0
0
0
0
0
0
0
0
0
0
0
0
0
0
0
0
0
0
0
0
0
0
0
0
0
0
0
0
0
0
0
0
0
0
0
0
0
0
0
0
0
0
0
0
0
0
0
0
0
0
0
0
0
0
0
0
0
0
0
0
0
0
0
0
0
0
0
0
0
0
0
0
0
0
0
0
0
0
0
0
0
0
0
0
0
0
0
0
0
0
0
0
0
0
0
0
0
0
0
0
0
0
0
0
0
0
0
0
0
0
0
0
0
0
0
0
0
0
0
0
0
0
0
0
0
0
0
0
0
0
0
0
0
0
0
0
0
0
0
0
0
0
0
0
0
0
0
0
0
0
0
0
0
0
0
0
0
0
0
0
0
0
0
0
0
0
0
0
0
0
0
0
0
0
0
0
0
0
0
0
0
0
0
0
0
0
0
0
0
0
0
0
0
0
0
0
0
0
6.1943043383997e-10
3.09715216919985e-09
1.30080391106394e-08
4.02629781995981e-08
9.47728563775155e-08
1.68485078004472e-07
2.28569830086949e-07
2.35383564859189e-07
1.84590269284311e-07
1.09639186789675e-07
4.95544347071976e-08
1.67246217136792e-08
4.33601303687979e-09
6.1943043383997e-10
0
0
0
0
0
0
0
9.91088694143952e-09
6.99956390239166e-08
3.74135982039342e-07
1.51822399334177e-06
4.67484148419026e-06
1.09360443094447e-05
1.94631236616857e-05
2.63685341381337e-05
2.71837045890671e-05
2.12972571762859e-05
1.26568220546521e-05
5.69256568698933e-06
1.93262295358071e-06
4.94305486204296e-07
9.47728563775155e-08
1.36274695444793e-08
1.23886086767994e-09
0
0
0
0
0
6.2562473817837e-08
4.46609342798619e-07
2.39781520939452e-06
9.73558812866281e-06
2.99742386935162e-05
7.01170473889493e-05
0.000124792313492702
0.000169068581473149
0.000174292238321722
0.00013655158084872
8.11509617069407e-05
3.64986994531526e-05
1.23935641202701e-05
3.16962552995913e-06
6.09519546898531e-07
8.79591216052758e-08
9.29145650759955e-09
0
0
0
0
0
8.73396911714358e-08
6.2066929470765e-07
3.33005801232368e-06
1.35215469402927e-05
4.1629441736649e-05
9.73818973648494e-05
0.000173316635388424
0.000234808733416585
0.000242063502657719
0.000189647918776615
0.000112705986867616
5.06904701228601e-05
1.72121134651113e-05
4.40229209330067e-06
8.46141972625399e-07
1.22027795466474e-07
1.23886086767994e-08
0
0
0
0
0
1.61051912798392e-08
1.14594630260394e-07
6.1447499036925e-07
2.49382692663972e-06
7.67722079701259e-06
1.79597659987561e-05
3.19638492470101e-05
4.33050010601862e-05
4.46429707972805e-05
3.49761394467739e-05
2.0785607637934e-05
9.34844410751283e-06
3.17458097342985e-06
8.12073298764201e-07
1.56096469327673e-07
2.22994956182389e-08
2.47772173535988e-09
0
0
0
0
0
0
1.23886086767994e-09
5.57487390455973e-09
2.1680065184399e-08
6.68984868547168e-08
1.56715899761512e-07
2.79363125661827e-07
3.78471995076222e-07
3.89621742885341e-07
3.05379203883105e-07
1.81493117115111e-07
8.17648172668761e-08
2.78743695227987e-08
6.81373477223967e-09
1.23886086767994e-09
0
0
0
0
0
0
0
0
0
0
0
0
0
0
0
0
0
0
0
0
0
0
0
0
0
0
0
0
0
0
0
0
0
0
0
0
0
0
0
0
0
0
0
0
0
0
0
0
0
0
0
0
0
0
0
0
0
0
0
0
0
0
0
0
0
0
0
0
0
0
0
0
0
0
0
0
0
0
0
0
0
0
0
0
0
0
0
0
0
0
0
0
0
0
0
0
0
0
0
0
0
0
0
0
0
0
0
0
0
0
0
0
0
0
0
0
0
0
0
0
0
0
0
0
0
0
0
0
0
0
0
0
0
0
0
0
0
0
0
0
0
0
0
0
0
0
0
0
0
0
0
0
0
0
0
0
0
0
0
0
0
0
0
0
0
0
0
0
0
0
0
0
0
0
0
0
0
0
0
0
0
0
0
0
0
0
0
0
0
0
0
0
0
0
0
0
0
0
0
0
0
0
0
0
0
0
0
0
0
0
0
0
0
0
0
0
0
0
0
0
0
0
0
0
0
0
0
0
0
0
0
0
0
0
0
0
0
0
0
0
0
0
0
0
0
0
0
0
0
0
0
0
0
0
0
0
0
0
0
0
0
0
0
0
0
0
0
0
0
0
0
0
0
0
0
0
0
0
0
0
0
0
0
0
0
0
0
0
0
0
0
0
0
0
0
0
0
0
0
0
0
0
0
0
0
0
0
0
0
0
0
0
0
0
0
0
0
0
0
0
0
0
0
0
0
0
0
0
0
0
0
0
0
0
0
0
0
0
0
0
0
0
0
0
0
0
0
0
0
0
0
0
0
0
0
0
0
0
0
0
0
6.1943043383997e-10
3.09715216919985e-09
9.91088694143952e-09
2.35383564859189e-08
4.1501839067278e-08
5.57487390455973e-08
5.76070303471172e-08
4.52184216703178e-08
2.66355086551187e-08
1.23886086767994e-08
4.33601303687979e-09
1.23886086767994e-09
0
0
0
0
0
0
0
0
2.47772173535988e-09
1.73440521475192e-08
9.16757042083156e-08
3.72277690737822e-07
1.14718516347162e-06
2.68275320896091e-06
4.77518921447233e-06
6.46933145102465e-06
6.66940748115496e-06
5.22489570944015e-06
3.10520476483977e-06
1.39681562830913e-06
4.74483712321417e-07
1.21408365032634e-07
2.35383564859189e-08
3.09715216919985e-09
6.1943043383997e-10
0
0
0
0
0
1.54857608459993e-08
1.09639186789675e-07
5.88458912147972e-07
2.38852375288693e-06
7.35387811054813e-06
1.72022025781698e-05
3.06159686229744e-05
4.14789201412259e-05
4.27605217088408e-05
3.35012755838009e-05
1.99091135740505e-05
8.95448635159061e-06
3.04078399972041e-06
7.77385194469163e-07
1.49282734555433e-07
2.1680065184399e-08
2.47772173535988e-09
0
0
0
0
0
2.1680065184399e-08
1.52379886724633e-07
8.17028742234921e-07
3.31704997321304e-06
1.02131689931534e-05
2.38914318332076e-05
4.25208021309448e-05
5.76070303471172e-05
5.93872734139733e-05
4.65278976074555e-05
2.76507551361824e-05
1.24363048202051e-05
4.22265726748708e-06
1.08028667661691e-06
2.0750919533639e-07
2.97326608243186e-08
3.09715216919985e-09
0
0
0
0
0
3.71658260303982e-09
2.78743695227987e-08
1.50521595423113e-07
6.11997268633891e-07
1.88368794930735e-06
4.40600867590371e-06
7.84198929241402e-06
1.06244708012232e-05
1.09527689311584e-05
8.58096979998511e-06
5.09977076180448e-06
2.29375089650941e-06
7.78624055336843e-07
1.9945659969647e-07
3.84046868980782e-08
5.57487390455973e-09
6.1943043383997e-10
0
0
0
0
0
0
0
1.23886086767994e-09
5.57487390455973e-09
1.67246217136792e-08
3.84046868980782e-08
6.87567781562367e-08
9.29145650759955e-08
9.53922868113554e-08
7.49510824946364e-08
4.45989912364779e-08
1.9821773882879e-08
6.81373477223967e-09
1.85829130151991e-09
6.1943043383997e-10
0
0
0
0
0
0
0
0
0
0
0
0
0
0
0
0
0
0
0
0
0
0
0
0
0
0
0
0
0
0
0
0
0
0
0
0
0
0
0
0
0
0
0
0
0
0
0
0
0
0
0
0
0
0
0
0
0
0
0
0
0
0
0
0
0
0
0
0
0
0
0
0
0
0
0
0
0
0
0
0
0
0
0
0
0
0
0
0
0
0
0
0
0
0
0
0
0
0
0
0
0
0
0
0
0
0
0
0
0
0
0
0
0
0
0
0
0
0
0
0
0
0
0
0
0
0
0
0
0
0
0
0
0
0
0
0
0
0
0
0
0
0
0
0
0
0
0
0
0
0
0
0
0
0
0
0
0
0
0
0
0
0
0
0
0
0
0
0
0
0
0
0
0
0
0
0
0
0
0
0
0
0
0
0
0
0
0
0
0
0
0
0
0
0
0
0
0
0
0
0
0
0
0
0
0
0
0
0
0
0
0
0
0
0
0
0
0
0
0
0
0
0
0
0
0
0
0
0
0
0
0
0
0
0
0
0
0
0
0
0
0
0
0
0
0
0
0
0
0
0
0
0
0
0
0
0
0
0
0
0
0
0
0
0
0
0
0
0
0
0
0
0
0
0
0
0
0
0
0
0
0
0
0
0
0
0
0
0
0
0
0
0
0
0
0
0
0
0
0
0
0
0
0
0
0
0
0
0
0
0
0
0
0
0
0
0
0
0
0
0
0
0
0
0
0
0
0
0
0
0
0
0
0
0
0
0
0
0
0
0
0
0
0
0
0
0
0
0
0
0
0
0
0
0
0
0
0
0
0
0
