0
0
0
0
0
0
0
0
0
0
0
0
0
0
0
0
0
0
0
0
0
0
0
0
0
0
0
0
0
0
0
1.63497567029083e-09
1.79847323731992e-08
1.71672445380537e-08
1.63497567029083e-09
0
0
0
0
0
0
0
0
0
0
1.22623175271812e-08
1.21805687436667e-07
1.03820955063468e-07
1.06273418568904e-08
0
0
0
0
0
0
0
0
0
0
2.04371958786354e-08
1.69219981875101e-07
9.31936132065774e-08
8.99236618659958e-09
0
0
0
0
0
0
0
0
0
4.08743917572708e-09
4.9049270108725e-08
9.31936132065774e-08
2.12546837137808e-08
1.63497567029083e-09
0
0
0
0
0
0
0
0
0
1.47147810326175e-08
1.45512834655884e-07
8.50187348551233e-08
7.35739051630875e-09
0
0
0
0
0
0
0
0
0
0
5.72241484601791e-09
5.31367092844521e-08
1.79847323731992e-08
1.63497567029083e-09
0
0
0
0
0
0
0
0
0
0
8.17487835145416e-10
5.72241484601791e-09
8.17487835145416e-10
0
0
0
0
0
0
0
0
0
0
0
0
0
0
0
0
0
0
0
0
0
0
0
0
0
0
0
0
0
0
0
0
0
0
0
0
0
0
0
0
0
0
0
0
0
0
0
0
0
0
0
0
0
0
0
0
0
0
0
0
0
0
0
0
0
0
0
0
0
0
0
0
0
0
0
0
0
0
0
0
8.17487835145416e-10
3.26995134058167e-09
4.08743917572708e-09
1.55322688677629e-08
4.9049270108725e-09
0
0
0
0
0
0
0
0
5.72241484601791e-09
4.49618309329979e-08
9.07411497011412e-08
8.74711983605595e-08
1.8556973857801e-07
1.21805687436667e-07
1.22623175271812e-08
0
0
0
0
0
0
8.17487835145416e-10
2.69770985597987e-08
2.40341423532752e-07
4.47983333659688e-07
1.01858984259119e-06
6.08129200564675e-06
5.68808035694181e-06
6.00853558831881e-07
6.53990268116333e-09
0
0
0
0
0
8.17487835145416e-10
2.28896593840717e-08
1.66767518369665e-07
3.09010401684967e-07
4.54032743639764e-06
3.82281836349051e-05
3.2667631380246e-05
3.40647180905095e-06
3.76044404166891e-08
0
0
0
0
0
0
4.08743917572708e-09
4.00569039221254e-08
3.13097840860694e-07
6.85463549769432e-06
5.27353227573957e-05
2.93886876734777e-05
2.8007133232082e-06
2.77945863949442e-08
0
0
0
0
0
0
1.63497567029083e-09
3.18820255706712e-08
1.52624978821649e-06
1.55805006500365e-05
2.93429083547096e-05
6.73282981025765e-06
4.40625943143379e-07
4.08743917572708e-09
0
0
0
0
0
0
0
1.79847323731992e-08
4.68911022239411e-06
4.53550425817028e-05
2.65560923246988e-05
2.4966078485341e-06
1.88022202083446e-08
0
0
0
0
0
0
0
0
9.80985402174499e-09
1.80828309134166e-06
1.66824742518125e-05
5.60714906126241e-06
4.35721016132507e-07
2.45246350543625e-09
0
0
0
0
0
0
0
0
3.26995134058167e-09
2.10911861467517e-07
1.72408184432168e-06
2.60778619411388e-07
8.99236618659958e-09
0
0
0
0
0
0
0
0
0
0
4.9049270108725e-09
1.79847323731992e-08
2.45246350543625e-09
0
0
0
0
0
0
0
0
0
0
0
0
0
0
0
0
0
0
0
0
0
0
0
0
0
0
0
0
0
0
0
0
0
0
0
0
0
0
0
0
0
0
0
0
0
0
0
0
0
0
0
0
0
0
0
0
0
0
0
0
0
0
0
0
1.14448296920358e-08
1.27528102282685e-07
3.39257451585348e-07
1.09052877208399e-06
1.31125048757325e-06
4.88121986365328e-06
1.60472862039045e-06
1.2671061444754e-07
8.17487835145416e-10
0
0
0
0
0
9.07411497011412e-08
2.04862451487441e-06
1.41907713302893e-05
2.9114829248704e-05
2.66402935717188e-05
4.65068829414227e-05
2.71757481037391e-05
2.60615121844359e-06
2.20721715489262e-08
0
0
0
0
0
2.27261618170426e-07
8.69807056594723e-06
7.52023409306971e-05
0.000140460759834685
0.000152587374381233
0.000186232721212312
0.000165692521866449
1.8040321545989e-05
2.48516301884207e-07
0
0
0
0
0
2.63231082916824e-07
7.22659246268548e-06
5.22382901536272e-05
9.55937574905644e-05
0.000288498814413334
0.00045968485453196
0.000405504213282027
4.76791604970213e-05
1.00224008588828e-06
8.17487835145416e-10
0
0
0
0
4.41443430978525e-08
1.25239136344278e-06
1.28329240361127e-05
6.59516485881916e-05
0.000232730611787549
0.000481367901871357
0.000334722029075961
3.8480787375965e-05
8.59997202572978e-07
8.17487835145416e-10
0
0
0
0
8.17487835145416e-10
4.02204014891545e-07
9.53763057264157e-06
7.44077427549358e-05
0.00022180488687083
0.0003565595816162
0.000110286466351633
9.29565417343853e-06
1.43060371150448e-07
0
0
0
0
0
0
8.01138078442508e-08
3.89532953446791e-06
7.00006658356669e-05
0.00040617046586767
0.000260863638146243
6.19189810974193e-05
4.289358671008e-06
1.79847323731992e-08
0
0
0
0
0
0
4.08743917572708e-09
2.39850930831665e-06
4.02996978091636e-05
0.000176280624307252
5.38381138470068e-05
1.023167774468e-05
7.59446198850092e-07
7.35739051630875e-09
0
0
0
0
0
0
8.17487835145416e-10
9.21308790208884e-07
1.18413112920814e-05
3.14520269693847e-05
3.93538643839003e-06
1.61045103523647e-07
1.79847323731992e-08
8.17487835145416e-10
0
0
0
0
0
0
0
1.07908394239195e-07
1.23358914323443e-06
2.2284718386064e-06
2.34619008686734e-07
7.35739051630875e-09
8.17487835145416e-10
0
0
0
0
0
0
0
0
8.17487835145416e-10
8.17487835145416e-09
1.47147810326175e-08
1.63497567029083e-09
0
0
0
0
0
0
0
0
0
0
0
0
0
0
0
0
0
0
0
0
0
0
0
0
0
0
0
0
0
0
0
0
0
0
0
0
0
0
0
0
0
0
0
0
0
0
0
0
0
0
8.89426764638213e-07
9.76407470297685e-06
1.95665713342055e-05
5.12818293865071e-05
2.5595544118403e-05
4.87443471462157e-05
1.65892806386059e-05
3.68687013650583e-06
2.64048570751969e-07
0
0
0
0
0
5.83441067943284e-06
7.15399954292457e-05
0.000215511048028046
0.000516460202170644
0.000377120218157943
0.00046564434085017
0.000239729942632064
3.99669802602594e-05
2.08214151611538e-06
2.45246350543625e-09
0
0
0
0
7.54132527921646e-06
0.000131113603927633
0.000724518213605669
0.00158082445860297
0.00174519673761565
0.00150344596505511
0.00109515902318225
0.000152776214071151
5.51313796022069e-06
6.53990268116333e-09
0
0
0
0
3.36150997811795e-06
7.7399748231568e-05
0.000521965165252513
0.00109269511484712
0.00266758215930342
0.00210931481175561
0.00169192105539923
0.000259361095505246
1.08644133290826e-05
2.45246350543625e-08
0
0
0
0
4.28363625616198e-07
1.81179828903279e-05
0.000197384072771531
0.000812981842198095
0.00206755998559989
0.00149502502286528
0.00134780690858528
0.000243568865505906
1.29154903074624e-05
7.68438565036691e-08
0
0
0
0
1.30798053623267e-08
8.48634121664457e-06
0.000139826389274613
0.000690574483714761
0.00123406900859366
0.00156872155120364
0.000735596808747559
9.83748511057291e-05
4.1814502767688e-06
3.26995134058167e-08
0
0
0
0
3.26995134058167e-09
3.00018035498368e-06
5.82672629378247e-05
0.000371943885185802
0.000882845170077457
0.000741147551148197
0.000496499601699898
8.11103255152931e-05
4.09561405407854e-06
3.26995134058167e-08
0
0
0
0
0
3.44979866431366e-07
2.1435348525348e-05
0.000222324809133983
0.000496780817515188
0.000143788752811562
9.64496672539616e-05
2.90608750515844e-05
2.18677995901399e-06
7.35739051630875e-09
0
0
0
0
0
1.06273418568904e-08
6.71811502922503e-06
7.75697857012783e-05
0.000148258776294138
2.54966280903504e-05
1.47997997674726e-05
4.1724579105822e-06
2.93478132817204e-07
0
0
0
0
0
0
8.17487835145416e-10
7.77430931223291e-07
8.83050359524079e-06
1.56189225782883e-05
3.08029416282793e-06
2.10993610251032e-06
2.28896593840717e-07
2.45246350543625e-09
0
0
0
0
0
0
0
4.9049270108725e-09
5.885912413047e-08
1.03820955063468e-07
2.04371958786354e-08
1.38972931974721e-08
1.63497567029083e-09
0
0
0
0
0
0
0
0
0
0
0
0
0
0
0
0
0
0
0
0
0
0
0
0
0
0
0
0
0
0
0
0
0
0
0
0
0
0
0
0
0
0
0
0
0
0
0
0
5.73631213921539e-06
6.63211530896773e-05
0.000165229006263921
0.000397811652753308
0.000144044626503963
0.000135873018103849
5.67745301508492e-05
2.7484758505424e-05
2.46799577430401e-06
3.26995134058167e-09
0
0
0
0
3.72357534030386e-05
0.000421611993585732
0.000972424669564857
0.00250432902113705
0.00171295910483669
0.00135247639909963
0.000549431939025564
0.000208952343126674
1.77076039970849e-05
2.12546837137808e-08
0
0
0
0
4.55324374419294e-05
0.000554170916005902
0.00173675372325427
0.00528611750096163
0.00677575936643247
0.00450795328315021
0.00195014911276496
0.000488467783719595
3.50816729574304e-05
5.15017336141612e-08
0
0
0
0
1.56745117510782e-05
0.000263282584650438
0.00147646069161696
0.00427768657969779
0.00826804744002569
0.00624659540330367
0.00366824776362121
0.000849934744810173
6.39831378811614e-05
9.13951399692575e-07
8.17487835145416e-10
0
0
0
1.71427199029994e-06
9.0588279475969e-05
0.000997408732782571
0.00345653966900227
0.00678403070834848
0.00537231914071421
0.00375641464412948
0.0011370609971483
0.0001287077372288
4.80028856797388e-06
6.53990268116333e-09
0
0
0
7.52088808333783e-08
4.60409148753898e-05
0.000630777701037379
0.00228505425911599
0.00371348263549115
0.0039866788951184
0.00262735031298458
0.000602044638607688
7.66141424219933e-05
4.09724902974883e-06
5.72241484601791e-09
0
0
0
2.61596107246533e-08
2.03080328006824e-05
0.000279351125538056
0.00100954842713448
0.00157520831717552
0.00150016211642133
0.00167911592594951
0.000536484566692531
0.000117177071314074
8.36126557786732e-06
1.06273418568904e-08
0
0
0
3.26995134058167e-09
2.70016231948531e-06
4.96795532296221e-05
0.000280453099139833
0.000502396141454802
0.000431333558921281
0.000545477750366966
0.00024229358448308
3.43868082975568e-05
1.54096456924911e-06
1.63497567029083e-09
0
0
0
0
2.9429562065235e-08
9.4084674946886e-06
9.6614799796661e-05
0.000117424770128123
0.000151617016320915
0.000203793994886906
4.51073437676538e-05
2.79008598135131e-06
1.38972931974721e-08
0
0
0
0
0
1.63497567029083e-09
1.32433029293557e-06
1.33315916155514e-05
1.18919955378604e-05
2.00938509878743e-05
2.88810277278524e-05
3.0672143574656e-06
2.12546837137808e-08
0
0
0
0
0
0
0
8.99236618659958e-09
8.99236618659958e-08
7.847883217396e-08
1.34885492798994e-07
1.94562104764609e-07
1.961970804349e-08
0
0
0
0
0
0
0
0
0
0
0
0
0
0
0
0
0
0
0
0
0
0
0
0
0
0
0
0
0
0
0
0
0
0
0
0
0
0
0
0
0
0
0
0
0
0
0
0
3.87162238724869e-06
5.02951215694866e-05
0.000365601814560744
0.000735781560998302
0.00027585636504281
0.000223255110290378
0.000134340228412952
6.57423717023944e-05
5.80007619035673e-06
7.35739051630875e-09
0
0
0
0
2.69501214612389e-05
0.000261229055208553
0.00126104038473862
0.00249920173743502
0.00291193336066757
0.00236068741613581
0.0011433924404315
0.000438679504607898
3.68368193394876e-05
5.39541971195975e-08
0
0
0
0
4.58855921867122e-05
0.000476869266314551
0.00180382287771311
0.00705732343154027
0.0128990032128032
0.00846316707149386
0.00356250080721814
0.000850537233344675
6.95927394059293e-05
1.15265784755504e-06
1.63497567029083e-09
0
0
0
3.92435035261557e-05
0.000518681316618734
0.00240174983009517
0.00949257309563186
0.0162131405883623
0.0118294209315192
0.00745122340500241
0.0021520342735568
0.000291598728284205
1.46918913732334e-05
3.76044404166891e-08
0
0
0
8.54601782861018e-06
0.000217884215213473
0.00195337001483543
0.00722496320943003
0.0114240532387056
0.0107841907953563
0.0086369608978066
0.00332396521431323
0.000766281214639743
5.50733379659115e-05
2.02736983116063e-07
0
0
0
2.83831776362489e-06
8.70199450755593e-05
0.000977179996301898
0.00448621301166236
0.00686735560840918
0.00685204733120824
0.00560665938604916
0.00193889639271418
0.000582632572474325
4.85301653334076e-05
2.58326155905952e-07
0
0
0
4.85587774076377e-07
3.15999922675461e-05
0.000440052884170942
0.00210721141555578
0.00372573596065215
0.00341090504558094
0.0032544468663003
0.00147776948964103
0.000690690566987351
6.14906174718031e-05
1.0872588207434e-07
0
0
0
8.17487835145416e-09
3.97135590313643e-06
8.27085142330024e-05
0.000547111908549421
0.00124842736493016
0.00183798078941682
0.00181032027102684
0.00062535693920253
0.000147505869997969
1.0726257884943e-05
1.30798053623267e-08
0
0
0
0
8.09312956793962e-08
3.94789400226776e-05
0.000390763272638685
0.000320866427758081
0.000625927545711461
0.000816547724134999
0.000134365570535841
6.56442731621769e-06
8.66537105254141e-08
0
0
0
0
0
8.99236618659958e-09
6.87834264491353e-06
6.67879386435454e-05
3.58983433047407e-05
7.16887782152421e-05
0.000110413994453916
1.16868060912389e-05
7.35739051630875e-08
0
0
0
0
0
0
0
4.65968066032887e-08
4.53705748505706e-07
2.38706447862462e-07
4.77412895724923e-07
7.42278954312038e-07
7.60263686685237e-08
0
0
0
0
0
0
0
0
0
0
0
0
0
0
0
0
0
0
0
0
0
0
0
0
0
0
0
0
0
0
0
0
0
0
0
0
0
0
0
0
0
0
0
0
0
0
0
0
1.77509308523476e-05
6.93850974958024e-05
0.000280731862491617
0.000429275124552385
0.00054536084960654
0.000415443230381725
0.000174494413387459
7.18833403200067e-05
6.23824966999467e-06
1.22623175271812e-08
0
0
0
0
0.000108056359537356
0.000443501047859586
0.00171754357661619
0.00266474138907629
0.00375880334358378
0.00373237886680054
0.00175490113570667
0.000522689459474452
4.69058170049737e-05
7.56993735344655e-07
8.17487835145416e-10
0
0
0
0.000102897193809754
0.000658076889804225
0.00307250350375899
0.0079652074365204
0.0130091065618798
0.0115945836535804
0.00628179315953369
0.00140983379807694
0.000219708030573682
1.38662286597366e-05
1.79847323731992e-08
0
0
0
5.11788259192788e-05
0.000643680929027314
0.00343101361134985
0.011783319522544
0.0175807683069985
0.0159036241617074
0.0109273427251442
0.00390446577851349
0.00110021028051561
8.71850776182586e-05
2.96748084157786e-07
0
0
0
2.67383921119363e-05
0.000432302282005929
0.00258151540504364
0.00952014941277482
0.0163693608786829
0.0146336134829537
0.0116272218553986
0.00494634094460096
0.00223264347902915
0.000209057799057408
1.57121161914949e-06
1.63497567029083e-09
0
0
2.40112526938912e-05
0.000349664071726749
0.00165671594177869
0.00542871272153388
0.0112341892365296
0.0111255696278738
0.00901618451216438
0.00310861521138871
0.00176898645110622
0.000182955412481214
2.13854817674041e-06
2.45246350543625e-09
0
0
3.98770565983934e-06
6.37599637021667e-05
0.000403421254278076
0.00189642953465405
0.00507545170333249
0.00659793123765329
0.00455077983585781
0.00206014945837429
0.000616649058782561
5.07308425856191e-05
3.90759185199509e-07
0
0
0
3.84219282518346e-08
9.11989428888226e-06
0.000129396061985992
0.000592607559038769
0.00166083035805298
0.00265983727955326
0.00212278537630314
0.000759702890030327
0.000121752550727383
6.6960428576761e-06
1.06273418568904e-08
0
0
0
2.45246350543625e-09
2.18269251983826e-06
5.87021664661221e-05
0.000450089182323023
0.000919912520986456
0.000834054226124638
0.000750265810461409
0.000162090670464798
1.4099212692753e-05
4.79865359230359e-07
8.17487835145416e-10
0
0
0
0
1.54505200842484e-07
7.86423297409891e-06
7.44960314411315e-05
0.000143414343383066
9.99436102613732e-05
9.09953884178714e-05
1.50197039951267e-05
7.35739051630875e-07
7.35739051630875e-09
0
0
0
0
0
8.17487835145416e-10
5.31367092844521e-08
5.08477433460449e-07
1.00387506155857e-06
7.3655653946602e-07
6.22925730380807e-07
1.00551003722886e-07
4.9049270108725e-09
0
0
0
0
0
0
0
0
0
8.17487835145416e-10
8.17487835145416e-10
0
0
0
0
0
0
0
0
0
0
0
0
0
0
0
0
0
0
0
0
0
0
0
0
0
0
0
0
0
0
0
0
0
0
0
0
1.13867880557405e-05
3.4815171923173e-05
8.9581951950905e-05
0.000161510254101845
0.00024429070726434
0.000243680043851486
0.000118739290567037
2.8901464923731e-05
2.32493540315356e-06
3.51519769112529e-08
0
0
0
0
6.7781186363247e-05
0.000197636676512591
0.000440708509414729
0.00120580600166918
0.00177918297687399
0.00200388422314474
0.00101855223815077
0.000251115913199969
6.3480382862547e-05
4.97768342820044e-06
6.53990268116333e-09
0
0
0
5.46752213901957e-05
0.000213864627528063
0.000957016658848036
0.00396776467907664
0.00596661726459606
0.0058033109897204
0.0031788235191345
0.00111909097955613
0.000558734950589519
5.11224192586538e-05
1.10360857744631e-07
0
0
0
1.81049030849655e-05
0.000202737800603898
0.0014062695511157
0.00642524510735717
0.0104426386554177
0.0108341703666214
0.00696076095096506
0.00404678305322179
0.00193483347817351
0.000177844478535885
1.09625118693e-06
8.17487835145416e-10
0
0
3.61264224107462e-05
0.000435945825287172
0.00150798710997934
0.00634395575200598
0.0122068313578586
0.0141822653693646
0.0106228522136998
0.00603336269387218
0.00259301664139631
0.000260781889362728
4.47247594608057e-06
4.9049270108725e-09
0
0
4.08269774628324e-05
0.000469593624581757
0.00114061870420685
0.00343661503799627
0.00852364400405009
0.0114683430946381
0.00894690814055065
0.00316858121404796
0.00199538888956191
0.000229366649345925
4.63106858609878e-06
5.72241484601791e-09
0
0
7.75959453120029e-06
0.000126594531174949
0.000682884375649548
0.00204407274260832
0.00494218810639843
0.0073346153052216
0.00527223165259385
0.00165986245245616
0.000536979146832794
5.10741874763802e-05
7.69256052871837e-07
8.17487835145416e-10
0
0
3.09827889520113e-07
6.4700074712584e-05
0.000718197397664324
0.00154435305632579
0.00261011358198054
0.00364811549070509
0.00269826738268344
0.00135234560104601
0.000272321547643641
1.67380634246024e-05
2.53421228895079e-08
0
0
0
2.04371958786354e-08
1.5802857341196e-05
0.000197110214346757
0.000599640406884525
0.00135773121090395
0.00209073167828708
0.00144247036491945
0.000556029065855187
7.23321411415016e-05
2.91843157146914e-06
3.26995134058167e-09
0
0
0
1.63497567029083e-09
1.0602817221836e-06
1.55813181378716e-05
7.59593346660418e-05
0.000248974095071888
0.000426701672847347
0.000234297735967522
7.03456457020982e-05
5.89408729139845e-06
6.13115876359062e-08
0
0
0
0
0
6.53990268116333e-09
1.02185979393177e-07
1.35866478201168e-06
1.17767297531049e-05
2.41551305528768e-05
6.06085480976812e-06
9.68723084647318e-07
6.53990268116333e-08
0
0
0
0
0
0
0
0
6.53990268116333e-09
7.19389294927966e-08
1.51235249501902e-07
3.18820255706712e-08
3.26995134058167e-09
0
0
0
0
0
0
0
0
0
0
0
0
0
0
0
0
0
0
0
0
0
0
0
0
0
0
0
0
0
0
0
0
0
0
1.35375985500081e-06
2.02843256534632e-05
0.000173312325977839
0.000137829266493352
4.55348899054348e-05
8.21101131376759e-05
5.74947369336123e-05
7.14974860618181e-06
4.48800821494834e-07
2.61596107246533e-08
0
0
0
0
7.93780687926199e-06
5.17118279877936e-05
0.000354322117411407
0.000471164836200907
0.000414214546165501
0.000758878044804666
0.000484110573558269
8.33714968673053e-05
4.05236894759934e-05
3.93620392622518e-06
6.53990268116333e-09
0
0
0
6.11072156771199e-06
3.3275024841759e-05
0.000302337248486675
0.00138927479651087
0.00196483528172335
0.00261769251170017
0.00151203612722682
0.000459738808729079
0.000316539464646657
3.33011844524837e-05
3.46614842101656e-07
0
0
0
1.74451904020032e-06
3.88870788300323e-05
0.000628812460281689
0.00378176412440951
0.0046442505774405
0.00569733104928431
0.00356263978015012
0.00145846206195056
0.00080525167722896
0.000104220706614854
3.36968485646941e-06
4.08743917572708e-09
0
0
5.58916432888921e-06
8.76134412438748e-05
0.000692943563461012
0.0038575828511679
0.00575456419011068
0.00911348354927905
0.0057993845956482
0.00201732699310587
0.00114511897473933
0.000193447051357471
9.52782071861983e-06
1.14448296920358e-08
0
0
1.0462209314191e-05
0.000165014824451113
0.000782113501543004
0.00172698147367294
0.00442570664954407
0.00879659746979029
0.00575550920604811
0.00134447564565706
0.000561571633377473
7.18522757822712e-05
2.29877579242891e-06
2.45246350543625e-09
0
0
8.49451609499602e-06
0.000168556181752963
0.000944894131740665
0.00124905846553889
0.00323925221990845
0.00579720353810403
0.00401955089845743
0.00111682899071628
0.000182916173065127
1.21421468154149e-05
1.25075638777249e-07
0
0
0
1.37174458737401e-06
7.11467837805407e-05
0.000639107902077511
0.0010597397277489
0.00214555731743895
0.00278349375944869
0.00191056635178722
0.00135129022425083
0.000177936037173422
5.6537458678657e-06
7.35739051630875e-09
0
0
0
2.20721715489262e-08
1.13123966627423e-05
0.000130040242400087
0.000329639707204862
0.00099689862037344
0.00195891258235772
0.00127132765165609
0.000935166026502434
0.000101652159836827
1.51398747068931e-06
1.63497567029083e-09
0
0
0
8.17487835145416e-10
5.60796654909756e-07
7.53560286437045e-06
6.29056889144398e-05
0.00049538618326843
0.00108522491100956
0.000368862773535139
0.00015884197380793
1.51439621460688e-05
1.21805687436667e-07
0
0
0
0
0
3.26995134058167e-09
5.39541971195975e-08
6.17775557019391e-06
7.19593666886753e-05
0.000154107084266768
3.44244127379735e-05
4.64251341579082e-06
2.91025669311768e-07
8.17487835145416e-10
0
0
0
0
0
0
0
4.08743917572708e-08
4.85587774076377e-07
1.03902703846982e-06
2.2644413033528e-07
2.53421228895079e-08
1.63497567029083e-09
0
0
0
0
0
0
0
0
0
0
0
0
0
0
0
0
0
0
0
0
0
0
0
0
0
0
0
0
0
0
0
0
0
7.35739051630875e-09
2.4966078485341e-06
2.49521811921435e-05
1.83419745571577e-05
3.423639053589e-06
8.85748069380059e-06
6.78841898304754e-06
6.60530170797496e-07
3.35170012409621e-08
3.26995134058167e-09
0
0
0
0
3.10645377355258e-08
4.76677156673292e-06
4.89617989103644e-05
5.73009923166828e-05
8.23226599748137e-05
0.00017348563339889
9.17025153952722e-05
1.18184216326973e-05
4.89511715685075e-06
4.87222749746668e-07
8.17487835145416e-10
0
0
0
2.20721715489262e-08
2.32248293964813e-06
3.74033384092434e-05
0.000203594527855131
0.000571273579004979
0.000965025587168955
0.000535282042087032
0.000141745850711534
4.31437379876345e-05
4.06046207716728e-06
5.80416362953246e-08
0
0
0
1.22623175271812e-08
4.64496587929626e-06
0.000105052909231032
0.000711316602555905
0.00138158060100648
0.00197207822394274
0.00155307483403895
0.000608827335175889
0.000125135315389214
1.3317694322354e-05
5.66519069755774e-07
8.17487835145416e-10
0
0
1.81482299402282e-07
1.17595625085668e-05
0.000190554779396726
0.00108707570346833
0.00204166851088516
0.00296738601298898
0.00199455096453088
0.000599370635898927
0.000165977007633079
2.74978383107864e-05
1.57039413131434e-06
1.63497567029083e-09
0
0
1.12568074899524e-06
2.74070971610852e-05
0.000284807039349817
0.00139648340424118
0.00241331074305979
0.0035907515518251
0.00193673904231724
0.000546827422782791
8.05617911779105e-05
6.99687838100962e-06
2.92660644982059e-07
0
0
0
1.69710474576188e-06
3.37295480780999e-05
0.000257087661835706
0.00101735625344795
0.00205269969173261
0.00278007584280995
0.00179689221584674
0.000466971123606611
4.20597491182317e-05
1.05210684383215e-06
3.26995134058167e-09
0
0
0
3.00018035498368e-07
1.11439941687023e-05
0.000151455153729556
0.000859364466988575
0.00176468646509336
0.00135757261826393
0.0016740891932512
0.000700224110120817
6.61069712768692e-05
9.69540572482464e-07
8.17487835145416e-10
0
0
0
3.26995134058167e-09
1.40444410077983e-06
3.9733996227243e-05
0.000310514579301635
0.00060931047048646
0.000657140048745148
0.000930705812873881
0.000314063293994001
2.60165503535029e-05
2.5505620456537e-07
0
0
0
0
0
6.53990268116333e-08
3.6468132325837e-06
3.91535798642897e-05
0.00013045062129333
0.000310911878389516
0.000214001965484367
4.82121625655361e-05
3.2454267055273e-06
1.88022202083446e-08
0
0
0
0
0
0
2.53421228895079e-08
1.13385562734669e-06
1.31746339512035e-05
4.32908857979607e-05
1.71884992217675e-05
2.20149474004661e-06
9.2376125371432e-08
0
0
0
0
0
0
0
0
6.53990268116333e-09
8.74711983605595e-08
2.91843157146914e-07
1.11995833414922e-07
1.30798053623267e-08
8.17487835145416e-10
0
0
0
0
0
0
0
0
0
0
0
0
0
0
0
0
0
0
0
0
0
0
0
0
0
0
0
0
0
0
0
0
0
0
8.17487835145416e-09
8.09312956793962e-08
6.45815389764879e-08
9.2376125371432e-08
3.81766819012909e-07
8.50187348551233e-08
4.9049270108725e-09
0
0
0
0
0
0
0
1.55322688677629e-08
1.78212348061701e-07
1.07172655187564e-06
1.25132862925709e-05
5.31457016506387e-05
9.84255353515081e-06
8.42829958034924e-07
5.64066606250337e-08
1.63497567029083e-09
0
0
0
0
0
2.12546837137808e-08
6.80967366676132e-07
1.13058567600611e-05
0.000104660515070162
0.00039318221914288
9.63654660069417e-05
5.99504703903891e-05
6.00281317347279e-06
3.76044404166891e-08
1.63497567029083e-09
0
0
0
0
2.88573205806332e-07
6.34452308856357e-06
5.87054364174626e-05
0.000305076650222248
0.000753091048419671
0.000292166064841796
0.000326422892573565
3.36649665391234e-05
2.61596107246533e-07
1.38972931974721e-08
0
0
0
9.80985402174499e-09
1.57366408265493e-06
2.93412733790393e-05
0.000203309224600665
0.000622360028798887
0.000735141468023383
0.000303265097179565
0.00019094308611842
2.01461702093236e-05
6.11480900688771e-07
3.84219282518346e-08
0
0
0
6.04940998007608e-08
2.85957244733867e-06
6.11897819484695e-05
0.000464311835678883
0.000995620069399273
0.00124966013658556
0.000495631429618974
0.000107368034780164
7.78248419058436e-06
1.25893126612394e-07
7.35739051630875e-09
0
0
0
9.07411497011412e-08
2.22765435077126e-06
5.01594185888524e-05
0.000438468592746431
0.00095560649233241
0.00113137046432785
0.000939754585721105
0.000123242831050853
4.03511995427778e-06
3.59694647463983e-08
0
0
0
0
1.55322688677629e-08
3.69504501485728e-07
1.64241480959066e-05
0.000189613033410639
0.000565687684627431
0.000494522098626682
0.00060054046099102
0.000117536765961538
6.91104215831935e-06
7.27564173279421e-08
0
0
0
0
0
1.14448296920358e-08
4.28608871966742e-06
5.18254587968788e-05
0.000141729500954831
0.00024496758719184
0.00023543649652188
3.91274202535651e-05
1.90556414372397e-06
1.38972931974721e-08
0
0
0
0
0
8.17487835145416e-10
5.1011240913074e-07
5.67745301508492e-06
1.59222105651273e-05
6.83517928721786e-05
4.31886998185675e-05
5.44201651856304e-06
1.73307421050828e-07
0
0
0
0
0
0
0
3.26995134058167e-09
4.41443430978525e-08
7.88058273080181e-07
6.56769726755827e-06
2.80725322588936e-06
2.96748084157786e-07
7.35739051630875e-09
0
0
0
0
0
0
0
0
0
4.9049270108725e-09
4.33268552627071e-08
1.79847323731992e-08
1.63497567029083e-09
0
0
0
0
0
0
0
0
0
0
0
0
0
0
0
0
0
0
0
0
0
0
0
0
0
0
0
0
0
0
0
0
0
0
0
0
0
0
4.9049270108725e-09
4.00569039221254e-08
4.08743917572708e-09
0
0
0
0
0
0
0
0
0
0
2.12546837137808e-08
8.14217883804835e-07
5.93414419532058e-06
6.55625243786624e-07
4.9049270108725e-08
4.9049270108725e-09
0
0
0
0
0
0
8.99236618659958e-09
1.25893126612394e-07
1.09134625991913e-06
1.10736902148798e-05
4.52880085792209e-05
6.51374307043868e-06
6.95763896492264e-06
7.30834124620002e-07
8.17487835145416e-10
0
0
0
0
1.63497567029083e-09
1.28427338901345e-06
1.81907393076558e-05
7.3385882961004e-05
0.000145879886693864
0.000104232968932381
1.9389176473979e-05
3.88274022180667e-05
4.08253424871621e-06
5.72241484601791e-09
0
0
0
0
8.17487835145416e-09
6.84400815583743e-06
0.000103290405458458
0.000444700302513744
0.000680478508950715
0.000163066750939962
1.95330543329646e-05
1.95068947222399e-05
2.00529765961171e-06
4.08743917572708e-09
0
0
0
0
2.45246350543625e-09
1.6938347944213e-06
5.95327341066298e-05
0.000470435637051957
0.000580106535063725
0.00020038670559002
4.93018738497849e-05
7.11459662927056e-06
3.77679379837182e-07
8.17487835145416e-10
0
0
0
0
8.17487835145416e-10
1.40607907645012e-07
1.17113307262932e-05
0.000115310746586437
0.000180294489577816
0.000158850966174117
0.000126801355597241
1.23955680443099e-05
5.06842457790158e-08
0
0
0
0
0
0
1.14448296920358e-08
9.13951399692575e-07
1.27233806662033e-05
7.39295123713757e-05
0.00026211357704618
0.000164295435156185
1.49992667992481e-05
4.00569039221254e-08
0
0
0
0
0
0
0
9.64635645471591e-08
1.77967101711157e-06
6.21495126669303e-05
0.000527854347616901
0.000224379973551538
1.82757580425109e-05
2.77945863949442e-08
0
0
0
0
0
0
0
1.30798053623267e-08
1.84752250742864e-07
2.29239938731478e-05
0.000216890150005936
7.18522757822712e-05
5.29241624473143e-06
6.53990268116333e-09
0
0
0
0
0
0
0
0
4.08743917572708e-09
2.58571402256495e-06
2.46374483756126e-05
6.75817193314716e-06
4.49618309329979e-07
8.17487835145416e-10
0
0
0
0
0
0
0
0
0
1.71672445380537e-08
1.64315054864229e-07
4.41443430978525e-08
3.26995134058167e-09
0
0
0
0
0
0
0
0
0
0
0
0
0
0
0
0
0
0
0
0
0
0
0
0
0
0
0
0
0
0
0
0
0
0
0
0
0
0
0
0
0
0
0
0
0
0
0
0
0
0
0
1.79847323731992e-08
1.72489933215683e-07
6.2946563306197e-08
4.9049270108725e-09
0
0
0
0
0
0
0
0
4.00569039221254e-08
4.37355991802798e-07
3.22662448531896e-06
2.52996135220803e-05
6.66661329561087e-06
4.37355991802798e-07
2.28896593840717e-08
2.45246350543625e-09
0
0
0
0
0
7.35739051630875e-09
5.90716709676078e-06
6.36790324064873e-05
0.000103640290251901
0.000186395401291506
4.39677657254611e-05
2.74839410175889e-06
1.2834559011783e-07
1.30798053623267e-08
0
0
0
0
0
3.84219282518346e-08
3.13359436967941e-05
0.000343846010804019
0.000539593472929589
0.000346438264729265
6.0635525196241e-05
3.20128236242945e-06
6.62165146467787e-08
6.53990268116333e-09
0
0
0
0
0
8.17487835145416e-09
6.96744881894438e-06
0.000108475730796786
0.000435610655274762
0.000226233218473813
2.70318702447535e-05
9.50738352274119e-07
2.45246350543625e-08
8.17487835145416e-10
0
0
0
0
0
0
2.41976399203043e-07
8.95721420968832e-06
6.63996319218513e-05
3.3527628582819e-05
7.52252305900812e-06
2.53012484977506e-06
2.19904227654117e-07
0
0
0
0
0
0
0
1.63497567029083e-09
6.04940998007608e-08
4.94580140262977e-07
6.80803869109103e-06
6.2192839522193e-05
2.43668599021794e-05
1.92273138826202e-06
2.45246350543625e-09
0
0
0
0
0
0
0
0
3.67869525815437e-08
2.61620631881588e-05
0.000250288615510802
7.84518550754002e-05
5.61941137878959e-06
6.53990268116333e-09
0
0
0
0
0
0
0
0
1.88022202083446e-08
1.51472320974094e-05
0.00014456209630361
4.09536880772799e-05
2.77455371248354e-06
3.26995134058167e-09
0
0
0
0
0
0
0
0
2.45246350543625e-09
2.04862451487441e-06
1.95256969424483e-05
5.29568619607201e-06
3.49067305607093e-07
8.17487835145416e-10
0
0
0
0
0
0
0
0
0
1.38972931974721e-08
1.31615541458412e-07
3.51519769112529e-08
2.45246350543625e-09
0
0
0
0
0
0
0
0
0
0
0
0
0
0
0
0
0
0
0
0
0
0
0
0
0
0
0
0
0
0
0
0
0
0
0
0
0
0
0
0
0
0
0
0
0
0
0
0
0
0
0
2.69770985597987e-08
2.59143643741097e-07
6.70340024819241e-08
4.08743917572708e-09
0
0
0
0
0
0
0
0
5.72241484601791e-09
6.78514903170695e-08
4.09888400541912e-06
3.82805028563544e-05
9.9251198065005e-06
6.35188047907988e-07
8.17487835145416e-10
0
0
0
0
0
0
8.17487835145416e-10
8.64084641748705e-07
9.24987485467039e-06
3.67910400207195e-05
0.00024159136243269
6.22034668640499e-05
3.9762608301473e-06
4.9049270108725e-09
0
0
0
0
0
0
5.72241484601791e-09
4.58447177949549e-06
4.97261500362254e-05
9.51048997651474e-05
0.000258706287749294
6.41319206671579e-05
4.05392217448612e-06
4.9049270108725e-09
0
0
0
0
0
0
1.63497567029083e-09
1.01858984259119e-06
1.51774791473098e-05
5.99954322213221e-05
5.90724884554429e-05
1.1715418165469e-05
6.55625243786624e-07
8.17487835145416e-10
0
0
0
0
0
0
0
3.51519769112529e-08
1.19353223931231e-06
8.50596092468806e-06
3.62065362185905e-06
3.79314355507473e-07
1.961970804349e-08
8.17487835145416e-10
0
0
0
0
0
0
0
0
7.35739051630875e-09
5.80416362953246e-08
5.13382360471321e-07
4.67684790486693e-06
1.28917831602432e-06
8.58362226902687e-08
0
0
0
0
0
0
0
0
0
3.26995134058167e-09
2.79417342052703e-06
2.66362061325431e-05
7.24212473155324e-06
4.78230383560068e-07
8.17487835145416e-10
0
0
0
0
0
0
0
0
2.45246350543625e-09
1.79929072515506e-06
1.71476248300103e-05
4.6457833671314e-06
3.06557938179531e-07
0
0
0
0
0
0
0
0
0
0
2.53421228895079e-07
2.41158911367898e-06
6.52355292446042e-07
4.33268552627071e-08
0
0
0
0
0
0
0
0
0
0
1.63497567029083e-09
1.63497567029083e-08
4.08743917572708e-09
0
0
0
0
0
0
0
0
0
0
0
0
0
0
0
0
0
0
0
0
0
0
0
0
0
0
0
0
0
0
0
0
0
0
0
0
