0.000633544945416218
0.000578402350014001
0.000130342682556726
8.0466799917131e-06
2.14277392911772e-07
3.94721513258526e-08
0
0
0
0
0
0
0
0.000242139092869063
0.00147236763324191
0.00175973053377288
0.00044317075957163
3.44873825012735e-05
6.86251545193752e-06
1.26874772118812e-06
1.69166362825083e-08
0
0
0
0
0
0
0.000246920862058252
0.00149652458985333
0.00184347916112882
0.000541614304978307
9.79304074394404e-05
4.01544556559138e-05
6.33246084841893e-06
5.63887876083609e-08
0
0
0
0
0
0
0.000140723858355426
0.000845273565128091
0.00132724544945303
0.000637994020758517
0.000247755416114855
7.72751945384978e-05
9.27031668281454e-06
7.89443026517053e-08
0
0
0
0
0
0
0.000104685784194922
0.000836990052228423
0.00228017084900425
0.000916526437150016
0.000223333432201674
4.87255513723847e-05
5.00168546086161e-06
4.51110300866887e-08
0
0
0
0
0
0
9.1304724895458e-05
0.000621004079052118
0.0014005226789501
0.000527488913682412
8.01961337366109e-05
9.28159444033621e-06
8.85303965451266e-07
1.12777575216722e-08
0
0
0
0
0
0
2.03112412965316e-05
0.000126604105938292
0.000248511025868807
9.26862501918628e-05
1.06518419792194e-05
3.04499453085149e-07
2.81943938041805e-08
0
0
0
0
0
0
0
4.00360392019363e-07
2.46419001848537e-06
4.77613031042817e-06
1.81571896098922e-06
2.42471786715952e-07
1.12777575216722e-08
0
0
0
0
0
0
0
0
0
5.63887876083609e-09
5.63887876083609e-09
5.63887876083609e-09
0
0
0
0
0
0
0
0
0
0
0
0
0
0
0
0
0
0
0
0
0
0
0
0
0
0
0
0
0
0
0
0
0
0
0
0
0
0
0
0
0
0
0
0
0
0
0
0
0
0
0
0
0
0
0
0
0
0
0
0
0
0
0
0
0
0
0
0
0
0
0
0
0
0
0
0
0
0
0
0
0.000328600020908962
0.0017863065693727
0.00146172143014145
0.00041788038832928
4.3520866276133e-05
6.68771021035161e-06
2.43035674592036e-06
2.65027301759296e-07
0
0
0
0
0
0
0.000607814741630522
0.00355121359384803
0.00396695684712695
0.00172605514981317
0.000310471025692874
0.000139285944271412
3.01792791279948e-05
1.17288678225391e-06
5.63887876083609e-09
0
0
0
0
0
0.000678926641683426
0.00385041250089799
0.00531931786258075
0.0037166526578122
0.00120936468895776
0.000631543143456121
0.000108706304751398
1.22927556986227e-06
5.63887876083609e-09
0
0
0
0
0
0.000788450583855146
0.00334956165048177
0.00479209961507886
0.00453716590630146
0.00227868218501139
0.00085578443513829
0.000117356344770521
1.19544229729725e-06
0
0
0
0
0
0
0.000775204857645942
0.00322131099194531
0.00359167818783579
0.00182421111240304
0.00118044287979343
0.00040257083249361
4.92048560670557e-05
1.22363669110143e-06
5.63887876083609e-09
0
0
0
0
0
0.000451003162170432
0.00195119866209707
0.00144117335593697
0.000430071644210208
0.000229276810415596
7.37227009191711e-05
1.12890352791939e-05
8.5147069288625e-07
5.63887876083609e-09
0
0
0
0
0
8.4081321202827e-05
0.000368991309472831
0.000216194611690456
7.61305021500481e-05
3.61113795843943e-05
8.1707353244515e-06
1.3589697813615e-06
1.69166362825083e-07
0
0
0
0
0
0
1.62399708312079e-06
7.14445938997933e-06
4.87763012812322e-06
6.36065524222311e-06
6.32118309089726e-06
1.14469238844973e-06
3.38332725650166e-08
5.63887876083609e-09
0
0
0
0
0
0
0
1.12777575216722e-08
3.94721513258526e-08
1.97360756629263e-07
1.40971969020902e-07
2.25555150433444e-08
0
0
0
0
0
0
0
0
0
0
0
0
0
0
0
0
0
0
0
0
0
0
0
0
0
0
0
0
0
0
0
0
0
0
0
0
0
0
0
0
0
0
0
0
0
0
0
0
0
0
0
0
0
0
0
0
0
0
0
0
0
0
0
0
0
0
0
0
0
0
0
0
0
0
0
0
0
0
0.000442437705332721
0.00178242702078525
0.00163058329351345
0.000711181028195409
0.00013077123734255
8.98329775388798e-05
4.17164250726654e-05
5.33437930775094e-06
4.51110300866887e-08
0
0
0
0
0
0.000691371647108592
0.00372420311647296
0.00562579092323219
0.00387472170723596
0.00113025685882199
0.000754950005137019
0.000228273089996167
2.05424353257259e-05
1.69166362825083e-07
0
0
0
0
0
0.0010535850243109
0.00527553196900286
0.0110823139838216
0.0105995921286215
0.00443509656185156
0.00229363085260636
0.000402615943523697
9.43948304563962e-06
5.63887876083609e-08
0
0
0
0
0
0.00243705573388823
0.007217533619841
0.0127669741246515
0.0140285886642071
0.00744784798394859
0.00271249240584003
0.000378131931944147
7.14445938997933e-06
3.94721513258526e-08
0
0
0
0
0
0.00254951753189434
0.00776765135399065
0.00831245726434759
0.0055762026234094
0.00365032816582724
0.00128689927191925
0.000230889529741195
1.80444120346755e-05
1.46610847781738e-07
0
0
0
0
0
0.000966295181093155
0.00349212378331323
0.00265201543113006
0.0016851168900095
0.00113909862071898
0.000426451484045751
0.000125493246822407
1.60369711958178e-05
1.35333090260066e-07
0
0
0
0
0
0.000126880410997573
0.000533302597684834
0.000388264997077369
0.000632919029873765
0.000569904559721421
0.000137994641035181
2.50817327281989e-05
3.38332725650166e-06
2.81943938041805e-08
0
0
0
0
0
2.34013468574698e-06
1.02514815872e-05
3.08615834580559e-05
0.000145697349422483
0.000126908605391377
2.18393774407182e-05
6.54109936256987e-07
6.76665451300331e-08
0
0
0
0
0
0
5.63887876083609e-09
3.94721513258526e-08
2.81380050165721e-06
1.40746413870469e-05
4.96221330953576e-06
4.68026937149396e-07
5.63887876083609e-09
0
0
0
0
0
0
0
0
0
5.07499088475248e-08
2.48110665476788e-07
5.63887876083609e-08
0
0
0
0
0
0
0
0
0
0
0
0
0
0
0
0
0
0
0
0
0
0
0
0
0
0
0
0
0
0
0
0
0
0
0
0
0
0
0
0
0
0
0
0
0
0
0
0
0
0
0
0
0
0
0
0
0
0
0
0
0
0
0
0
0
0.000765122542421567
0.00130299827078144
0.00109882574860909
0.00074288844346759
0.000249165135805064
0.000367339117995906
0.000181949700975898
2.40159846424009e-05
2.02999635390099e-07
0
0
0
0
0
0.000778841934446681
0.0023699643543918
0.00456153150142703
0.00412921558347001
0.00212941542533329
0.00195288468684656
0.000761767409558869
9.03686710211592e-05
7.61248632712872e-07
0
0
0
0
0
0.0012354332254691
0.00458897028547726
0.011395130783079
0.0118053197407785
0.00775357107372484
0.00341975441329666
0.000609726321530446
3.21698033305699e-05
2.48110665476788e-07
0
0
0
0
0
0.00383718933020383
0.00878781474388607
0.0176825313513201
0.0188669778350337
0.0120493647746687
0.00367953191892961
0.000477641225436621
2.02886857814883e-05
1.46610847781738e-07
0
0
0
0
0
0.0038519237204059
0.00864850060522086
0.0116273849214803
0.0112989033170253
0.00660798210355214
0.00224211405624736
0.000593249517791283
7.09709280838831e-05
5.97721148648626e-07
0
0
0
0
0
0.00106838144217933
0.00283373393807677
0.00389493144871479
0.00688632279806578
0.00365168149672985
0.00131693194019947
0.000475380035053526
6.53940769894162e-05
5.52610118561937e-07
0
0
0
0
0
8.2051324848926e-05
0.00030929250003186
0.000805919830256216
0.00297066283102615
0.00213932857419484
0.000500653489659593
0.000101714095087961
1.3866002872896e-05
1.18416453977558e-07
0
0
0
0
0
1.34205314507899e-06
7.81548596251882e-06
0.000244862671310547
0.00123066837291619
0.000585749809039371
7.67564176925009e-05
2.54877319989791e-06
2.70666180520132e-07
0
0
0
0
0
0
0
4.22915907062707e-07
4.71635819556331e-05
0.000231380112193387
5.70598141809004e-05
2.45855113972454e-06
2.25555150433444e-08
0
0
0
0
0
0
0
0
5.63887876083609e-09
9.19137238016283e-07
4.47726973610386e-06
9.92442661907152e-07
2.25555150433444e-08
0
0
0
0
0
0
0
0
0
0
0
5.63887876083609e-09
0
0
0
0
0
0
0
0
0
0
0
0
0
0
0
0
0
0
0
0
0
0
0
0
0
0
0
0
0
0
0
0
0
0
0
0
0
0
0
0
0
0
0
0
0
0
0
0
0
0
0
0
0.000956133921566129
0.0012487522571022
0.000759212997480211
0.000498832131819843
0.000245877669487497
0.000521782368376446
0.000265613745150423
3.54459918906157e-05
2.98860574324313e-07
0
0
0
0
0
0.000840508712575185
0.00163773339178219
0.00275014883820489
0.00304652266699568
0.00230486913797671
0.00244288069564817
0.00104660973128374
0.000132801233696451
1.12213687340638e-06
0
0
0
0
0
0.00081039709999232
0.0028185822708464
0.0073448143912306
0.00991797574176913
0.00879806058659451
0.00336532795549707
0.000604053609497045
4.49193082088203e-05
3.6088824069351e-07
0
0
0
0
0
0.00263243160519368
0.00771427372764058
0.0161901231429622
0.0184550802970697
0.0142220529556127
0.0041795820485618
0.000514395437199751
2.60628976325844e-05
1.97360756629263e-07
0
0
0
0
0
0.00261425186006874
0.00731484375061675
0.013957200459095
0.0166324593484772
0.00924339103673154
0.00309729513135824
0.000807013772735818
9.40113867006593e-05
7.89443026517053e-07
0
0
0
0
0
0.000767270955229445
0.00269851926427068
0.00673979653346545
0.0139751320935544
0.0060116312024424
0.00189976081004072
0.00065103110845357
8.66300944027249e-05
7.33054238908692e-07
0
0
0
0
0
6.93300143644798e-05
0.000387469915172091
0.00192099682745403
0.00651287677437188
0.00332872599346048
0.00067894919719847
0.000137870585702442
1.83601892452823e-05
1.57888605303411e-07
0
0
0
0
0
1.24055332738394e-06
1.88564105762359e-05
0.000681836303124018
0.00320457479978315
0.00109682394664899
0.000104832395042704
3.50174371047921e-06
3.6088824069351e-07
5.63887876083609e-09
0
0
0
0
0
5.63887876083609e-09
1.2969421149923e-06
0.000133195955209709
0.000648815029100562
0.000150417090945303
4.92838003697074e-06
5.63887876083609e-08
0
0
0
0
0
0
0
0
2.25555150433444e-08
2.58824535122377e-06
1.26480050605554e-05
2.7968838653747e-06
6.76665451300331e-08
0
0
0
0
0
0
0
0
0
0
5.63887876083609e-09
1.69166362825083e-08
5.63887876083609e-09
0
0
0
0
0
0
0
0
0
0
0
0
0
0
0
0
0
0
0
0
0
0
0
0
0
0
0
0
0
0
0
0
0
0
0
0
0
0
0
0
0
0
0
0
0
0
0
0
0
0
0
0.000377821793612301
0.000811699680986073
0.000785755199807466
0.000290701116757383
9.206033464941e-05
0.000177404764694664
8.97427554787064e-05
1.19544229729725e-05
1.0149981769505e-07
0
0
0
0
0
0.000417767610754064
0.00151225142271731
0.00254483162364409
0.00165330797491962
0.00109848177700467
0.000962398715869418
0.000371483693885121
4.49362248451028e-05
3.77804876976018e-07
0
0
0
0
0
0.000343396438777396
0.00173885540460027
0.00448313417001513
0.00476181883613317
0.00482616972055183
0.00224553121677643
0.000369216864623265
1.65557480418148e-05
1.24055332738394e-07
0
0
0
0
0
0.00108800474026704
0.00486215140592473
0.0101459217767972
0.00904802644318362
0.00871852984055168
0.00419325632955683
0.00061400059163116
1.23322278499485e-05
6.76665451300331e-08
0
0
0
0
0
0.0010776010089533
0.00543592423647608
0.0131762721395068
0.0126216714967423
0.00731089653548417
0.00309628577206006
0.000571128196412523
3.32468291738896e-05
2.5938842299846e-07
0
0
0
0
0
0.000660436758226645
0.00416009972244311
0.00978428920410722
0.0128406855478131
0.00526285013066974
0.00155929658821896
0.00033013379593191
2.92150308598918e-05
2.36832907955116e-07
0
0
0
0
0
0.000130066377497445
0.000966486902971024
0.00340603502127154
0.00829890139980654
0.00373627595589991
0.000634751665471036
6.7706017281359e-05
6.15201672807218e-06
5.07499088475248e-08
0
0
0
0
0
2.70666180520132e-06
4.43328648176934e-05
0.000695020001666853
0.00284114906364727
0.00107571762344718
0.000151550505576231
1.00428430730491e-05
1.91721877868427e-07
0
0
0
0
0
0
5.63887876083609e-09
1.15033126721056e-06
8.06021330073911e-05
0.00038590794575534
0.000100377680821643
1.64260538303155e-05
2.44163450344203e-06
2.25555150433444e-08
0
0
0
0
0
0
0
1.12777575216722e-08
1.46610847781738e-06
7.18393154130518e-06
1.93413541496678e-06
6.54109936256987e-07
1.18416453977558e-07
0
0
0
0
0
0
0
0
0
0
1.12777575216722e-08
5.63887876083609e-09
5.63887876083609e-09
0
0
0
0
0
0
0
0
0
0
0
0
0
0
0
0
0
0
0
0
0
0
0
0
0
0
0
0
0
0
0
0
0
0
0
0
0
0
0
0
0
0
0
0
0
0
0
0
0
0
9.44061082139179e-05
0.000541698888159719
0.000823236826930744
0.000216267917114347
3.30099962659345e-05
1.7305718917006e-05
5.80804512366118e-06
6.54109936256987e-07
5.63887876083609e-09
0
0
0
0
0
0.000193171069709962
0.00139911295925989
0.0028626839416349
0.00116359954893481
0.000956122643808607
0.000451764410803144
7.13543718396199e-05
2.85327265298306e-06
2.25555150433444e-08
0
0
0
0
0
0.000106298503520521
0.00111005839510067
0.00375965474724234
0.0027402413282221
0.00438063627077941
0.00237801103438351
0.000338422947710339
3.59760464941343e-06
5.63887876083609e-09
0
0
0
0
0
0.000247732860599812
0.00184965937225069
0.00533849005036759
0.00391081617018407
0.00577599937566334
0.00412613675566659
0.000658017679238246
6.01668363781211e-06
5.63887876083609e-09
0
0
0
0
0
0.00034632301685427
0.00256537405896982
0.00657208500136066
0.00576630614307347
0.00467953631725505
0.00284415458602679
0.00045180388295447
5.38512921659847e-06
1.69166362825083e-08
0
0
0
0
0
0.000479862943668391
0.00327419803584319
0.00646216069879692
0.00672368061796698
0.00367247204272105
0.00153623357408714
0.000224387902529951
3.32129959013246e-06
1.12777575216722e-08
0
0
0
0
0
0.000118467203886405
0.000865878028120186
0.00267214622830625
0.00608696098380841
0.00270724824859245
0.000699688993280825
8.25644628161621e-05
9.92442661907152e-07
5.63887876083609e-09
0
0
0
0
0
2.50930104857206e-06
3.83782088462504e-05
0.000426671400317424
0.00162298208494384
0.00102709357189249
0.000831159451589718
0.000146875875083498
1.26874772118812e-06
0
0
0
0
0
0
5.63887876083609e-09
5.86443391126954e-07
2.0158991569989e-05
0.000108063472572663
0.00015801829951491
0.000233979635302133
4.41467818185858e-05
3.83443755736854e-07
0
0
0
0
0
0
0
5.63887876083609e-09
2.76305059280969e-07
2.21044047424775e-06
6.77229339176415e-06
1.12777575216722e-05
2.13713505035688e-06
1.69166362825083e-08
0
0
0
0
0
0
0
0
0
1.12777575216722e-08
8.45831814125414e-08
1.46610847781738e-07
2.81943938041805e-08
0
0
0
0
0
0
0
0
0
0
0
0
0
0
0
0
0
0
0
0
0
0
0
0
0
0
0
0
0
0
0
0
0
0
0
0
0
0
0
0
0
0
0
0
0
0
0
0
0
2.54538987264141e-05
0.00017285418953467
0.000279942136081708
7.42020056138421e-05
1.81684673674139e-05
5.37949033783763e-06
5.9208226988779e-07
1.12777575216722e-08
0
0
0
0
0
0
5.89601163233022e-05
0.000470237377623643
0.00104328279281485
0.000590638716925016
0.000748989710286815
0.000270942485579413
2.87244484076991e-05
2.5938842299846e-07
0
0
0
0
0
0
1.96402147239921e-05
0.000326553107918779
0.00139632171427328
0.00177922413764909
0.0032561705404448
0.00131887735337195
0.00015282489217618
1.28566435747063e-06
0
0
0
0
0
0
2.0125158297424e-05
0.000333466373279564
0.00148204394919551
0.00185109728633471
0.00326231127941535
0.001830436434555
0.000262737916982397
2.23863486805193e-06
0
0
0
0
0
0
6.51685218389827e-05
0.000530477519425655
0.0013681837092567
0.00156098825184721
0.00243204277066985
0.00168193092350962
0.000265224662515926
2.28374589813862e-06
0
0
0
0
0
0
0.000130697931918659
0.000870676713945658
0.00155245662828207
0.0016599336574636
0.00172661903768925
0.00107638301114096
0.000167170199743747
1.4379140840132e-06
0
0
0
0
0
0
3.36359118083873e-05
0.000239641069578012
0.000709624697657418
0.00169426879023833
0.00112964785991582
0.000810154628205604
0.000138022835428985
1.18980341853642e-06
0
0
0
0
0
0
7.16137602626184e-07
1.05221477677201e-05
0.000109879191533652
0.000553258589619433
0.00133039194380158
0.002086982862658
0.000393655765172728
3.40024389278416e-06
0
0
0
0
0
0
0
1.35333090260066e-07
3.02243901580815e-06
6.10408625860507e-05
0.000364062929435861
0.000627821483473969
0.000119115674943902
1.02627593447217e-06
0
0
0
0
0
0
0
0
3.38332725650166e-08
2.53185656361541e-06
1.75087185523961e-05
3.04217509147107e-05
5.77421185109616e-06
5.07499088475248e-08
0
0
0
0
0
0
0
0
0
3.38332725650166e-08
2.3119402919428e-07
4.00360392019363e-07
7.89443026517053e-08
0
0
0
0
0
0
0
0
0
0
0
0
0
0
0
0
0
0
0
0
0
0
0
0
0
0
0
0
0
0
0
0
0
0
0
0
0
0
0
0
0
0
0
0
0
0
0
0
0
3.52937421640731e-05
0.00017744423684599
6.43170511460965e-05
9.59173277218219e-06
4.25171458567041e-06
1.20108117605809e-06
1.0149981769505e-07
0
0
0
0
0
0
0
9.21843899821484e-05
0.000469025018690064
0.0002086723474235
0.000127652937387807
0.000199063698015036
6.06799743453572e-05
5.1708518236867e-06
3.94721513258526e-08
0
0
0
0
0
0
2.44107061556594e-05
0.000139691943542193
0.000187419413373909
0.000463301556747815
0.00084776031066162
0.000264384469580561
2.31927083433188e-05
1.91721877868427e-07
0
0
0
0
0
0
1.07138696455886e-06
1.98432143593822e-05
0.000128515685838215
0.0004159913639444
0.000761474187863306
0.000299119962747311
3.40813832304933e-05
2.87582816802641e-07
0
0
0
0
0
0
3.1239388335032e-06
2.59275645423244e-05
7.61530576650914e-05
0.000202384997605168
0.000574150635428331
0.000400050253687517
6.21573605806963e-05
5.30054603518593e-07
0
0
0
0
0
0
6.78357114928582e-06
4.48911138150161e-05
7.88202473189669e-05
0.000132519289758409
0.000360730352088207
0.000280071830293207
4.52125299043838e-05
3.8908263449769e-07
0
0
0
0
0
0
1.75933017338086e-06
1.24506443039261e-05
3.68049616719772e-05
0.000114683516237884
0.000236404353169292
0.000304262620177194
5.57910664597123e-05
4.79304694671068e-07
0
0
0
0
0
0
3.94721513258526e-08
5.46971239801101e-07
6.19148887939803e-06
9.4575274576743e-05
0.000539245975898756
0.000925599393076201
0.000175543934703588
1.51685838666491e-06
0
0
0
0
0
0
0
5.63887876083609e-09
2.98860574324313e-07
2.30630141318196e-05
0.000161164793863456
0.000280100024687011
5.31633489571627e-05
4.56749179627723e-07
0
0
0
0
0
0
0
0
1.12777575216722e-08
1.09958135836304e-06
7.80420820499715e-06
1.35784200560933e-05
2.57696759370209e-06
2.25555150433444e-08
0
0
0
0
0
0
0
0
0
1.69166362825083e-08
1.0149981769505e-07
1.80444120346755e-07
3.38332725650166e-08
0
0
0
0
0
0
0
0
0
0
0
0
0
0
0
0
0
0
0
0
0
0
0
0
0
0
0
0
0
0
0
0
0
0
0
0
0
0
0
0
0
0
0
0
0
0
0
0
0
0.000126767633422356
0.000624545294913923
0.000164198510636786
8.94326171468604e-06
2.76305059280969e-07
6.2027666369197e-08
5.63887876083609e-09
0
0
0
0
0
0
0
0.000332457013981374
0.00163810555778041
0.000432208779260565
2.87244484076991e-05
1.04319257075468e-05
2.9998835007648e-06
2.36832907955116e-07
0
0
0
0
0
0
0
8.74984817318937e-05
0.000431565947081829
0.000118777342218251
2.97338077058887e-05
4.3554699548698e-05
1.26705605755987e-05
1.00372041942882e-06
5.63887876083609e-09
0
0
0
0
0
0
1.74805241585919e-06
8.83048413946932e-06
6.08435018294214e-06
2.08412959000502e-05
3.8186486968382e-05
1.33866981782249e-05
1.36460866012233e-06
1.12777575216722e-08
0
0
0
0
0
0
2.81943938041805e-08
2.19916271672608e-07
1.13341463092805e-06
8.38501271736327e-06
2.89500035581325e-05
2.01533526912282e-05
3.11829995474236e-06
2.81943938041805e-08
0
0
0
0
0
0
5.07499088475248e-08
3.55249361932674e-07
6.48471057496151e-07
3.75549325471684e-06
1.77681069753945e-05
1.46610847781738e-05
2.3908845945945e-06
2.25555150433444e-08
0
0
0
0
0
0
1.12777575216722e-08
9.58609389342136e-08
3.10138331845985e-07
3.49046595295754e-06
1.94654094824062e-05
3.04161120359499e-05
5.69526754844445e-06
5.07499088475248e-08
0
0
0
0
0
0
0
5.63887876083609e-09
1.12777575216722e-07
8.48087365629748e-06
5.9242060261344e-05
0.000102903898506498
1.95274371487754e-05
1.69166362825083e-07
0
0
0
0
0
0
0
0
2.25555150433444e-08
2.52621768485457e-06
1.79259955806979e-05
3.11773606686628e-05
5.91518382011706e-06
5.07499088475248e-08
0
0
0
0
0
0
0
0
0
1.24055332738394e-07
8.68387329168758e-07
1.51121950790407e-06
2.87582816802641e-07
0
0
0
0
0
0
0
0
0
0
0
1.12777575216722e-08
2.25555150433444e-08
5.63887876083609e-09
0
0
0
0
0
0
0
0
0
0
0
0
0
0
0
0
0
0
0
0
0
0
0
0
0
0
0
0
0
0
0
0
0
0
0
0
0
0
0
0
0
0
0
0
0
0
0
0
0
0.000146052598784416
0.000719453263337555
0.000188659966701293
1.00315653155274e-05
7.89443026517053e-08
0
0
0
0
0
0
0
0
0
0.000383032117587313
0.00188683649992089
0.000494789055748324
2.63561193281479e-05
2.81943938041805e-07
2.25555150433444e-08
0
0
0
0
0
0
0
0
0.000100806235607467
0.000496587858073031
0.000130258099375314
7.11062611741431e-06
3.94721513258526e-07
9.58609389342136e-08
5.63887876083609e-09
0
0
0
0
0
0
0
2.00744083885765e-06
9.89059334650651e-06
2.62207862378878e-06
2.98860574324313e-07
2.98860574324313e-07
1.0149981769505e-07
1.12777575216722e-08
0
0
0
0
0
0
0
5.63887876083609e-09
1.69166362825083e-08
1.12777575216722e-08
6.2027666369197e-08
2.25555150433444e-07
1.57888605303411e-07
2.25555150433444e-08
0
0
0
0
0
0
0
0
0
0
2.81943938041805e-08
1.46610847781738e-07
1.2969421149923e-07
2.25555150433444e-08
0
0
0
0
0
0
0
0
0
0
8.45831814125414e-08
5.97721148648626e-07
1.00935929818966e-06
1.91721877868427e-07
0
0
0
0
0
0
0
0
0
0
2.98860574324313e-07
2.11457953531353e-06
3.67654895206513e-06
6.99220966343676e-07
5.63887876083609e-09
0
0
0
0
0
0
0
0
0
9.02220601733775e-08
6.42832178735315e-07
1.11649799464555e-06
2.14277392911772e-07
0
0
0
0
0
0
0
0
0
0
5.63887876083609e-09
3.38332725650166e-08
5.63887876083609e-08
1.12777575216722e-08
0
0
0
0
0
0
0
0
0
0
0
0
0
0
0
0
0
0
0
0
0
0
0
0
0
0
0
0
0
0
0
0
0
0
0
0
0
0
0
0
0
0
0
0
0
0
0
0
0
0
0
0
0
0
0
0
0
0
0
0
0
0
0
4.52181687831446e-05
0.000222746988810547
5.84075062047402e-05
3.10702219722069e-06
2.25555150433444e-08
0
0
0
0
0
0
0
0
0
0.000118591259219144
0.000584182200743858
0.000153185780416873
8.14817980940815e-06
6.2027666369197e-08
0
0
0
0
0
0
0
0
0
3.12111939412278e-05
0.000153749668292957
4.03179831399781e-05
2.14277392911772e-06
1.69166362825083e-08
0
0
0
0
0
0
0
0
0
6.2027666369197e-07
3.061911167134e-06
8.00720784038725e-07
4.51110300866887e-08
0
0
0
0
0
0
0
0
0
0
0
5.63887876083609e-09
0
0
0
0
0
0
0
0
0
0
0
0
0
0
0
0
0
0
0
0
0
0
0
0
0
0
0
0
0
0
5.63887876083609e-09
5.63887876083609e-09
0
0
0
0
0
0
0
0
0
0
0
0
1.69166362825083e-08
2.81943938041805e-08
5.63887876083609e-09
0
0
0
0
0
0
0
0
0
0
0
5.63887876083609e-09
5.63887876083609e-09
0
0
0
0
0
0
0
0
0
0
0
0
0
0
0
0
0
0
0
0
0
0
0
0
0
0
0
0
0
0
0
0
0
0
0
0
0
0
0
0
0
0
0
0
0
0
0
0
0
0
0
0
0
0
0
0
0
0
0
0
0
0
0
0
0
0
0
0
0
0
0
0
0
0
0
0
0
0
2.40216235211618e-06
1.18303676402341e-05
3.10138331845985e-06
1.63527484064247e-07
0
0
0
0
0
0
0
0
0
0
6.29862757585392e-06
3.10194720633593e-05
8.13690205188648e-06
4.34193664584379e-07
5.63887876083609e-09
0
0
0
0
0
0
0
0
0
1.65783035568581e-06
8.16509644569066e-06
2.14277392911772e-06
1.12777575216722e-07
0
0
0
0
0
0
0
0
0
0
3.38332725650166e-08
1.63527484064247e-07
4.51110300866887e-08
0
0
0
0
0
0
0
0
0
0
0
0
0
0
0
0
0
0
0
0
0
0
0
0
0
0
0
0
0
0
0
0
0
0
0
0
0
0
0
0
0
0
0
0
0
0
0
0
0
0
0
0
0
0
0
0
0
0
0
0
0
0
0
0
0
0
0
0
0
0
0
0
0
0
0
0
0
0
0
0
0
0
0
0
0
0
0
0
0
0
0
0
0
0
0
0
0
0
0
0
0
0
0
0
0
0
0
0
0
0
0
0
0
0
0
0
0
0
0
0
0
0
0
0
0
0
0
0
0
0
0
0
0
0
0
0
0
0
0
0
0
0
0
0
0
0
0
0
0
0
0
1.69166362825083e-08
9.58609389342136e-08
2.25555150433444e-08
0
0
0
0
0
0
0
0
0
0
0
5.07499088475248e-08
2.42471786715952e-07
6.2027666369197e-08
5.63887876083609e-09
0
0
0
0
0
0
0
0
0
0
1.12777575216722e-08
6.2027666369197e-08
1.69166362825083e-08
0
0
0
0
0
0
0
0
0
0
0
0
0
0
0
0
0
0
0
0
0
0
0
0
0
0
0
0
0
0
0
0
0
0
0
0
0
0
0
0
0
0
0
0
0
0
0
0
0
0
0
0
0
0
0
0
0
0
0
0
0
0
0
0
0
0
0
0
0
0
0
0
0
0
0
0
0
0
0
0
0
0
0
0
0
0
0
0
0
0
0
0
0
0
0
0
0
0
0
0
0
0
0
0
0
0
0
0
0
0
0
0
0
0
0
0
0
0
0
0
0
0
0
0
0
0
0
0
0
0
0
0
0
0
0
0
0
0
0
0
0
0
0
0
0
0
0
0
0
0
0
0
0
0
0
0
0
0
0
0
0
0
0
0
0
0
