5.61967728034361e-07
1.4751652860902e-05
1.93287725255753e-05
8.40648445625171e-07
2.18798910505181e-06
3.4777511038192e-07
1.07480166563949e-08
1.53543095091355e-09
3.37794809200982e-08
9.9803011809381e-09
0
0
0
0
3.75643182141001e-06
9.86099819605212e-05
0.000128948562119622
5.67725594100287e-06
1.63277727320147e-05
2.62098063320944e-06
8.13778403984184e-08
1.99606023618762e-08
4.89802473341424e-07
1.49704517714072e-07
5.37400832819744e-09
0
0
0
2.17493794196905e-06
5.70243700859785e-05
7.3044288912335e-05
3.61747532035233e-06
1.93502685588881e-05
3.27200335639678e-06
4.49881268617671e-07
8.67518487266158e-08
1.83023369348896e-06
5.5966458160799e-07
1.91928868864194e-08
0
0
0
2.61023261655304e-07
6.84341574822171e-06
8.70205491430257e-06
5.08227644752386e-07
2.80830320922089e-06
1.23986049286269e-06
5.99969644069471e-06
2.54113822376193e-07
2.88661018771748e-07
8.82872796775294e-08
3.07086190182711e-09
0
0
0
7.67715475456777e-10
2.84054725919007e-08
6.44880999383693e-08
3.79251444875648e-07
2.04980031946959e-07
3.15070431127461e-06
2.48217767524685e-05
1.04409304662122e-06
3.07086190182711e-09
0
0
0
0
0
0
0
7.67715475456777e-09
1.26673053450368e-07
8.21455558738751e-08
5.08227644752386e-07
3.94452211289692e-06
3.63129419891056e-07
8.44487023002455e-09
0
0
0
0
0
0
0
7.67715475456777e-10
1.15157321318517e-08
8.44487023002455e-09
3.83857737728389e-09
1.91928868864194e-08
3.30117654446414e-08
1.53543095091355e-09
0
0
0
0
0
0
0
0
0
0
0
0
0
0
0
0
0
0
0
0
0
0
0
0
0
0
0
0
0
0
0
0
0
0
0
0
0
0
0
0
0
0
0
0
0
0
0
0
0
0
0
0
0
0
0
0
0
0
0
0
0
0
0
0
0
0
0
0
0
0
0
0
0
0
0
0
0
0
0
0
0
0
0
0
0
0
0
0
0
0
0
0
0
0
0
0
0
0
0
0
0
0
0
1.74271412928688e-07
5.00089860712545e-06
1.68029886113225e-05
1.17690782387524e-06
1.27625020639935e-05
2.04749717304322e-06
8.06101249229616e-08
4.91337904292337e-08
8.3373900634606e-07
2.5488153785165e-07
9.21258570548132e-09
0
0
0
1.14466377390605e-06
3.28666672197801e-05
0.000109415577277575
8.24987049925853e-06
9.73563025891003e-05
1.90815681424782e-05
9.19723139597219e-07
6.01888932758113e-07
1.21759674407445e-05
3.72265234048991e-06
1.29743915352195e-07
0
0
0
5.88837769675348e-07
1.65995440103264e-05
4.86900508844197e-05
7.1366830598462e-06
0.000126669214872991
4.32277552765447e-05
4.92873335243251e-06
2.03291057900955e-06
4.54756261886822e-05
1.39071658378995e-05
4.8596389596414e-07
0
0
0
6.75589618401964e-08
1.89856037080461e-06
5.87762968009708e-06
9.8559312739141e-06
2.25800475641347e-05
1.50073021142291e-05
3.78176643210008e-05
2.27397323830297e-06
7.25491124306654e-06
2.21562686216826e-06
7.75392630211345e-08
0
0
0
0
8.98227106284429e-08
4.2930649387543e-06
5.6206753104617e-05
1.73764720714887e-05
2.32011293837793e-05
0.000152921245556235
1.38012211022865e-05
4.49113553142215e-07
4.68306440028634e-08
1.53543095091355e-09
0
0
0
0
1.84251714109626e-08
1.19610071076166e-06
1.89587336664051e-05
1.0576816105368e-05
5.37784690557472e-06
2.70420099074895e-05
3.16920625423312e-05
1.24676993214181e-06
5.37400832819744e-09
0
0
0
0
0
7.67715475456777e-10
9.44290034811836e-08
1.86631632083542e-06
1.44791138671148e-06
4.55255276945869e-07
6.9324707433747e-07
4.92643020600614e-06
1.97302877192392e-07
0
0
0
0
0
0
0
1.53543095091355e-09
4.68306440028634e-08
1.97302877192392e-07
1.49704517714072e-07
4.45274975764931e-08
3.14763344937279e-08
1.53543095091355e-09
0
0
0
0
0
0
0
0
1.53543095091355e-09
3.53149118710117e-08
2.30314642637033e-08
3.83857737728389e-09
0
0
0
0
0
0
0
0
0
0
0
1.53543095091355e-09
7.67715475456777e-10
0
0
0
0
0
0
0
0
0
0
0
0
0
0
0
0
0
0
0
0
0
0
0
0
0
0
0
0
0
0
0
0
0
0
0
0
0
0
0
0
0
0
0
0
0
0
0
0
0
0
0
0
0
0
0
0
0
0
0
0
0
0
0
0
3.03247612805427e-07
9.05213317111086e-06
3.78391603543136e-05
1.87936748391819e-06
8.75502728210908e-06
1.92619812792105e-06
2.80523234731906e-06
2.70619705098514e-06
3.72495548691628e-06
1.10934886203504e-06
3.83857737728389e-08
0
0
0
1.18381726315435e-06
3.69516812646856e-05
0.000187219702137742
1.40200200127917e-05
8.17148674921439e-05
4.37835812807754e-05
2.80323628708288e-05
1.90992255984137e-05
5.36372094082632e-05
1.6215686272598e-05
5.68109451838015e-07
0
0
0
3.89999461532043e-07
1.26596281902823e-05
7.47516881297509e-05
3.30140685910678e-05
0.000189265663879835
0.000217783222931152
8.00067005592526e-05
2.40701833019963e-05
0.000199784133609068
6.10663920642584e-05
2.15420962413172e-06
7.67715475456777e-10
0
0
3.4547196395555e-08
1.2682659654546e-06
1.30864779946362e-05
7.1029035789261e-05
0.000101755312263468
0.000134677254997481
9.68772481324152e-05
1.00255963939901e-05
4.19725404741729e-05
1.34035444859999e-05
5.32026824491547e-07
2.30314642637033e-09
0
0
0
4.68306440028634e-07
2.45108519849085e-05
0.000331083440514539
0.00020158519411449
0.000156952519517859
0.000207389890824418
5.50866562259256e-05
1.83860179217144e-05
5.67725594100287e-06
2.11121755750614e-07
7.67715475456777e-10
0
0
0
1.06712451088492e-07
7.4760132999981e-06
0.000124161856130149
0.00010540656706474
6.9563466946614e-05
0.000123969927261285
0.000193298473272409
9.99488777497178e-06
8.28364998017862e-07
2.91731880673575e-08
0
0
0
0
9.21258570548132e-09
1.82869826253804e-06
4.11741163796979e-05
3.49057195225933e-05
3.03547021840855e-05
3.40113309936861e-05
4.04002591804374e-05
1.58149387944096e-06
3.83857737728389e-09
0
0
0
0
0
7.67715475456777e-10
2.28011496210663e-07
6.46109344144423e-06
2.90534244531863e-05
2.25954018736439e-05
6.78814023398882e-06
1.93617842910199e-06
6.83266773156532e-08
0
0
0
0
0
0
0
5.37400832819744e-09
3.43168817529179e-07
5.39166578413295e-06
3.60519187274502e-06
7.79231207588629e-07
5.29723678065176e-08
7.67715475456777e-10
0
0
0
0
0
0
0
0
1.07480166563949e-08
2.17263479554268e-07
9.36612880057268e-08
2.99409035428143e-08
3.07086190182711e-09
0
0
0
0
0
0
0
0
0
4.60629285274066e-09
3.83857737728389e-09
7.67715475456777e-10
0
0
0
0
0
0
0
0
0
0
1.53543095091355e-09
3.07086190182711e-08
1.76574559355059e-08
7.67715475456777e-10
0
0
0
0
0
0
0
0
0
0
7.67715475456777e-10
1.3818878558222e-08
7.67715475456777e-09
0
0
0
0
0
0
0
0
0
0
0
0
1.53543095091355e-09
7.67715475456777e-10
0
0
0
0
0
0
0
0
0
9.85746670486502e-07
2.76293122462139e-05
7.74586528962115e-05
5.03160722614372e-06
7.44069838812708e-06
8.64063767626603e-06
2.0355208116261e-05
4.29705705922667e-05
2.40294943817971e-06
2.13424902176984e-07
8.44487023002455e-09
0
0
0
2.16649307173902e-06
6.14441080781832e-05
0.000189910544879218
5.19927628598348e-05
0.000103787455127002
0.000138887406664886
0.000162682747826668
0.000119936350153235
1.47693103168375e-05
4.12877382700655e-06
4.08424632943005e-07
1.07480166563949e-08
0
0
3.66967997268339e-07
1.23609868703296e-05
8.97528485201763e-05
0.000242479094345646
0.000439095633902979
0.000657248127977826
0.000448445640678567
0.000100549231251525
4.91621959018256e-05
2.63817745985967e-05
3.96678586168517e-06
1.19763614171257e-07
0
0
9.9803011809381e-09
1.25444708689637e-06
3.56780412909028e-05
0.000283057463516389
0.000613258798949628
0.000889132748762168
0.000597382442917182
5.80922623123389e-05
7.33183633370731e-05
6.07055657907937e-05
1.13030749451501e-05
3.60826273464685e-07
0
0
6.14172380365422e-09
7.79231207588629e-07
2.95647229598405e-05
0.000394396168059984
0.00105966385189443
0.00115663783217675
0.000664236641950909
9.92801975705949e-05
0.000102771767552972
3.96279374121279e-05
2.83210238896005e-06
5.60432297083447e-08
0
0
7.67715475456777e-10
4.13030925795746e-07
2.06415659886064e-05
0.000297069806374426
0.000591567765906072
0.000578241760683094
0.000641588267709459
0.000224180595988133
2.28149684996245e-05
5.03160722614372e-06
1.84251714109626e-07
0
0
0
0
5.53522857804336e-07
2.52263628080342e-05
0.000300559073210377
0.000323852328451211
0.000321061682697926
0.000244779169910114
0.000100708148354945
3.91227806292773e-06
2.7637757116444e-08
7.67715475456777e-10
0
0
0
0
8.67518487266158e-08
6.16705841434429e-06
0.000109568352657191
0.000239898802632635
0.000208328039135426
9.09021185869351e-05
2.02377476485161e-05
7.07065952895692e-07
7.67715475456777e-10
0
0
0
0
0
2.30314642637033e-09
5.3586540186883e-07
1.36031505096186e-05
4.8250149916983e-05
4.16454936816283e-05
3.39345594461405e-05
4.54564333017958e-06
1.30511630827652e-07
0
0
0
0
0
0
0
2.30314642637033e-08
5.06692213801473e-07
2.80292920089269e-06
2.56800826540292e-06
3.90690405459954e-06
4.99782774522362e-07
1.3818878558222e-08
0
0
0
0
0
0
0
2.84054725919007e-08
7.20884831453914e-07
4.60629285274066e-07
4.91337904292337e-08
2.53346106900736e-08
2.30314642637033e-09
0
0
0
0
0
0
0
0
1.82716283158713e-07
4.65389121221898e-06
2.67088213911413e-06
9.9803011809381e-08
0
0
0
0
0
0
0
0
0
0
8.36809868247887e-08
2.12887501344164e-06
1.22066760597628e-06
4.52952130519498e-08
0
0
0
0
0
0
0
0
0
0
9.21258570548132e-09
2.30314642637033e-07
1.32047061778566e-07
4.60629285274066e-09
0
0
0
0
0
0
0
0
2.89428734247205e-07
8.07329593990347e-06
2.25623901081992e-05
1.63984025557568e-05
5.91478710910919e-05
6.35276878785728e-05
4.47938948464766e-05
0.000174395015120237
7.78770578303355e-06
5.83463761347151e-08
6.14172380365422e-09
0
0
0
6.08030656561767e-07
1.79169437662103e-05
7.69872755942811e-05
0.00020389678541109
0.000575775090860451
0.000633701526630091
0.000261250505436039
0.000260736136067483
1.65527133663236e-05
5.95056265026548e-06
1.60375762822921e-06
5.52755142328879e-08
0
0
9.59644344320971e-08
9.0513654556354e-06
0.000197344333828066
0.000838329177173816
0.00168284997965719
0.00200681055599044
0.000904031802994358
0.000300318010551084
3.07055481563693e-05
6.80096108242895e-05
1.85050138204102e-05
6.35668413678211e-07
0
0
2.61023261655304e-08
5.3747760436729e-06
0.000163305365077264
0.0012307953085285
0.00260455766375847
0.00339085722772962
0.00230581654079397
0.000473951451919668
0.00010960059670716
0.000216253165988567
5.61599224606141e-05
1.9146823957892e-06
0
0
6.75589618401964e-08
6.38662504032493e-06
0.00016628179797561
0.00136415669920105
0.00386494072671107
0.00435558154535169
0.00270504778091838
0.000481581776030233
0.000148999754907602
6.11684982224942e-05
9.66784098242719e-06
2.98641319952686e-07
0
0
1.53543095091355e-08
3.34033003371244e-06
0.000117385231628292
0.00118833680415836
0.00273555756162851
0.00258391456233891
0.00159970332280332
0.000370048071755872
4.61512158070841e-05
5.27574074733897e-06
1.8809029148691e-07
1.53543095091355e-09
0
0
2.45668952146169e-08
5.24963842117344e-06
0.000153619866638901
0.00101696582029595
0.00164870967246363
0.00152891304652693
0.000794474198353823
0.00024035943191791
3.55298722041396e-05
1.15771493698882e-06
3.07086190182711e-09
0
0
0
5.37400832819744e-09
1.38802957962585e-06
5.24180772332378e-05
0.000558945232207487
0.000720002726372614
0.000730353066412722
0.000490320681287357
0.000105396586763559
7.61957609390851e-06
1.73503697453232e-07
0
0
0
0
0
3.47007394906463e-07
1.3464194008561e-05
0.00013227277012835
0.000196875259672562
0.000260483557676058
0.000257933974582066
4.23848036844932e-05
1.33121863444205e-06
1.53543095091355e-09
0
0
0
0
0
4.06889201992092e-08
1.68590318410308e-06
1.79845027280505e-05
3.68695357088117e-05
4.91353258601846e-05
4.07902586419695e-05
5.32333910681729e-06
1.51239948664985e-07
0
0
0
0
0
0
0
3.33188516348241e-07
8.59687789416499e-06
1.06443750672082e-05
3.8738922891549e-06
1.57842301753913e-06
7.29329701683938e-08
7.67715475456777e-10
0
0
0
0
0
0
0
1.85480058870357e-06
4.72513520834137e-05
2.77007097854314e-05
1.0709630882622e-06
6.90943927911099e-09
0
0
0
0
0
0
0
0
0
8.48325600379739e-07
2.16050489103046e-05
1.24093529452833e-05
4.66003293602264e-07
0
0
0
0
0
0
0
0
0
0
9.21258570548132e-08
2.3392290537168e-06
1.34350208204936e-06
5.06692213801473e-08
0
0
0
0
0
0
0
0
2.22637487882465e-08
6.54093585089174e-07
3.83780966180843e-06
3.75719953688547e-05
0.000171361771276707
0.00019997299161603
8.07160696585746e-05
0.000101508107880371
8.50628746806109e-06
1.87322576011454e-07
1.53543095091355e-09
0
0
0
4.68306440028634e-08
3.0071415173642e-06
5.98065709690338e-05
0.000399646574196633
0.00149189303858492
0.00182066565551834
0.000799380667957467
0.000584638366024599
5.8711040985557e-05
2.6002523153721e-06
3.20905068740933e-07
1.07480166563949e-08
0
0
1.45865940336788e-08
1.16370311769738e-05
0.0003334556813337
0.00144946677826476
0.00369489098118192
0.00483531466251703
0.0028201736259024
0.00143765701110581
0.000133633161950859
1.66310203448202e-05
3.70576260002986e-06
1.27440768925825e-07
0
0
7.44684011193074e-08
1.74233027154916e-05
0.000493165067123924
0.00288440223801007
0.0068953754993161
0.00810775408130387
0.00561746242119691
0.00211090663273858
0.000286542124059487
5.0781307839564e-05
1.12431931380645e-05
3.83857737728388e-07
0
0
2.22637487882465e-07
2.597565311208e-05
0.000638412228787494
0.00360654458741278
0.0100656442717673
0.0108493420479921
0.00759539919815543
0.00176289967228307
0.000406813198160022
2.67809866458342e-05
2.00373739094219e-06
5.98818070856286e-08
0
0
1.55078526042269e-07
1.54679313995031e-05
0.000384720649922802
0.00266406789655397
0.00730535245295048
0.00753414548351516
0.00475320288612407
0.00130029889366803
0.000228700904707623
1.85441673096584e-05
4.55255276945869e-07
0
0
0
2.49507529523453e-07
2.04005033293129e-05
0.000434513907945453
0.00220642118590206
0.00492016871858831
0.00443447352304058
0.00257361182065828
0.000997545689628797
0.000262904932285649
1.71868463490509e-05
3.24743646118217e-07
0
0
0
5.37400832819744e-08
7.10981301820521e-06
0.000183734273879169
0.0010599433003275
0.0017796366373635
0.00187708967210251
0.00132463624195548
0.000380043727246319
5.5141164024683e-05
2.74535054023343e-06
4.29920666255795e-08
0
0
0
3.07086190182711e-09
2.43596120362435e-06
7.78624712363018e-05
0.000496054748173544
0.000634684202438676
0.000930976313036464
0.000634933709968199
0.000140509589464526
6.17627100004977e-06
6.44880999383693e-08
0
0
0
0
0
2.91731880673575e-07
1.13998070950577e-05
0.000111416243806616
0.000208907664319396
0.000258844485135958
0.000139480850727414
1.88804266879085e-05
5.67341736362558e-07
7.67715475456777e-10
0
0
0
0
0
1.53543095091355e-09
1.10551028465776e-06
2.9236140736345e-05
6.27737912816743e-05
2.60946490107759e-05
1.05038831351996e-05
4.46042691240387e-07
3.83857737728389e-09
0
0
0
0
0
0
0
5.04849696660377e-06
0.000129029172244545
8.61062000117567e-05
3.98137245571885e-06
7.29329701683938e-08
1.53543095091355e-09
0
0
0
0
0
0
0
0
2.30928815017399e-06
5.89359816198659e-05
3.73416807262176e-05
1.6536591341339e-06
2.61023261655304e-08
7.67715475456777e-10
0
0
0
0
0
0
0
0
2.50275244998909e-07
6.38125103199673e-06
4.04509284018176e-06
1.85019429585083e-07
9.21258570548132e-09
0
0
0
0
0
0
0
0
2.66397269983502e-07
7.70402479620876e-06
3.34033003371244e-05
0.000120436132927757
0.000196662602485861
0.000126908742101333
8.22323077226018e-05
9.21872742928498e-06
2.45668952146169e-07
0
0
0
0
1.53543095091355e-09
3.62438475963144e-06
0.0001028178304815
0.000387665606486654
0.00141848024624437
0.00208491255445509
0.00140655685719505
0.000767103606222838
9.44865821418428e-05
2.66857899268776e-06
6.14172380365422e-09
0
0
0
9.9803011809381e-09
1.74110192678842e-05
0.00048769586207677
0.00171701178288407
0.00562742660035287
0.00714095079017426
0.00517169457209674
0.00220511453416283
0.000300382498651022
9.59644344320971e-06
8.67518487266158e-08
2.30314642637033e-09
0
0
5.60432297083447e-08
3.66691619697175e-05
0.00103627232907274
0.00431211733370871
0.0103020415241163
0.0122380863707256
0.00906467533883339
0.00332861469555697
0.000461208910458036
2.01525312307404e-05
4.26082088878511e-07
6.90943927911099e-09
0
0
2.94802742575402e-07
4.78970007982729e-05
0.00120929620435381
0.00546665469634461
0.0134687012661174
0.0162025736922772
0.0110666423778892
0.00312341740013045
0.000711134077200137
4.80267447136251e-05
9.84211239535588e-07
7.67715475456777e-10
0
0
7.23955693355741e-07
4.89756410412896e-05
0.000921150322666093
0.00414357461365788
0.01080097059903
0.0126056539537803
0.00862322435385171
0.00242953696052573
0.00055394126273846
7.63715677829647e-05
2.31235901207581e-06
0
0
0
6.99388798141124e-07
4.4377793058779e-05
0.000800893067444117
0.00349113622313379
0.00742092894691859
0.0077120842732701
0.00451338622904731
0.00188419334339691
0.000583340926871077
6.35660736523457e-05
1.72505667335138e-06
0
0
0
1.37421070106763e-07
1.3526378962073e-05
0.000312282856236078
0.00163101152760792
0.00334588906147022
0.00400270880421274
0.00208306159244376
0.000834726288447497
0.000154558014949909
1.06267176112727e-05
2.27243780735206e-07
0
0
0
6.90943927911099e-09
4.29843894708249e-06
0.000134879164167526
0.000849179299988447
0.00120170887230987
0.00135328124177573
0.000706429516766538
0.000233173615067634
2.01525312307404e-05
4.99015059046905e-07
7.67715475456777e-10
0
0
0
0
5.097630757033e-07
1.93779063160045e-05
0.000182385397788791
0.000388436392824013
0.000343666297157275
0.000169810218300809
3.17450349101377e-05
2.85052756037101e-06
7.37006856438506e-08
0
0
0
0
0
2.30314642637033e-09
6.287589743991e-07
1.87476119106545e-05
0.000111000909734394
3.87803795272236e-05
1.59922810692401e-05
1.54541125209449e-06
2.44133521195255e-07
8.44487023002455e-09
0
0
0
0
0
0
9.23561716974503e-07
2.67617937589478e-05
9.476756600586e-05
9.13120786508291e-06
6.61003024368285e-07
2.14960333127898e-08
7.67715475456777e-10
0
0
0
0
0
0
0
4.21475796025771e-07
1.20800030063124e-05
3.98551811928631e-05
6.06879083348582e-06
2.64017352009586e-06
9.90352963339242e-08
0
0
0
0
0
0
0
0
4.52952130519498e-08
1.3089548856538e-06
4.38211993390728e-06
1.55615926875089e-06
1.26365967260185e-06
4.8366074953777e-08
0
0
0
0
0
0
0
5.48148849476139e-07
1.49973218130481e-05
3.62545956129708e-05
5.78036012935671e-05
0.000139122327600375
0.00015315539877625
4.8888889192563e-05
9.78683688112299e-06
3.2397593064276e-07
0
0
0
0
5.37400832819744e-09
6.45802257954241e-06
0.000172312203035323
0.000399681121393028
0.000927040235793797
0.00169052559898081
0.0016224445906173
0.000589366725637938
0.000108483570690371
3.51997545496932e-06
7.67715475456777e-10
0
0
0
4.29920666255795e-08
2.55495710232015e-05
0.000667987699763991
0.00163157886934429
0.00475947819242045
0.00694873172486035
0.00548141556179122
0.00234164582203354
0.000389269364114883
1.43393896505817e-05
9.36612880057268e-08
0
0
0
1.189958986958e-07
4.4643422613287e-05
0.00118021360671256
0.00386898351640483
0.00882405411593835
0.0129798952874631
0.00898312245930657
0.00381174572141667
0.00064441346065914
4.16001984685764e-05
9.03601114612627e-07
1.53543095091355e-09
0
0
3.9307032343387e-07
5.17816411040842e-05
0.00122394114476362
0.00483616068497098
0.0109633669889843
0.0177028018177792
0.0120803822577573
0.00414376731024222
0.000884973266316143
8.50221857604117e-05
2.25247720499018e-06
7.67715475456777e-10
0
0
9.38916026483638e-07
6.19339105515246e-05
0.00113577286098479
0.00473583332349186
0.0101881010318264
0.0147109148069123
0.0106494289381831
0.00381273991295739
0.000705757765725513
4.45305684383949e-05
8.75195642020726e-07
0
0
0
2.5257839142528e-07
2.96315142062052e-05
0.00070345001300629
0.00329568277252177
0.00699423115022877
0.00908918465538735
0.00665947726202607
0.00232145336959807
0.000373012988922086
2.10238882953838e-05
3.76948298449278e-07
0
0
0
2.61023261655304e-08
1.33229343610769e-05
0.000386583895381736
0.00188911286416364
0.00326226718873704
0.00463211189189575
0.00305168590468115
0.00103823998383633
0.000121127844571144
4.57021022539419e-06
4.8366074953777e-08
0
0
0
1.53543095091355e-09
4.20324222812585e-06
0.000142359016044901
0.00103282144801056
0.00184752341371172
0.00175907184292244
0.000959315762097476
0.000298394883285065
4.09652977703736e-05
1.22834476073084e-06
0
0
0
0
0
4.28385235304882e-07
1.76067867141257e-05
0.000190523181828633
0.000441252914389013
0.000287553205340664
0.000189674088512778
7.27256869900205e-05
1.44084840433728e-05
4.73680448356831e-07
0
0
0
0
0
1.53543095091355e-09
4.03818340090265e-07
1.18128380208534e-05
7.14658658947959e-05
2.25224689034755e-05
2.21478237514526e-05
7.70939880453695e-06
1.61911193773834e-06
5.37400832819744e-08
0
0
0
0
0
0
8.44487023002455e-09
7.35087567749864e-06
0.000179075776374097
2.37162664678108e-05
6.61540425201105e-06
2.95570458050859e-07
7.67715475456777e-09
0
0
0
0
0
0
0
3.07086190182711e-09
3.37641266105891e-06
8.37239788914143e-05
3.86437261725923e-05
3.3010997729166e-05
1.27056911188097e-06
0
0
0
0
0
0
0
0
0
3.6927114369471e-07
9.5949080122588e-06
1.56951751802383e-05
1.61273989929205e-05
6.23384966070903e-07
0
0
0
0
0
0
0
9.90352963339242e-08
3.33342059443333e-06
2.3267920630144e-05
3.96310082740297e-05
5.62528160331444e-05
0.000108916562218528
4.08278767002669e-05
5.55979547325798e-06
1.65058827223207e-07
0
0
0
0
7.67715475456777e-10
1.38342328677311e-06
4.33974203966207e-05
0.000261626686019013
0.000594730753664954
0.000828156179408538
0.00101428188699375
0.000439165496011246
4.83468820668905e-05
1.41106104388956e-06
9.21258570548132e-09
0
0
0
9.21258570548132e-09
6.80886855182616e-06
0.00020184698509162
0.00105107234800859
0.00294931565232184
0.00419872345483732
0.00301388820096251
0.00161751355411844
0.000271983167782925
1.36614968857533e-05
1.25828566427366e-06
4.22243511501227e-08
0
0
2.30314642637033e-08
1.54241716174021e-05
0.00045202242707872
0.00226555216725269
0.00577711499604196
0.00911592418539751
0.00631101658172457
0.00277565227004971
0.000815430527687367
6.1890918484899e-05
8.29209485040865e-06
2.79448433066267e-07
0
0
6.90943927911099e-08
2.51826030259332e-05
0.00068953286686721
0.00292563546848138
0.00836360063750817
0.0130877401188779
0.00890758616596091
0.004040409008066
0.0012317587914502
7.93549101205898e-05
5.06001269873562e-06
1.45865940336788e-07
0
0
1.5968481889501e-07
2.86979721880498e-05
0.00075004803922009
0.00366851227744522
0.00877012594236489
0.0113968229850046
0.00855838310479463
0.00380699356262359
0.00111463227993714
5.53031519900044e-05
1.06635679540946e-06
1.68897404600491e-08
0
0
2.61023261655304e-08
1.31202574755563e-05
0.000401773146063648
0.00251345210057053
0.00651153234818175
0.00761603155155833
0.00615006503229505
0.00195147669538142
0.00041915575985894
1.68183429208316e-05
1.12854174892146e-07
0
0
0
7.67715475456777e-10
6.09642859060227e-06
0.000203002396882183
0.0014166745794461
0.00348009033287292
0.00412915614931332
0.00348722701593276
0.00101764985478458
0.000130703559696516
4.09729749251282e-06
1.07480166563949e-08
0
0
0
0
1.75576529236965e-06
6.67590023147704e-05
0.000652519000649012
0.00198662578070973
0.00174136678862746
0.00153314546194312
0.00040725616998936
6.1163124214166e-05
1.9200564041174e-06
7.67715475456777e-10
0
0
0
0
1.66594258174121e-07
1.19579362457148e-05
0.000218951685884797
0.000626235493631274
0.000490177118493447
0.000633828199683542
0.000139406382326294
2.03843813043283e-05
6.34900698202755e-07
0
0
0
0
0
7.67715475456777e-10
8.74427926545269e-07
2.57530156241976e-05
0.000115176514205403
0.000128485629687922
0.000140547975238299
1.94101503659737e-05
2.16649307173902e-06
6.44880999383693e-08
0
0
0
0
0
0
5.37400832819744e-09
2.05901290517508e-06
4.9191369089893e-05
3.25089118082172e-05
2.75786430248338e-05
1.33889578919662e-06
1.76574559355059e-08
0
0
0
0
0
0
0
0
6.54861300564631e-07
2.01655823938232e-05
0.000100895470930956
0.000108307763846491
4.19326192694492e-06
0
0
0
0
0
0
0
0
0
6.60235308892828e-08
3.51229830021476e-06
4.88643222973484e-05
5.31489423658727e-05
2.05824518969962e-06
0
0
0
0
0
0
0
2.30314642637033e-09
3.55452265136488e-07
8.18307925289379e-06
1.44668304195075e-05
1.68060594732243e-05
2.95025380063285e-05
3.73854405083187e-05
2.94979317134757e-05
1.13238032629875e-06
0
0
0
0
0
3.28582223495501e-07
1.25268134130282e-05
0.000119283791999097
0.000272644938522769
0.000325654156672108
0.000366117368521533
0.000241071104163658
0.000101382970257871
4.93180421433434e-06
9.05904261038997e-08
1.53543095091355e-09
0
0
0
2.74918911761072e-06
8.86757437081105e-05
0.00056747992514814
0.0015579825930051
0.0019915376243217
0.00168179053230106
0.000939142502548898
0.000333284480782673
2.69744509456493e-05
1.06988828659656e-05
4.06121486516635e-07
0
0
7.67715475456777e-10
7.04762806469321e-06
0.000212191183407925
0.00104900949652604
0.00329512157250921
0.00466477281136811
0.00376641212259095
0.00170844714903987
0.00086177444007879
8.22207919904699e-05
6.88341372449301e-05
2.68623644862326e-06
0
0
1.53543095091355e-09
1.53105497270345e-05
0.000434311998775408
0.00154552180312296
0.00539577613278854
0.00680970382626345
0.00518306597371921
0.00283415833100332
0.000979450635872281
5.54566950850957e-05
3.55697934088634e-05
1.39724216533133e-06
0
0
1.53543095091355e-09
1.08562645384343e-05
0.000326493269686783
0.00160094318329618
0.00471952013735388
0.00698863450441269
0.00594515716560279
0.00312473479988634
0.00102796718305925
5.01034150747356e-05
4.54026932185138e-06
1.60452534370466e-07
0
0
7.67715475456777e-10
6.21772763572444e-06
0.000222853215931069
0.00185928404708024
0.0041534489701032
0.00563835886872337
0.00424053631049259
0.00152275212983639
0.000502753065696904
3.64012292687831e-05
7.56967458800382e-07
7.67715475456777e-10
0
0
0
1.70586378646496e-06
7.41628503600756e-05
0.000885371710647905
0.00250091146827895
0.00366289874188868
0.00316171949291647
0.000965964178114931
0.000342135472499214
3.21611366978353e-05
7.95353232573221e-07
0
0
0
0
2.71771278311699e-07
1.6918145932641e-05
0.000308340637269607
0.00144302027141735
0.00168161626088813
0.00148051012123033
0.000329504249781524
0.000130523914275259
8.21225244096114e-06
1.37421070106763e-07
0
0
0
0
2.0728317837333e-08
8.56693699062217e-06
0.000226798505759441
0.000676217609660887
0.000647504283163329
0.000847317589960464
0.000103344483297663
1.73165902644031e-05
6.90943927911099e-07
4.60629285274066e-09
0
0
0
0
0
1.23755734643632e-06
4.5016532334359e-05
0.000373785310690396
0.000456443700501876
0.000282792601677357
2.05141252196805e-05
7.10904530272975e-07
1.30511630827652e-08
0
0
0
0
0
0
1.84251714109626e-08
4.58940311228061e-06
0.000105996172549891
7.97026852309717e-05
3.21557626895071e-05
1.62295051511563e-06
1.91928868864194e-08
0
0
0
0
0
0
0
0
3.87696315105672e-07
1.04217375793257e-05
2.08642034764888e-05
2.02024327366451e-05
7.80766638539542e-07
0
0
0
0
0
0
0
0
0
2.30314642637033e-09
3.96141185335697e-07
9.01374739733802e-06
9.82675808584675e-06
3.80786875826561e-07
0
0
0
0
0
0
0
0
4.52952130519498e-08
1.08017567396769e-06
2.82365751873003e-06
9.72158106570917e-06
6.22694022142992e-06
5.8889150975863e-05
8.20081348037684e-05
3.21826327311481e-06
7.67715475456777e-10
0
0
0
0
5.37400832819744e-08
2.77605915925171e-06
3.88947691330667e-05
8.49600008068997e-05
0.00014995479295907
0.000107421052472339
0.000146952257734559
0.000264474910432958
1.43608856838945e-05
2.66397269983502e-07
4.60629285274066e-09
0
0
0
4.46042691240387e-07
2.07045186575938e-05
0.000261212119662267
0.000575200071969334
0.000767498211977223
0.000672477299864462
0.000308005145606833
0.000275499304660517
4.67853487898114e-05
2.73575409679022e-05
1.04178990019485e-06
0
0
0
1.30665173922743e-06
4.74517258225079e-05
0.000417872139583976
0.00118623326375561
0.00155213797509044
0.00140956783728979
0.000860566823635897
0.000498463071620052
9.82982894774857e-05
0.000174642219503334
6.89254953865094e-06
7.67715475456777e-10
0
0
4.12109667225198e-06
0.0001134906110213
0.000338124159139953
0.00169400642094653
0.00230622112684954
0.00218428027158988
0.00160422439923828
0.000605071113403882
4.94424120503673e-05
9.02718241815851e-05
3.58446355490769e-06
0
0
0
4.14643128294205e-06
0.000119719086673681
0.000477789261581476
0.00174428026885682
0.00344498040103385
0.00303541417517884
0.00181661749181626
0.00063737197431825
4.53835003316274e-05
1.11625830131415e-05
4.12263210320289e-07
0
0
0
3.79942388803559e-06
0.000128921692077981
0.000934542351419961
0.00209539647698792
0.00448351749075919
0.00330038042351609
0.000894585064068862
0.000589809697467276
0.000104385505482383
3.33649145633515e-06
1.53543095091355e-09
0
0
0
8.90549951529861e-07
3.73854405083187e-05
0.00043840776083697
0.00156756752071617
0.00257825266070741
0.00241285680639048
0.000557606336418291
0.000455288288711313
0.000135152470876788
4.72835961333829e-06
0
0
0
0
6.21849535119989e-08
6.37894788557036e-06
0.00015808797070606
0.000987377298156372
0.00125669726095494
0.000798052520184927
0.000176742689044184
0.000222450165306454
2.99539547058971e-05
8.54467324183393e-07
0
0
0
0
7.67715475456777e-10
5.06308356063744e-06
0.000160706648192843
0.000904560758956948
0.000838372936955917
0.000442316968037996
4.10558881964775e-05
2.71410452038234e-05
1.77649361020698e-06
2.91731880673575e-08
0
0
0
0
0
8.82105081299837e-07
3.95657524586159e-05
0.0004551823439757
0.000406320324824778
0.000112538643831733
6.12790492509599e-06
1.98838308143305e-07
6.90943927911099e-09
0
0
0
0
0
0
2.53346106900736e-08
5.92138946219812e-06
0.000135926328076049
0.000106077550390289
1.10873468965468e-05
3.64664850841969e-07
3.07086190182711e-09
0
0
0
0
0
0
0
0
5.35097686393374e-07
1.36530520155233e-05
9.75612826210472e-06
5.28188247114263e-07
6.90943927911099e-09
0
0
0
0
0
0
0
0
0
2.30314642637033e-09
5.75786606592583e-08
9.9803011809381e-08
6.75589618401964e-08
2.30314642637033e-09
0
0
0
0
0
0
0
0
7.67715475456777e-10
3.22440499691846e-08
6.27991258923644e-07
1.09875438847374e-05
2.48509499405359e-06
1.14174645509932e-05
2.02607791127798e-05
7.99191809950505e-07
0
0
0
0
0
0
1.92696584339651e-07
5.02700093329098e-06
1.54848211399632e-05
0.000104164403425451
3.34409183954217e-05
5.22284515108e-05
8.89905070530478e-05
4.22627369238956e-06
4.91337904292337e-08
7.67715475456777e-10
0
0
0
6.90943927911099e-09
1.59761590442555e-06
3.89201037437568e-05
9.8799607682959e-05
0.000285607814325857
0.000171431633384974
0.000209617033418718
0.000105917865571394
1.05207728756597e-05
4.97479628095991e-06
1.89625722437824e-07
0
0
0
9.88049816912872e-07
2.68761833647908e-05
6.59329404631789e-05
0.000233737118226619
0.000389959540327319
0.000358990665762868
0.00034144683171773
0.000152172722967665
2.58359288955469e-05
3.19830267075293e-05
1.25291165594546e-06
0
0
7.67715475456777e-10
6.63382942342201e-06
0.00016745947351496
8.02531372268742e-05
0.00050499786574714
0.000543556375501956
0.000575747453103335
0.000650302606071368
0.000303356628402942
5.83985807870461e-05
1.81088726350745e-05
6.51790438662804e-07
0
0
0
4.26926575901514e-06
0.000109278923922944
9.37357564068461e-05
0.000476361310797126
0.00131371472160164
0.00116258993025797
0.00105429521757456
0.000259373441098548
4.0807916097905e-05
3.15223974222553e-06
7.52361165947642e-08
0
0
0
1.02873873711208e-06
3.128670877129e-05
0.000165440381814509
0.000681289138091755
0.0024101598219252
0.00168357777392792
0.000463961170437549
0.000268427877416085
5.49384871391624e-05
1.80873766017617e-06
7.67715475456777e-10
0
0
0
1.41259647484047e-07
6.01735389663022e-06
8.40249233577933e-05
0.000596200928800454
0.00144448737569094
0.00126467612789136
0.000203034640932152
0.000387852929062666
0.000118399383771371
4.14412813651568e-06
0
0
0
0
9.9803011809381e-09
1.13007717987238e-06
3.87251040129907e-05
0.000444781334714212
0.000770559093577869
0.000467337583098607
0.000107652902545927
0.000328246731832726
3.43890470076109e-05
8.58305901560677e-07
0
0
0
0
0
7.6464461355495e-07
3.1056394128653e-05
0.000314596750679104
0.000361205524909561
0.00014838327938081
1.812653009101e-05
4.48061782940839e-05
2.74381510928252e-06
3.91534892482956e-08
0
0
0
0
0
1.32814777254022e-07
1.12078782261935e-05
0.000204473339733158
0.000193654693253021
3.03884816650056e-05
1.12316774059326e-06
1.89625722437824e-07
1.07480166563949e-08
0
0
0
0
0
0
4.60629285274066e-09
1.89779265532915e-06
4.6774600773155e-05
5.54912422814913e-05
3.56680609897219e-06
5.83463761347151e-08
0
0
0
0
0
0
0
0
0
1.28208484401282e-07
3.38255438486256e-06
5.14369368556041e-06
2.0728317837333e-07
0
0
0
0
0
0
0
0
0
0
7.67715475456777e-10
1.3818878558222e-08
2.0728317837333e-08
7.67715475456777e-10
0
0
0
0
0
0
0
0
0
0
7.67715475456777e-10
7.9074693972048e-08
1.91161153388737e-06
3.67735712743796e-07
3.74645152022907e-07
1.16308894531702e-06
4.60629285274066e-08
0
0
0
0
0
0
3.83857737728389e-09
1.17460467744887e-07
1.66824572816758e-06
2.82319688944475e-05
8.19152412312381e-06
3.13258622605383e-05
1.61143478298377e-05
6.0265664823357e-07
0
0
0
0
0
7.67715475456777e-10
5.60432297083447e-08
9.94191540716526e-07
1.25222071201755e-05
0.000124557229600009
4.85119408941137e-05
0.000213039509008305
6.83220710228004e-05
2.47895327024993e-06
3.4547196395555e-08
1.53543095091355e-09
0
0
0
2.73306709262613e-07
6.92939988147287e-06
5.99125157046469e-06
6.91711643386556e-05
0.000158493324477101
7.89710523828614e-05
0.000201354111756377
7.86486118831695e-05
9.93270282145978e-06
4.95176481669621e-07
8.44487023002455e-09
0
0
0
1.83023369348896e-06
4.6305526617651e-05
2.94549396468502e-05
0.000255683032808027
0.000211122523466089
7.52338134483378e-05
0.000115466710655126
0.000116247477293665
5.14661100436714e-05
1.99759566713853e-06
4.60629285274066e-09
0
0
0
1.08938825967317e-06
2.83194884586496e-05
3.72411099989328e-05
0.000186693817037054
0.000318330918751726
0.000185231319056309
0.000220111703968213
7.51447584531848e-05
3.12629095915509e-05
1.1615535143661e-06
7.67715475456777e-10
0
0
0
1.3588563915585e-07
7.93050086146851e-06
0.000122983412875323
0.000257739742566776
0.000515813441365375
0.000310156284369062
0.000140333782620646
4.62694439903045e-05
1.04094541317184e-05
3.52381403234661e-07
0
0
0
0
1.53543095091355e-09
1.45328539503968e-06
4.01837634163586e-05
0.000141239686881685
0.000463188848669239
0.000419700070131039
4.57059408313192e-05
9.92955518801041e-05
2.06223731017199e-05
6.70983325549223e-07
0
0
0
0
0
1.71200551026861e-07
7.28024585375662e-06
8.46060839727141e-05
0.000218971646487159
0.000277420896495585
2.66213018269392e-05
0.000108115067262152
8.68516517384252e-06
1.75806843879602e-07
0
0
0
0
0
1.3818878558222e-08
2.44517378932983e-06
5.50682310545146e-05
6.62791801426099e-05
4.61826921415779e-05
3.99058504142433e-06
1.53274394674946e-05
9.12813700318108e-07
1.22834476073084e-08
0
0
0
0
0
1.53543095091355e-09
4.45505290407568e-06
0.000113327855340503
7.67285554790521e-05
5.5966458160799e-06
1.189958986958e-07
6.29526689874557e-08
3.83857737728389e-09
0
0
0
0
0
0
0
7.29329701683938e-07
1.87460764797036e-05
1.55139943280306e-05
7.79998923064085e-07
7.67715475456777e-09
0
0
0
0
0
0
0
0
0
9.9803011809381e-09
2.79448433066267e-07
7.01691944567494e-07
2.84054725919007e-08
0
0
0
0
0
0
0
0
0
0
0
7.67715475456777e-10
3.07086190182711e-09
0
0
0
0
0
0
0
0
0
0
0
0
3.07086190182711e-09
7.06298237420235e-08
1.84251714109626e-08
2.37991797391601e-08
1.3818878558222e-08
7.67715475456777e-10
0
0
0
0
0
0
0
7.67715475456777e-10
5.75786606592583e-07
1.4324803056548e-05
3.89308517604132e-06
5.51296482925512e-06
1.73119839715503e-06
6.06495225610854e-08
0
0
0
0
0
0
2.30314642637033e-09
2.99409035428143e-08
4.58019052657513e-06
9.93823037288307e-05
2.73728952774114e-05
3.89469737853978e-05
1.20899833074933e-05
4.29152950780338e-07
0
0
0
0
0
1.84251714109626e-08
4.78286741209572e-07
6.86337635058359e-07
1.24247072547925e-05
8.53438585446281e-05
2.44348481528383e-05
3.5167510499724e-05
1.35524812882385e-05
1.62678909249291e-06
4.60629285274066e-08
0
0
0
0
1.25137622499455e-07
3.20981840288478e-06
3.67428626553613e-06
3.81178410719044e-05
3.91788238589857e-05
8.88707434388765e-06
1.42503346554287e-05
1.5195392405716e-05
8.21609101833843e-06
3.07086190182711e-07
0
0
0
0
7.44684011193074e-08
2.1242687205889e-06
7.82148526395364e-06
2.88492121367148e-05
3.18909008504745e-05
3.21603689823598e-05
6.43637300313453e-05
1.04739422316568e-05
4.8772964155769e-06
1.8348399863417e-07
0
0
0
0
9.21258570548132e-09
1.57842301753913e-06
3.55989665969307e-05
4.96781007013326e-05
4.30212398136469e-05
4.82724136657712e-05
7.48230856689684e-05
5.03083951066826e-06
6.90176212435643e-07
2.45668952146169e-08
0
0
0
0
0
4.12263210320289e-07
1.08839022955507e-05
1.90715878412973e-05
7.54725729612048e-05
7.09407485095835e-05
1.34780128871192e-05
8.1792406755165e-06
5.56593719706163e-07
9.9803011809381e-09
0
0
0
0
0
3.68503428219253e-08
1.12547088701964e-06
5.99432243236651e-06
2.5115044064093e-05
4.39294472211122e-05
2.26245750617112e-06
1.0417131286473e-05
6.2645582797273e-07
8.44487023002455e-09
0
0
0
0
0
7.67715475456777e-10
2.01909170045132e-07
4.71070215740278e-06
4.73987534547014e-06
5.68877167313472e-06
2.93267311624489e-07
1.51393491760076e-06
8.90549951529861e-08
7.67715475456777e-10
0
0
0
0
0
0
6.80963626730161e-07
1.73480665988968e-05
1.01300056986522e-05
4.18404934123943e-07
1.53543095091355e-09
6.14172380365422e-09
0
0
0
0
0
0
0
0
1.08247882039406e-07
2.75609855688983e-06
1.62755680796837e-06
6.21849535119989e-08
0
0
0
0
0
0
0
0
0
0
7.67715475456777e-10
1.22834476073084e-08
1.07480166563949e-08
7.67715475456777e-10
0
0
0
0
0
0
0
0
0
0
0
0
0
0
0
0
0
0
0
0
0
