0.00049179443877509
0.000120140796081807
6.75220327284673e-06
8.07036247750605e-08
0
0
0
0
0
0.00261080261328559
0.00909447802529744
0.00242706736088104
0.000146907498298868
2.03104122350569e-06
0
0
0
0
0
0.00154468082879879
0.00860916677771261
0.00335545495908508
0.000354248560950128
1.16616737799962e-05
4.03518123875303e-08
0
0
0
0
0.000524412153788343
0.00571060193968741
0.0045936772234047
0.000274015707319589
2.46146055563935e-06
8.07036247750605e-08
0
0
0
0
4.34858031496284e-05
0.000612809524125293
0.000341282178569602
2.00414001524734e-05
2.42110874325181e-07
1.34506041291768e-08
0
0
0
0
1.04914712207579e-06
1.76068408050924e-05
6.01242004574201e-06
3.76616915616949e-07
1.34506041291768e-08
0
0
0
0
0
0
0
1.34506041291768e-08
0
0
0
0
0
0
0
0
0
0
0
0
0
0
0
0
0
0
0
0
0
0
0
0
0
0
0
0
0
0
0
0
0
0
0
0
0
0.00152702018557718
0.0011916966246368
0.000657169616543318
0.000105116471269516
4.2234896965615e-06
0
0
0
0
0
0.00887673964565433
0.0141008197833853
0.00973796837744139
0.00192583059800727
9.4665351861146e-05
6.59079602329661e-07
0
0
0
0
0.00438710284518881
0.0217825136039746
0.0227681738745607
0.00476762043600322
0.00043705047996934
1.3773418628277e-05
0
0
0
0
0.00257460703757398
0.0148289951391265
0.00739075725327527
0.00139224513220283
0.000588221819777158
3.19451848067948e-05
1.34506041291768e-08
0
0
0
0.000284049857999955
0.00346913946518488
0.00191866142600642
0.00061416803514234
8.69178038827402e-05
3.38955224055254e-06
0
0
0
0
8.36627576834794e-06
0.000147553127297069
0.000157533475560918
4.03787135957886e-05
3.4164534488109e-06
9.41542289042373e-08
0
0
0
0
0
2.55561478454358e-07
3.88722459333208e-06
6.05277185812954e-07
2.69012082583535e-08
0
0
0
0
0
0
0
0
0
0
0
0
0
0
0
0
0
0
0
0
0
0
0
0
0
0
0
0
0
0
0
0
0
0
0
0.00229601812485047
0.00226913036719625
0.00241788059826081
0.000649960092730079
3.1124697954915e-05
1.34506041291768e-08
0
0
0
0
0.00401986100064989
0.0114112907841316
0.0199198739441662
0.0109843820596757
0.000689679726723538
5.89136460857942e-06
0
0
0
0
0.00956880012930873
0.0382909511746702
0.051958876714762
0.022844210139703
0.00322119102866764
0.000122494651804413
2.69012082583535e-08
0
0
0
0.00560327956934071
0.0218090381953174
0.0189949835030358
0.00964602004761433
0.00508025282777767
0.000276060199147224
5.3802416516707e-08
0
0
0
0.000404284808310666
0.00377070200976102
0.00851942434696275
0.00484354909631242
0.000738088450984445
2.88111940446966e-05
0
0
0
0
7.26332622975545e-06
0.000214093265924106
0.00159397729293222
0.000423667128860809
3.26177150132536e-05
7.80135039492252e-07
0
0
0
0
0
3.73926794791114e-06
6.20879886602799e-05
1.01552061175284e-05
3.90067519746126e-07
0
0
0
0
0
0
0
1.34506041291768e-08
0
0
0
0
0
0
0
0
0
0
0
0
0
0
0
0
0
0
0
0
0
0
0
0
0
0
0
0.00215083230388014
0.00195696874656631
0.00165515064051172
0.000667230668431942
3.52943852349598e-05
4.03518123875303e-08
0
0
0
0
0.00171483097103287
0.0084770818451641
0.0175838402720315
0.0127418648964022
0.000875150107060756
1.02359097423035e-05
0
0
0
0
0.00623917033015167
0.0340957749998006
0.0536637676893435
0.0355728665428503
0.00528641023726556
0.00020144969804268
4.03518123875303e-08
0
0
0
0.003402303413267
0.0209160660377855
0.0408655313110359
0.0203448995840441
0.00716946791414205
0.00036826409045273
8.07036247750605e-08
0
0
0
0.000227503518240896
0.00306767928374134
0.0182126560150705
0.00711540993614689
0.000944017200202141
3.51329779854097e-05
1.34506041291768e-08
0
0
0
3.68546553139443e-06
0.000412099609309717
0.00590367191135761
0.00125658233895595
9.21231876807316e-05
2.28660270196005e-06
0
0
0
0
1.34506041291768e-08
1.58044598517827e-05
0.000262623045622176
4.86508351352323e-05
3.20124378274407e-06
6.72530206458838e-08
0
0
0
0
0
0
4.03518123875303e-08
1.34506041291768e-08
0
0
0
0
0
0
0
0
0
0
0
0
0
0
0
0
0
0
0
0
0
0
0
0
0
0
0.000279678411657972
0.000549188166594287
0.000579142661989963
0.000433042199938846
2.69819118831286e-05
1.74857853679298e-07
0
0
0
0
0.000610590174443979
0.00751882045518916
0.0103049516932986
0.00922626704455511
0.000713567999656956
1.16885749882546e-05
0
0
0
0
0.00243984543480376
0.0133202274233526
0.0201661814069797
0.0219918319054329
0.00400472907100457
0.000166343621265529
4.03518123875303e-08
0
0
0
0.0029076439958124
0.0160890073821354
0.0280796156861107
0.0166863621621163
0.00254322677814061
9.89695451824825e-05
2.69012082583535e-08
0
0
0
0.000344012651207825
0.00527714277102056
0.0213051247622219
0.00709969963052401
0.000543377505610482
1.15944207593504e-05
0
0
0
0
1.06259772620496e-05
0.00034261378837839
0.00287963983801545
0.00179862823475764
0.000469251226254589
2.24625088957252e-05
0
0
0
0
1.34506041291768e-08
5.75685856728765e-06
9.59566098575469e-05
7.63994314537239e-05
2.32022921228299e-05
1.14330135098002e-06
0
0
0
0
0
0
1.34506041291768e-08
1.34506041291768e-08
0
0
0
0
0
0
0
0
0
0
0
0
0
0
0
0
0
0
0
0
0
0
0
0
0
0
5.21883440212058e-06
8.35417022463168e-05
0.000146127363259376
0.000171818017146104
1.02628109505619e-05
2.69012082583535e-08
0
0
0
0
0.000118486371773918
0.00171951178126983
0.00306262185658877
0.00365946551361273
0.000234538184200455
1.49301705833862e-06
0
0
0
0
0.00064307338341594
0.00241925255988199
0.00501659111843428
0.0070506452772649
0.000751148987593876
2.08080845878364e-05
0
0
0
0
0.000920653500829761
0.00253740266655268
0.00366432118170336
0.00666850016335086
0.000824024360765755
2.63093816766697e-05
0
0
0
0
7.3130934650334e-05
0.000721275195822974
0.0027406681961528
0.00210791142610393
0.000447474698169452
1.99741471318275e-05
0
0
0
0
1.43921464182191e-06
4.07687811155347e-05
0.000545583404687667
0.0044787956135374
0.00175359561213316
8.9876936791159e-05
1.34506041291768e-08
0
0
0
0
5.11122956908717e-07
2.14133617736494e-05
0.000227516968845025
8.98634861870299e-05
4.61355721630763e-06
0
0
0
0
0
0
0
2.69012082583535e-08
1.34506041291768e-08
0
0
0
0
0
0
0
0
0
0
0
0
0
0
0
0
0
0
0
0
0
0
0
0
0
2.95913290841889e-07
5.55509950535e-06
1.28856787557513e-05
1.73109275142505e-05
1.00879530968826e-06
0
0
0
0
0
8.35282516421876e-06
0.00011502956651272
0.000270948969578136
0.000365802629897091
2.12250533158409e-05
1.34506041291768e-08
0
0
0
0
5.64790867384132e-05
0.000159914232491782
0.000439807853815821
0.000651883529120551
4.08898365526973e-05
1.88308457808475e-07
0
0
0
0
8.02194030264101e-05
9.32126866151949e-05
7.30233298173006e-05
0.000665051670563015
8.38914179536754e-05
2.663219617577e-06
0
0
0
0
4.07553305114056e-06
5.98551883748365e-06
1.75664889927048e-05
0.00017596080321789
5.46498045768451e-05
2.663219617577e-06
0
0
0
0
0
1.21055437162591e-07
3.60610696703229e-05
0.000598323223478169
0.000237806681003845
1.22131485492925e-05
0
0
0
0
0
0
1.82928216156804e-06
3.06539268103938e-05
1.21996979451633e-05
6.32178394071307e-07
0
0
0
0
0
0
0
0
0
0
0
0
0
0
0
0
0
0
0
0
0
0
0
0
0
0
0
0
0
0
0
0
0
0
0
1.34506041291768e-08
2.69012082583535e-08
4.03518123875303e-08
0
0
0
0
0
0
2.69012082583535e-08
2.95913290841889e-07
6.99431414717191e-07
9.54992893171549e-07
5.3802416516707e-08
0
0
0
0
0
1.47956645420944e-07
4.16968728004479e-07
1.14330135098002e-06
1.69477612027627e-06
1.07604833033414e-07
0
0
0
0
0
2.01759061937651e-07
2.28660270196005e-07
1.74857853679298e-07
1.7351279326638e-06
2.15209666066828e-07
1.34506041291768e-08
0
0
0
0
1.34506041291768e-08
1.34506041291768e-08
2.69012082583535e-08
4.5732054039201e-07
1.47956645420944e-07
1.34506041291768e-08
0
0
0
0
0
0
9.41542289042373e-08
1.57372068311368e-06
6.18727789942131e-07
2.69012082583535e-08
0
0
0
0
0
0
0
8.07036247750605e-08
2.69012082583535e-08
0
0
0
0
0
0
0
0
0
0
0
0
0
0
0
0
0
0
0
0
0
0
0
0
0
0
0
0
0
0
0
0
0
0
0
0
0
0
0
0
0
0
0
0
0
0
0
0
0
0
0
0
0
0
0
0
0
0
0
0
0
0
0
0
0
0
0
0
0
0
0
0
0
0
0
0
0
0
0
0
0
0
0
0
0
0
0
0
0
0
0
0
0
0
0
0
0
0
0
0
0
0
0
0
0
0
0
0
0
0
0
0
0
0
0
0
0
0
0
0
0
0
0
0
0
0
0
0
0
0
0
0
0
0
0
0
0
0
0
0
0
0
0
0
0
0
0
0
0
0
0
0
0
0
0
0
0
0
0
0
0
0
0
0
0
0
0
0
0
0
0
0
0
0
0
0
0
0
0
0
0
0
0
0
0
0
0
0
0
0
0
0
0
0
0
0
0
0
0
0
0
0
0
0
0
0
0
0
0
0
0
0
0
0
0
0
0
0
0
0
0
0
0
0
0
0
0
0
0
0
0
0
0
0
0
0
