6.37114268292924e-10
3.18557134146462e-09
1.52907424390302e-08
5.54289413414844e-08
1.59915681341524e-07
3.65066475731845e-07
6.67695753170984e-07
9.86252887317446e-07
1.21688825243948e-06
1.35641627719564e-06
1.55710727170791e-06
1.96677174622026e-06
2.48219718926923e-06
2.75424498183031e-06
2.50959310280583e-06
1.83488909268362e-06
1.07290042780528e-06
5.0332027195141e-07
1.9177139475617e-07
5.98887412195348e-08
1.52907424390302e-08
0
3.82268560975754e-09
2.35732279268382e-08
1.15317682561019e-07
4.41520187926996e-07
1.33985130622002e-06
3.22953222597683e-06
6.20421874463649e-06
9.58729550927192e-06
1.2156140239029e-05
1.31672405828099e-05
1.30659394141513e-05
1.29041123900049e-05
1.31831684395172e-05
1.3495991545249e-05
1.30799559280537e-05
1.14744279719556e-05
8.81766147317407e-06
5.77544084207536e-06
3.14989294244022e-06
1.4048369615859e-06
5.05231614756289e-07
0
1.01938282926868e-08
6.88083409756358e-08
3.56783990244037e-07
1.45580610304933e-06
4.65220838707493e-06
1.17006035371995e-05
2.33132853053747e-05
3.72890238946483e-05
4.90941141718478e-05
5.56270838789235e-05
5.80481180984366e-05
6.02856634086813e-05
6.587697822722e-05
7.6121138547102e-05
8.83524582697895e-05
9.51052323994262e-05
8.85372214075945e-05
6.8143193679538e-05
4.22839997580648e-05
2.08680407436664e-05
8.12830383488112e-06
0
1.59278567073231e-08
1.12769225487848e-07
5.92516269512419e-07
2.43568784768385e-06
7.81420650061271e-06
1.96498782626904e-05
3.90156035617221e-05
6.2051107046121e-05
8.12894094914942e-05
9.22668883341812e-05
9.82850697124762e-05
0.000108136130528821
0.000131567919088099
0.000174794847963237
0.000231435580643014
0.000275613721120714
0.000275579954064494
0.000223070270300328
0.000143583894188103
7.28298062371007e-05
2.89683115507427e-05
0
8.28248548780801e-09
5.92516269512419e-08
3.13460220000119e-07
1.28760793622e-06
4.11958085878205e-06
1.02976779184185e-05
2.01914253907393e-05
3.13026982297679e-05
3.90085953047709e-05
4.05070880637958e-05
3.80612063878193e-05
3.80248908745266e-05
4.76427678686766e-05
7.14829466739295e-05
0.000106045758614552
0.000136116277849442
0.000142479138046883
0.000118712227382484
7.79050584983221e-05
4.00604709617225e-05
1.60954177598841e-05
0
1.27422853658585e-09
9.55671402439386e-09
4.90577986585551e-08
2.0260233731715e-07
6.46033868049025e-07
1.60935064170793e-06
3.12950528585484e-06
4.76688895536766e-06
5.72064901500216e-06
5.49511056402647e-06
4.48910713439194e-06
3.86537226573317e-06
4.95547477878236e-06
8.58320342244227e-06
1.4200639925981e-05
1.93676366418366e-05
2.09604223125689e-05
1.78124407129336e-05
1.18394944476874e-05
6.14241866061208e-06
2.48410853207411e-06
0
0
0
6.37114268292924e-10
3.18557134146462e-09
9.55671402439386e-09
2.35732279268382e-08
4.65093415853834e-08
7.07196837805146e-08
8.4099083414666e-08
8.02763978049084e-08
6.43485410975853e-08
5.41547128048985e-08
7.00825695122216e-08
1.23600168048827e-07
2.07699251463493e-07
2.8542719219523e-07
3.10274648658654e-07
2.64402421341563e-07
1.7648065231714e-07
9.1744454634181e-08
3.75897418292825e-08
0
0
0
0
0
0
0
0
0
0
0
0
0
0
0
0
0
6.37114268292924e-10
0
0
0
0
0
0
0
0
0
0
0
0
0
0
0
0
0
0
0
0
0
0
0
0
0
0
0
0
0
0
0
0
0
0
0
0
0
0
0
0
0
0
0
0
0
0
0
0
0
0
0
0
0
0
0
0
0
0
0
0
0
0
0
0
0
0
0
0
0
0
0
0
0
0
0
0
0
0
0
0
0
0
0
0
0
0
0
0
0
0
0
0
0
0
0
0
0
0
0
0
0
0
0
0
0
0
0
0
0
0
0
0
0
0
0
0
0
0
0
0
0
0
0
0
0
0
0
0
0
0
0
0
0
0
0
0
0
0
0
0
0
0
0
0
0
0
0
0
0
0
0
0
0
0
0
0
0
0
0
0
0
0
0
0
0
0
0
0
0
0
0
0
0
0
0
0
0
0
0
0
0
0
0
0
0
0
0
0
0
0
0
0
0
0
0
0
0
0
0
0
0
0
0
0
0
0
0
0
0
0
0
0
0
0
0
0
0
0
0
0
0
0
0
0
0
0
0
0
0
0
0
0
0
0
0
0
0
0
0
0
0
0
0
0
0
0
0
0
0
0
0
0
0
0
0
0
0
0
0
0
0
0
0
0
0
0
0
0
0
0
0
0
0
0
0
0
0
0
0
0
0
0
0
0
0
0
0
0
0
0
0
0
0
0
0
0
0
0
0
0
0
0
0
0
0
0
0
0
0
0
0
0
1.91134280487877e-09
1.33793996341514e-08
7.26310265853933e-08
3.10911762926947e-07
1.04359317146381e-06
2.76826149573275e-06
5.83724092609977e-06
9.86189175890617e-06
1.36310597701271e-05
1.62476880700061e-05
1.87846770863486e-05
2.42077937380579e-05
3.42780218626959e-05
4.59040830305052e-05
5.19426520653855e-05
4.74019386752618e-05
3.43844199455008e-05
1.97766640020807e-05
9.04128858134488e-06
3.30280036683052e-06
9.72236373415002e-07
2.3318382219521e-07
7.64537121951509e-09
7.00825695122216e-08
4.01381989024542e-07
1.79411377951287e-06
6.35266636914874e-06
1.78755150254946e-05
4.01458442736737e-05
7.23914716205152e-05
0.000106002434844308
0.000128997163015537
0.000136830482944198
0.000137179621563223
0.000141095962970419
0.00015020988257835
0.000155034748932132
0.000145239117057128
0.000119302832309191
8.46514614852759e-05
5.13399419675804e-05
2.62835120241563e-05
1.12055657507359e-05
3.93609194951368e-06
5.09691414634339e-09
1.07035197073211e-07
7.00825695122216e-07
3.50158001853791e-06
1.38215569363467e-05
4.30345203661138e-05
0.000106053403985772
0.000208110190166542
0.000329282952853173
0.000430446504829797
0.000485396973355793
0.00050327185126702
0.000513495623930316
0.000537643528927155
0.000578065880793267
0.000615649251479867
0.000612038724921451
0.000534565629897032
0.000391974359738929
0.000234593756070942
0.00011281318637236
4.32657928455042e-05
1.27422853658585e-09
1.28059967926878e-07
8.88137290000336e-07
4.64328878731883e-06
1.90051186231779e-05
6.07870723378279e-05
0.000152650030225911
0.000303417387789017
0.000485016616137623
0.000642748906881707
0.000743872320659428
0.000807500922633842
0.000879401179153503
0.000997133524791353
0.00117611485061154
0.00138166830121943
0.00150254862845691
0.00141236446666578
0.00109658515072907
0.000685831847932211
0.000341095051387324
0.000134102359647368
0
6.49856553658782e-08
4.52351130487976e-07
2.37898467780578e-06
9.75867924744272e-06
3.12109537751338e-05
7.80503205514929e-05
0.000153387808548595
0.000239239593315334
0.000302190942822553
0.000321963147024756
0.000312048374781581
0.000307703255471824
0.000341699672827934
0.000429693435764675
0.000554161990561185
0.000652471907730125
0.000649220076504758
0.000524475651230077
0.000337532945513298
0.000171522629081284
6.85681488964893e-05
0
1.01938282926868e-08
7.13567980488075e-08
3.73986075487946e-07
1.53162270097619e-06
4.8892148948799e-06
1.21758907813461e-05
2.37216755513504e-05
3.63237957781845e-05
4.41488332213582e-05
4.35767046084311e-05
3.70437349013555e-05
3.13103436009875e-05
3.29330736423295e-05
4.51331747658707e-05
6.53112207569759e-05
8.36053198567389e-05
8.7772684285643e-05
7.34930421903936e-05
4.85710433575793e-05
2.52411930812291e-05
1.03091459752478e-05
0
0
1.27422853658585e-09
5.73402841463632e-09
2.29361136585453e-08
7.26310265853933e-08
1.80303337926897e-07
3.51049961829401e-07
5.37087328170935e-07
6.50493667927075e-07
6.37751382561217e-07
5.35175985366056e-07
4.4661710207334e-07
4.7273878707335e-07
6.6896998170757e-07
1.00345497256136e-06
1.33093170646392e-06
1.45325764597616e-06
1.2786883364639e-06
9.00879575366195e-07
5.09054300366046e-07
2.31909593658624e-07
0
0
0
0
0
0
0
6.37114268292924e-10
6.37114268292924e-10
6.37114268292924e-10
6.37114268292924e-10
6.37114268292924e-10
6.37114268292924e-10
6.37114268292924e-10
1.27422853658585e-09
2.5484570731717e-09
4.45979987805047e-09
5.73402841463632e-09
6.37114268292924e-09
5.73402841463632e-09
3.82268560975754e-09
1.91134280487877e-09
0
0
0
0
0
0
0
0
0
0
0
0
0
0
0
0
0
0
0
0
0
0
0
0
0
0
0
0
0
0
0
0
0
0
0
0
0
0
0
0
0
0
0
0
0
0
0
0
0
0
0
0
0
0
0
0
0
0
0
0
0
0
0
0
0
0
0
0
0
0
0
0
0
0
0
0
0
0
0
0
0
0
0
0
0
0
0
0
0
0
0
0
0
0
0
0
0
0
0
0
0
0
0
0
0
0
0
0
0
0
0
0
0
0
0
0
0
0
0
0
0
0
0
0
0
0
0
0
0
0
0
0
0
0
0
0
0
0
0
0
0
0
0
0
0
0
0
0
0
0
0
0
0
0
0
0
0
0
0
0
0
0
0
0
0
0
0
0
0
0
0
0
0
0
0
0
0
0
0
0
0
0
0
0
0
0
0
0
0
0
0
0
0
0
0
0
0
0
0
0
0
0
0
0
0
0
0
0
0
0
0
0
0
0
0
0
0
0
0
0
0
0
0
0
0
0
0
0
0
0
0
0
0
0
0
0
0
0
0
0
0
0
0
0
0
0
0
0
0
0
0
0
0
0
0
0
0
0
0
0
0
0
0
0
0
0
0
0
0
0
0
0
0
0
0
0
0
0
0
0
0
0
0
0
0
0
0
0
0
0
0
0
0
0
0
0
0
0
0
0
0
0
0
0
0
0
0
0
1.52907424390302e-08
1.07035197073211e-07
5.64483241707531e-07
2.32928976487893e-06
7.52559373707602e-06
1.91051455632999e-05
3.83485449228194e-05
6.14949062899013e-05
8.10702421832014e-05
9.45082563300358e-05
0.000112641802634189
0.000155064693302742
0.000229117758934965
0.000309808918128532
0.000348950670315376
0.000315872334619876
0.000227183480016427
0.000129491563687732
5.85584466273392e-05
2.10833853663494e-05
6.08698971927059e-06
1.43223287512249e-06
6.88083409756358e-08
5.14788328780682e-07
2.77208418134251e-06
1.1703789108541e-05
3.89735540200147e-05
0.000102753789190283
0.000215767029442886
0.000364139474471479
0.000502360140749092
0.000585569175530953
0.000614235494918525
0.000635838128413533
0.000691203358328188
0.000761679027343947
0.000779769249877856
0.000695996368968556
0.000527484741919224
0.00033818535052403
0.00018465036857946
8.68252953686914e-05
3.57656836791599e-05
1.33169624358587e-05
4.84206843902622e-08
5.21159471463612e-07
3.07726191585482e-06
1.42369554392737e-05
5.25517333058735e-05
0.000154783725910424
0.000364846034195016
0.000692455287865384
0.0010717587190365
0.00138601150918638
0.00156138294556242
0.00162370355194403
0.00164691935876635
0.00167126540630063
0.00168486015055747
0.0016460484235616
0.00150239189834691
0.00122647554794876
0.000861244696735692
0.000507521403436533
0.000249510512434485
0.000104082809553942
1.27422853658585e-08
3.46590161951351e-07
2.28150619475696e-06
1.15139290565897e-05
4.59098170589198e-05
0.000144245218798591
0.000358697244391721
0.000713172332527465
0.00115726072806995
0.00159171022184743
0.0019636925729616
0.00230136759495672
0.00263356725693014
0.00293693622403477
0.00318042154683401
0.00332798804231321
0.00326858478216611
0.00286450206575828
0.00213685513416947
0.00131828881092391
0.000666700580683911
0.000279688066866447
3.18557134146462e-09
1.53544538658595e-07
1.03276222890283e-06
5.30079071219713e-06
2.13503362447642e-05
6.74379081845377e-05
0.000167518365905063
0.000329908599064637
0.000523639757310076
0.000692296646412579
0.000806703255569939
0.000889380937052044
0.000975325103387686
0.00107635868405358
0.00119267281333021
0.00131043574045293
0.00136577102599698
0.00126729291066121
0.000995016394077815
0.000643371367521829
0.000340060377815616
0.000148051976551641
6.37114268292924e-10
2.42103421951311e-08
1.62464138414696e-07
8.32071234390559e-07
3.33465608024516e-06
1.04786183706137e-05
2.58356206935464e-05
5.02523879116044e-05
7.79878833532002e-05
9.89960892358911e-05
0.000107955827190894
0.000109314154810895
0.000111502005208213
0.000119975624976509
0.000137310867102491
0.000162479429157135
0.000185126292937875
0.000187788793465071
0.000161151045907744
0.000114372204986873
6.67345340323423e-05
3.20557672948902e-05
0
6.37114268292924e-10
2.5484570731717e-09
1.21051710975656e-08
4.96949129268481e-08
1.55455881463473e-07
3.8354278951234e-07
7.48609265244186e-07
1.17356448219557e-06
1.52843712963472e-06
1.76289518036652e-06
1.96932020329343e-06
2.28341753756184e-06
2.82369043707424e-06
3.7729906968307e-06
5.34092891109958e-06
7.39817088341743e-06
9.16934854927176e-06
9.59175530914997e-06
8.22323386085677e-06
5.69580155853874e-06
3.16390945634266e-06
0
0
0
0
0
0
6.37114268292924e-10
6.37114268292924e-10
1.27422853658585e-09
2.5484570731717e-09
4.45979987805047e-09
8.28248548780801e-09
1.59278567073231e-08
3.12185991463533e-08
6.49856553658782e-08
1.29334196463464e-07
2.21078651097645e-07
3.09000420122068e-07
3.43404590609886e-07
3.0071793463426e-07
2.07699251463493e-07
1.12132111219555e-07
0
0
0
0
0
0
0
0
0
0
0
0
0
0
6.37114268292924e-10
1.27422853658585e-09
2.5484570731717e-09
3.18557134146462e-09
3.82268560975754e-09
3.18557134146462e-09
1.91134280487877e-09
1.27422853658585e-09
0
0
0
0
0
0
0
0
0
0
0
0
0
0
0
0
0
0
0
0
0
0
0
0
0
0
0
0
0
0
0
0
0
0
0
0
0
0
0
0
0
0
0
0
0
0
0
0
0
0
0
0
0
0
0
0
0
0
0
0
0
0
0
0
0
0
0
0
0
0
0
0
0
0
0
0
0
0
0
0
0
0
0
0
0
0
0
0
0
0
0
0
0
0
0
0
0
0
0
0
0
0
0
0
0
0
0
0
0
0
0
0
0
0
0
0
0
0
0
0
0
0
0
0
0
0
0
0
0
0
0
0
0
0
0
0
0
0
0
0
0
0
0
0
0
0
0
0
0
0
0
0
0
0
0
0
0
0
0
0
0
0
0
0
0
0
0
0
0
0
0
0
0
0
0
0
0
0
0
0
0
0
0
0
0
0
0
0
0
0
0
0
0
0
0
0
0
0
0
0
0
0
0
0
0
0
0
0
0
0
0
0
0
0
0
0
0
0
0
0
0
0
0
0
0
0
0
0
0
0
0
0
0
0
0
0
0
0
0
0
0
0
0
0
0
0
0
0
0
0
0
0
0
0
0
0
0
0
0
0
0
0
0
0
0
0
0
0
0
0
0
0
0
0
0
0
0
0
0
0
0
0
0
0
0
0
6.18000840244136e-08
3.79720103902583e-07
1.84890560658607e-06
7.17454377524662e-06
2.20804691962279e-05
5.38393412420935e-05
0.000104421754344674
0.000163032444342013
0.000211981933574958
0.000248447805834972
0.000299427778240967
0.000403305437000518
0.000563828288239726
0.000719770925004175
0.000776019195294684
0.000683647183106234
0.000486305498302379
0.00027854890655474
0.000128733397708463
4.83002697935549e-05
1.49231275062252e-05
3.93672906378198e-06
3.08363305853775e-07
1.88458400561047e-06
9.09990309402783e-06
3.52566293787938e-05
0.000109207119613822
0.000270363262435712
0.00053710389314191
0.000865856766923864
0.00116073554928922
0.00135580528461234
0.00148438386355361
0.00163523978000001
0.00183126964652545
0.00197102384684684
0.00190981436774914
0.00160048009975048
0.00114272815161019
0.000697261677905386
0.000371204434592579
0.000180584942433483
8.64869876922278e-05
4.32696155311139e-05
3.21742705487927e-07
1.99799034536661e-06
9.52995522512556e-06
3.72163928680629e-05
0.000119308566337606
0.000313913845359143
0.000678988603576476
0.00121519289137156
0.00182521514963386
0.00235981836927272
0.00272834564970993
0.00294505051135575
0.00305211119299969
0.00303354950590724
0.00283898691354168
0.00246543407575618
0.00197862844275319
0.00147033103413787
0.00101934332818404
0.000671641401834522
0.000429830415332358
0.000266151937122296
1.0448674000004e-07
8.32071234390559e-07
4.50503499109927e-06
1.95332863515928e-05
6.89759020281968e-05
0.000197743703907148
0.000461487349095297
0.000887212200082775
0.0014408288208303
0.00206318624844102
0.00274342295886909
0.00349248457524376
0.00420933687978488
0.0046630737338064
0.00468489935729531
0.00431352417607883
0.00370168932772323
0.00297206097076003
0.00221716211345925
0.00153821364808168
0.00100534720193819
0.000620765279054259
3.12185991463533e-08
2.97532363292796e-07
1.72020852439089e-06
7.75049507378342e-06
2.77698996120837e-05
7.93595903728349e-05
0.000181991053623605
0.000340317134865738
0.000535044739826788
0.000746291443536136
0.000986641527021105
0.00128112848411146
0.00160135230918378
0.00185857254137887
0.00198551246242209
0.00198679178787282
0.00189047731259218
0.00169852051758394
0.00141094752453309
0.00106297801019089
0.000715625859574661
0.000423933922779307
5.73402841463632e-09
4.90577986585551e-08
2.79056049512301e-07
1.23727590902486e-06
4.33747393853823e-06
1.20898803551265e-05
2.69359170348882e-05
4.88666643780673e-05
7.491635546576e-05
0.000103992339327844
0.000141968172403712
0.000196590527081538
0.000265290558631564
0.0003348041851022
0.000396676900153199
0.000454758785307855
0.000509799724059949
0.000542010310122034
0.00051966734984727
0.000429985871213821
0.000298005739194137
0.000169832364927503
0
6.37114268292924e-10
4.45979987805047e-09
1.84763137804948e-08
6.43485410975853e-08
1.84763137804948e-07
4.33874816707481e-07
9.02790918171073e-07
1.82596949292752e-06
3.80038661036729e-06
7.78107655866148e-06
1.44083391774445e-05
2.32387429359844e-05
3.32968658895248e-05
4.50452529968463e-05
6.07857981092913e-05
8.08427923894208e-05
9.88145116694276e-05
0.000103601151167112
8.92890162441801e-05
6.19122161356332e-05
3.41951970078178e-05
0
0
0
0
0
0
1.27422853658585e-09
3.82268560975754e-09
1.27422853658585e-08
3.88639703658684e-08
9.87527115854032e-08
2.10247708536665e-07
4.10301588780643e-07
8.07860892195427e-07
1.64885172634209e-06
3.21169302646463e-06
5.41355993768497e-06
7.4555111675638e-06
8.17417606219821e-06
7.05604052134413e-06
4.771985869514e-06
2.52297250243998e-06
0
0
0
0
0
0
0
0
0
0
0
6.37114268292924e-10
1.91134280487877e-09
5.73402841463632e-09
1.72020852439089e-08
3.88639703658684e-08
7.00825695122216e-08
9.93898258536961e-08
1.09583654146383e-07
9.49300259756457e-08
6.37114268292924e-08
3.3129941951232e-08
0
0
0
0
0
0
0
0
0
0
0
0
0
0
0
0
0
0
0
0
0
0
0
0
0
0
0
0
0
0
0
0
0
0
0
0
0
0
0
0
0
0
0
0
0
0
0
0
0
0
0
0
0
0
0
0
0
0
0
0
0
0
0
0
0
0
0
0
0
0
0
0
0
0
0
0
0
0
0
0
0
0
0
0
0
0
0
0
0
0
0
0
0
0
0
0
0
0
0
0
0
0
0
0
0
0
0
0
0
0
0
0
0
0
0
0
0
0
0
0
0
0
0
0
0
0
0
0
0
0
0
0
0
0
0
0
0
0
0
0
0
0
0
0
0
0
0
0
0
0
0
0
0
0
0
0
0
0
0
0
0
0
0
0
0
0
0
0
0
0
0
0
0
0
0
0
0
0
0
0
0
0
0
0
0
0
0
0
0
0
0
0
0
0
0
0
0
0
0
0
0
0
0
0
0
0
0
0
0
0
0
0
0
0
0
0
0
0
0
0
0
0
0
0
0
0
0
0
0
0
0
0
0
0
0
0
0
0
0
0
0
0
0
0
0
0
0
0
0
0
0
0
0
0
0
0
0
0
0
0
0
0
0
0
0
0
0
0
0
0
0
0
0
0
0
0
0
0
0
0
0
0
0
0
0
0
2.98169477561088e-07
1.18248408195167e-06
4.45151739256266e-06
1.44796959754933e-05
3.89926674480635e-05
8.57511207123495e-05
0.000154133232242497
0.000229805205230453
0.000294982631991087
0.000349821605520132
0.000418989278943085
0.000526546272602028
0.000659716534074884
0.000762086143361386
0.000771858202008463
0.000671269327101839
0.000498207429948359
0.000314586000912192
0.00016804971920482
7.54005623096627e-05
2.84051025375717e-05
9.18718774878396e-06
1.56284130012254e-06
6.40745819622194e-06
2.41459936540335e-05
7.75247012801513e-05
0.000205589766121175
0.000446944578807242
0.000799974054668229
0.00119843614900119
0.00155380893114095
0.00184133668907875
0.002124056782748
0.0024612781793841
0.00279655637750191
0.00296542542565576
0.00283153076525985
0.00240303574143384
0.0018131622219063
0.00122150860511314
0.000742532469353208
0.000419976806058939
0.000232893935203137
0.000130407734005537
1.87757574865925e-06
8.46087748293003e-06
3.23615821436708e-05
0.000102275316374795
0.000265866509930101
0.000572748525110095
0.00103728128040783
0.00161260183581902
0.00221032460313193
0.00275485024038519
0.00322077763881622
0.00361260928495905
0.00389732864320221
0.00396896258595772
0.00372450821235641
0.00319109321082791
0.00254289188003816
0.00197692734765685
0.00158386861943328
0.00132127241704233
0.00108458446637151
0.000809157419731404
5.2944195695142e-07
2.84344097939132e-06
1.26626460823219e-05
4.64029435025785e-05
0.000140160679224565
0.000349032858055986
0.000719890702486614
0.00124481934196145
0.00184787348147143
0.00245195592341044
0.00306475727411104
0.00374222636015764
0.00442433427519167
0.00487244222465282
0.00486509374868233
0.00443834123238009
0.00386436243961793
0.00340965080076592
0.00314254765204107
0.00292454944843062
0.00255476514154206
0.00195992722763599
1.08309425609797e-07
7.70908264634438e-07
4.11193548756253e-06
1.71237201889089e-05
5.61488804646554e-05
0.000145697202216031
0.000301754519548773
0.000508009432966046
0.000719777933261126
0.000913501446135346
0.00112766740742201
0.00142557885370444
0.00181061312771886
0.00220476004711266
0.00251954992459071
0.0027239177055453
0.00283474054694351
0.00286001996688084
0.00275835182040373
0.00245960894000117
0.00194809410433098
0.00132382597102965
1.84763137804948e-08
1.30608425000049e-07
6.9063186682953e-07
2.85172346487913e-06
9.21394654805227e-06
2.35254443567162e-05
4.80804653709938e-05
8.22387097512506e-05
0.000128353677604561
0.000204818220742273
0.000346674261034765
0.000576713287201682
0.000870944124356183
0.00116688561332105
0.00141681534694407
0.00161989106016256
0.00178545093680689
0.00187061654950668
0.00178398812244689
0.00147863581862507
0.00102997931377893
0.000591342705030224
0
1.91134280487877e-09
1.01938282926868e-08
4.33237702439188e-08
1.45262053170787e-07
4.28777902561138e-07
1.15572528268336e-06
3.23335491158659e-06
9.26937548939375e-06
2.47219449525703e-05
5.67120894778263e-05
0.000108417097921139
0.000173864024017261
0.000242262063404116
0.000311536134909874
0.000392015772166368
0.00048545813632555
0.00055958319587009
0.00056047133316009
0.000464808625775908
0.000310837220557557
0.000165456027018599
0
0
0
0
0
1.91134280487877e-09
7.64537121951509e-09
3.44041704878179e-08
1.22325939512241e-07
3.58695333048916e-07
8.74757890366185e-07
1.80813029341532e-06
3.44423973439155e-06
6.6807802173196e-06
1.35023626879319e-05
2.60681674014733e-05
4.35352921809921e-05
5.93892436331932e-05
6.44899804651463e-05
5.51218522641672e-05
3.68946501625749e-05
1.92867231297634e-05
0
0
0
0
0
0
0
0
0
6.37114268292924e-10
1.27422853658585e-09
4.45979987805047e-09
1.59278567073231e-08
5.28804842683127e-08
1.47810510243958e-07
3.34484990853785e-07
5.97613183658763e-07
8.39079491341781e-07
9.22541460488154e-07
7.91933035488104e-07
5.30079071219713e-07
2.76507592439129e-07
0
0
0
0
0
0
0
0
0
0
0
0
0
0
0
0
6.37114268292924e-10
6.37114268292924e-10
6.37114268292924e-10
6.37114268292924e-10
6.37114268292924e-10
0
0
0
0
0
0
0
0
0
0
0
0
0
0
0
0
0
0
0
0
0
0
0
0
0
0
0
0
0
0
0
0
0
0
0
0
0
0
0
0
0
0
0
0
0
0
0
0
0
0
0
0
0
0
0
0
0
0
0
0
0
0
0
0
0
0
0
0
0
0
0
0
0
0
0
0
0
0
0
0
0
0
0
0
0
0
0
0
0
0
0
0
0
0
0
0
0
0
0
0
0
0
0
0
0
0
0
0
0
0
0
0
0
0
0
0
0
0
0
0
0
0
0
0
0
0
0
0
0
0
0
0
0
0
0
0
0
0
0
0
0
0
0
0
0
0
0
0
0
0
0
0
0
0
0
0
0
0
0
0
0
0
0
0
0
0
0
0
0
0
0
0
0
0
0
0
0
0
0
0
0
0
0
0
0
0
0
0
0
0
0
0
0
0
0
0
0
0
0
0
0
0
0
0
0
0
0
0
0
0
0
0
0
0
0
0
0
0
0
0
0
0
0
0
0
0
0
0
0
0
0
0
0
0
0
0
0
0
0
0
0
0
0
0
0
0
0
0
0
0
0
0
0
0
0
0
0
0
0
0
0
0
0
0
0
3.31171996658662e-06
6.38579631109998e-06
1.20898803551265e-05
2.42281813946433e-05
4.90304027450185e-05
9.08875359433271e-05
0.000146433706310177
0.000205397994726419
0.000260385415879977
0.000315245414179875
0.000382326538374169
0.00046936462990847
0.00056499484446497
0.00063764562159268
0.000655057317430858
0.000604859721346326
0.000496510157537627
0.000354965029008061
0.000215163045116545
0.000108115105757968
4.46438710078218e-05
1.53589136657375e-05
1.49639028193959e-05
3.02922350002554e-05
6.17605829397795e-05
0.000132151515757855
0.000275758983173885
0.000513079588313121
0.000819465928592383
0.00113385378696714
0.00141331631538261
0.00167256639363649
0.00196494386538452
0.00232456619969381
0.0027091608648631
0.00299307618489967
0.0030438484580542
0.0028108774320246
0.00233733524385893
0.00173007551306395
0.00113163981488482
0.000663424539116349
0.00036386678956465
0.000194868407214342
1.03862368017112e-05
2.63682482218392e-05
6.97601896924654e-05
0.000179046948589824
0.000406526686741007
0.000779374876145783
0.00125547826366999
0.00173612045324151
0.00213837592592788
0.00244558350649897
0.0026946289255176
0.00293903041863465
0.00319952987796865
0.00341465342200056
0.0034729767734629
0.00332674375814723
0.00304159944468713
0.00272276771429103
0.00242209437765555
0.00211236892149616
0.00173227610574663
0.00126811478806731
1.99034497414709e-06
6.37241691146583e-06
2.15905283239106e-05
6.87089511497821e-05
0.00018904709414495
0.000435447214721628
0.000835144036506535
0.00134487049242563
0.00185408980538716
0.0022608611440072
0.00255372537105621
0.00280337095171557
0.00306416284649872
0.00330794251608991
0.00348658999403351
0.00364043971042662
0.00388646265935647
0.00427359686199918
0.00466042843536445
0.00474835657553155
0.00428368046952345
0.00329074425353161
1.63101252682989e-07
1.04295605719552e-06
5.36832482463618e-06
2.20135721980571e-05
7.12414803662465e-05
0.000182734565974703
0.000376093012373191
0.000636449758111094
0.000923146081928764
0.00121556815167558
0.00152992033165131
0.00187105806969461
0.00219575379981607
0.00245865454282727
0.00267970324955431
0.00293390674568904
0.00326880968350282
0.00362447808666308
0.00381918530396754
0.00364164067082235
0.00301981714496846
0.00211675163054775
2.4847456463424e-08
1.71383738170797e-07
9.0215380390278e-07
3.73540095500141e-06
1.22173032087851e-05
3.21099220076951e-05
7.04246998742949e-05
0.000138969912657126
0.000267816079591077
0.000516757011869708
0.000947690909114749
0.00155102283044571
0.00220278117019535
0.0027345473199975
0.00306685274293945
0.00325039771826342
0.00335600386803285
0.00334057678314041
0.00306401885867409
0.00246339148741203
0.00167551049867027
0.000945676990912675
6.37114268292924e-10
2.5484570731717e-09
1.33793996341514e-08
5.98887412195348e-08
2.40192079146432e-07
8.95782661219851e-07
3.18493422719633e-06
1.08538786746383e-05
3.30432944107442e-05
8.54089903502762e-05
0.000183289492502386
0.000326024750485123
0.000489185891909331
0.000643745353597317
0.000790200721792616
0.000958927056350363
0.00115329660309263
0.0012949360245339
0.00126420418068853
0.00102172167574758
0.000665401504690862
0.000344490233323057
0
0
0
0
1.27422853658585e-09
7.00825695122216e-09
3.56783990244037e-08
1.45262053170787e-07
4.771985869514e-07
1.28314813634195e-06
2.87083689292792e-06
5.53652299146551e-06
1.01065436379307e-05
1.93676366418366e-05
3.91551315864782e-05
7.51985970866138e-05
0.000124064624350413
0.00016672452152677
0.000178339751752019
0.000150322651803837
9.93573330260132e-05
5.13539584814828e-05
0
0
0
0
0
0
0
0
6.37114268292924e-10
1.27422853658585e-09
4.45979987805047e-09
1.40165139024443e-08
5.0332027195141e-08
1.65012595487867e-07
4.53625359024562e-07
1.00281785829306e-06
1.75524980914701e-06
2.41848576243994e-06
2.61599118561075e-06
2.2152463108545e-06
1.4672741598786e-06
7.58165979268579e-07
0
0
0
0
0
0
0
0
0
0
0
0
0
0
6.37114268292924e-10
6.37114268292924e-10
1.91134280487877e-09
2.5484570731717e-09
2.5484570731717e-09
1.91134280487877e-09
1.27422853658585e-09
6.37114268292924e-10
0
0
0
0
0
0
0
0
0
0
0
0
0
0
0
0
0
0
0
0
0
0
0
0
0
0
0
0
0
0
0
0
0
0
0
0
0
0
0
0
0
0
0
0
0
0
0
0
0
0
0
0
0
0
0
0
0
0
0
0
0
0
0
0
0
0
0
0
0
0
0
0
0
0
0
0
0
0
0
0
0
0
0
0
0
0
0
0
0
0
0
0
0
0
0
0
0
0
0
0
0
0
0
0
0
0
0
0
0
0
0
0
0
0
0
0
0
0
0
0
0
0
0
0
0
0
0
0
0
0
0
0
0
0
0
0
0
0
0
0
0
0
0
0
0
0
0
0
0
0
0
0
0
0
0
0
0
0
0
0
0
0
0
0
0
0
0
0
0
0
0
0
0
0
0
0
0
0
0
0
0
0
0
0
0
0
0
0
0
0
0
0
0
0
0
0
0
0
0
0
0
0
0
0
0
0
0
0
0
0
0
0
0
0
0
0
0
0
0
0
0
0
0
0
0
0
0
0
0
0
0
0
0
0
0
0
0
0
0
0
0
0
0
0
0
0
0
0
0
0
0
0
0
0
0
0
0
0
0
0
0
0
0
0
2.55979770714731e-05
4.19628941668451e-05
5.55468074811186e-05
6.18848202220966e-05
6.35062760349021e-05
6.81967112780746e-05
8.16665811383236e-05
0.000104812942505405
0.000137761306890174
0.000183169715019947
0.000244821988534117
0.000322162563790732
0.000401885309296493
0.000458132942472734
0.000470907083552007
0.000441427169243825
0.00038199396472612
0.000301152446565236
0.000208468885499591
0.0001219309286659
5.87291932512417e-05
2.30342292558624e-05
0.000111930783110774
0.000184405079586167
0.000247499779803752
0.000285567994448523
0.000314789877478046
0.000372611820011239
0.000482668212944695
0.000642455834318292
0.000841547034902879
0.00107560051807431
0.00134603386307953
0.00164951241383831
0.00194396878944378
0.00213056044519873
0.0021181411767669
0.00190482002899999
0.00156157726541425
0.00116493731788861
0.000779307342033344
0.000462783239517004
0.000246835269621923
0.000121948130751144
6.40535571913657e-05
0.000109037010104188
0.000159466515782377
0.00022231210432106
0.000329951285720613
0.000524381995432637
0.000823679165248604
0.00120616243373277
0.00161411243374915
0.00196099757960672
0.00216742069119082
0.00222825873267011
0.00222058023150864
0.00222190861475804
0.00225200589279219
0.00229213963189477
0.00230249273875453
0.00222099626712584
0.00200101854948381
0.00165605048045953
0.0012461865891812
0.000838876889004464
1.0070228124638e-05
1.80220513072019e-05
3.04030928829383e-05
5.69968795557533e-05
0.000123819972471388
0.000274494311351323
0.000554909962712161
0.000980511850645859
0.00150287546807654
0.00200632571133869
0.00235532735079552
0.00247712894526496
0.00242135150241872
0.00234453527220491
0.00242715242783153
0.00277342912956288
0.00333754539345187
0.00391385092752185
0.00422297176224062
0.00405903716409471
0.00340471762498653
0.00244732346556568
2.08973480000079e-07
7.07196837805146e-07
2.83133580829375e-06
1.108833672537e-05
3.68659800205017e-05
0.000101279506773453
0.000234883643063016
0.000476982605214449
0.000875975415732892
0.00146511943942324
0.00218817978539461
0.00284502739391937
0.00318841733090108
0.00313955321498009
0.0028852987497039
0.00272643494401932
0.0028303482811779
0.00310658446293874
0.00327873528668856
0.00309051771532093
0.00249818812028912
0.0016947073886882
1.14680568292726e-08
7.70908264634438e-08
4.06478903170885e-07
1.75206423780554e-06
6.25200231475846e-06
1.8872598855373e-05
5.21153100320929e-05
0.00013735610221554
0.000339177337439762
0.000744754723921013
0.00139453673521041
0.00219036636156339
0.00290112530524256
0.00331689206021662
0.00341099574898629
0.00332670107149126
0.00319950503051219
0.00301124604671711
0.00263898209109636
0.00203882236170723
0.00133801132021319
0.000731886289930033
0
1.27422853658585e-09
6.37114268292924e-09
3.3767056219525e-08
2.09610594268372e-07
1.03467357170771e-06
4.50439787683097e-06
1.66764659725673e-05
5.08958733225802e-05
0.000126590145309926
0.000256731565551317
0.00042927357746187
0.000606741119780595
0.000758508109630653
0.000897132069240095
0.00106404581370455
0.00125723096502206
0.00138177406218796
0.0013135951901094
0.0010306731312171
0.000651082361510978
0.000327034576600368
0
0
0
0
1.91134280487877e-09
1.27422853658585e-08
6.18000840244136e-08
2.40192079146432e-07
7.5179483658565e-07
1.91070569061048e-06
4.02719928987957e-06
7.40263068329548e-06
1.3213112810127e-05
2.53972860769608e-05
5.14278637366048e-05
9.73147446818661e-05
0.000156440223007986
0.000204116120818614
0.000212116364685568
0.000174130974895676
0.000112444934325286
5.69624753852655e-05
0
0
0
0
0
0
0
0
6.37114268292924e-10
1.91134280487877e-09
6.37114268292924e-09
2.10247708536665e-08
7.39052551219792e-08
2.37006507804968e-07
6.29468897073409e-07
1.33921419195173e-06
2.25920719536671e-06
3.00845357487919e-06
3.15562697085485e-06
2.6019746717083e-06
1.6838930110982e-06
8.53733119512518e-07
0
0
0
0
0
0
0
0
0
0
0
0
0
0
6.37114268292924e-10
1.27422853658585e-09
1.91134280487877e-09
2.5484570731717e-09
3.18557134146462e-09
2.5484570731717e-09
1.91134280487877e-09
6.37114268292924e-10
0
0
0
0
0
0
0
0
0
0
0
0
0
0
0
0
0
0
0
0
0
0
0
0
0
0
0
0
0
0
0
0
0
0
0
0
0
0
0
0
0
0
0
0
0
0
0
0
0
0
0
0
0
0
0
0
0
0
0
0
0
0
0
0
0
0
0
0
0
0
0
0
0
0
0
0
0
0
0
0
0
0
0
0
0
0
0
0
0
0
0
0
0
0
0
0
0
0
0
0
0
0
0
0
0
0
0
0
0
0
0
0
0
0
0
0
0
0
0
0
0
0
0
0
0
0
0
0
0
0
0
0
0
0
0
0
0
0
0
0
0
0
0
0
0
0
0
0
0
0
0
0
0
0
0
0
0
0
0
0
0
0
0
0
0
0
0
0
0
0
0
0
0
0
0
0
0
0
0
0
0
0
0
0
0
0
0
0
0
0
0
0
0
0
0
0
0
0
0
0
0
0
0
0
0
0
0
0
0
0
0
0
0
0
0
0
0
0
0
0
0
0
0
0
0
0
0
0
0
0
0
0
0
0
0
0
0
0
0
0
0
0
0
0
0
0
0
0
0
0
0
0
0
0
0
0
0
0
0
0
0
0
0
0
7.2830443351369e-05
0.000117939407775045
0.000150751429706398
0.000152646207540302
0.000123688089817852
8.29236075896655e-05
5.13284739107511e-05
3.82192107263559e-05
4.24553834962356e-05
6.04283770047789e-05
9.03835785571074e-05
0.000131297145524074
0.000180058048933605
0.000235373583935333
0.000305366957449994
0.000396513798900516
0.000483521946064207
0.000509225684104217
0.000438180434932605
0.000299989075911333
0.000161668382693598
6.83419733312454e-05
0.000317667085513657
0.000514612485242634
0.000658563357249273
0.000669491778293302
0.000550266673924842
0.000388778594569171
0.000283313247053034
0.000279077711397423
0.000364161773470869
0.000498385821943481
0.000643215911640365
0.000776739134417855
0.00088144759018326
0.000932484265759133
0.000922523621288642
0.00087981657765643
0.000825772085619947
0.000735928142848083
0.000580729018434732
0.000384157604781243
0.000207905039372152
9.22012655645471e-05
0.000178814401881897
0.0002904170711445
0.000374767177580873
0.000391894083341124
0.000355333281055134
0.000337991667786469
0.000429731662620772
0.000681099363147331
0.00105560468676394
0.00141810614045163
0.00160688628371817
0.00156157153138583
0.00137179940120357
0.00118784603563362
0.00110453824814017
0.00112351915642116
0.00117593518438788
0.00116979403995581
0.00105403993412101
0.000853641375057884
0.000633040559661459
0.000436381224238946
2.75838622457421e-05
4.50204055403829e-05
5.93433714058761e-05
6.78341932594159e-05
8.35639074292999e-05
0.000144297462168591
0.000309457868166702
0.000632909951236459
0.00110736193857725
0.00162107481847305
0.00199684608814076
0.00211983016669214
0.00204173333679906
0.00194558514834244
0.00199661800123271
0.00222189714670121
0.0025108998241701
0.00270377852352456
0.00268878403922029
0.00245098942106544
0.00204655183201016
0.00154854891574193
4.16035617195279e-07
7.41601008292963e-07
1.34622244890295e-06
3.40282730695251e-06
1.12909390626872e-05
3.73094115512336e-05
0.000110919682766993
0.000289114172465841
0.000652027201970856
0.00125338470618438
0.00202499698208528
0.0027304984588225
0.00308954611606178
0.00301221254906212
0.00269010923689833
0.00242312586565592
0.00236461838817004
0.0024263171710258
0.00239215000704578
0.00211392029473946
0.00161953109060098
0.0010626702839993
1.91134280487877e-09
1.08309425609797e-08
5.60660556097773e-08
2.94983906219624e-07
1.45644321731762e-06
6.12649080390476e-06
2.35190732140333e-05
7.87785421601518e-05
0.000221985264701425
0.00051561402887239
0.000981838322552444
0.00154233131759766
0.00203040225953748
0.00230002965499331
0.00233321502588588
0.00222890412942389
0.0020823321693175
0.00188915657471401
0.00158602206566011
0.00116898745329215
0.000730791727617106
0.000381151062549169
0
0
6.37114268292924e-10
8.28248548780801e-09
8.85588832927164e-08
5.21796585731905e-07
2.50449618865948e-06
9.65546673597926e-06
2.99634840378162e-05
7.51775723157601e-05
0.000153718470853839
0.000260274557997294
0.000374714934210873
0.000478527607315059
0.000574106852730095
0.00067700908954489
0.000777144339092489
0.000817759099467626
0.000740036892764304
0.00055221942915716
0.000332232154801101
0.000159359480585304
0
0
0
0
1.27422853658585e-09
7.00825695122216e-09
3.56783990244037e-08
1.3952802475615e-07
4.37697502317239e-07
1.12386956926872e-06
2.41084039122042e-06
4.59805367427003e-06
8.64818907780815e-06
1.72473203569577e-05
3.47985442198912e-05
6.36986845439265e-05
9.78703083238175e-05
0.00012166588913029
0.000120540745332485
9.45815244708894e-05
5.8592850797827e-05
2.86000595036694e-05
0
0
0
0
0
0
0
0
6.37114268292924e-10
1.27422853658585e-09
4.45979987805047e-09
1.52907424390302e-08
5.47918270731915e-08
1.70109509634211e-07
4.33874816707481e-07
8.81766147317407e-07
1.41566790414688e-06
1.79538800804946e-06
1.79538800804946e-06
1.41566790414688e-06
8.79217690244235e-07
4.30052131097724e-07
0
0
0
0
0
0
0
0
0
0
0
0
0
0
6.37114268292924e-10
6.37114268292924e-10
1.27422853658585e-09
1.91134280487877e-09
1.91134280487877e-09
1.27422853658585e-09
6.37114268292924e-10
6.37114268292924e-10
0
0
0
0
0
0
0
0
0
0
0
0
0
0
0
0
0
0
0
0
0
0
0
0
0
0
0
0
0
0
0
0
0
0
0
0
0
0
0
0
0
0
0
0
0
0
0
0
0
0
0
0
0
0
0
0
0
0
0
0
0
0
0
0
0
0
0
0
0
0
0
0
0
0
0
0
0
0
0
0
0
0
0
0
0
0
0
0
0
0
0
0
0
0
0
0
0
0
0
0
0
0
0
0
0
0
0
0
0
0
0
0
0
0
0
0
0
0
0
0
0
0
0
0
0
0
0
0
0
0
0
0
0
0
0
0
0
0
0
0
0
0
0
0
0
0
0
0
0
0
0
0
0
0
0
0
0
0
0
0
0
0
0
0
0
0
0
0
0
0
0
0
0
0
0
0
0
0
0
0
0
0
0
0
0
0
0
0
0
0
0
0
0
0
0
0
0
0
0
0
0
0
0
0
0
0
0
0
0
0
0
0
0
0
0
0
0
0
0
0
0
0
0
0
0
0
0
0
0
0
0
0
0
0
0
0
0
0
0
0
0
0
0
0
0
0
0
0
0
0
0
0
0
0
0
0
0
0
0
0
0
0
0
0
8.23654954906409e-05
0.000133273473984319
0.000169948956838601
0.000170894434412748
0.000135602763749198
8.51439508146663e-05
4.29408645686748e-05
1.88502998559827e-05
1.00390095254916e-05
1.03664862593942e-05
1.63719253523233e-05
2.93913554248892e-05
5.81182006679488e-05
0.000123316015085169
0.000252322097700461
0.000446461009077608
0.000642070380185975
0.000730767517274911
0.000651699088122686
0.000453950287301391
0.000246861391306923
0.000104872194132357
0.000359197379092331
0.000581228516021073
0.000741286910958695
0.00074588687597577
0.000593675180366444
0.000378610250847216
0.000206303971215932
0.000122629205903949
0.000112938697883213
0.000139343261618345
0.000170716042417626
0.000195265966517757
0.000220369542917035
0.000268528373343028
0.000369704667605018
0.000532541517866665
0.000703100193060022
0.00077704686060944
0.000689658356227578
0.000484408809125671
0.000268871777933638
0.000118934580262118
0.000201969682848735
0.000326898871261221
0.000417391396358207
0.000422107953286379
0.00034428380830013
0.000246596351771313
0.000205089631420565
0.000259846417209001
0.000392723606118441
0.000534354107959958
0.000605435672644863
0.000577884940341072
0.000499934646729701
0.00045512257755505
0.000498030949296042
0.000621090844445357
0.000760973741848946
0.00083712036496678
0.000809344731326282
0.000705341561055877
0.000579499387896927
0.000455434763546514
3.11198464347679e-05
5.04135778214825e-05
6.46855745455123e-05
6.70976891652693e-05
6.20428245606332e-05
6.94524635008799e-05
0.000119970528062362
0.000240387673226798
0.000429395903401382
0.000640898727046584
0.000805039113101158
0.000889362460738263
0.000942730974536088
0.00106351254906199
0.00130922840891452
0.00163492823112281
0.00191921562589207
0.00205695081109724
0.00204125741244065
0.00194832792526744
0.00182127905768435
0.00160418173364927
4.60633615975784e-07
7.56254636463701e-07
1.04104471439064e-06
1.5309855867079e-06
3.62072038670869e-06
1.19165852741508e-05
3.85358565176975e-05
0.00010807305621626
0.000255837057118633
0.000506982404765558
0.000836984022513365
0.00115526082638178
0.00136071870984942
0.00143930866618615
0.00148675647708873
0.00160351403789609
0.00176897579894311
0.0018459812520946
0.00172049331446882
0.00141444400763749
0.00104568545472088
0.000711746470795025
6.37114268292924e-10
1.27422853658585e-09
3.82268560975754e-09
3.63155132926967e-08
2.81604506585472e-07
1.50868658731764e-06
6.67568330317326e-06
2.39605934019603e-05
6.96709936949044e-05
0.000164500992730428
0.000317447918205364
0.00050741054555385
0.000685817831418308
0.000808542604462501
0.000868082207063011
0.000887804079238019
0.000880074608935089
0.000821239017601042
0.000684198924062576
0.000487479699898843
0.00029060756831072
0.00014431657559664
0
0
0
1.27422853658585e-09
1.72020852439089e-08
1.0894653987809e-07
5.54289413414844e-07
2.21333496804962e-06
7.11146946268562e-06
1.85839860918363e-05
3.98903614520883e-05
7.15046085590514e-05
0.000109497006605895
0.000148065355951276
0.000184520397268728
0.000218948140984473
0.000245404948089605
0.000247777561624728
0.000213599566702154
0.000151426770830789
8.64838021208864e-05
3.94029690368442e-05
0
0
0
0
0
1.27422853658585e-09
7.64537121951509e-09
3.05814848780603e-08
1.00026940121989e-07
2.71410678292786e-07
6.2309775439048e-07
1.29270485036634e-06
2.63701595646441e-06
5.48427962146549e-06
1.10086974418334e-05
1.95148100378123e-05
2.87109173863523e-05
3.40015142702568e-05
3.19984270107438e-05
2.3812145777448e-05
1.39884808746394e-05
6.48391190841709e-06
0
0
0
0
0
0
0
0
0
6.37114268292924e-10
1.27422853658585e-09
5.09691414634339e-09
1.78391995122019e-08
5.54289413414844e-08
1.36979567682979e-07
2.67587992683028e-07
4.12212931585522e-07
4.97586243536774e-07
4.73375901341642e-07
3.53598418902573e-07
2.08336365731786e-07
9.68413687805244e-08
0
0
0
0
0
0
0
0
0
0
0
0
0
0
0
0
6.37114268292924e-10
6.37114268292924e-10
6.37114268292924e-10
6.37114268292924e-10
0
0
0
0
0
0
0
0
0
0
0
0
0
0
0
0
0
0
0
0
0
0
0
0
0
0
0
0
0
0
0
0
0
0
0
0
0
0
0
0
0
0
0
0
0
0
0
0
0
0
0
0
0
0
0
0
0
0
0
0
0
0
0
0
0
0
0
0
0
0
0
0
0
0
0
0
0
0
0
0
0
0
0
0
0
0
0
0
0
0
0
0
0
0
0
0
0
0
0
0
0
0
0
0
0
0
0
0
0
0
0
0
0
0
0
0
0
0
0
0
0
0
0
0
0
0
0
0
0
0
0
0
0
0
0
0
0
0
0
0
0
0
0
0
0
0
0
0
0
0
0
0
0
0
0
0
0
0
0
0
0
0
0
0
0
0
0
0
0
0
0
0
0
0
0
0
0
0
0
0
0
0
0
0
0
0
0
0
0
0
0
0
0
0
0
0
0
0
0
0
0
0
0
0
0
0
0
0
0
0
0
0
0
0
0
0
0
0
0
0
0
0
0
0
0
0
0
0
0
0
0
0
0
0
0
0
0
0
0
0
0
0
0
0
0
0
0
0
0
0
0
0
0
0
0
0
0
0
0
0
0
0
0
0
0
0
3.40900731535495e-05
5.51575306631916e-05
7.03246729341729e-05
7.0681456924417e-05
5.59972472688017e-05
3.49610083583059e-05
1.7221835786226e-05
6.77634735756354e-06
2.32674130780576e-06
1.1799356248785e-06
1.80685606487873e-06
5.10328528902632e-06
1.61247250162256e-05
4.62200917075785e-05
0.000109283573326017
0.000205275031672639
0.00030219221705109
0.000347089659537692
0.000310685587361703
0.000216776218443862
0.00011799356248785
5.01600063427019e-05
0.000148665517592007
0.00024053994353692
0.000306694703585116
0.000308297683084141
0.000244445454001556
0.00015329606409396
7.73749794271024e-05
3.45035603136716e-05
1.8750910030129e-05
1.67408145136649e-05
1.8883429797934e-05
2.26710741229354e-05
3.3240799833915e-05
6.38050826267314e-05
0.000130816761365781
0.000236114547829358
0.000346155650020375
0.000401712014215518
0.0003663935847527
0.000262552241506441
0.00014836607388591
6.67281628896594e-05
8.35855693144219e-05
0.00013524725398749
0.000172485308740675
0.000173602807167261
0.000138573627582248
9.00930544507658e-05
5.42222469173376e-05
4.28911696557479e-05
5.16400227879464e-05
6.71174397075864e-05
7.68710220408827e-05
7.90098146395421e-05
8.70686730191793e-05
0.000125877851557974
0.000218590082765692
0.000366116440045992
0.000528026926161541
0.000632751946897922
0.000629358676304994
0.00053236057741447
0.000401265397113444
0.000282019905088399
1.28779907050049e-05
2.08425561729347e-05
2.66179970150101e-05
2.69907088619614e-05
2.24410758720817e-05
1.77678427141531e-05
1.94370820970805e-05
3.21194787217195e-05
5.57863624459967e-05
8.51191033582029e-05
0.000114035808653214
0.000146935752353592
0.000208347196674347
0.000338417897231957
0.000567533744824117
0.00087872328957204
0.00118576330909057
0.00136976382111637
0.00137123173239052
0.00123956442347657
0.00106231795980894
0.000868833364785329
1.90497166219584e-07
3.09637534390361e-07
4.03293331829421e-07
4.64456301585542e-07
6.78526695731964e-07
1.72211986719577e-06
5.40718879500205e-06
1.55124582043961e-05
3.76247831140386e-05
7.62479242864923e-05
0.000129241814894561
0.000187887546176656
0.00024987812736729
0.000336665195879883
0.000485854421400428
0.000704083897490266
0.000921081194585227
0.00101838064852465
0.000933022627315841
0.000720216267877712
0.000492286089938845
0.000317100053814876
0
0
6.37114268292924e-10
4.45979987805047e-09
3.63155132926967e-08
2.00053880243978e-07
8.95145546951558e-07
3.21169302646463e-06
9.27638374634497e-06
2.17466213196424e-05
4.18106238567231e-05
6.74665783266109e-05
9.50141250590603e-05
0.000123836537442364
0.000158165528446523
0.000199473469145563
0.000235235967253382
0.000241880431957409
0.000206639730435322
0.000143367912451152
8.05051218272256e-05
3.70813246431848e-05
0
0
0
0
1.27422853658585e-09
1.01938282926868e-08
5.16062557317268e-08
2.11521937073251e-07
6.94454552439287e-07
1.86483346329339e-06
4.13359737268449e-06
7.68296096134437e-06
1.22268599228095e-05
1.71638583878114e-05
2.20683640251303e-05
2.66753372991564e-05
2.99685809519626e-05
2.99118777820845e-05
2.52539353665949e-05
1.74282608091529e-05
9.65036982183292e-06
4.25082639805039e-06
0
0
0
0
0
0
6.37114268292924e-10
2.5484570731717e-09
8.91959975610093e-09
2.61216850000099e-08
6.30743125609995e-08
1.38253796219564e-07
2.94983906219624e-07
6.26283325731944e-07
1.25384088000047e-06
2.18912462585449e-06
3.15307851378168e-06
3.64238227183065e-06
3.3314705089037e-06
2.40192079146432e-06
1.36342453414686e-06
6.09081240488035e-07
0
0
0
0
0
0
0
0
0
0
0
6.37114268292924e-10
1.91134280487877e-09
6.37114268292924e-09
1.52907424390302e-08
2.99443706097674e-08
4.52351130487976e-08
5.28804842683127e-08
4.90577986585551e-08
3.56783990244037e-08
2.03876565853736e-08
8.91959975610093e-09
0
0
0
0
0
0
0
0
0
0
0
0
0
0
0
0
0
0
0
0
0
0
0
0
0
0
0
0
0
0
0
0
0
0
0
0
0
0
0
0
0
0
0
0
0
0
0
0
0
0
0
0
0
0
0
0
0
0
0
0
0
0
0
0
0
0
0
0
0
0
0
0
0
0
0
0
0
0
0
0
0
0
0
0
0
0
0
0
0
0
0
0
0
0
0
0
0
0
0
0
0
0
0
0
0
0
0
0
0
0
0
0
0
0
0
0
0
0
0
0
0
0
0
0
0
0
0
0
0
0
0
0
0
0
0
0
0
0
0
0
0
0
0
0
0
0
0
0
0
0
0
0
0
0
0
0
0
0
0
0
0
0
0
0
0
0
0
0
0
0
0
0
0
0
0
0
0
0
0
0
0
0
0
0
0
0
0
0
0
0
0
0
0
0
0
0
0
0
0
0
0
0
0
0
0
0
0
0
0
0
0
0
0
0
0
0
0
0
0
0
0
0
0
0
0
0
0
0
0
0
0
0
0
0
0
0
0
0
0
0
0
0
0
0
0
0
0
0
0
0
0
0
0
0
0
0
0
0
0
0
0
0
0
0
0
0
0
0
0
0
0
0
0
0
0
0
0
0
0
0
0
0
0
0
0
0
4.27631096878211e-06
6.91906095366115e-06
8.82148415878383e-06
8.86608215756433e-06
7.0229105793929e-06
4.38207193731873e-06
2.15280911256179e-06
8.33345462927145e-07
2.5930550719522e-07
8.85588832927164e-08
1.26785739390292e-07
4.99497586341652e-07
1.89414071963486e-06
5.83978938317294e-06
1.41904460976883e-05
2.69308201207419e-05
3.98113592828199e-05
4.58174354900173e-05
4.1066474391357e-05
2.86873441584255e-05
1.56354212581766e-05
6.65656987512447e-06
1.86489717472022e-05
3.01730946320846e-05
3.84702337480633e-05
3.86658278284293e-05
3.0635002476597e-05
1.91382755052511e-05
9.46433245549139e-06
3.80420929597705e-06
1.42649884670786e-06
7.57528865000287e-07
7.52431950853943e-07
1.2602120226834e-06
3.21233014073292e-06
8.92851935585704e-06
2.1432523985374e-05
4.13111262703815e-05
6.27933451686823e-05
7.49826153496625e-05
7.03527059619778e-05
5.19560314650197e-05
3.02966948001334e-05
1.40292561878102e-05
1.04849895132966e-05
1.69644416218357e-05
2.16306665228131e-05
2.1747895548179e-05
1.72619739851285e-05
1.08921055307358e-05
5.68688195878264e-06
2.94792771939136e-06
2.23181128183011e-06
2.50959310280583e-06
3.15690119939144e-06
4.82295501097743e-06
1.05652659111016e-05
2.68760282936687e-05
6.21428515007552e-05
0.000119079205201021
0.00018410181319446
0.000227949928481184
0.00022636160261033
0.000182231245702752
0.000121936025580046
7.07521766081975e-05
1.61572178439085e-06
2.61407984280587e-06
3.33401896597687e-06
3.3588664224403e-06
2.69754181195224e-06
1.81641277890313e-06
1.27996256500048e-06
1.41821636122005e-06
2.25028759561061e-06
3.71373906987945e-06
6.17108880268526e-06
1.18789955323216e-05
2.74347775069616e-05
6.55788087496589e-05
0.000141188344539322
0.000256160074052658
0.000381063777894412
0.000460506830236394
0.000454099372040172
0.000373387825190019
0.000267291097434004
0.000175582321198847
2.42103421951311e-08
3.88639703658684e-08
4.96949129268481e-08
5.22433700000198e-08
5.54289413414844e-08
9.62042545122315e-08
2.79693163780594e-07
8.33345462927145e-07
2.10821111378128e-06
4.47891330609926e-06
8.13467497756405e-06
1.38323878789077e-05
2.52029662251315e-05
5.11844860861169e-05
0.000102874840901258
0.000180292506984336
0.000258595124786073
0.000296711760115234
0.000271459098977176
0.000200338670321905
0.000123172027260534
6.69415961695375e-05
0
0
0
0
1.91134280487877e-09
1.14680568292726e-08
5.09691414634339e-08
1.80303337926897e-07
5.09054300366046e-07
1.17165313939069e-06
2.24009376731792e-06
3.80357218170876e-06
6.38452208256339e-06
1.14737908576873e-05
2.10145770253738e-05
3.48724494750132e-05
4.82359212524573e-05
5.34723634235568e-05
4.67635501784323e-05
3.21041879792804e-05
1.73352421259822e-05
7.44213176792964e-06
0
0
0
0
0
6.37114268292924e-10
1.91134280487877e-09
7.64537121951509e-09
2.4847456463424e-08
6.56227696341712e-08
1.4589916743908e-07
2.73959135365957e-07
4.51714016219683e-07
6.81712267073429e-07
9.75421944756466e-07
1.31755230682977e-06
1.60680218463475e-06
1.67306206853722e-06
1.42777307524444e-06
9.75421944756466e-07
5.27530614146541e-07
2.24901336707402e-07
0
0
0
0
0
0
0
0
0
6.37114268292924e-10
1.91134280487877e-09
4.45979987805047e-09
9.55671402439386e-09
2.10247708536665e-08
4.2049541707333e-08
7.32681408536863e-08
1.0448674000004e-07
1.1977748243907e-07
1.08309425609797e-07
7.70908264634438e-08
4.33237702439188e-08
1.91134280487877e-08
0
0
0
0
0
0
0
0
0
0
0
0
0
0
6.37114268292924e-10
1.27422853658585e-09
1.27422853658585e-09
1.91134280487877e-09
1.27422853658585e-09
1.27422853658585e-09
6.37114268292924e-10
0
0
0
0
0
0
0
0
0
0
0
0
0
0
0
0
0
0
0
0
0
0
0
0
0
0
0
0
0
0
0
0
0
0
0
0
0
0
0
0
0
0
0
0
0
0
0
0
0
0
0
0
0
0
0
0
0
0
0
0
0
0
0
0
0
0
0
0
0
0
0
0
0
0
0
0
0
0
0
0
0
0
0
0
0
0
0
0
0
0
0
0
0
0
0
0
0
0
0
0
0
0
0
0
0
0
0
0
0
0
0
0
0
0
0
0
0
0
0
0
0
0
0
0
0
0
0
0
0
0
0
0
0
0
0
0
0
0
0
0
0
0
0
0
0
0
0
0
0
0
0
0
0
0
0
0
0
0
0
0
0
0
0
0
0
0
0
0
0
0
0
0
0
0
0
0
0
0
0
0
0
0
0
0
0
0
0
0
0
0
0
0
0
0
0
0
0
0
0
0
0
0
0
0
0
0
0
0
0
0
0
0
0
0
0
0
0
0
0
0
0
0
0
0
0
0
0
0
0
0
0
0
0
0
0
0
0
0
0
0
0
0
0
0
0
0
0
0
0
0
0
0
0
0
0
0
0
0
0
0
0
0
0
0
0
0
0
0
0
0
0
0
0
0
0
0
0
0
0
0
0
0
0
0
0
0
0
1.47173395975665e-07
2.37643622073261e-07
3.03266391707432e-07
3.04540620244018e-07
2.41466307683018e-07
1.5035896731713e-07
7.39052551219792e-08
2.86701420731816e-08
8.91959975610093e-09
2.5484570731717e-09
3.82268560975754e-09
1.6564970975616e-08
6.56227696341712e-08
2.05150794390321e-07
5.02683157683117e-07
9.56945630975972e-07
1.41885347548834e-06
1.63674655524452e-06
1.47173395975665e-06
1.03212511463454e-06
5.65120355975823e-07
2.42103421951311e-07
6.40299839634389e-07
1.03594780024429e-06
1.32137499243952e-06
1.32774613512245e-06
1.05187565695162e-06
6.56227696341712e-07
3.23016934024512e-07
1.26148625121999e-07
4.07753131707471e-08
1.46536281707373e-08
1.46536281707373e-08
4.84206843902622e-08
1.82214680731776e-07
5.78499755609975e-07
1.46217724573226e-06
2.90970086329378e-06
4.55027010414806e-06
5.59704884695334e-06
5.42120530890449e-06
4.13933140109913e-06
2.49493947463509e-06
1.18949233890289e-06
3.59969561585502e-07
5.82322441219732e-07
7.42875236829549e-07
7.46697922439307e-07
5.91879155244126e-07
3.70163389878189e-07
1.84763137804948e-07
7.83650550000296e-08
3.63155132926967e-08
3.3129941951232e-08
7.00825695122216e-08
2.42740536219604e-07
8.84951718658871e-07
2.75615632463519e-06
6.9235207535392e-06
1.3826653850493e-05
2.18619390022034e-05
2.73468557379372e-05
2.70926471448883e-05
2.1332497045252e-05
1.34615873747612e-05
6.92734343914896e-06
5.54289413414844e-08
8.98331118293023e-08
1.14680568292726e-07
1.15317682561019e-07
9.1744454634181e-08
5.8614512682949e-08
3.3129941951232e-08
2.42103421951311e-08
3.24928276829391e-08
6.81712267073429e-08
1.84126023536655e-07
6.08444126219742e-07
2.05023371536663e-06
6.0417546062218e-06
1.46243209143958e-05
2.84152963658644e-05
4.39481422268459e-05
5.39763208097765e-05
5.27460531577029e-05
4.13315139269669e-05
2.64376936770832e-05
1.42809163237859e-05
6.37114268292924e-10
1.27422853658585e-09
1.91134280487877e-09
1.91134280487877e-09
1.91134280487877e-09
1.91134280487877e-09
5.73402841463632e-09
1.78391995122019e-08
4.77835701219693e-08
1.11494996951262e-07
2.40192079146432e-07
5.77862641341682e-07
1.60106815622012e-06
4.35913582366019e-06
1.01428591512233e-05
1.90146753372023e-05
2.81674589154985e-05
3.27967311889148e-05
3.00252841218406e-05
2.17192254061058e-05
1.25709016276877e-05
5.98314009353885e-06
0
0
0
0
0
0
1.27422853658585e-09
4.45979987805047e-09
1.14680568292726e-08
2.73959135365957e-08
5.67031698780702e-08
1.2423728231712e-07
3.14734448536704e-07
8.15506263414943e-07
1.84890560658607e-06
3.39709327853787e-06
4.91979637975796e-06
5.56710447634357e-06
4.90641698012381e-06
3.36587467939152e-06
1.79921069365922e-06
7.52431950853943e-07
0
0
0
0
0
0
0
0
6.37114268292924e-10
6.37114268292924e-10
1.91134280487877e-09
3.82268560975754e-09
7.64537121951509e-09
1.6564970975616e-08
3.3767056219525e-08
5.79773984146561e-08
8.15506263414943e-08
9.11073403658881e-08
7.96392835366155e-08
5.41547128048985e-08
2.86701420731816e-08
1.21051710975656e-08
0
0
0
0
0
0
0
0
0
0
0
0
0
0
6.37114268292924e-10
6.37114268292924e-10
1.27422853658585e-09
1.27422853658585e-09
1.27422853658585e-09
6.37114268292924e-10
6.37114268292924e-10
0
0
0
0
0
0
0
0
0
0
0
0
0
0
0
0
0
0
0
0
0
0
0
0
0
0
0
0
0
0
0
0
0
0
0
0
0
0
0
0
0
0
0
0
0
0
0
0
0
0
0
0
0
0
0
0
0
0
0
0
0
0
0
0
0
0
0
0
0
0
0
0
0
0
0
0
0
0
0
0
0
0
0
0
0
0
0
0
0
0
0
0
0
0
0
0
0
0
0
0
0
0
0
0
0
0
0
0
0
0
0
0
0
0
0
0
0
0
0
0
0
0
0
0
0
0
0
0
0
0
0
0
0
0
0
0
0
0
0
0
0
0
0
0
0
0
0
0
0
0
0
0
0
0
0
0
0
0
0
0
0
0
0
0
0
0
0
0
0
0
0
0
0
0
0
0
0
0
0
0
0
0
0
0
0
0
0
0
0
0
0
0
0
0
0
0
0
0
0
0
0
0
0
0
0
0
0
0
0
0
0
0
0
0
0
0
0
0
0
0
0
0
0
0
0
0
0
0
0
0
0
0
0
0
0
0
0
0
0
0
0
0
0
0
0
0
0
0
0
0
0
0
0
0
0
0
0
0
0
0
0
0
0
0
0
0
0
0
0
0
0
0
0
0
0
0
0
0
0
0
0
0
0
0
0
0
0
0
0
0
0
0
0
0
0
0
0
0
0
0
0
0
0
0
0
0
0
0
0
1.27422853658585e-09
1.91134280487877e-09
2.5484570731717e-09
2.5484570731717e-09
1.91134280487877e-09
1.27422853658585e-09
6.37114268292924e-10
0
0
0
0
0
6.37114268292924e-10
1.91134280487877e-09
5.09691414634339e-09
9.55671402439386e-09
1.40165139024443e-08
1.6564970975616e-08
1.46536281707373e-08
1.08309425609797e-08
5.73402841463632e-09
2.5484570731717e-09
5.73402841463632e-09
9.55671402439386e-09
1.21051710975656e-08
1.21051710975656e-08
9.55671402439386e-09
5.73402841463632e-09
3.18557134146462e-09
1.27422853658585e-09
6.37114268292924e-10
0
0
1.27422853658585e-09
4.45979987805047e-09
1.52907424390302e-08
3.88639703658684e-08
7.83650550000296e-08
1.2423728231712e-07
1.55455881463473e-07
1.53544538658595e-07
1.19140368170777e-07
7.32681408536863e-08
3.50412847561108e-08
3.18557134146462e-09
5.09691414634339e-09
7.00825695122216e-09
7.00825695122216e-09
5.09691414634339e-09
3.18557134146462e-09
1.91134280487877e-09
6.37114268292924e-10
0
0
1.27422853658585e-09
7.00825695122216e-09
2.73959135365957e-08
8.98331118293023e-08
2.29998250853746e-07
4.64456301585542e-07
7.39052551219792e-07
9.27638374634497e-07
9.18081660610103e-07
7.18027780366125e-07
4.44705759268461e-07
2.19167308292766e-07
6.37114268292924e-10
6.37114268292924e-10
1.27422853658585e-09
1.27422853658585e-09
6.37114268292924e-10
6.37114268292924e-10
0
0
0
6.37114268292924e-10
3.18557134146462e-09
1.52907424390302e-08
5.92516269512419e-08
1.88585823414705e-07
4.74650129878228e-07
9.41654888536942e-07
1.47364530256153e-06
1.818324121708e-06
1.77181478012262e-06
1.36724721975661e-06
8.39716605610074e-07
4.15398502926986e-07
0
0
0
0
0
0
0
0
6.37114268292924e-10
1.27422853658585e-09
3.18557134146462e-09
1.21051710975656e-08
4.39608845122118e-08
1.33793996341514e-07
3.24928276829391e-07
6.20549297317308e-07
9.2827548890279e-07
1.08564271317114e-06
9.93898258536961e-07
7.14842209024661e-07
4.052046746343e-07
1.82851795000069e-07
0
0
0
0
0
0
0
0
0
0
6.37114268292924e-10
2.5484570731717e-09
8.28248548780801e-09
2.42103421951311e-08
5.8614512682949e-08
1.09583654146383e-07
1.60552795609817e-07
1.82214680731776e-07
1.60552795609817e-07
1.10220768414676e-07
5.8614512682949e-08
2.42103421951311e-08
0
0
0
0
0
0
0
0
0
0
0
0
0
6.37114268292924e-10
6.37114268292924e-10
1.91134280487877e-09
2.5484570731717e-09
2.5484570731717e-09
2.5484570731717e-09
1.91134280487877e-09
6.37114268292924e-10
6.37114268292924e-10
0
0
0
0
0
0
0
0
0
0
0
0
0
0
0
0
0
0
0
0
0
0
0
0
0
0
0
0
0
0
0
0
0
0
0
0
0
0
0
0
0
0
0
0
0
0
0
0
0
0
0
0
0
0
0
0
0
0
0
0
0
0
0
0
0
0
0
0
0
0
0
0
0
0
0
0
0
0
0
0
0
0
0
0
0
0
0
0
0
0
0
0
0
0
0
0
0
0
0
0
0
0
0
0
0
0
0
0
0
0
0
0
0
0
0
0
0
0
0
0
0
0
0
0
0
0
0
0
0
0
0
0
0
0
0
0
0
0
0
0
0
0
0
0
0
0
0
0
0
0
0
0
0
0
0
0
0
0
0
0
0
0
0
0
0
0
0
0
0
0
0
0
0
0
0
0
0
0
0
0
0
0
0
0
0
0
0
0
0
0
0
0
0
0
0
0
0
0
0
0
0
0
0
0
0
0
0
0
0
0
0
0
0
0
0
0
0
0
0
0
0
0
0
0
0
0
0
0
0
0
0
0
0
0
0
0
0
0
0
0
0
0
0
0
0
0
0
0
0
0
0
0
0
0
0
0
0
0
0
0
0
0
0
0
0
0
0
0
0
0
0
0
0
0
0
0
0
0
0
0
0
0
0
0
0
0
0
0
0
0
0
0
0
0
0
0
0
0
0
0
0
0
0
0
0
0
0
0
0
0
0
0
0
0
0
0
0
0
0
0
0
0
0
0
0
0
0
0
0
0
0
0
0
0
0
0
0
0
0
0
0
0
0
0
0
0
0
0
0
0
0
0
0
0
0
0
0
0
0
0
0
0
0
0
0
0
6.37114268292924e-10
6.37114268292924e-10
1.27422853658585e-09
1.27422853658585e-09
1.27422853658585e-09
1.27422853658585e-09
6.37114268292924e-10
0
0
0
0
0
0
0
0
0
0
0
0
0
0
6.37114268292924e-10
1.91134280487877e-09
4.45979987805047e-09
7.00825695122216e-09
8.28248548780801e-09
8.28248548780801e-09
6.37114268292924e-09
3.82268560975754e-09
1.91134280487877e-09
0
0
0
0
0
0
0
0
0
0
0
0
6.37114268292924e-10
1.91134280487877e-09
4.45979987805047e-09
8.28248548780801e-09
1.33793996341514e-08
1.6564970975616e-08
1.59278567073231e-08
1.21051710975656e-08
7.64537121951509e-09
3.82268560975754e-09
0
0
0
0
0
0
0
0
0
0
0
0
6.37114268292924e-10
1.27422853658585e-09
3.18557134146462e-09
5.73402841463632e-09
8.28248548780801e-09
9.55671402439386e-09
8.91959975610093e-09
6.37114268292924e-09
3.82268560975754e-09
1.91134280487877e-09
0
0
0
0
0
0
0
0
0
0
0
0
0
0
6.37114268292924e-10
1.27422853658585e-09
1.27422853658585e-09
1.91134280487877e-09
1.27422853658585e-09
1.27422853658585e-09
6.37114268292924e-10
0
0
0
0
0
0
0
0
0
0
0
0
0
0
0
0
0
0
0
0
0
0
0
0
0
0
0
0
0
0
0
0
0
0
0
0
0
0
0
0
0
0
0
0
0
0
0
0
0
0
0
0
0
0
0
0
0
0
0
0
0
0
0
0
0
0
0
0
0
0
0
0
0
0
0
0
0
0
0
0
0
0
0
0
0
0
0
0
0
0
0
0
0
0
0
0
0
0
0
0
0
0
0
0
0
0
0
0
0
0
0
0
0
0
0
0
0
0
0
0
0
0
0
0
0
0
0
0
0
0
0
0
0
0
0
0
0
0
0
0
0
0
0
0
0
0
0
0
0
0
0
0
0
0
0
0
0
0
0
0
0
0
0
0
0
0
0
0
0
0
0
0
0
0
0
0
0
0
0
0
0
0
0
0
0
0
0
0
0
0
0
0
0
0
0
0
0
0
0
0
0
0
0
0
0
0
0
0
0
0
0
0
0
0
0
0
0
0
0
0
0
0
0
0
0
0
0
0
0
0
0
0
0
0
0
0
0
0
0
0
0
0
0
0
0
0
0
0
0
0
0
0
0
0
0
0
0
0
0
0
0
0
0
0
0
0
0
0
0
0
0
0
0
0
0
0
0
0
0
0
0
0
0
0
0
0
0
0
0
0
0
0
0
0
0
0
0
0
0
0
0
0
0
0
0
0
0
0
0
0
0
0
0
0
0
0
0
0
0
0
0
0
0
0
0
0
0
0
0
0
0
0
0
0
0
0
0
0
0
0
0
0
0
0
0
0
0
0
0
0
0
0
0
0
0
0
0
0
0
0
0
0
0
0
0
0
0
0
0
0
0
0
0
0
0
0
0
0
0
0
0
0
0
0
0
0
0
0
0
0
0
0
0
0
0
0
0
0
0
0
0
0
0
0
0
0
0
0
0
0
0
0
0
0
0
0
0
0
0
0
0
0
0
0
0
0
0
0
0
0
0
0
0
0
0
0
0
0
0
0
0
0
0
0
0
0
0
0
0
0
0
0
0
0
0
0
0
0
0
0
0
0
0
0
0
0
0
0
0
0
0
0
0
0
0
0
0
0
0
0
0
0
0
0
0
0
0
0
0
0
0
0
0
0
0
0
0
0
0
0
0
0
0
0
0
0
0
0
0
0
0
0
0
0
0
0
0
0
0
0
0
0
0
0
0
0
0
0
0
0
0
0
0
0
0
0
0
0
0
0
0
0
0
0
0
0
0
0
0
0
0
0
0
0
0
0
0
0
0
0
0
0
0
0
0
0
0
0
0
0
0
0
0
0
0
0
0
0
0
0
0
0
0
0
0
0
0
0
0
0
0
0
0
0
0
0
0
0
0
0
0
0
0
0
0
0
0
0
0
0
0
0
0
0
0
0
0
0
0
0
0
0
0
0
0
0
0
0
0
0
0
0
0
0
0
0
0
0
0
0
0
0
0
0
0
0
0
0
0
0
0
0
0
0
0
0
0
0
0
0
0
0
0
0
0
0
0
0
0
0
0
0
0
0
0
0
0
0
0
0
0
0
0
0
0
0
0
0
0
0
0
0
0
0
0
0
0
0
0
0
0
0
0
0
0
0
0
0
0
0
0
0
0
0
0
0
0
0
0
0
0
0
0
0
0
0
0
0
0
0
0
0
0
0
0
0
0
0
0
0
0
0
0
0
0
0
0
0
0
0
0
0
0
0
0
0
0
0
0
0
0
0
0
0
0
0
0
0
0
0
0
0
0
0
0
0
0
0
0
0
0
0
0
0
0
0
0
0
0
0
0
0
0
0
0
0
0
0
0
0
0
0
0
0
0
0
0
0
0
0
0
0
0
0
0
0
0
0
0
0
0
0
0
0
0
0
0
0
0
0
0
0
0
0
0
0
0
0
0
0
0
0
0
0
0
0
0
0
0
0
0
0
0
0
0
0
0
0
0
0
0
0
0
0
0
0
0
0
0
0
0
0
0
0
0
0
0
0
0
0
0
0
0
0
0
0
0
0
0
0
0
0
0
0
0
0
0
0
0
0
0
0
0
0
0
0
0
0
0
0
0
0
0
0
0
0
0
0
0
0
0
0
0
0
0
0
0
0
0
0
0
0
0
0
0
0
0
0
0
0
0
0
0
0
0
0
0
0
0
0
0
0
0
0
0
0
0
0
0
0
0
0
0
0
0
0
0
0
0
0
0
0
0
0
0
0
0
0
0
0
0
0
0
0
0
0
0
0
0
0
0
0
0
0
0
0
0
0
0
0
0
0
0
0
0
0
0
0
0
0
0
0
0
0
0
0
0
0
0
0
0
0
0
0
0
0
0
0
0
0
0
0
0
0
0
0
0
0
0
0
0
0
0
0
0
0
0
0
0
0
0
0
0
0
0
0
0
0
0
0
0
0
0
0
0
0
0
0
0
0
0
0
0
0
0
0
0
0
0
0
0
0
0
0
0
0
0
0
0
0
0
0
0
0
0
0
0
0
0
0
0
0
0
0
0
0
0
0
0
0
0
0
0
0
0
0
0
0
0
0
0
0
0
0
0
0
0
0
0
0
0
0
0
0
0
0
0
0
0
0
0
0
0
0
0
0
0
0
0
0
0
0
0
0
0
0
0
0
0
0
0
0
0
0
0
0
0
0
0
0
0
0
0
0
0
0
0
0
0
0
0
0
0
0
0
0
0
0
0
0
0
0
0
0
0
0
0
0
0
0
0
0
0
0
0
0
0
0
0
0
0
0
0
0
0
0
0
0
0
0
0
0
0
0
0
0
0
0
0
0
0
0
0
0
0
0
0
0
0
0
0
0
0
0
0
0
0
0
0
0
0
0
0
0
0
0
0
0
0
0
0
0
0
0
0
0
0
0
0
0
0
0
0
0
0
0
0
0
0
0
0
0
0
0
0
0
0
0
0
0
0
0
0
0
0
0
0
0
0
0
0
0
0
0
0
0
0
0
0
0
0
0
0
0
0
0
0
0
0
0
0
0
0
0
0
0
0
0
0
0
0
0
0
0
0
0
0
0
0
0
0
0
0
0
0
0
0
0
0
0
0
0
0
0
0
0
0
0
0
0
0
0
0
0
0
0
0
0
0
0
0
0
0
0
0
0
0
0
0
0
0
0
0
0
0
0
0
0
0
0
0
0
0
0
0
0
0
0
0
0
0
0
0
0
0
0
0
0
0
0
0
0
0
0
0
0
0
0
0
0
0
0
0
0
0
0
0
0
0
0
0
0
0
0
0
0
0
0
0
0
0
0
0
0
0
0
0
0
0
0
0
0
0
0
0
0
0
0
0
0
0
0
0
0
0
0
0
0
0
0
0
0
0
0
0
0
0
0
0
0
0
0
0
0
0
0
0
0
0
0
0
0
0
0
0
0
0
0
0
0
0
0
0
0
0
0
0
0
0
0
0
0
0
0
0
0
0
0
0
0
0
0
0
0
0
0
0
0
0
0
0
0
0
0
0
0
0
0
0
0
0
0
0
0
0
0
0
0
0
0
0
0
0
0
0
0
0
0
0
0
0
0
0
0
0
0
0
0
0
0
0
0
0
0
0
0
0
0
0
0
0
0
0
0
0
0
0
0
0
0
0
0
0
0
0
0
0
0
0
0
0
0
0
0
0
0
0
0
0
0
0
0
0
0
0
0
0
0
0
0
0
0
0
0
0
0
0
0
0
0
0
0
0
0
0
0
0
0
0
0
0
0
0
0
0
0
0
0
0
0
0
0
0
0
0
0
0
0
0
0
0
0
0
0
0
0
0
0
0
0
0
0
0
0
0
0
0
0
0
0
0
0
0
0
0
0
0
0
0
0
0
0
0
0
0
0
0
0
0
0
0
0
0
0
0
0
0
0
0
0
0
0
0
0
0
0
0
0
0
0
0
0
0
0
0
0
0
0
0
0
0
0
0
0
0
0
0
0
0
0
0
0
0
0
0
0
0
0
0
0
0
0
0
0
0
0
0
0
0
0
0
0
0
0
0
0
0
0
0
0
0
0
0
0
0
0
0
0
0
0
0
0
0
0
0
0
0
0
0
0
0
0
0
0
0
0
0
0
0
0
0
0
0
0
0
0
0
0
0
0
0
0
0
0
0
0
0
0
0
0
0
0
0
0
0
0
0
0
0
0
0
0
0
0
0
0
0
0
0
0
0
0
0
0
0
0
0
0
0
0
0
0
0
0
0
0
0
0
0
0
0
0
0
0
0
0
0
0
0
0
0
0
0
0
0
0
0
0
0
0
0
0
0
0
0
0
0
0
0
0
0
0
0
0
0
0
0
0
0
0
0
0
0
0
0
0
0
0
0
0
0
0
0
0
0
0
0
0
0
0
0
0
0
0
0
0
0
0
0
0
0
0
0
0
0
0
0
0
0
0
0
0
0
0
0
0
0
0
0
0
0
0
0
0
0
0
0
0
0
0
0
0
0
0
0
0
0
0
0
0
0
0
0
0
0
0
0
0
0
0
0
0
0
0
0
0
0
0
0
0
0
0
0
0
0
0
0
0
0
0
0
0
0
0
0
0
0
0
0
0
0
0
0
0
0
0
0
0
0
0
0
0
0
0
0
0
0
0
0
0
0
0
0
0
0
0
0
0
0
0
0
0
0
0
0
0
0
0
0
0
0
0
0
0
0
0
0
0
0
0
0
0
0
0
0
0
0
0
0
0
0
0
0
0
0
0
0
0
0
0
0
0
0
0
0
0
0
0
0
0
0
0
0
0
0
0
0
0
0
0
0
0
0
0
0
0
0
0
0
0
0
0
0
0
0
0
0
0
0
0
0
0
0
0
0
0
0
0
0
0
0
0
0
0
0
0
0
0
0
0
0
0
0
0
0
0
0
0
0
0
0
0
0
0
0
0
0
0
0
0
0
0
0
0
0
0
0
0
0
0
0
0
0
0
0
0
0
0
0
0
0
0
0
0
0
0
0
0
0
0
0
0
0
0
0
0
0
0
0
0
0
0
0
0
0
0
0
0
0
0
0
0
0
0
0
0
0
0
0
0
0
0
0
0
0
0
0
0
0
0
0
0
0
0
0
0
0
0
0
0
0
0
0
0
0
0
0
0
0
0
0
0
0
0
0
0
0
0
0
0
0
0
0
0
0
0
0
0
0
0
0
0
0
0
0
0
0
0
0
0
0
0
0
0
0
0
0
0
0
0
0
0
0
0
0
0
0
0
0
0
0
0
0
0
0
0
0
0
0
0
0
0
0
0
0
0
0
0
0
0
0
0
0
0
0
0
0
0
0
0
0
0
0
0
0
0
0
0
0
0
0
0
0
0
0
0
0
0
0
0
0
0
0
0
0
0
0
0
0
0
0
0
0
0
0
0
0
0
0
0
0
0
0
0
0
0
0
0
0
0
0
0
0
0
0
0
0
0
0
0
0
0
0
0
0
0
0
0
0
0
0
0
0
0
0
0
0
0
0
0
0
0
0
0
0
0
0
0
0
0
0
0
0
0
0
0
0
0
0
0
0
0
0
0
0
0
0
0
0
0
0
0
0
0
0
0
0
0
0
0
0
0
0
0
0
0
0
0
0
0
0
0
0
0
0
0
0
0
0
0
0
0
0
0
0
0
0
0
0
0
0
0
0
0
0
0
0
0
0
0
0
0
0
0
0
0
0
0
0
0
0
0
0
0
0
0
0
0
0
0
0
0
0
0
0
0
0
0
0
0
0
0
0
0
0
0
0
0
0
0
0
0
0
0
0
0
0
0
0
0
0
0
0
0
0
0
0
0
0
0
0
0
0
0
0
0
0
0
0
0
0
0
0
0
0
0
0
0
0
0
0
0
0
0
0
0
0
0
0
0
0
0
0
0
0
0
0
0
0
0
0
0
0
0
0
0
0
0
0
0
0
0
0
0
0
0
0
0
0
0
0
0
0
0
0
0
0
0
0
0
0
0
0
0
0
0
0
0
0
0
0
0
0
0
0
0
0
0
0
0
0
0
0
0
0
0
0
0
0
0
0
0
0
0
0
0
0
0
0
0
0
0
0
0
0
0
0
0
0
0
0
0
0
0
0
0
0
0
0
0
0
0
0
0
0
0
0
0
0
0
0
0
0
0
0
0
0
0
0
0
0
0
0
0
0
0
0
0
0
0
0
0
0
0
0
0
0
0
0
0
0
0
0
0
0
0
0
0
0
0
0
0
0
0
0
0
0
0
0
0
0
0
0
0
0
0
0
0
0
0
0
0
0
0
0
0
0
0
0
0
0
0
0
0
0
0
0
0
0
0
0
0
0
0
0
0
0
0
0
0
0
0
0
0
0
0
0
0
0
0
0
0
0
0
0
0
0
0
0
0
0
0
0
0
0
0
0
0
0
0
0
0
0
0
0
0
0
0
0
0
0
0
0
0
0
0
0
0
0
0
0
0
0
0
0
0
0
0
0
0
0
0
0
0
0
0
0
0
0
0
0
0
0
0
0
0
0
0
0
0
0
0
0
0
0
0
0
0
0
0
0
0
0
0
0
0
0
0
0
0
0
0
0
0
0
0
0
0
0
0
0
0
0
0
0
0
0
0
0
0
0
0
0
0
0
0
0
0
0
0
0
0
0
0
0
0
0
0
0
0
0
0
0
0
0
0
0
0
0
0
0
0
0
0
0
0
0
0
0
0
0
0
0
0
0
0
0
0
0
0
0
0
0
0
0
0
0
0
0
0
0
0
0
0
0
0
0
0
0
0
0
0
0
0
0
0
0
0
0
0
0
0
0
0
0
0
0
0
0
0
0
0
0
0
0
0
0
0
0
0
0
0
0
0
0
0
0
0
0
0
0
0
0
0
0
0
0
0
0
0
0
0
0
0
0
0
0
0
0
0
0
0
0
0
0
0
0
0
0
0
0
0
0
0
0
0
0
0
0
0
0
0
0
0
0
0
0
0
0
0
0
0
0
0
0
0
0
0
0
0
0
0
0
0
0
0
0
0
0
0
0
0
0
0
0
0
0
0
0
0
0
0
0
0
0
0
0
0
0
0
0
0
0
0
0
0
0
0
0
0
0
0
0
0
0
0
0
0
0
0
0
0
0
0
0
0
0
0
0
0
0
0
0
0
0
0
0
0
0
0
0
0
0
0
0
0
0
0
0
0
0
0
0
0
0
0
0
0
0
0
0
0
0
0
0
0
0
0
0
0
0
0
0
0
0
0
0
0
0
0
0
0
0
0
0
0
0
0
0
0
0
0
0
0
0
0
0
0
0
0
0
0
0
0
0
0
0
0
0
0
0
0
0
0
0
0
0
0
0
0
0
0
0
0
0
0
0
0
0
0
0
0
0
0
0
0
0
0
0
0
0
0
0
0
0
0
0
0
0
0
0
0
0
0
0
0
0
0
0
0
0
0
0
0
0
0
0
0
0
0
0
0
0
0
0
0
0
0
0
0
0
0
0
0
0
0
0
0
0
0
0
0
0
0
0
0
0
0
0
0
0
0
0
0
0
0
0
0
0
0
0
0
0
0
0
0
0
0
0
0
0
0
0
0
0
0
0
0
0
0
0
0
0
0
0
0
0
0
0
0
0
0
0
0
0
0
0
0
0
0
0
0
0
0
0
0
0
0
0
0
0
0
0
0
0
0
0
0
0
0
0
0
0
0
0
0
0
0
0
0
0
0
0
0
0
0
0
0
0
0
0
0
0
0
0
0
0
0
0
0
0
0
0
0
0
0
0
0
0
0
0
0
0
0
0
0
0
0
0
0
0
0
0
0
0
0
0
0
0
0
0
0
0
0
0
0
0
0
0
0
0
0
0
0
0
0
0
0
0
0
0
0
0
0
0
0
0
0
0
0
0
0
0
0
0
0
0
0
0
0
0
0
0
0
0
0
0
0
0
0
0
0
0
0
0
0
0
0
0
0
0
0
0
0
0
0
0
0
0
0
0
0
0
0
0
0
0
0
0
0
0
0
0
0
0
0
0
0
0
0
0
0
0
0
0
0
0
0
0
0
0
0
0
0
0
0
0
0
0
0
0
0
0
0
0
0
0
0
0
0
0
0
0
0
0
0
0
0
0
0
0
0
0
0
0
0
0
0
0
0
0
0
0
0
0
0
0
0
0
0
0
0
0
0
0
0
0
0
0
0
0
0
0
0
0
0
0
0
0
0
0
0
0
0
0
0
0
0
0
0
0
0
0
0
0
0
0
0
0
0
0
0
0
0
0
0
0
0
0
0
0
0
0
0
0
0
0
0
0
0
0
0
0
0
0
0
0
0
0
0
0
0
0
0
0
0
0
0
0
0
0
0
0
0
0
0
0
0
0
0
0
0
0
0
0
0
0
0
0
0
0
0
0
0
0
0
0
0
0
0
0
0
0
0
0
0
0
0
0
0
0
0
0
0
0
0
0
0
0
0
0
0
0
0
0
0
0
0
0
0
0
0
0
0
0
0
0
0
0
0
0
0
0
0
0
0
0
0
0
0
0
0
0
0
0
0
0
0
0
0
0
0
0
0
0
0
0
0
0
0
0
0
0
0
0
0
0
0
0
0
0
0
0
0
0
0
0
0
0
0
0
0
0
0
0
0
0
0
0
0
0
0
0
0
0
0
0
0
0
0
0
0
0
0
0
0
0
0
0
0
0
0
0
0
0
0
0
0
0
0
0
0
0
0
0
0
0
0
0
0
0
0
0
0
0
0
0
0
0
0
0
0
0
0
0
0
0
0
0
0
0
0
0
0
0
0
0
0
0
0
0
0
0
0
0
0
0
0
0
0
0
0
0
0
0
0
0
0
0
0
0
0
0
0
0
0
0
0
0
0
0
0
0
0
0
0
0
0
0
0
0
0
0
0
0
0
0
0
0
0
0
0
0
0
0
0
0
0
0
0
0
0
0
0
0
0
0
0
0
0
0
0
0
0
0
0
0
0
0
0
0
0
0
0
0
0
0
0
0
0
0
0
0
0
0
0
0
0
0
0
0
0
0
0
0
0
0
0
0
0
0
0
0
0
0
0
0
0
0
0
0
0
0
0
0
0
0
0
0
0
0
0
0
0
0
0
0
0
0
0
0
0
0
0
0
0
0
0
0
0
0
0
0
0
0
0
0
0
0
0
0
0
0
0
0
0
0
0
0
0
0
0
0
0
0
0
0
0
0
0
0
0
0
0
0
0
0
0
0
0
0
0
0
0
0
0
0
0
0
0
0
0
0
0
0
0
0
0
0
0
0
0
0
0
0
0
0
0
0
0
0
0
0
0
0
0
0
0
0
0
0
0
0
0
0
0
0
0
0
0
0
0
0
0
0
0
0
0
0
0
0
0
0
0
0
0
0
0
0
0
0
0
0
0
0
0
0
0
0
0
0
0
0
0
0
0
0
0
0
0
0
0
0
0
0
0
0
0
0
0
0
0
0
0
0
0
0
0
0
0
0
0
0
0
0
0
0
0
0
0
0
0
0
0
0
0
0
0
0
0
0
0
0
0
0
0
0
0
0
0
0
0
0
0
0
0
0
0
0
0
0
0
0
0
0
0
0
0
0
0
0
0
0
0
0
0
0
0
0
0
0
0
0
0
0
0
