0
0
0
0
0
0
0
0
0
0
0
0
0
0
0
0
0
0
0
0
0
0
0
0
0
0
0
0
0
0
0
0
0
0
0
0
0
0
0
0
0
0
0
0
0
0
0
0
0
0
0
0
0
0
0
0
0
0
0
0
0
0
0
0
0
0
0
0
0
0
0
0
0
0
0
0
0
0
0
0
0
0
0
0
0
0
0
0
0
0
0
0
0
0
0
0
0
0
0
0
0
0
0
0
0
0
0
0
0
0
0
0
0
0
0
0
0
0
0
0
0
0
0
0
0
0
0
0
0
0
0
0
0
0
0
0
0
0
0
0
0
0
0
0
0
0
0
0
0
0
0
0
0
0
0
0
0
0
0
0
0
0
0
0
0
0
0
0
0
0
0
0
0
0
0
0
0
0
0
0
0
0
0
0
0
0
0
0
0
0
0
0
0
0
0
0
0
0
0
0
0
0
2.00479620762057e-08
9.75667487708678e-07
3.67545971397105e-07
6.6826540254019e-09
0
0
0
0
0
0
0
0
0
0
1.73749004660449e-07
7.80533990166942e-06
2.96709838727845e-06
6.01438862286171e-08
0
0
0
0
0
0
0
0
0
8.68745023302247e-08
1.47018388558842e-07
1.77758597075691e-06
6.74948056565592e-07
1.33653080508038e-08
0
0
0
0
0
0
0
0
2.67306161016076e-08
1.19619507054694e-06
1.55705838791864e-06
1.33653080508038e-07
4.00959241524114e-08
0
0
0
0
0
0
0
0
0
9.35571563556267e-08
4.41055165676526e-06
5.68693857561702e-06
1.26970426482636e-07
0
0
0
0
0
0
0
0
0
0
2.67306161016076e-08
1.0358113739373e-06
9.15523601480061e-07
2.00479620762057e-08
0
0
0
0
0
0
0
0
0
0
3.34132701270095e-08
1.57042369596945e-06
6.61582748514788e-07
1.33653080508038e-08
0
0
0
0
0
0
0
0
0
0
6.6826540254019e-09
1.93796966736655e-07
8.01918483048228e-08
0
0
0
0
0
0
0
0
0
0
0
0
0
0
0
0
0
0
0
0
0
0
0
0
0
0
0
0
0
0
0
0
0
0
0
0
0
0
0
0
0
0
0
0
0
0
0
0
0
0
0
0
0
0
0
0
0
0
0
0
0
0
0
0
0
0
0
0
0
0
0
0
0
0
0
0
0
0
0
0
0
0
0
0
0
0
0
0
0
0
0
0
0
0
0
0
1.33653080508038e-08
6.08121516311573e-07
2.34694809372115e-05
8.90129516183533e-06
1.87114312711253e-07
0
0
0
0
0
0
0
6.6826540254019e-09
2.40575544914469e-07
3.00719431143086e-07
5.71366919171863e-06
0.000187909548540276
7.11903133326065e-05
1.48354919363922e-06
0
0
0
0
0
0
6.6826540254019e-09
4.61103127752731e-07
2.87354123092282e-06
4.53083942922249e-06
1.17547884306819e-05
4.40654206435002e-05
1.61920707035488e-05
3.34132701270095e-07
0
0
0
0
0
0
8.68745023302247e-08
3.97617914511413e-06
9.58292587242633e-06
3.54782102208587e-05
4.97590418731426e-05
4.36377307858744e-06
9.55619525632472e-07
2.00479620762057e-08
0
0
0
0
0
1.33653080508038e-08
8.82110331353051e-07
6.64924075527489e-06
1.3251702932372e-05
0.000110210330186928
0.000143342928844871
3.20767393219291e-06
6.6826540254019e-09
0
0
0
0
0
0
1.33653080508038e-07
6.36856928620801e-06
8.48028795823502e-06
1.22359395205109e-05
2.98781461475719e-05
2.93034379013874e-05
6.34852132413181e-07
0
0
0
0
0
0
0
8.01918483048228e-08
3.53512397943761e-06
1.86446047308713e-06
4.71795374193374e-06
4.81284742909445e-05
2.01214712704851e-05
6.28169478387779e-07
6.6826540254019e-09
0
0
0
0
0
0
6.6826540254019e-09
3.54180663346301e-07
2.33892890889067e-07
5.98765800676011e-06
1.88584496596842e-05
4.96521194087361e-06
1.71744208452829e-06
3.34132701270095e-08
0
0
0
0
0
0
0
0
1.33653080508038e-08
7.75187866946621e-07
3.1475300459643e-06
4.61103127752731e-07
3.20767393219291e-07
6.6826540254019e-09
0
0
0
0
0
0
0
0
0
6.6826540254019e-09
1.93796966736655e-07
2.00479620762057e-08
1.33653080508038e-08
0
0
0
0
0
0
0
0
0
0
0
0
0
0
0
0
0
0
0
0
0
0
0
0
0
0
0
0
0
0
0
0
0
0
0
0
0
0
0
0
0
0
0
0
0
0
0
0
0
0
0
0
0
0
0
0
0
0
0
0
0
0
0
0
0
0
1.47018388558842e-07
1.21624303262315e-06
3.5017107093106e-06
7.86548378789804e-06
2.37234217901768e-06
4.67785781778133e-08
0
0
0
0
0
0
0
3.07402085168488e-07
8.60057573069225e-06
1.84975863423125e-05
5.35213760894439e-05
6.86843180730808e-05
1.90789772425224e-05
3.8759393347331e-07
0
0
0
0
0
0
2.4725819893987e-07
1.31046845438131e-05
8.72687789177235e-05
9.67180517096418e-05
0.000252129853724388
6.57573156099547e-05
5.32607525824532e-06
8.68745023302247e-08
0
0
0
0
0
6.6826540254019e-09
2.4592166813479e-06
0.000106427948008551
0.000265227855614176
0.000226020724447143
0.000380677386557019
5.06879307826734e-05
1.17614710847074e-06
6.6826540254019e-09
0
0
0
0
0
4.47737819701928e-07
2.42647167662343e-05
0.000192533945125854
0.000358511023154761
0.000235142547191817
0.000273307184330887
2.76461397030877e-05
8.28649099149836e-07
6.6826540254019e-08
0
0
0
0
0
3.45493213113278e-06
0.000161386094713456
0.000239172187569134
0.000370800423907475
0.000224102802741853
0.000234300532784616
3.12213596066777e-05
3.28786578049774e-06
6.41534786438583e-07
1.33653080508038e-08
0
0
0
0
1.96470028346816e-06
9.02492426130527e-05
6.53563563684306e-05
0.000159167453577023
0.000347203972543781
0.000136159075767564
2.3162078852043e-05
2.55945649172893e-06
1.18282976249614e-06
2.67306161016076e-08
0
0
0
0
2.00479620762057e-07
9.36908094361347e-06
1.35190090933881e-05
0.000175179092621886
0.000401273326263308
9.71390589132421e-05
5.84331267981142e-05
2.57282179977973e-06
1.67066350635048e-07
0
0
0
0
0
0
1.26970426482636e-07
4.53752208324789e-06
4.55155565670124e-05
9.51476280136723e-05
1.6278945205879e-05
1.85644128825665e-05
5.47977630082956e-07
6.6826540254019e-09
0
0
0
0
0
0
6.6826540254019e-09
6.01438862286171e-07
1.0625419900389e-05
9.06836151247038e-06
1.13605118431832e-06
3.06065554363407e-06
6.6826540254019e-08
0
0
0
0
0
0
0
0
2.00479620762057e-08
9.55619525632472e-07
3.60863317371703e-07
5.34612322032152e-08
2.07162274787459e-07
6.6826540254019e-09
0
0
0
0
0
0
0
0
0
0
0
0
0
0
0
0
0
0
0
0
0
0
0
0
0
0
0
0
0
0
0
0
0
0
0
0
0
0
0
0
0
0
0
0
0
0
0
0
0
0
1.0692246440643e-07
4.37045573261285e-06
2.73253723098684e-05
2.85416153424915e-05
7.3776500440437e-06
6.81630710590994e-07
7.35091942794209e-08
0
0
0
0
0
0
1.0692246440643e-07
6.70270198747811e-06
8.49365326628582e-05
0.00029255991057807
0.000359526786566622
0.000111727292650694
7.62490824298357e-06
7.21726634743406e-07
1.33653080508038e-08
0
0
0
0
0
1.47686653961382e-06
7.74185468842811e-05
0.000564403593677394
0.00100075417092004
0.00145537512426813
0.00050572320868034
2.20861715539533e-05
1.43008796143601e-06
2.67306161016076e-08
0
0
0
0
1.26970426482636e-07
1.280396511267e-05
0.000346255035672174
0.00144470960844359
0.00177604227767704
0.00206233385877928
0.000640452196486468
3.10075146778648e-05
2.1184013260524e-06
1.60383696609646e-07
0
0
0
9.35571563556267e-08
1.91123905126494e-06
9.18463969251238e-05
0.000933252682609452
0.00262615606155647
0.00291159226294346
0.00202539882998089
0.000586202411108255
3.91937658589822e-05
4.69122312583214e-06
1.54369307986784e-06
3.34132701270095e-08
0
1.33653080508038e-08
7.41774596819611e-07
8.0726460626855e-06
0.00026587607305464
0.00103705434758602
0.0025498468352404
0.00286321653045357
0.00152815590925878
0.000756376195865115
9.95514970164122e-05
2.21129021700549e-05
4.71127108790834e-06
9.35571563556267e-08
0
6.6826540254019e-09
2.33892890889067e-07
6.24159885972538e-06
0.00017159719006427
0.000608502427591021
0.00180391562761699
0.002369007534659
0.000932156727349286
0.00044038021761996
7.06690663186251e-05
3.51641254816648e-05
1.27638691885176e-06
1.33653080508038e-08
0
0
1.33653080508038e-07
6.22823355167457e-06
3.16290015022272e-05
0.000237568350603038
0.000977177767518419
0.00162697899698642
0.000680955762534429
0.000464163783296365
4.53418075623519e-05
4.81151089828937e-06
8.68745023302247e-08
0
0
0
1.33653080508038e-08
7.21726634743406e-07
4.02295772329195e-06
0.00011881090591762
0.000723510903368188
0.000557213057946062
0.000161853880495234
0.00029213890337447
1.09595526016591e-05
1.0692246440643e-07
0
0
0
0
0
6.6826540254019e-09
6.08121516311573e-07
2.31687615060684e-05
0.000263196328790454
0.000123221457574386
3.31793772361204e-05
7.22394900145946e-05
1.69739412245208e-06
0
0
0
0
0
0
0
1.00239810381029e-07
4.2167546900286e-06
2.50532699412317e-05
9.62302179657874e-06
2.84012796079581e-06
5.39958445252474e-06
1.20287772457234e-07
0
0
0
0
0
0
0
6.6826540254019e-09
3.67545971397105e-07
2.20527582838263e-07
2.00479620762057e-08
6.6826540254019e-09
1.33653080508038e-08
0
0
0
0
0
0
0
0
0
0
0
0
0
0
0
0
0
0
0
0
0
0
0
0
0
0
0
0
0
0
0
0
0
0
0
6.6826540254019e-09
4.61103127752731e-07
2.12508398007781e-06
3.02857880431214e-05
0.000106067084691179
6.69936066046541e-05
2.77998407456719e-06
1.13471465351324e-05
1.78426862478231e-06
3.34132701270095e-08
0
0
0
0
8.01918483048228e-08
5.12559563748326e-06
7.71378754152142e-05
0.000394102838494052
0.00055752046003123
0.000372751758882893
0.000118035718050674
0.000122479682977566
1.83505679537536e-05
1.08258995211511e-06
1.33653080508038e-08
0
0
0
6.6826540254019e-08
1.62054360115996e-05
0.000642069398760615
0.00219360123180025
0.00340483227390435
0.00281931817616071
0.0010259745072119
0.000329100662788968
4.20405764738034e-05
7.29077554171348e-06
1.47018388558842e-07
0
0
6.6826540254019e-09
7.15043980718004e-07
6.30976193078448e-05
0.00154220284802018
0.00513952897112622
0.00939071269469369
0.00590146513514047
0.00175816617815909
0.000520364903649995
5.95825432904834e-05
1.02979698531443e-05
2.07162274787459e-07
0
5.34612322032152e-08
2.4592166813479e-06
1.41271306096996e-05
0.000320105810470777
0.00279282145294999
0.00804143806838687
0.012353313655813
0.00668316858976186
0.00216717133512979
0.000551586263256673
8.52973959802299e-05
3.78572350539018e-05
8.01918483048228e-07
0
4.00959241524114e-07
1.9820751839342e-05
8.23035669768499e-05
0.000569870004670173
0.00348007895823037
0.00868769749122142
0.0124518894853417
0.00650095266245123
0.0027951403338968
0.000564964936615528
0.000175874088640527
0.000107670921657275
2.29883298473825e-06
0
1.00239810381029e-07
6.09458047116654e-06
7.97908890632987e-05
0.000541615743450774
0.00270297985223249
0.00584458906673028
0.00745601752779959
0.00416131539223387
0.00147248271857316
0.000326768416534102
0.000169505519354319
1.64192809404125e-05
2.8067146906688e-07
0
6.6826540254019e-09
3.32796170465015e-06
0.000141057461168183
0.000203025711945735
0.00125009735791583
0.00349102514552398
0.00352542744844675
0.00195227722963494
0.000587398606178802
0.000138464591406327
2.12241091846764e-05
4.34372511651124e-07
0
0
0
3.67545971397105e-07
1.73348045418925e-05
4.13322151471108e-05
0.000546834896244612
0.0019816007154984
0.00169270958198028
0.000878735591070223
0.000761642127237131
5.11557165644516e-05
8.0860113707363e-07
0
0
0
0
0
2.07162274787459e-07
1.27438212264414e-05
0.000227651292029341
0.000416436268246945
0.000427335676962376
0.000406986995455027
0.000186379220768459
6.82967241396075e-06
6.6826540254019e-08
0
0
0
0
0
2.00479620762057e-08
2.72652284236398e-06
8.94673720920807e-05
6.0457970967811e-05
3.84720392242388e-05
4.27756684165976e-05
1.25166109895778e-05
2.60623506990674e-07
0
0
0
0
0
0
0
1.93796966736655e-07
8.7743247353527e-06
4.78478028218776e-06
7.68505212921219e-07
2.87354123092282e-07
2.67306161016076e-08
0
0
0
0
0
0
0
0
0
2.67306161016076e-08
6.6826540254019e-08
0
0
0
0
0
0
0
0
0
0
0
0
0
0
0
0
0
0
0
0
0
0
0
0
2.27210236863665e-07
1.09662352556845e-05
2.71850365753349e-05
5.90813442385782e-05
0.000112288635588828
8.52573000560775e-05
8.44687468810801e-06
1.4681790893808e-05
2.05825743982379e-06
7.35091942794209e-08
0
0
0
0
1.95801762944276e-06
9.43724401467257e-05
0.000274710541676221
0.000655815618090867
0.00107228529960794
0.000707412389820995
0.000205799013366277
0.000205558437821363
3.79842054803844e-05
1.85844608446427e-05
3.94276587498712e-07
0
0
0
1.43677061546141e-06
8.11474678304553e-05
0.000786608522676033
0.00276750087684774
0.00617842104856923
0.00380429460092677
0.00165429768664227
0.000910899204894483
0.000199009436876469
0.000161927389689514
3.4950280552852e-06
0
0
1.33653080508038e-08
1.57042369596945e-06
0.000124056789327561
0.00267810033129591
0.0086503882337976
0.0139953085763945
0.0105161852376898
0.00452699690315789
0.00166209634388991
0.000226983026626801
0.000160898260969602
3.46161478515819e-06
0
1.33653080508038e-07
6.6626060633257e-06
3.30123108854854e-05
0.00056342124353566
0.0050422896724026
0.0147737241652354
0.0216206912878139
0.0148005082425692
0.00634597523294813
0.001524794534284
0.00023843709562634
4.45131584632021e-05
8.82110331353051e-07
0
1.08927260614051e-06
5.35748373216471e-05
0.000209614808814782
0.00102344178133628
0.00622286738049218
0.0166411584193639
0.0229418052100577
0.0144055433417059
0.00513306684468366
0.00130580396187158
0.000251267791355112
7.10366122900222e-05
1.46350123156302e-06
0
2.73988815041478e-07
1.47018388558842e-05
0.00012471168942205
0.000938638901753926
0.00505387071182862
0.0135201184139563
0.0152320807221837
0.00824163701767986
0.00328120317443441
0.000788118802485774
6.49353491648303e-05
9.21537990102923e-06
1.80431658685851e-07
0
2.00479620762057e-08
2.59286976185594e-06
8.59188828045923e-05
0.000291985202331885
0.00362675653143392
0.00734925544708977
0.00695178455096691
0.00409602586240569
0.00189055623705633
0.000825922576307472
2.04155080476028e-05
8.68745023302247e-08
0
0
0
2.00479620762057e-07
1.20421425537742e-05
0.000170781906273171
0.00176504262915123
0.00296747929855789
0.00322813621881869
0.00156247133767922
0.000760773382213829
0.00016161330495032
3.22772189426912e-06
0
0
0
0
0
1.43677061546141e-06
7.24867482135344e-05
0.000403685764366478
0.000943116279950945
0.000935056999196311
0.000732525803648455
0.000120341233689437
9.44259013789289e-06
1.60383696609646e-07
0
0
0
0
0
1.4033573453344e-07
7.13039184510383e-06
3.90868433945757e-05
0.000117494423074616
0.000196556902849146
0.000118416629330122
7.17048776925624e-06
1.13605118431832e-07
0
0
0
0
0
0
0
1.0692246440643e-07
4.81819355231477e-06
2.11439173363716e-05
1.56908716516437e-05
5.67357326756622e-06
1.26970426482636e-07
0
0
0
0
0
0
0
0
6.6826540254019e-09
4.54420473727329e-07
2.17186255825562e-06
8.01918483048228e-08
1.33653080508038e-08
0
0
0
0
0
0
0
0
0
0
0
6.6826540254019e-09
0
0
0
0
0
0
0
0
0
0
1.60383696609646e-07
7.60486028090737e-06
1.98407998014183e-05
7.40170759853515e-05
6.95263324802814e-05
8.61728236575576e-05
2.5307210794197e-05
3.30123108854854e-06
1.47018388558842e-07
2.00479620762057e-08
0
0
0
0
1.64393289024887e-06
7.75922958889415e-05
0.000168342737553899
0.000669996209932769
0.000960872091696438
0.00106121882454187
0.000290207616361128
8.7776660623654e-05
9.06836151247038e-06
9.28220644128324e-06
2.00479620762057e-07
0
0
0
3.34132701270095e-06
0.000163263920494594
0.000611422747400122
0.00269369096313718
0.00460633337174746
0.00461377116567773
0.00169048425818982
0.000655194131266504
7.60419201550483e-05
8.67943104819199e-05
1.89119108918874e-06
0
0
0
2.20527582838263e-06
0.000141064143822209
0.00204278041310096
0.00740673295436225
0.0108531313363046
0.0114888455310871
0.00451970612761617
0.00135178062156635
0.000114193191986068
0.000118490138524401
2.57950445380513e-06
0
6.6826540254019e-09
3.07402085168488e-07
1.1173397530472e-05
0.000471768643577273
0.00349707294741697
0.0129295990083476
0.0188515464780759
0.0156986034823511
0.00751930226142015
0.00121997863622335
8.80907453628479e-05
1.59381298505835e-05
3.20767393219291e-07
0
4.67785781778133e-08
2.63964834003375e-06
3.96949649108873e-05
0.000684577761016196
0.00498243314029707
0.0144409814560026
0.0237166188483789
0.0172088231482057
0.00646655704218248
0.00125472843715544
0.000107316740993929
4.45064758091767e-06
6.01438862286171e-08
0
1.33653080508038e-08
2.12508398007781e-06
8.42749499143434e-05
0.000596106104373901
0.0039873258120285
0.0131129710348046
0.0187680400333745
0.0103712317892248
0.0040338638146614
0.00096996718382501
4.28424949568516e-05
8.35331753175238e-07
6.6826540254019e-09
0
0
5.81390900209966e-07
3.09005922134584e-05
0.00034743786543467
0.00341970117911087
0.00672099909419966
0.007802860637026
0.00468033708242476
0.00177717832886136
0.000581163689973102
1.37929979084295e-05
4.00959241524114e-08
0
0
0
4.67785781778133e-08
3.10743412181189e-06
7.50127914351364e-05
0.00131572102044528
0.00310210136389961
0.0031322200855921
0.00160713819718501
0.000401079529296571
9.4111816639735e-05
1.90455639723954e-06
0
0
0
0
0
1.0692246440643e-07
1.00908075783569e-05
0.000277216536935747
0.00130311753495337
0.000957203314636493
0.000643031700940273
4.25484581797339e-05
4.39718634871445e-06
8.01918483048228e-08
0
0
0
0
0
6.6826540254019e-09
1.22292568664855e-06
4.97857724892442e-05
0.000303840230572948
0.000237080516859183
0.000185951530910833
4.36377307858744e-06
1.33653080508038e-08
0
0
0
0
0
0
0
6.6826540254019e-07
3.37139895581526e-05
0.000166043904569161
2.3028425771535e-05
1.58245247321517e-05
3.40815355295497e-07
0
0
0
0
0
0
0
0
7.35091942794209e-08
3.8558913726569e-06
1.84708557262109e-05
4.47737819701928e-07
3.34132701270095e-08
0
0
0
0
0
0
0
0
0
0
6.6826540254019e-09
4.00959241524114e-08
0
0
0
0
0
0
0
0
0
0
1.0692246440643e-07
5.16569156163567e-06
2.37367870982276e-05
0.000105712904027833
9.64306975865495e-05
6.7240864803594e-05
6.49821277430081e-05
2.94036777117684e-06
8.68745023302247e-08
6.6826540254019e-09
0
0
0
0
1.16946445444533e-06
5.58469396902837e-05
0.000143403072731099
0.000706409991717184
0.00106849623477554
0.000601525736788502
0.000373867762105135
5.48445415864734e-05
2.86552204609234e-05
4.62439658557812e-06
8.68745023302247e-08
0
0
0
3.37474028282796e-06
0.000157376502298215
0.000238884833446042
0.00136841374743557
0.00367070834695899
0.00302271143407784
0.00142883162247923
0.000381733245893033
0.000240448574487986
3.8492087186315e-05
7.35091942794209e-07
0
0
0
4.47737819701928e-06
0.000218582930516871
0.00079463439016054
0.0031289589504277
0.00637143614478491
0.00600914273945177
0.00374791973156848
0.000770222655005747
0.00016127917224905
2.04288733556536e-05
3.80911279447909e-07
0
0
0
5.70030388366782e-06
0.000283845729728946
0.00145165956863
0.00739459725465212
0.0108197180661776
0.0100180334760202
0.00576544639510744
0.000960524593687117
5.54660284108358e-05
2.49262995147491e-06
4.00959241524114e-08
0
0
2.00479620762057e-08
3.93608322096172e-06
0.000175025391579301
0.00168688899032415
0.00882711770215338
0.0128818848586062
0.0103354662248809
0.00522274806170455
0.00105974195800226
0.000111941137579507
2.01816151567137e-06
0
0
0
6.6826540254019e-08
5.30602729616911e-06
0.000148368284671973
0.00193623885997397
0.00801014988223994
0.0117606090223381
0.00708905294730269
0.00334160768417002
0.000861627996765194
0.000120321185727361
2.27210236863665e-06
0
0
0
2.00479620762057e-08
3.12079942986269e-06
0.000125339858900438
0.00124642858085589
0.00431344601112214
0.005913968380822
0.003198224659401
0.00164183453688489
0.000210603841610541
1.56841889976183e-05
2.60623506990674e-07
0
0
0
0
6.01438862286171e-07
3.34533660511619e-05
0.000452696348988776
0.00101673239669477
0.00208047058180422
0.000962048238804909
0.000440106228804919
2.18723266251404e-05
3.00719431143086e-07
0
0
0
0
0
3.34132701270095e-08
4.53752208324789e-06
0.000138030218894676
0.000351113325148641
0.000584284489402965
0.000315782133316342
4.07508242469008e-05
9.15523601480061e-07
6.6826540254019e-09
0
0
0
0
0
0
3.94276587498712e-07
2.61024466232198e-05
0.000378619129117196
0.000143149131878134
7.51598098236952e-05
1.69071146842668e-06
0
0
0
0
0
0
0
0
6.6826540254019e-08
4.70458843388294e-06
7.83207051777103e-05
1.30712712736861e-05
5.88073554235368e-06
1.26970426482636e-07
0
0
0
0
0
0
0
0
6.6826540254019e-09
3.80911279447909e-07
4.47737819701928e-06
1.60383696609646e-07
1.33653080508038e-08
0
0
0
0
0
0
0
0
0
0
0
6.6826540254019e-09
0
0
0
0
0
0
0
0
0
0
4.67785781778133e-08
2.95373307922764e-06
3.24108720231992e-05
2.05558437821363e-05
6.24560845214062e-05
6.23157487868727e-05
6.13467639531895e-06
1.4748617434062e-05
3.27450047244693e-07
0
0
0
0
0
4.47737819701928e-07
2.63697527842359e-05
0.000280297240441457
0.000234728222642242
0.000540232434067515
0.00029023434697723
5.39824792171966e-05
0.000141825966381105
4.27021592223182e-06
1.80431658685851e-07
6.6826540254019e-09
0
0
0
6.28169478387779e-07
3.50572030172584e-05
0.000313149167630333
0.000845870298573297
0.00154271741238013
0.000894018820826317
0.000350852701641651
0.000240281508137351
1.49825103249511e-05
1.48354919363922e-06
2.67306161016076e-08
0
0
0
1.30980018897877e-06
7.18318481190451e-05
0.000594796304184922
0.00141870740163075
0.00241056696004297
0.00184760013698104
0.0016157120422996
0.000256794346234119
1.22960834067395e-05
6.94996018641798e-07
1.33653080508038e-08
0
0
0
1.86446047308713e-06
9.36039349338045e-05
0.00045534936263686
0.00175563345228346
0.00313110408236986
0.00315705282795049
0.00254744776244528
0.000600723818305453
1.68670187601144e-05
1.53701042584244e-07
0
0
0
0
7.81870520972023e-07
4.60033903108667e-05
0.000528764999759926
0.00205915959811722
0.00394371481185873
0.00373351192948971
0.00184545500503889
0.000250305489175454
9.97720245992504e-06
1.20287772457234e-07
0
0
0
0
1.0358113739373e-06
6.40599214875026e-05
0.000828702560382039
0.00226874099366187
0.00433457656315046
0.00258555893835215
0.000956234329802809
0.000176308461152178
9.26215847920704e-06
1.26970426482636e-07
0
0
0
0
2.00479620762057e-07
1.72412473855369e-05
0.000408223286449726
0.00149917323875061
0.00268225025944569
0.00127919363354243
0.000475430737983193
3.06399687064677e-05
1.12936853029292e-06
1.33653080508038e-08
0
0
0
0
2.00479620762057e-08
5.78717838599805e-06
0.00022820595231345
0.00044661513382566
0.00112426966527154
0.000712330823183691
0.000267486592674762
5.99434066078551e-06
1.33653080508038e-08
0
0
0
0
0
0
4.97857724892442e-06
0.000226842690892268
0.000218636391749074
0.000224710924258164
8.6513639012853e-05
2.84413755321105e-05
5.88073554235368e-07
0
0
0
0
0
0
0
1.24297364872475e-06
6.27902172226763e-05
0.00029630887948632
0.00011123945890684
5.20578748578808e-06
1.20287772457234e-07
0
0
0
0
0
0
0
0
2.33892890889067e-07
1.23094487147903e-05
8.34463008151936e-05
1.34989611313118e-05
4.67785781778133e-07
6.6826540254019e-09
0
0
0
0
0
0
0
0
2.00479620762057e-08
9.8235014173408e-07
6.28169478387779e-06
1.67066350635048e-07
0
0
0
0
0
0
0
0
0
0
0
0
1.33653080508038e-08
0
0
0
0
0
0
0
0
0
0
0
1.13605118431832e-07
1.32984815105498e-06
1.0491766819881e-06
1.86111914607443e-05
6.3217907080302e-06
2.20527582838263e-07
6.14804170336975e-07
1.33653080508038e-08
0
0
0
0
0
2.67306161016076e-08
1.396674691309e-06
1.5330008334272e-05
1.5978225774736e-05
0.000180030699444327
5.8179185945149e-05
2.88022388494822e-06
5.90078350442988e-06
1.33653080508038e-07
0
0
0
0
0
7.35091942794209e-08
4.47069554299387e-06
4.73466037699725e-05
8.70883472590376e-05
0.000343755723066674
0.000196804161048086
3.55784500312397e-05
1.45280898512237e-05
3.36805762880256e-06
6.6826540254019e-08
0
0
0
0
1.0692246440643e-07
6.27501212985239e-06
6.7274278073721e-05
0.000215127998385738
0.000306159111519763
0.000364672430166182
0.000267513323290864
7.95503135183843e-05
3.51708081356902e-05
7.41774596819611e-07
0
0
0
0
7.48457250845013e-07
3.47965795102677e-05
4.06839977066468e-05
0.00019546094758898
0.000736067610281918
0.000896658469166351
0.000646854179042803
0.000277503891058839
8.39341345590479e-05
1.73080739257909e-06
0
0
0
0
4.11651487964757e-06
0.000188564448634766
0.000113010362223572
0.000210550380378338
0.00118928520628468
0.00121823446352272
0.000495304951054738
6.78088903957531e-05
1.08325821751765e-05
2.13844928812861e-07
0
0
0
0
5.54660284108358e-07
2.61759558174993e-05
5.73639021540499e-05
0.000430215900847324
0.000705073460912104
0.000404333981806942
0.000215876455636583
1.24765150654254e-05
2.60623506990674e-07
0
0
0
0
0
6.6826540254019e-09
7.41774596819611e-07
2.73053243477922e-05
0.000281025649730226
0.00065320938302096
9.36974920901601e-05
3.49369152448011e-05
1.33653080508038e-06
2.00479620762057e-08
0
0
0
0
0
0
2.07162274787459e-07
1.09127740234813e-05
7.63225916241151e-05
0.00032182993520933
3.5966043964713e-05
1.05853239762366e-05
2.20527582838263e-07
0
0
0
0
0
0
0
2.00479620762057e-07
9.42254217581668e-06
1.33051641645752e-05
3.61665235854751e-05
3.74228625422507e-06
1.12936853029292e-06
2.67306161016076e-08
0
0
0
0
0
0
0
5.34612322032152e-08
2.60623506990674e-06
1.18416629330122e-05
4.50410881312088e-06
1.00239810381029e-07
0
0
0
0
0
0
0
0
0
6.6826540254019e-09
5.14564359955947e-07
3.38810559087876e-06
5.47977630082956e-07
1.33653080508038e-08
0
0
0
0
0
0
0
0
0
0
4.00959241524114e-08
2.60623506990674e-07
6.6826540254019e-09
0
0
0
0
0
0
0
0
0
0
0
0
0
0
0
0
0
0
0
0
0
0
0
0
0
0
4.00959241524114e-08
1.68402881440128e-06
3.60863317371703e-07
6.6826540254019e-09
0
0
0
0
0
0
0
0
1.33653080508038e-08
1.60383696609646e-07
5.2792966800675e-07
1.68135575279112e-05
4.00290976121574e-06
9.35571563556267e-08
6.6826540254019e-09
6.6826540254019e-09
0
0
0
0
0
0
1.4033573453344e-07
1.45681857753761e-06
2.8133973446942e-06
3.70219033007266e-05
1.59314471965581e-05
1.22292568664855e-06
2.35229421694147e-06
1.99143089956977e-06
4.00959241524114e-08
0
0
0
0
6.6826540254019e-09
3.47498009320899e-07
1.92460435931575e-06
8.03255013853309e-06
6.75683148508387e-05
6.34384346631403e-05
1.50092409410527e-05
3.5732151073824e-05
2.20527582838263e-05
4.67785781778133e-07
0
0
0
0
1.60383696609646e-07
7.42442862222152e-06
3.94276587498712e-06
6.83635506798615e-06
7.98643982575782e-05
0.000128560898140682
6.68800014862222e-05
0.00014200639803979
5.26392657580908e-05
1.09595526016591e-06
0
0
0
0
9.75667487708678e-07
4.46735421598117e-05
2.1631751080226e-05
6.69601933345271e-06
6.98871957976531e-05
0.000229656088236962
5.52388181739721e-05
3.18361637770147e-05
6.70938464150351e-06
1.33653080508038e-07
0
0
0
0
1.20287772457234e-07
5.63347734341381e-06
3.32127905062475e-06
1.52832297560942e-05
2.8681951077025e-05
7.66166284012328e-05
4.2167546900286e-05
2.63296568600835e-06
5.34612322032152e-08
0
0
0
0
0
0
2.00479620762057e-08
6.08121516311573e-07
1.42140051120298e-05
4.45532543873545e-05
7.7385133614154e-06
4.67117516375593e-06
1.00239810381029e-07
0
0
0
0
0
0
0
0
1.87114312711253e-07
7.59149497285656e-06
3.46361958136581e-05
8.35331753175238e-07
1.33653080508038e-08
0
0
0
0
0
0
0
0
0
1.33653080508038e-08
7.75187866946621e-07
3.77569952435208e-06
8.01918483048228e-08
0
0
0
0
0
0
0
0
0
0
0
0
6.6826540254019e-09
0
0
0
0
0
0
0
0
0
0
0
0
0
0
0
0
0
0
0
0
0
0
0
0
0
0
0
0
0
0
0
0
0
0
0
0
0
0
0
0
0
0
0
0
0
0
0
0
0
0
0
0
0
0
0
4.00959241524114e-08
6.6826540254019e-09
0
0
0
0
0
0
0
0
0
0
0
6.6826540254019e-09
4.27689857625722e-07
8.68745023302247e-08
0
0
0
0
0
0
0
0
0
0
0
2.00479620762057e-08
1.0558593360135e-06
3.80911279447909e-07
1.33653080508038e-08
8.68745023302247e-08
8.01918483048228e-08
0
0
0
0
0
0
6.6826540254019e-09
6.6826540254019e-09
5.34612322032152e-08
2.4658993353733e-06
2.14513194215401e-06
2.67306161016076e-07
1.38330938325819e-06
8.68745023302247e-07
2.00479620762057e-08
0
0
0
0
6.6826540254019e-09
2.60623506990674e-07
1.26970426482636e-07
5.34612322032152e-08
2.26541971461125e-06
4.03632303134275e-06
1.84441251101093e-06
5.53323753303278e-06
2.07162274787459e-06
4.00959241524114e-08
0
0
0
0
3.34132701270095e-08
1.55037573389324e-06
7.48457250845013e-07
3.34132701270095e-08
1.09595526016591e-06
7.76524397751701e-06
1.57042369596945e-06
1.23629099469935e-06
2.60623506990674e-07
6.6826540254019e-09
0
0
0
0
6.6826540254019e-09
1.93796966736655e-07
9.35571563556267e-08
2.67306161016076e-08
2.4725819893987e-07
2.68642691821157e-06
1.45681857753761e-06
1.00239810381029e-07
0
0
0
0
0
0
0
0
6.6826540254019e-09
2.00479620762057e-07
9.02158293429257e-07
2.4725819893987e-07
1.67066350635048e-07
6.6826540254019e-09
0
0
0
0
0
0
0
0
6.6826540254019e-09
2.13844928812861e-07
9.68984833683276e-07
2.00479620762057e-08
0
0
0
0
0
0
0
0
0
0
0
2.67306161016076e-08
1.0692246440643e-07
0
0
0
0
0
0
0
0
0
0
0
0
0
0
0
0
0
0
0
0
0
0
0
0
0
0
0
0
0
0
0
0
0
0
0
0
0
0
0
0
0
0
0
0
0
0
0
0
0
0
0
0
0
0
0
0
0
0
0
0
0
0
0
0
0
0
0
0
0
0
0
0
0
0
0
0
0
0
0
0
0
0
0
0
0
0
0
0
0
0
0
0
0
0
0
0
0
0
0
0
0
0
0
0
0
0
0
0
0
0
0
0
0
0
0
0
0
0
0
0
0
0
0
0
0
0
0
0
0
0
0
0
0
0
0
0
0
0
0
0
0
0
0
0
0
0
0
0
0
0
0
0
0
0
0
0
0
0
0
0
0
0
0
0
0
0
0
0
0
0
0
0
0
0
0
0
0
0
0
0
0
0
0
0
0
0
0
0
0
0
0
0
0
0
0
0
0
0
0
0
0
0
0
0
0
0
0
0
0
0
0
0
0
0
0
0
0
0
0
0
0
0
0
0
0
0
0
0
0
0
0
0
0
0
0
0
0
0
0
0
0
0
0
0
0
0
0
0
0
0
0
0
0
0
0
0
0
0
0
0
