0
0
0
0
0
0
0
0
0
0
3.41211299430556e-09
3.20738621464722e-07
1.33072406777917e-07
3.41211299430556e-09
1.70605649715278e-09
0
0
0
0
0
2.55908474572917e-08
3.02995633894334e-06
1.24371518642438e-06
1.5354508474375e-08
1.70605649715278e-09
0
0
0
0
0
1.19423954800695e-08
1.37849364969945e-06
5.66410757054723e-07
1.02363389829167e-08
0
0
0
0
0
0
1.70605649715278e-09
1.17717898303542e-07
5.11816949145834e-08
3.41211299430556e-09
0
0
0
0
0
0
0
0
1.70605649715278e-09
0
0
0
0
0
0
0
0
0
0
0
0
0
0
0
0
0
0
0
0
0
0
0
0
0
0
0
0
0
0
0
0
0
0
0
0
0
0
0
0
0
0
0
0
0
0
0
0
2.04726779658334e-08
1.11917306213222e-06
1.61392944630653e-06
5.66410757054723e-07
5.11816949145834e-09
0
0
0
0
7.33604293775695e-08
8.42450698294043e-06
1.46533192540452e-05
1.52572632540373e-05
5.9541371750632e-06
4.94756384174306e-08
0
0
0
1.70605649715278e-09
8.05258666656112e-07
8.06196997729546e-05
6.59476138974407e-05
3.59807315249521e-05
8.34432232757424e-06
6.82422598861112e-08
0
0
0
8.5302824857639e-09
1.36484519772222e-06
5.26693761801006e-05
4.1641426982505e-05
3.52403030051878e-05
1.57639620336917e-06
1.02363389829167e-08
0
0
0
6.82422598861112e-09
7.95022327673195e-07
7.80179636147966e-06
2.2456821672022e-05
1.6192182214477e-05
3.75332429373611e-07
1.70605649715278e-09
0
0
0
0
8.18907118633334e-08
7.76255706204515e-07
5.79547392082799e-06
1.47403281354e-06
3.24150734459028e-08
0
0
0
0
0
3.41211299430556e-09
2.67850870052986e-07
1.30854533331618e-06
1.5354508474375e-08
0
0
0
0
0
0
0
2.38847909601389e-08
1.00657333332014e-07
1.70605649715278e-09
0
0
0
0
0
0
0
0
0
0
0
0
0
0
0
0
0
0
0
0
0
0
0
0
0
0
1.70605649715278e-08
2.10186160449222e-06
3.33124591634052e-05
4.60328164061763e-05
1.53237994574263e-05
1.27954237286458e-07
0
0
0
8.5302824857639e-09
1.67705353670118e-06
7.9485172202348e-05
0.000344130362097184
0.000416045761621665
0.000158163379681543
1.3221937852934e-06
0
0
0
1.17717898303542e-07
1.90515329037051e-05
0.000632670579291142
0.0010579495186754
0.000841829693729079
0.000202604445375875
1.67193536720972e-06
0
0
0
4.09453559316667e-07
5.40222789823428e-05
0.00073366741786609
0.000924660442722343
0.000863411308418062
7.12346829821171e-05
5.45938079088889e-07
0
0
0
5.42525966094584e-07
6.56405237279532e-05
0.000261386621985274
0.000596717144670145
0.000369260574300245
1.36876912766567e-05
9.04209943490973e-08
0
0
0
3.32681016944792e-07
3.96999346887452e-05
9.58650206315118e-05
0.000183580209376125
5.12994128128869e-05
1.06287319772618e-06
5.11816949145834e-09
0
0
0
3.75332429373611e-08
4.4511014010716e-06
1.88843393669841e-05
4.30352751406789e-05
2.48060614686014e-06
1.87666214686806e-08
0
0
0
0
0
9.04209943490973e-08
1.18229715252688e-06
3.23127100560736e-06
3.070901694875e-08
0
0
0
0
0
0
0
1.70605649715278e-09
5.11816949145834e-09
0
0
0
0
0
0
0
0
0
0
0
0
0
0
0
0
1.70605649715278e-09
5.25465401123056e-07
4.40350242480104e-05
0.000266330773714023
0.000340868382074628
0.00010063003642806
1.00145516382868e-06
1.70605649715278e-09
0
0
2.13257062144097e-07
2.69795774459741e-05
0.000733699832939536
0.00251085452855466
0.00291678166909171
0.00100722845901505
9.9104821919605e-06
1.36484519772222e-08
0
0
2.37653670053382e-06
0.000265010285985227
0.00373333442975898
0.00565667769450213
0.00431828149065526
0.00116896090888863
1.23126097399516e-05
2.21787344629861e-08
0
0
6.03261577393223e-06
0.00066190726948285
0.00471123407153147
0.00747137757545009
0.00485480896210586
0.00101934316620133
9.78764612416549e-06
1.19423954800695e-08
0
0
8.44839177390056e-06
0.00100645902753483
0.00320839961220653
0.00410982868360715
0.00168398012607962
0.000184429825511707
3.35581312989952e-06
1.70605649715278e-08
0
0
6.2612273445507e-06
0.000746118218182311
0.00163639479826104
0.00163155983414811
0.000624607756285598
2.52786391183127e-05
8.34261627107709e-07
5.11816949145834e-09
0
0
7.1824978530132e-07
8.63503435468908e-05
0.000278477895973751
0.000401493099700952
6.99977920216814e-05
2.088213152515e-06
6.48301468918056e-08
0
0
0
1.36484519772222e-08
1.72823523161577e-06
1.46499071410509e-05
2.93100506210847e-05
5.83471322026251e-06
6.5683175140382e-07
5.11816949145834e-09
0
0
0
0
1.70605649715278e-09
2.04726779658334e-08
4.43574689259723e-08
4.57223141236945e-07
6.9948316383264e-08
0
0
0
0
0
0
0
0
0
0
0
0
0
0
3.070901694875e-08
4.98168497168612e-06
0.000184177329150128
0.000687450347358221
0.000905015202157629
0.000261123889284713
8.99774196598376e-06
5.80059209031945e-08
0
0
1.21983039546424e-06
7.60389380780994e-05
0.00172643534201127
0.00686237511794395
0.00939504157881471
0.00277250900140999
8.14624916825481e-05
4.99874553665764e-07
0
0
1.09648251072009e-05
0.000411395051610427
0.00473136042002838
0.0171330962574477
0.0224054130715933
0.00618405729101499
0.000132188669512392
6.92658937844028e-07
0
0
2.25250639319081e-05
0.000997485170359807
0.00791234882249516
0.0214818291505207
0.0208735944184383
0.00482022719690857
8.8899191953637e-05
4.21395954796736e-07
0
0
8.89196646316028e-06
0.000907425859988106
0.00550243824476404
0.0104042848905529
0.00973424143763512
0.00147775201670379
9.0361282371697e-05
6.70480203381042e-07
0
0
4.49204675700327e-06
0.000543416527586098
0.00218503185872842
0.00468861176237922
0.00405468723156267
0.000550894173213118
4.5169551818617e-05
3.48035525419167e-07
0
0
5.85177378523403e-07
7.17226151403028e-05
0.000388929699655919
0.00118339755896754
0.000807070498656088
0.000119983541331761
6.04967633890376e-06
4.26514124288195e-08
0
0
1.87666214686806e-08
2.41236388697403e-06
2.37943699657898e-05
0.000114300667139745
0.000192171909895786
2.97843343272932e-05
4.07747502819514e-07
1.70605649715278e-09
0
0
0
2.72969039544445e-08
2.86788097171382e-06
9.13422648575598e-06
1.59106828924468e-05
2.44136684742563e-06
2.04726779658334e-08
0
0
0
0
1.19423954800695e-08
1.35460885873931e-06
2.88152942369104e-06
4.6063525423125e-08
3.41211299430556e-09
0
0
0
0
1.26248180789306e-07
1.69223743952584e-05
0.000289400069668523
0.00110463916683298
0.00134645049656992
0.000578334385913324
7.50426010837621e-05
6.00531886997778e-07
0
0
2.73480856493591e-06
0.00021172161129666
0.00206969390923841
0.00887239458302495
0.0110995387403291
0.00496854321848855
0.000615642429393061
4.90661848581139e-06
0
0
1.79630688585216e-05
0.000734885542205057
0.00520568165947979
0.0258169869520458
0.0275538855385541
0.00932762675632972
0.00071117306295113
5.41672937846007e-06
0
0
3.17514174685104e-05
0.00114711485544259
0.00835148605880579
0.0318659211563733
0.0324013431032137
0.00788344993148989
0.000529554818546731
4.00070248582327e-06
0
0
1.06219077512732e-05
0.00102693682367016
0.00738232825052471
0.0213579950396749
0.0248735667120808
0.0074086970597447
0.000980143106066249
8.02699581910383e-06
1.70605649715278e-09
0
3.44111595475716e-06
0.000435015403813507
0.00394191007287489
0.00978732709160053
0.0135762141330198
0.00480293290219693
0.000678345123832917
5.47644135586042e-06
0
0
5.57880474568959e-07
7.51824977165287e-05
0.00119449545648152
0.00360025178664208
0.00544778131276475
0.0018356519607895
0.000112758392066319
8.32555570610556e-07
0
0
3.070901694875e-08
4.48522253101466e-06
0.000123718099004028
0.000898661847762232
0.00178259872189754
0.000389978924401668
9.59486173998723e-06
5.45938079088889e-08
0
0
0
5.2205328812875e-07
6.21021625528583e-05
0.000191136333602014
0.000148113000856816
2.64506999318567e-05
4.64047367225556e-07
1.70605649715278e-09
0
0
0
2.43966079092847e-07
2.90285512990545e-05
6.17831299878907e-05
7.21661898295626e-07
3.58271864402084e-08
0
0
0
0
2.90029604515972e-08
3.89663303949695e-06
7.00080283606643e-05
0.000488580459654613
0.000837513370791282
0.000162573535726683
9.70916752529647e-06
7.16543728804167e-08
0
0
4.50398915248334e-07
5.30890660784002e-05
0.00082974910767274
0.00460865913069665
0.00489673871263638
0.00150658095939268
0.000157881880359513
1.24200912992722e-06
0
0
2.20251893782424e-06
0.000208509106912521
0.00287564864694536
0.0169951632957094
0.0175630276128997
0.00548892798336308
0.00080765055786512
6.53760849708945e-06
0
0
4.92538510728007e-06
0.000480551757779012
0.00487245641051241
0.0227349754172613
0.0281000198141402
0.0105746243954546
0.000915563749479525
7.63972099425015e-06
5.11816949145834e-09
0
9.30653819196841e-06
0.00112173726504744
0.00573789792616208
0.0219816832315085
0.0286463827012968
0.0138121225072766
0.00235117446464715
2.24158763160904e-05
2.90029604515972e-08
0
2.70409954798716e-06
0.000349956545034961
0.00403992472469281
0.0128927457215259
0.0199994178935232
0.00897035122892197
0.00215836107750843
1.83179286099294e-05
5.11816949145834e-09
0
3.56565807904931e-07
5.49793766772455e-05
0.00160552370594506
0.00753509366744926
0.00935182887379833
0.00392851241120274
0.000473440914298879
3.87786641802827e-06
1.70605649715278e-09
0
1.87666214686806e-08
5.36042951405403e-06
0.00039076882855985
0.002029192127996
0.00266571668891421
0.00121840242617612
8.1494906755994e-05
6.19298508466459e-07
0
0
0
1.39896632766528e-06
0.000167125294461086
0.000453776907112696
0.000214096441940697
9.79293489930667e-05
5.85689195472549e-06
4.26514124288195e-08
0
0
0
5.73234983043334e-07
6.87404283832798e-05
0.000187894826257424
2.52496361578611e-06
1.36484519772222e-07
8.5302824857639e-09
0
0
0
4.77695819202778e-08
5.72381954794757e-06
2.31000049714486e-05
0.000135727030687487
0.000102922976360233
2.69932258979513e-05
3.20056198865861e-06
2.55908474572917e-08
0
0
1.46720858755139e-07
1.95326408359022e-05
0.00028526117660643
0.00160725535328967
0.00132196517372279
0.000449624365598626
6.59407896714521e-05
5.32289627111667e-07
0
0
8.35967683604862e-08
1.84049374912842e-05
0.001056987302811
0.00493737697839856
0.00673661828142583
0.00259982878699417
0.000429777810367248
3.49400370616889e-06
0
0
4.00923276830903e-07
6.59407896714521e-05
0.00229325384656881
0.00817968275742951
0.0118035821931786
0.00554840111285383
0.00101102614077771
8.36479500554008e-06
1.70605649715278e-09
0
2.52325755928896e-06
0.000312341411385737
0.00208407255339641
0.00859285722596647
0.0133704927224236
0.00741226271782375
0.0019460252858728
1.70895679319794e-05
8.5302824857639e-09
0
5.49350192083195e-07
7.52473278634205e-05
0.00136113964301041
0.00777118288369475
0.0137496671910288
0.0071362978430703
0.00203367564447052
1.98021977624523e-05
2.55908474572917e-08
0
3.92392994345139e-08
8.80325152530834e-06
0.000551595362433448
0.00610938149207811
0.00931454983327904
0.00398375281452406
0.00115514867548768
1.17461989828969e-05
1.87666214686806e-08
0
1.70605649715278e-09
2.59491193216938e-06
0.000311164232402701
0.00242581443639758
0.00332126377977568
0.00118208218940823
0.000186543629511679
1.7162928361357e-06
1.70605649715278e-09
0
0
3.90686937847986e-07
4.96087108242085e-05
0.00045567404193753
0.000386930201441256
9.24972651061322e-05
9.08816296033286e-06
7.16543728804167e-08
0
0
0
4.09453559316667e-08
1.16660143275307e-05
0.000809440211130633
1.97731948020007e-05
2.28611570618472e-07
1.19423954800695e-08
0
0
0
8.99091773999515e-07
0.000105512770122911
5.17156905981922e-05
3.8369210620966e-05
2.00052184856135e-05
8.12424103944153e-06
2.13257062144097e-07
1.70605649715278e-09
0
0
2.54202418075764e-06
0.00029961252386048
0.000261830196674534
0.000413681167316612
0.000322045460741542
0.000127334938777992
4.08600531068091e-06
2.55908474572917e-08
0
0
2.8832354801882e-07
3.73711675701316e-05
0.000440706808288009
0.000758894875289488
0.00164819729710834
0.000672674192036381
4.94295748920075e-05
3.75332429373611e-07
0
0
3.41211299430556e-08
9.34577749140293e-06
0.000642946157573494
0.00109591268785004
0.00341587996705127
0.00188087610641602
0.000388196095362143
3.18861959317854e-06
0
0
1.12599728812083e-07
1.74341913444042e-05
0.000520164683586402
0.00127463234226578
0.00235442450227422
0.0026814857691174
0.00117585508319363
1.00674393896986e-05
1.70605649715278e-09
0
2.21787344629861e-08
6.11962465528702e-06
0.000429149981576296
0.00181444909064288
0.0041033866142739
0.00258994389564967
0.00093904932321933
9.60509807897015e-06
1.5354508474375e-08
0
1.70605649715278e-09
6.80716542363959e-07
7.44028298973298e-05
0.00121017240963386
0.00254625349481408
0.000626557778861844
0.000268048772606656
3.57760047452938e-06
1.19423954800695e-08
0
0
1.97902553669722e-07
2.64455817623652e-05
0.000406208639859082
0.00104526328256257
0.000191269406008792
2.55925535137888e-05
3.32681016944792e-07
1.70605649715278e-09
0
0
3.24150734459028e-08
4.5125194349691e-06
7.82533994114037e-05
0.000135512067568845
1.71543980788712e-05
6.61949920895278e-07
5.11816949145834e-09
0
0
0
1.70605649715278e-09
5.74941039540487e-07
4.6319433897698e-05
5.48667769484334e-06
6.48301468918056e-08
0
0
0
0
6.00531886997778e-07
7.05556724962503e-05
2.70034622369342e-05
1.92784384178264e-06
8.92267548010904e-07
3.77038485870764e-07
3.41211299430556e-09
0
0
0
1.70264438415847e-06
0.000199884991319414
9.62778863038228e-05
1.88314516155724e-05
1.61955943274713e-05
6.71333231629619e-06
5.80059209031945e-08
0
0
0
1.94490440675417e-07
2.42072356381008e-05
0.000179785939726457
3.03660995928223e-05
9.37802195919911e-05
4.06757990051166e-05
1.6292839547809e-06
1.02363389829167e-08
0
0
1.70605649715278e-08
4.29243814683639e-06
0.000280576345465249
4.1875156722615e-05
0.00018651292049473
0.000112127151162372
1.83093983274436e-05
1.48426915252292e-07
0
0
1.70605649715278e-09
3.807918101645e-06
0.000423192432288238
6.1730242236479e-05
0.000131226453647997
0.000172262230574013
5.9519193016169e-05
5.04992723157223e-07
0
0
0
1.50132971749445e-06
0.000176486426460964
0.00010958171486862
0.000421706457079218
0.000256623312245224
4.96837773100832e-05
4.9134427118e-07
0
0
0
1.29660293783611e-07
1.63491394122151e-05
0.000149445430981092
0.00039937929570098
0.000812782375808556
1.82343318415689e-05
1.62075367229514e-07
0
0
0
3.41211299430556e-09
6.94364994341181e-07
2.59730041126539e-05
7.59962866656706e-05
9.35413716823897e-05
1.58663254235208e-06
1.36484519772222e-08
0
0
0
1.70605649715278e-09
1.24542124292153e-07
2.96000802256007e-06
6.19469114116174e-06
7.83079932193126e-07
1.19423954800695e-08
0
0
0
0
0
8.5302824857639e-09
2.04726779658334e-07
2.37141853104236e-07
3.41211299430556e-09
0
0
0
0
0
