0.000123580217268574
0.000178792027963105
9.51671997222509e-05
1.88530737141815e-05
1.03523812639434e-06
1.60088370060981e-08
5.33627900203269e-09
2.66813950101634e-09
0
0
0
0
0
0
0
0
0
0.000143617944921207
0.000411733947099337
0.000672984826341352
0.00041239831383509
9.3713063694197e-05
5.66712830015871e-06
3.06836042616879e-07
1.57420230559964e-07
3.73539530142288e-08
2.66813950101634e-09
0
0
0
0
0
0
0
0
0.000326308124695297
0.00112356955271499
0.00175196176357585
0.000930420266096914
0.00018893896248547
1.68599735069223e-05
5.29892504901846e-06
2.96697112513017e-06
6.5636231725002e-07
3.73539530142288e-08
0
0
0
0
0
0
0
0
0.000347525170007379
0.00131053142383021
0.00183403106648762
0.000824367057210517
0.000178784023544602
4.97021026249324e-05
2.59343159498789e-05
1.11955133462646e-05
2.03312229977445e-06
1.0939371954167e-07
0
0
0
0
0
0
0
0
0.00012456742888395
0.000623474829760493
0.00107834458817276
0.000535687703898053
0.000184208351150168
9.60877078501016e-05
5.02277261066327e-05
1.53311295728399e-05
1.6809278856403e-06
6.67034875254086e-08
0
0
0
0
0
0
0
0
2.77886729030852e-05
0.000174816500106591
0.000362920334928243
0.000226386300382235
9.14504813973352e-05
6.18901638655751e-05
4.02328755358255e-05
1.12542124152869e-05
8.21786966313034e-07
1.86769765071144e-08
0
0
0
0
0
0
0
0
3.68043162770194e-05
0.000124786216323033
0.000149111644153799
8.95187483985993e-05
2.76766110440425e-05
1.43786037709771e-05
1.06725580040654e-05
2.98031182263526e-06
1.8943790457216e-07
2.66813950101634e-09
0
0
0
0
0
0
0
0
1.72681988505778e-05
6.19888850271127e-05
7.99828178219669e-05
4.61027824380614e-05
1.09473763726701e-05
1.29137951849191e-06
5.52304876710383e-07
1.49415812056915e-07
8.00441850304903e-09
0
0
0
0
0
0
0
0
0
2.36397159790048e-06
1.09820621861833e-05
1.89944851077353e-05
1.1747818222975e-05
2.70549345403057e-06
1.97442323075209e-07
1.86769765071144e-08
2.66813950101634e-09
0
0
0
0
0
0
0
0
0
0
9.87211615376047e-08
5.49636737209367e-07
1.09126905591568e-06
7.01720688767298e-07
1.65424649063013e-07
1.86769765071144e-08
2.66813950101634e-09
0
0
0
0
0
0
0
0
0
0
0
0
8.00441850304903e-09
1.60088370060981e-08
1.06725580040654e-08
2.66813950101634e-09
0
0
0
0
0
0
0
0
0
0
0
0
0
0
0
0
0
0
0
0
0
0
0
0
0
0
0
0
0
0
0
0
0
0
0
0
0
0
0
0
0
0
0
0
0
0
0
0
0
0
0
0
0
0
0
0
0
0
0
0
0
0
0
0
0
0
0
0
0
0
0
0
0
0
0
0
0
0
0
0
0
0
0
0
0
0
0
0
0
0
0
0
0
0
0
0
0
0
0
0
0
0
0
0
0
0
0
0
0
0
0
0
0
0
0
0
0
0
0
0
0
0
0
0
0
0
0
0
0
0
0
0
0
0
0
0
0
0
0
0.000192554291509348
0.000456246518394793
0.000656898613289725
0.000405247699972366
9.52979385578007e-05
5.72049109017904e-06
2.64145810600618e-07
2.58809531598585e-07
9.60530220365884e-08
5.33627900203269e-09
0
0
0
0
0
0
0
0
0.000541082681969108
0.000876846693056007
0.00133458470143187
0.00106227972023714
0.000304624154970537
2.24257125060424e-05
3.76474483593406e-06
2.50271485195333e-06
6.857118517612e-07
4.26902320162615e-08
0
0
0
0
0
0
0
0
0.000800927451694088
0.00156526403827124
0.00235867000471196
0.0014800996935383
0.000429319654550536
8.9454713050575e-05
5.86537106508423e-05
3.44776986321332e-05
7.8203168774789e-06
4.48247436170746e-07
5.33627900203269e-09
0
0
0
0
0
0
0
0.000550509218826199
0.00185338041414899
0.00295741384943753
0.00168860945926372
0.000786474140017083
0.000388918686226146
0.000242888743196021
0.000115319657373427
2.29433315692395e-05
1.27803882098683e-06
1.33406975050817e-08
0
0
0
0
0
0
0
0.000185988000197346
0.00107081509850089
0.00221111655402675
0.00162336010776637
0.00116107025340177
0.000734426742770757
0.000386114471610578
0.0001252237912012
1.67319028108735e-05
8.48468361323197e-07
1.33406975050817e-08
0
0
0
0
0
0
0
0.000119052384535349
0.000636319253318386
0.00131192952892874
0.0010758205282048
0.000623424135109974
0.000454152028886495
0.000283001552454301
7.96412959658368e-05
7.07323781719433e-06
3.62866972138223e-07
1.33406975050817e-08
0
0
0
0
0
0
0
0.000229022422209239
0.000787586754189006
0.000980463890577977
0.000620635929331412
0.0002016179613943
0.000103956051238599
7.32777832559129e-05
2.02858646262273e-05
1.55285718959151e-06
8.80486035335393e-08
5.33627900203269e-09
0
0
0
0
0
0
0
0.000108363817694278
0.000409153856201854
0.000569108819287784
0.00033949407010932
8.36968680073817e-05
1.26896714668337e-05
4.89069970536296e-06
1.07526021890959e-06
7.47079060284576e-08
5.33627900203269e-09
0
0
0
0
0
0
0
0
1.50429705067301e-05
7.50761092795979e-05
0.000137892117552026
8.74162544717985e-05
2.18200448393117e-05
3.80476692844931e-06
9.65866499367916e-07
6.67034875254086e-08
0
0
0
0
0
0
0
0
0
0
6.32349061740873e-07
3.82878018395845e-06
7.99641408454598e-06
5.29625690951744e-06
1.62489695611895e-06
6.88379991262217e-07
2.21455578584357e-07
1.33406975050817e-08
0
0
0
0
0
0
0
0
0
0
5.33627900203269e-09
5.06946505193105e-08
1.28070696048784e-07
9.87211615376047e-08
5.86990690223596e-08
3.73539530142288e-08
1.06725580040654e-08
0
0
0
0
0
0
0
0
0
0
0
0
0
0
0
2.66813950101634e-09
0
0
0
0
0
0
0
0
0
0
0
0
0
0
0
0
0
0
0
0
0
0
0
0
0
0
0
0
0
0
0
0
0
0
0
0
0
0
0
0
0
0
0
0
0
0
0
0
0
0
0
0
0
0
0
0
0
0
0
0
0
0
0
0
0
0
0
0
0
0
0
0
0
0
0
0
0
0
0
0
0
0
0
0
0
0
0
0
0
0
0
0
0
0
0
0
0
0
0
0
0
0
0
0
0
0
0
0
0
0
0
0
0
0
0
0
0
0
0
0
0
0.000335459843183783
0.000700263884599744
0.00101156105646232
0.000685402347579082
0.000176350680319675
1.42905551674435e-05
4.50115133821457e-06
5.94728294776543e-06
2.25190973885779e-06
1.46747672555899e-07
2.66813950101634e-09
0
0
0
0
0
0
0
0.00095516459182934
0.00114989341703202
0.00169809202705033
0.00162433131054474
0.000533267701370632
6.8723269127678e-05
3.19082802926545e-05
2.71323105858352e-05
8.95160802590983e-06
5.65645574215465e-07
5.33627900203269e-09
0
0
0
0
0
0
0
0.00121940111917299
0.00143096590462708
0.00215151298571355
0.00187876776150116
0.000908549526607083
0.000371332978774948
0.000292115916989772
0.000174360248251917
4.15429320308245e-05
2.43601136442792e-06
2.66813950101634e-08
0
0
0
0
0
0
0
0.000588586237645203
0.00150380344486533
0.00300347394164358
0.00300549105510635
0.00254772903347498
0.00148756247972264
0.0009973265322244
0.000504998763357363
0.000108523906064339
6.46757015046362e-06
8.80486035335393e-08
0
0
0
0
0
0
0
0.000242064288090207
0.00107559106820771
0.00283986629558076
0.0038010795596589
0.00388611049741679
0.00251532714737463
0.0012653678264965
0.000440074924879133
7.75654834340461e-05
5.94728294776543e-06
1.84101625570128e-07
2.66813950101634e-09
0
0
0
0
0
0
0.000310648813963832
0.00129358340171975
0.00280240828512599
0.00292310957987297
0.00206179145871287
0.00148700750670643
0.000819318937274594
0.000238614383715393
3.83384964901038e-05
5.16018179496561e-06
2.66813950101634e-07
2.66813950101634e-09
0
0
0
0
0
0
0.000491345893530663
0.00178759743475143
0.0025790423186589
0.00179084189238466
0.000658937071868501
0.000357781498249286
0.000211201918481951
5.89231927404449e-05
9.66933755168323e-06
1.60888811911286e-06
9.07167430345557e-08
0
0
0
0
0
0
0
0.00022390493064629
0.000958321000859042
0.00156010385647627
0.00100212918332623
0.000306932095638916
0.000108254423974736
3.67749667425083e-05
4.54117343072982e-06
4.93605807688024e-07
8.27123245315067e-08
5.33627900203269e-09
0
0
0
0
0
0
0
3.19456342456687e-05
0.000188829568765929
0.00039021540202364
0.000264799504778367
0.000100196642681667
5.91793341325425e-05
1.95147723104335e-05
1.2566937049787e-06
1.60088370060981e-08
0
0
0
0
0
0
0
0
0
1.38476440102748e-06
1.00428770818255e-05
2.31701234268259e-05
1.85195562765544e-05
1.49389130661905e-05
1.40290774963439e-05
4.6372264527664e-06
2.93495345111798e-07
2.66813950101634e-09
0
0
0
0
0
0
0
0
0
1.33406975050817e-08
1.46747672555899e-07
4.45579296669729e-07
9.68534638868933e-07
1.83834811620026e-06
1.15530440394008e-06
2.56141392097569e-07
1.33406975050817e-08
0
0
0
0
0
0
0
0
0
0
0
0
8.00441850304903e-09
5.86990690223596e-08
1.30738835549801e-07
5.33627900203269e-08
5.33627900203269e-09
0
0
0
0
0
0
0
0
0
0
0
0
0
0
2.66813950101634e-09
2.66813950101634e-09
2.66813950101634e-09
0
0
0
0
0
0
0
0
0
0
0
0
0
0
0
0
0
0
0
0
0
0
0
0
0
0
0
0
0
0
0
0
0
0
0
0
0
0
0
0
0
0
0
0
0
0
0
0
0
0
0
0
0
0
0
0
0
0
0
0
0
0
0
0
0
0
0
0
0
0
0
0
0
0
0
0
0
0
0
0
0
0
0
0
0
0
0
0
0
0
0
0
0
0
0
0
0
0
0
0
0
0
0.000212946881715615
0.000382192306544084
0.000552601040194996
0.000408881705972751
0.000121557767526804
3.59825293107064e-05
3.75300502212959e-05
5.46168155858045e-05
2.08381695029376e-05
1.35274672701529e-06
1.33406975050817e-08
0
0
0
0
0
0
0
0.000656292945622994
0.000703462983861462
0.00107804308840915
0.0010900096940712
0.000449408076853688
0.000229588067783454
0.000178269072620906
0.00018935786038713
6.90861360998162e-05
4.45846110619831e-06
4.80265110182942e-08
0
0
0
0
0
0
0
0.000843620351849851
0.00101206800296752
0.00191875783634239
0.00203151607979484
0.00154660573874063
0.00103990470238162
0.000696069569304146
0.000415303917751697
0.000113035729960557
6.98518921366079e-06
8.00441850304903e-08
0
0
0
0
0
0
0
0.000513739588362693
0.00127068809666153
0.00348006502373362
0.00501989635628117
0.00519804269448503
0.00322637831997699
0.00185679029643129
0.000885181960857182
0.00020353368555603
1.44986700485228e-05
3.30849298126027e-07
2.66813950101634e-09
0
0
0
0
0
0
0.000701507237607217
0.00143211854089152
0.00406325895144727
0.00715415715198115
0.0077567884759597
0.00505549200536423
0.00223133304702596
0.000772519770426767
0.000193883024980854
2.64359261760699e-05
1.27003440248378e-06
1.33406975050817e-08
0
0
0
0
0
0
0.000838222705639295
0.00201603820254945
0.00417338907749122
0.00519872573819729
0.00440641637709149
0.00324981258921441
0.0015129231456798
0.000518016615982822
0.000179955336785548
3.74206565017542e-05
2.12650718231003e-06
2.13451160081307e-08
0
0
0
0
0
0
0.000587230822778687
0.00197330794844067
0.00329710803000943
0.00271076836582408
0.00157045890587972
0.00104277295234521
0.000459224162077927
0.00014824716695547
5.67273139311085e-05
1.26656582113246e-05
7.33738362779495e-07
8.00441850304903e-09
0
0
0
0
0
0
0.00019713015075359
0.000973310608575752
0.00187605159548912
0.00142397804727392
0.000911196320992091
0.000658971757682015
0.000207832058292167
1.89571311547211e-05
3.02300205465152e-06
6.53694177749004e-07
3.73539530142288e-08
0
0
0
0
0
0
0
2.68494877987275e-05
0.000201111014889107
0.000474549955371765
0.000407424901805196
0.000402387454427277
0.000399241717955579
0.000131886135535238
8.37795803319132e-06
1.0939371954167e-07
5.33627900203269e-09
0
0
0
0
0
0
0
0
1.19799463595634e-06
1.12382035782808e-05
3.20123377331941e-05
6.33683131491382e-05
0.00013052538438972
0.000111610943467015
3.19082802926545e-05
1.95040997524295e-06
2.13451160081307e-08
0
0
0
0
0
0
0
0
0
1.60088370060981e-08
2.26791857586389e-07
1.9424055567399e-06
1.41091216813744e-05
3.18682582001392e-05
1.5509894919408e-05
2.19321066983543e-06
1.01389301038621e-07
0
0
0
0
0
0
0
0
0
0
0
5.33627900203269e-09
1.33406975050817e-07
1.20333091495837e-06
2.66813950101634e-06
1.07526021890959e-06
7.7376045529474e-08
2.66813950101634e-09
0
0
0
0
0
0
0
0
0
0
0
0
2.66813950101634e-09
3.46858135132125e-08
7.7376045529474e-08
3.20176740121961e-08
2.66813950101634e-09
0
0
0
0
0
0
0
0
0
0
0
0
0
0
0
0
0
0
0
0
0
0
0
0
0
0
0
0
0
0
0
0
0
0
0
0
0
0
0
0
0
0
0
0
0
0
0
0
0
0
0
0
0
0
0
0
0
0
0
0
0
0
0
0
0
0
0
0
0
0
0
0
0
0
0
0
0
0
0
0
0
0
0
0
0
0
0
0
0
0
0
0
0
0
0
0
0
0
0
0
0
5.39044223390332e-05
7.54683257862473e-05
0.000111864416719611
9.76672464347032e-05
5.98410327287946e-05
9.18346934854815e-05
0.000136384618733951
0.000213576562637855
8.18425110541753e-05
5.31493388602456e-06
5.60309295213432e-08
0
0
0
0
0
0
0
0.000190625226650113
0.000225799309692011
0.00042169144371713
0.000433802128912243
0.000398427935407769
0.000600814320978361
0.0005620622628656
0.00069374295165926
0.000261061441337443
1.69293451339487e-05
1.78765346568095e-07
0
0
0
0
0
0
0
0.000283140295708353
0.000622476945587113
0.00158728152543362
0.00190351208723358
0.00225721933646482
0.00215041104409963
0.00117064086979192
0.000739939118979856
0.000241434607167967
1.57286823584913e-05
1.92106044073177e-07
0
0
0
0
0
0
0
0.000504502489410174
0.00139586652949121
0.0040378609315371
0.00624405476818448
0.00737853434331912
0.00508585009660679
0.00216087281908312
0.000786711604432673
0.000203509672300521
2.13451160081307e-05
8.29791384816083e-07
8.00441850304903e-09
0
0
0
0
0
0
0.00139170156373012
0.00246314100687426
0.00597301448511323
0.0100510415886986
0.0109969504045989
0.00736868090414187
0.00292055083409149
0.00100221723192976
0.000363187148878345
7.30509913983265e-05
4.08758971555704e-06
4.26902320162615e-08
0
0
0
0
0
0
0.00156696897941239
0.00298457284141838
0.00534548675145069
0.00749296017395971
0.00768519162058943
0.00561003545111597
0.00255912732542332
0.00116723098750962
0.000542048548468476
0.000122673049838228
7.08657851469941e-06
7.47079060284576e-08
0
0
0
0
0
0
0.000704807726169974
0.00174898678803222
0.0027423217835631
0.00332057431692087
0.00382581321283332
0.00257189437293568
0.000966632255404708
0.000391776263631735
0.000184776664863885
4.23380376021273e-05
2.45202020143402e-06
2.66813950101634e-08
0
0
0
0
0
0
0.000139132802419998
0.000561646033103441
0.00107794436724761
0.00149012922992262
0.00246835721959874
0.00193132477339218
0.000544847426805042
5.03638012211845e-05
9.88278871176454e-06
2.19321066983543e-06
1.28070696048784e-07
0
0
0
0
0
0
0
1.25002335622616e-05
9.53619739058251e-05
0.000256045339075532
0.000519217278758279
0.00115308451187523
0.00109081013592151
0.000329987489067198
2.0568687413335e-05
2.85490926608749e-07
1.60088370060981e-08
0
0
0
0
0
0
0
0
4.74928831180909e-07
5.92326969225628e-06
3.89121464828224e-05
0.000258934934155133
0.000620614584215404
0.000389412292033834
8.34433947547851e-05
4.67991668478267e-06
4.80265110182942e-08
0
0
0
0
0
0
0
0
0
8.00441850304903e-09
4.40243017667697e-07
1.00001868498093e-05
9.00310311827945e-05
0.000201746032090349
8.65384365759641e-05
8.40197128870047e-06
2.69482089602651e-07
2.66813950101634e-09
0
0
0
0
0
0
0
0
0
0
3.20176740121961e-08
8.77817895834377e-07
8.00708664255005e-06
1.77137781472475e-05
7.04388828268315e-06
4.80265110182942e-07
5.33627900203269e-09
0
0
0
0
0
0
0
0
0
0
0
0
2.66813950101634e-08
2.34796276089438e-07
5.20287202698187e-07
2.05446741578258e-07
1.33406975050817e-08
0
0
0
0
0
0
0
0
0
0
0
0
0
0
2.66813950101634e-09
2.66813950101634e-09
0
0
0
0
0
0
0
0
0
0
0
0
0
0
0
0
0
0
0
0
0
0
0
0
0
0
0
0
0
0
0
0
0
0
0
0
0
0
0
0
0
0
0
0
0
0
0
0
0
0
0
0
0
0
0
0
0
0
0
0
0
0
0
0
0
0
0
0
0
0
0
0
0
0
0
0
0
0
0
0
0
0
0
0
0
6.8411096806059e-06
2.19000890243421e-05
5.23142111964274e-05
3.95338229865592e-05
5.19273309687801e-05
0.000120701294746977
0.000200345258852315
0.0003252675502899
0.000124890273763573
8.11114408308968e-06
8.5380464032523e-08
0
0
0
0
0
0
0
2.824759289726e-05
0.000110914559057249
0.000334253844129323
0.000404815461373202
0.000519889649912536
0.000832958466403789
0.000809604241351393
0.00104656437857616
0.000396205375203422
2.57101922317935e-05
2.72150229103667e-07
0
0
0
0
0
0
0
6.55962096324868e-05
0.000367402809289951
0.00122909446998018
0.00196491664970997
0.00269658186809718
0.00282808112340477
0.00147035564808059
0.000951085006532286
0.000326334806090307
2.14891955411856e-05
2.64145810600618e-07
0
0
0
0
0
0
0
0.000397080524959755
0.0013365030937331
0.00366357699047402
0.00592824310428618
0.00755827622894459
0.00581025263927223
0.00233777313614
0.000704418177802826
0.00018738877343538
2.39412157426197e-05
1.08326463741264e-06
1.06725580040654e-08
0
0
0
0
0
0
0.00129230002661976
0.00319966490729281
0.00712153114216272
0.0106565971935703
0.0115928526807559
0.00797902848755736
0.00352393457340933
0.00131807959047858
0.000474304486537671
9.88012057226352e-05
5.61109737063737e-06
5.86990690223596e-08
0
0
0
0
0
0
0.0014105359604678
0.00333411512488853
0.00624237117215933
0.00931338106085264
0.010367098721431
0.00714384212467022
0.00380244031080442
0.00193001204875768
0.000798152586613031
0.000171422626661298
9.78673568972795e-06
1.01389301038621e-07
0
0
0
0
0
0
0.000602065678404338
0.00152792075781501
0.00259892529422048
0.00470344700704213
0.00671776959589242
0.0040344510492548
0.00156142992180828
0.000683409247371823
0.000276819473230446
5.93794445951187e-05
3.39120530579177e-06
3.46858135132125e-08
0
0
0
0
0
0
0.000110079431393431
0.000353827315508779
0.000715168111852421
0.00205788263434389
0.00413013053176124
0.00277013180158219
0.000702139586668958
7.64582055411243e-05
1.50883288782474e-05
3.08170112367388e-06
1.76097207067079e-07
2.66813950101634e-09
0
0
0
0
0
0
8.97562128141898e-06
4.52916680297524e-05
0.000160886143771784
0.00077961702149947
0.00189457648804468
0.0014803691756279
0.000394009496394086
2.41413262051959e-05
3.73539530142288e-07
2.40132555091471e-08
0
0
0
0
0
0
0
0
3.06836042616879e-07
4.07424901805196e-06
6.57216121890346e-05
0.000574180952479216
0.00133383228609258
0.000693380084687121
0.000112189929738735
5.57107527812213e-06
5.60309295213432e-08
0
0
0
0
0
0
0
0
0
1.06725580040654e-08
8.77817895834377e-07
2.33061985413778e-05
0.000212666727068009
0.000473253239574271
0.000194816873806209
1.58914388680533e-05
3.76207669643304e-07
2.66813950101634e-09
0
0
0
0
0
0
0
0
0
0
7.7376045529474e-08
2.08381695029376e-06
1.90184983632445e-05
4.20472103965166e-05
1.6659863044346e-05
1.1099460324228e-06
1.33406975050817e-08
0
0
0
0
0
0
0
0
0
0
0
2.66813950101634e-09
6.13672085233759e-08
5.57641155712416e-07
1.23268044946955e-06
4.88269528685991e-07
3.20176740121961e-08
0
0
0
0
0
0
0
0
0
0
0
0
0
0
2.66813950101634e-09
8.00441850304903e-09
2.66813950101634e-09
0
0
0
0
0
0
0
0
0
0
0
0
0
0
0
0
0
0
0
0
0
0
0
0
0
0
0
0
0
0
0
0
0
0
0
0
0
0
0
0
0
0
0
0
0
0
0
0
0
0
0
0
0
0
0
0
0
0
0
0
0
0
0
0
0
0
0
0
0
0
0
0
0
0
0
0
0
0
0
0
0
0
0
0
6.32082247790772e-06
9.3710395554696e-05
0.000241661399025553
0.000124658145626985
4.90057182151672e-05
7.4614521145922e-05
0.000107384610497405
0.000168186173446565
6.4491599879066e-05
4.18897901659566e-06
4.53583715172778e-08
0
0
0
0
0
0
0
2.24177080875393e-05
0.00033807728803428
0.00100459187608567
0.00089163352217064
0.000632386415693888
0.000722161305484585
0.000520855516411903
0.000548502777921435
0.000204854414609033
1.32846665755604e-05
1.41411393553866e-07
0
0
0
0
0
0
0
3.70284399951048e-05
0.000446819981537702
0.00162698344120875
0.0024149490712069
0.00240831074012837
0.00238572760739177
0.00116707890355806
0.000556251055032386
0.000173813279654209
1.12782256707961e-05
1.3874325405285e-07
0
0
0
0
0
0
0
0.000244046715739462
0.00108647974551136
0.00277432344873829
0.00415901047372024
0.00476700208995634
0.00400661434984069
0.00205233557232127
0.000654881499826956
0.000131427215541063
1.3548812386161e-05
5.52304876710383e-07
5.33627900203269e-09
0
0
0
0
0
0
0.000786049905836421
0.00286173970321009
0.00600376746100195
0.00784204353743568
0.00802182277701416
0.00599648877644317
0.00372078723765482
0.00148041720213892
0.000353448439699635
5.44700679132487e-05
2.83356415007936e-06
2.93495345111798e-08
0
0
0
0
0
0
0.000810335311574672
0.00280782460831305
0.00599214771347502
0.0090686059430294
0.00963747196162259
0.00666545271655649
0.00452045265936492
0.00208135425753433
0.000562683939369337
9.2885940448882e-05
4.92538551887617e-06
5.06946505193105e-08
0
0
0
0
0
0
0.000429103535250953
0.00165356878319687
0.0037110378559181
0.00641102427001858
0.00762278917393966
0.00426895916627813
0.00204469668892986
0.000814913838958416
0.000199008520962306
3.21270677317378e-05
1.70494114114944e-06
1.86769765071144e-08
0
0
0
0
0
0
0.000145760460940523
0.000646837059231392
0.00151166912011432
0.00301791658076258
0.0044516119920992
0.00260105713768179
0.000705605499880778
0.000111007943939785
1.32579851805502e-05
1.69160044364436e-06
8.80486035335393e-08
0
0
0
0
0
0
0
2.63745589675466e-05
0.000125525290964815
0.00034587359165625
0.00109543935795577
0.00223595426464172
0.00161389354881676
0.000415063785196605
2.6929531983758e-05
4.88269528685991e-07
1.33406975050817e-08
0
0
0
0
0
0
0
0
1.22200789146549e-06
8.25522361614457e-06
8.11567992024141e-05
0.000634187409857074
0.00145420539968093
0.000783256363778857
0.000135872335949756
7.00119805066689e-06
7.20397665274413e-08
0
0
0
0
0
0
0
0
0
1.60088370060981e-08
9.01831151343524e-07
2.32288224958483e-05
0.000210513538490689
0.000468632021958511
0.00019552659891348
1.6982707923969e-05
4.56251854673795e-07
2.66813950101634e-09
0
0
0
0
0
0
0
0
0
0
7.47079060284576e-08
2.03045416027344e-06
1.85248925555565e-05
4.09559413406009e-05
1.62463014216885e-05
1.09126905591568e-06
1.33406975050817e-08
0
0
0
0
0
0
0
0
0
0
0
2.66813950101634e-09
5.86990690223596e-08
5.44300458207334e-07
1.20066277545735e-06
4.74928831180909e-07
3.20176740121961e-08
0
0
0
0
0
0
0
0
0
0
0
0
0
0
2.66813950101634e-09
8.00441850304903e-09
2.66813950101634e-09
0
0
0
0
0
0
0
0
0
0
0
0
0
0
0
0
0
0
0
0
0
0
0
0
0
0
0
0
0
0
0
0
0
0
0
0
0
0
0
0
0
0
0
0
0
0
0
0
0
0
0
0
0
0
0
0
0
0
0
0
0
0
0
0
0
0
0
0
0
0
0
0
0
0
0
0
0
0
0
0
0
0
0
0
1.23188000761925e-05
0.000189141741087548
0.000482295564343215
0.000228771617096143
4.59106763939882e-05
3.77915278923955e-05
2.68921780307437e-05
2.78820577856208e-05
1.0453770564982e-05
6.77707433258151e-07
8.00441850304903e-09
0
0
0
0
0
0
0
4.13294808707432e-05
0.000645342901110823
0.00181834240622164
0.00131931227092805
0.000623272051158416
0.000619443270974457
0.000281699500377805
0.000107160486779319
3.41361767760031e-05
2.1878743908334e-06
2.40132555091471e-08
0
0
0
0
0
0
0
4.37841692116782e-05
0.000656575768410102
0.00224609052660608
0.00266106359505965
0.00187749772709867
0.00200657697987884
0.00102916544089003
0.000263081222939713
4.67804898713196e-05
2.6281174085011e-06
2.93495345111798e-08
0
0
0
0
0
0
0
0.000114868741797756
0.000676373363507643
0.0018610406426564
0.00252434279074857
0.0022716139490728
0.00254087725123637
0.00210873737323326
0.000779520968477434
0.000113073083913572
6.38485782593211e-06
1.30738835549801e-07
0
0
0
0
0
0
0
0.000422774708354543
0.00168696054905209
0.00335525212601558
0.00431473109941806
0.00401742565109881
0.00375092120517929
0.00362905393347037
0.00155692610233056
0.000253446571201542
1.81380123279091e-05
5.4696859770835e-07
5.33627900203269e-09
0
0
0
0
0
0
0.000643352469043065
0.00232015541101479
0.00443399426697399
0.0066195367038835
0.00638756065124664
0.00465053246445797
0.00403750606898346
0.00175044359219978
0.000296243528797845
2.45735648043605e-05
8.8315417483641e-07
8.00441850304903e-09
0
0
0
0
0
0
0.000474219106073639
0.0021012318968169
0.00456772942318343
0.0065835675152703
0.00648777063462581
0.00373185201216553
0.00232994481484402
0.000856670222149322
0.000112336677411291
8.23654663963745e-06
3.01499763614847e-07
2.66813950101634e-09
0
0
0
0
0
0
0.000217520072820357
0.00106517198345624
0.00235470781755295
0.00347122280942725
0.00414486132994635
0.00242523474898332
0.000856045877506084
0.000181911083039793
1.33460337840837e-05
5.01610226191073e-07
1.60088370060981e-08
0
0
0
0
0
0
0
4.70553082399242e-05
0.000227394857113619
0.000547881101417698
0.00130906928338365
0.00245611579556808
0.00179337662491063
0.00047810658532662
3.44296721211149e-05
7.65756036791691e-07
8.00441850304903e-09
0
0
0
0
0
0
0
0
2.25190973885779e-06
1.25962865842982e-05
7.20637797829504e-05
0.000448116697335196
0.00103439232617252
0.00067397737423573
0.000152294734578512
8.74349314483056e-06
9.3384882535572e-08
0
0
0
0
0
0
0
0
0
1.86769765071144e-08
4.77596970681925e-07
1.07232526545847e-05
9.42947181054186e-05
0.000211930320565728
9.7299043183563e-05
1.18705526400217e-05
4.88269528685991e-07
5.33627900203269e-09
0
0
0
0
0
0
0
0
0
0
3.20176740121961e-08
8.29791384816083e-07
7.55350292737727e-06
1.67158939738674e-05
6.69969828705204e-06
4.77596970681925e-07
8.00441850304903e-09
0
0
0
0
0
0
0
0
0
0
0
0
2.40132555091471e-08
2.1878743908334e-07
4.85601389184975e-07
1.92106044073177e-07
1.33406975050817e-08
0
0
0
0
0
0
0
0
0
0
0
0
0
0
2.66813950101634e-09
2.66813950101634e-09
0
0
0
0
0
0
0
0
0
0
0
0
0
0
0
0
0
0
0
0
0
0
0
0
0
0
0
0
0
0
0
0
0
0
0
0
0
0
0
0
0
0
0
0
0
0
0
0
0
0
0
0
0
0
0
0
0
0
0
0
0
0
0
0
0
0
0
0
0
0
0
0
0
0
0
0
0
0
0
0
0
0
0
0
0
9.19440872050232e-06
0.000141245968904803
0.000361343464483142
0.000173199607568975
2.91414196301005e-05
1.58113946830229e-05
6.54227805649207e-06
1.76097207067079e-06
5.2562348170022e-07
3.46858135132125e-08
0
0
0
0
0
0
0
0
3.09690951882967e-05
0.000485283880584354
0.0013890094109736
0.00103401345036337
0.00038908677901471
0.000307775227721237
0.000130725494852296
1.94000423118898e-05
2.67614391951939e-06
1.46747672555899e-07
2.66813950101634e-09
0
0
0
0
0
0
0
3.11371879768607e-05
0.000494080736519204
0.00175344258099892
0.0020841691447079
0.00113275062073799
0.00112769449638356
0.000717361322522256
0.000190606549673606
2.19908057673767e-05
9.41853243858769e-07
8.00441850304903e-09
0
0
0
0
0
0
0
5.09294467954e-05
0.000354545045034553
0.00115125683631703
0.00165036167951665
0.00120572156795128
0.00168288363189454
0.00178972127379424
0.000701291118307635
9.38277936927407e-05
4.2770276201292e-06
4.53583715172778e-08
0
0
0
0
0
0
0
0.000311684052090226
0.000990637506495352
0.00157371403607096
0.00216097154024465
0.00185199564974796
0.0021726553231196
0.00250902233373373
0.00109501779191461
0.000164618870933706
8.19118826812017e-06
9.87211615376047e-08
0
0
0
0
0
0
0
0.00070842038705435
0.00201413048280622
0.00236679182135305
0.00298642986651109
0.00278334709653073
0.00245793279856827
0.00249757601527437
0.00103160945667296
0.000138084223596099
6.63833107852866e-06
9.60530220365884e-08
0
0
0
0
0
0
0
0.000414466121948378
0.00160318363685968
0.00284265716949882
0.00342714247673096
0.00318289831866842
0.00240647772829117
0.00209689617012775
0.000747799457949851
6.60898154401748e-05
2.07047625278868e-06
2.93495345111798e-08
0
0
0
0
0
0
0
0.000140154699848888
0.000726771850542341
0.00158270833432888
0.00202418403244605
0.00227965838966836
0.00149016658387563
0.000782319846814
0.000216861042363606
1.41758251688998e-05
2.16119299582324e-07
2.66813950101634e-09
0
0
0
0
0
0
0
2.94295786962103e-05
0.000157148080330861
0.000394129562671631
0.00090268762412335
0.00163305612671306
0.00106905679456972
0.000271082973303261
2.42213703902264e-05
8.08446268807952e-07
8.00441850304903e-09
0
0
0
0
0
0
0
0
1.41144579603765e-06
8.59407733277364e-06
4.48167391985715e-05
0.00024068219182868
0.000533176984627597
0.000346473923043978
7.87074471404811e-05
4.56518668623896e-06
5.06946505193105e-08
0
0
0
0
0
0
0
0
0
1.06725580040654e-08
1.65424649063013e-07
2.83623228958037e-06
2.24550620405535e-05
5.05372302887506e-05
2.69455408207641e-05
4.62121761576031e-06
2.37464415590455e-07
2.66813950101634e-09
0
0
0
0
0
0
0
0
0
0
5.33627900203269e-09
1.30738835549801e-07
1.17398138044719e-06
2.60143601349094e-06
1.0779283584106e-06
9.07167430345557e-08
2.66813950101634e-09
0
0
0
0
0
0
0
0
0
0
0
0
2.66813950101634e-09
3.20176740121961e-08
7.20397665274413e-08
2.93495345111798e-08
2.66813950101634e-09
0
0
0
0
0
0
0
0
0
0
0
0
0
0
0
0
0
0
0
0
0
0
0
0
0
0
0
0
0
0
0
0
0
0
0
0
0
0
0
0
0
0
0
0
0
0
0
0
0
0
0
0
0
0
0
0
0
0
0
0
0
0
0
0
0
0
0
0
0
0
0
0
0
0
0
0
0
0
0
0
0
0
0
0
0
0
0
0
0
0
0
0
0
0
0
0
0
0
0
0
0
3.12972763469217e-06
4.48167391985715e-05
0.00011427641482853
5.69167518356806e-05
9.16505918599114e-06
2.75085182554785e-06
9.97884173380112e-07
1.06725580040654e-07
1.06725580040654e-08
0
0
0
0
0
0
0
0
0
1.05765049820288e-05
0.000157334850095932
0.000463832038996182
0.00038029259121936
0.000124239247725325
5.80800606581238e-05
2.71750008178515e-05
4.92271737937515e-06
4.58919994174811e-07
1.86769765071144e-08
0
0
0
0
0
0
0
0
1.08059649791162e-05
0.000169293451339487
0.000641322014882791
0.000826218746024222
0.000376842686844546
0.000290685794217228
0.000240652842294169
7.84966641199008e-05
8.81019663235597e-06
3.52194414134157e-07
2.66813950101634e-09
0
0
0
0
0
0
0
1.9429391846401e-05
0.000127723837913652
0.000440272367202208
0.000674313559812859
0.000448162055706713
0.000632349061740873
0.000726542390545253
0.000288767401915997
3.74179883622532e-05
1.64357393262607e-06
1.60088370060981e-08
0
0
0
0
0
0
0
0.000150240267162729
0.000424322229265132
0.000549281874655732
0.000745739654255066
0.000618842939586729
0.000825327587430882
0.000966811020751276
0.000408228011795002
5.79439855435719e-05
2.70282531452956e-06
2.66813950101634e-08
0
0
0
0
0
0
0
0.000357479998485671
0.000920911016915292
0.000739592260844724
0.000693774969333272
0.00071847393669418
0.00101996035961152
0.0012238755891162
0.000466009240829011
4.62201805761061e-05
1.57153416609863e-06
1.33406975050817e-08
0
0
0
0
0
0
0
0.000167417749270273
0.000569055456497764
0.000802883197948333
0.000778787230114655
0.000793875558992902
0.00118287962568308
0.00149153533943965
0.000535559633202005
3.72472274341882e-05
5.89658829724612e-07
2.66813950101634e-09
0
0
0
0
0
0
0
3.63747458173558e-05
0.000207247735741444
0.000460355453226358
0.000526191795413936
0.000595171205933712
0.00055305729204967
0.000520719441297352
0.000176550790782251
1.13582698558266e-05
1.28070696048784e-07
0
0
0
0
0
0
0
0
6.95050340014758e-06
4.49714912896305e-05
0.000125976206540487
0.000295448423226542
0.000515073658113201
0.000280448142951828
7.02974714332776e-05
1.13102433448083e-05
6.00331387728677e-07
5.33627900203269e-09
0
0
0
0
0
0
0
0
3.33517437627043e-07
2.56141392097569e-06
1.52163995742962e-05
7.98414064284131e-05
0.000164925706976323
8.65891312264834e-05
1.49202360896834e-05
8.19118826812017e-07
1.06725580040654e-08
0
0
0
0
0
0
0
0
0
2.66813950101634e-09
4.26902320162615e-08
6.43021619744939e-07
4.48247436170746e-06
9.56528011114359e-06
4.88002714735889e-06
7.84433013298805e-07
4.00220925152451e-08
0
0
0
0
0
0
0
0
0
0
0
0
1.06725580040654e-08
8.00441850304903e-08
1.76097207067079e-07
7.7376045529474e-08
8.00441850304903e-09
0
0
0
0
0
0
0
0
0
0
0
0
0
0
2.66813950101634e-09
2.66813950101634e-09
2.66813950101634e-09
0
0
0
0
0
0
0
0
0
0
0
0
0
0
0
0
0
0
0
0
0
0
0
0
0
0
0
0
0
0
0
0
0
0
0
0
0
0
0
0
0
0
0
0
0
0
0
0
0
0
0
0
0
0
0
0
0
0
0
0
0
0
0
0
0
0
0
0
0
0
0
0
0
0
0
0
0
0
0
0
0
0
0
0
0
0
0
0
0
0
0
0
0
0
0
0
0
0
0
0
0
0
5.97129620327458e-06
2.23136506469997e-05
2.82155752232478e-05
1.11741682302564e-05
1.41678207503968e-06
1.81433486069111e-07
5.60309295213432e-08
8.00441850304903e-09
0
0
0
0
0
0
0
0
0
0
1.71961590840503e-05
6.75706328632389e-05
0.000100378076167736
6.43848742990254e-05
1.7137460015028e-05
4.3090452941414e-06
2.37731229540556e-06
6.32349061740873e-07
6.40353480243922e-08
2.66813950101634e-09
0
0
0
0
0
0
0
0
9.88012057226352e-06
4.80558605528054e-05
0.000111221395099866
0.000127987983724253
5.19593486427923e-05
3.25192842383872e-05
3.24152267978476e-05
1.17744996179851e-05
1.32606533200512e-06
5.33627900203269e-08
0
0
0
0
0
0
0
0
4.4237752926851e-06
2.29726811037507e-05
6.87606230806922e-05
0.000103691905427998
6.64686912493192e-05
9.30273518424358e-05
0.000110092772090936
4.38588771177067e-05
5.55506644111603e-06
2.40132555091471e-07
2.66813950101634e-09
0
0
0
0
0
0
0
2.4984458287517e-05
6.83684065740428e-05
8.11914850159273e-05
0.000107512681193454
9.35289620686269e-05
0.000149482515544441
0.000186599004143079
7.52442020681619e-05
9.15705476748809e-06
3.81543948645337e-07
2.66813950101634e-09
0
0
0
0
0
0
0
5.9096621808011e-05
0.000147772238124289
0.000100324713377716
7.60579846159719e-05
0.000111987151136658
0.000286782306127241
0.000411040230829073
0.000151987898535895
1.14836724123743e-05
2.34796276089438e-07
2.66813950101634e-09
0
0
0
0
0
0
0
2.52085820056024e-05
8.01429061920279e-05
9.73070476020661e-05
8.00895434020076e-05
0.000128529616042959
0.000389278885058784
0.000590405908784897
0.000215607016798129
1.40530907518531e-05
1.60088370060981e-07
0
0
0
0
0
0
0
0
4.02622250703366e-06
2.48537194519672e-05
5.62924071924428e-05
6.01478687714114e-05
8.11701398999192e-05
0.000145528332803934
0.000199945037927163
7.24186423365856e-05
4.66123970827555e-06
5.06946505193105e-08
0
0
0
0
0
0
0
0
6.91048130763233e-07
5.39230993155403e-06
1.64410756052627e-05
3.94324336855205e-05
6.77707433258151e-05
3.50380079273466e-05
1.34367505271183e-05
3.85546157896862e-06
2.40132555091471e-07
2.66813950101634e-09
0
0
0
0
0
0
0
0
3.46858135132125e-08
3.17508600620945e-07
2.11049834530393e-06
1.11314779982402e-05
2.20975313474174e-05
9.69868708619441e-06
1.15263626443906e-06
6.93716270264249e-08
2.66813950101634e-09
0
0
0
0
0
0
0
0
0
0
5.33627900203269e-09
8.5380464032523e-08
5.65645574215465e-07
1.15530440394008e-06
5.04278365692089e-07
5.60309295213432e-08
2.66813950101634e-09
0
0
0
0
0
0
0
0
0
0
0
0
0
5.33627900203269e-09
1.06725580040654e-08
5.33627900203269e-09
0
0
0
0
0
0
0
0
0
0
0
0
0
0
0
0
0
0
0
0
0
0
0
0
0
0
0
0
0
0
0
0
0
0
0
0
0
0
0
0
0
0
0
0
0
0
0
0
0
0
0
0
0
0
0
0
0
0
0
0
0
0
0
0
0
0
0
0
0
0
0
0
0
0
0
0
0
0
0
0
0
0
0
0
0
0
0
0
0
0
0
0
0
0
0
0
0
0
0
0
0
0
0
0
0
0
0
0
0
0
0
0
0
0
0
0
0
0
0
0
3.81357178880266e-05
0.000113817494834355
9.34569223020995e-05
2.53660022361624e-05
1.56086160809456e-06
2.13451160081307e-08
0
0
0
0
0
0
0
0
0
0
0
0
0.000108329131880765
0.000323479896824219
0.000266419065455484
7.3621973251544e-05
5.03744737791886e-06
1.81433486069111e-07
8.80486035335393e-08
2.93495345111798e-08
2.66813950101634e-09
0
0
0
0
0
0
0
0
0
5.76851760119733e-05
0.000172716674319291
0.000144541121188558
4.37014568871467e-05
4.68792110328572e-06
1.41144579603765e-06
1.5021625390722e-06
5.68313713716481e-07
6.40353480243922e-08
2.66813950101634e-09
0
0
0
0
0
0
0
0
9.57595266914766e-06
2.89866675390416e-05
2.60837317619358e-05
1.11715000907554e-05
3.60999274487511e-06
4.6692441267786e-06
5.66979643965973e-06
2.24924159935678e-06
2.74818368604683e-07
1.06725580040654e-08
0
0
0
0
0
0
0
0
1.72895439665859e-06
4.76529714881519e-06
4.96540761139142e-06
5.44567272157436e-06
5.46168155858046e-06
1.21587117061315e-05
1.71214511780219e-05
6.60898154401748e-06
6.27012782738841e-07
1.86769765071144e-08
0
0
0
0
0
0
0
0
3.1350639136942e-06
7.74560897145044e-06
4.86668644985381e-06
3.47925390932531e-06
9.78406755022693e-06
3.73619574327319e-05
5.86483743718402e-05
2.16492839112466e-05
1.46480858605797e-06
2.13451160081307e-08
0
0
0
0
0
0
0
0
1.28871137899089e-06
3.94351018250216e-06
4.38375320016985e-06
3.63400600038426e-06
1.29404765799293e-05
5.49183153494194e-05
8.82407095776125e-05
3.2487266564375e-05
2.09715764779885e-06
2.13451160081307e-08
0
0
0
0
0
0
0
0
1.73429067566062e-07
1.10194161391975e-06
2.50805113095536e-06
2.71349787253362e-06
5.98730504028068e-06
1.89944851077353e-05
2.96563705537967e-05
1.09046861406538e-05
7.01720688767298e-07
8.00441850304903e-09
0
0
0
0
0
0
0
0
2.66813950101634e-08
2.37464415590455e-07
7.52415339286609e-07
1.8276755581962e-06
3.22311251722774e-06
2.13717974031409e-06
1.62489695611895e-06
5.65645574215465e-07
3.73539530142288e-08
0
0
0
0
0
0
0
0
0
0
1.33406975050817e-08
9.87211615376047e-08
5.2562348170022e-07
1.02723370789129e-06
4.18897901659566e-07
4.53583715172778e-08
5.33627900203269e-09
0
0
0
0
0
0
0
0
0
0
0
0
2.66813950101634e-09
2.66813950101634e-08
5.33627900203269e-08
2.13451160081307e-08
2.66813950101634e-09
0
0
0
0
0
0
0
0
0
0
0
0
0
0
0
0
0
0
0
0
0
0
0
0
0
0
0
0
0
0
0
0
0
0
0
0
0
0
0
0
0
0
0
0
0
0
0
0
0
0
0
0
0
0
0
0
0
0
0
0
0
0
0
0
0
0
0
0
0
0
0
0
0
0
0
0
0
0
0
0
0
0
0
0
0
0
0
0
0
0
0
0
0
0
0
0
0
0
0
0
0
0
0
0
0
0
0
0
0
0
0
0
0
0
0
0
0
0
0
0
0
0
0
0
0
0
0
0
0
0
0
0
0
0
0
0
0
9.45055011259989e-05
0.000281547416426247
0.000230071001033138
6.2042247817133e-05
3.73272716192186e-06
4.00220925152451e-08
0
0
0
0
0
0
0
0
0
0
0
0
0.000268428174499749
0.000799708111942124
0.000653502071704931
0.000176243954739635
1.0611190795542e-05
1.12061859042686e-07
2.66813950101634e-09
0
0
0
0
0
0
0
0
0
0
0
0.000142849520744914
0.000425584259249113
0.000347810660933987
9.38571432272519e-05
5.67780085816278e-06
8.00441850304903e-08
2.13451160081307e-08
8.00441850304903e-09
0
0
0
0
0
0
0
0
0
0
2.33542250523961e-05
6.95824100470052e-05
5.68954067196725e-05
1.54031693393673e-05
9.71202778369949e-07
9.07167430345557e-08
1.04057440539637e-07
4.00220925152451e-08
5.33627900203269e-09
0
0
0
0
0
0
0
0
0
1.02723370789129e-06
3.04968344966168e-06
2.50271485195333e-06
7.36406502280511e-07
1.70760928065046e-07
4.26902320162615e-07
6.61698596252053e-07
2.4813697359452e-07
1.86769765071144e-08
0
0
0
0
0
0
0
0
0
6.40353480243922e-08
1.60088370060981e-07
9.87211615376047e-08
6.67034875254086e-08
3.78875809144321e-07
1.72094997815554e-06
2.7908739180631e-06
1.02990184739231e-06
6.67034875254086e-08
0
0
0
0
0
0
0
0
0
2.40132555091471e-08
6.67034875254086e-08
6.67034875254086e-08
7.20397665274413e-08
5.49636737209367e-07
2.60143601349094e-06
4.25034622511904e-06
1.56886602659761e-06
1.01389301038621e-07
0
0
0
0
0
0
0
0
0
2.66813950101634e-09
1.60088370060981e-08
3.73539530142288e-08
4.53583715172778e-08
2.08114881079275e-07
8.80486035335393e-07
1.42478649354273e-06
5.2562348170022e-07
3.46858135132125e-08
0
0
0
0
0
0
0
0
0
0
2.66813950101634e-09
1.06725580040654e-08
2.66813950101634e-08
5.33627900203269e-08
6.13672085233759e-08
7.47079060284576e-08
2.66813950101634e-08
2.66813950101634e-09
0
0
0
0
0
0
0
0
0
0
0
2.66813950101634e-09
8.00441850304903e-09
1.60088370060981e-08
5.33627900203269e-09
0
0
0
0
0
0
0
0
0
0
0
0
0
0
0
0
0
0
0
0
0
0
0
0
0
0
0
0
0
0
0
0
0
0
0
0
0
0
0
0
0
0
0
0
0
0
0
0
0
0
0
0
0
0
0
0
0
0
0
0
0
0
0
0
0
0
0
0
0
0
0
0
0
0
0
0
0
0
0
0
0
0
0
0
0
0
0
0
0
0
0
0
0
0
0
0
0
0
0
0
0
0
0
0
0
0
0
0
0
0
0
0
0
0
0
0
0
0
0
0
0
0
0
0
0
0
0
0
0
0
0
0
0
0
0
0
0
0
0
0
0
0
0
0
0
0
0
0
0
0
0
0
0
0
0
0
9.74164413216077e-05
0.000290221537944051
0.000237152243268836
6.39472994208587e-05
3.84745716046557e-06
4.00220925152451e-08
0
0
0
0
0
0
0
0
0
0
0
0
0.000276702075092401
0.000824343043955008
0.000673603834705588
0.00018163893281069
1.09260312566619e-05
1.14729998543703e-07
0
0
0
0
0
0
0
0
0
0
0
0
0.000147251950921591
0.000438684824199103
0.000358467210101047
9.66613578428201e-05
5.81387597271461e-06
6.13672085233759e-08
0
0
0
0
0
0
0
0
0
0
0
0
2.40719545781695e-05
7.17142535083173e-05
5.86003478608219e-05
1.58007221250188e-05
9.49857662361818e-07
1.06725580040654e-08
0
0
0
0
0
0
0
0
0
0
0
0
1.03256998689333e-06
3.07903298417286e-06
2.51605554945841e-06
6.77707433258151e-07
4.26902320162615e-08
5.33627900203269e-09
8.00441850304903e-09
2.66813950101634e-09
0
0
0
0
0
0
0
0
0
0
8.00441850304903e-09
2.40132555091471e-08
1.86769765071144e-08
5.33627900203269e-09
5.33627900203269e-09
2.40132555091471e-08
4.00220925152451e-08
1.60088370060981e-08
0
0
0
0
0
0
0
0
0
0
0
0
0
0
8.00441850304903e-09
3.73539530142288e-08
6.40353480243922e-08
2.40132555091471e-08
2.66813950101634e-09
0
0
0
0
0
0
0
0
0
0
0
0
0
2.66813950101634e-09
1.33406975050817e-08
2.13451160081307e-08
8.00441850304903e-09
0
0
0
0
0
0
0
0
0
0
0
0
0
0
0
0
0
0
0
0
0
0
0
0
0
0
0
0
0
0
0
0
0
0
0
0
0
0
0
0
0
0
0
0
0
0
0
0
0
0
0
0
0
0
0
0
0
0
0
0
0
0
0
0
0
0
0
0
0
0
0
0
0
0
0
0
0
0
0
0
0
0
0
0
0
0
0
0
0
0
0
0
0
0
0
0
0
0
0
0
0
0
0
0
0
0
0
0
0
0
0
0
0
0
0
0
0
0
0
0
0
0
0
0
0
0
0
0
0
0
0
0
0
0
0
0
0
0
0
0
0
0
0
0
0
0
0
0
0
0
0
0
0
0
0
0
0
0
0
0
0
0
0
0
0
0
0
0
0
0
0
0
0
0
0
0
0
0
0
0
0
0
0
0
0
0
0
0
0
0
4.10733394786456e-05
0.000122363545656111
9.99885278005875e-05
2.69615496577702e-05
1.62222881661794e-06
1.60088370060981e-08
0
0
0
0
0
0
0
0
0
0
0
0
0.00011666439968194
0.000347562523960393
0.000284007441046184
7.65836080976721e-05
4.60787691825523e-06
4.80265110182942e-08
0
0
0
0
0
0
0
0
0
0
0
0
6.20849380491493e-05
0.000184960766489455
0.000151136762035071
4.07558308780246e-05
2.45202020143402e-06
2.66813950101634e-08
0
0
0
0
0
0
0
0
0
0
0
0
1.01496026618662e-05
3.02353568255172e-05
2.47069717794113e-05
6.66234433403781e-06
4.00220925152452e-07
5.33627900203269e-09
0
0
0
0
0
0
0
0
0
0
0
0
4.34906738665664e-07
1.29938393699496e-06
1.0619195214045e-06
2.85490926608749e-07
1.60088370060981e-08
0
0
0
0
0
0
0
0
0
0
0
0
0
2.66813950101634e-09
8.00441850304903e-09
8.00441850304903e-09
2.66813950101634e-09
0
0
0
0
0
0
0
0
0
0
0
0
0
0
0
0
0
0
0
0
0
0
0
0
0
0
0
0
0
0
0
0
0
0
0
0
0
0
0
0
0
0
0
0
0
0
0
0
0
0
0
0
0
0
0
0
0
0
0
0
0
0
0
0
0
0
0
0
0
0
0
0
0
0
0
0
0
0
0
0
0
0
0
0
0
0
0
0
0
0
0
0
0
0
0
0
0
0
0
0
0
0
0
0
0
0
0
0
0
0
0
0
0
0
0
0
0
0
0
0
0
0
0
0
0
0
0
0
0
0
0
0
0
0
0
0
0
0
0
0
0
0
0
0
0
0
0
0
0
0
0
0
0
0
0
0
0
0
0
0
0
0
0
0
0
0
0
0
0
0
0
0
0
0
0
0
0
0
0
0
0
0
0
0
0
0
0
0
0
0
0
0
0
0
0
0
0
0
0
0
0
0
0
0
0
0
0
0
0
0
0
0
0
0
0
0
0
0
0
0
0
0
0
0
0
0
0
0
0
0
6.16340224734775e-06
1.83594679064935e-05
1.50029484142149e-05
4.04489948354078e-06
2.42800694592487e-07
2.66813950101634e-09
0
0
0
0
0
0
0
0
0
0
0
0
1.75056632661682e-05
5.21514546868654e-05
4.2615524110233e-05
1.14916768308774e-05
6.91048130763233e-07
8.00441850304903e-09
0
0
0
0
0
0
0
0
0
0
0
0
9.31447499804806e-06
2.7753987089572e-05
2.26791857586389e-05
6.11537573632946e-06
3.68203251140255e-07
2.66813950101634e-09
0
0
0
0
0
0
0
0
0
0
0
0
1.52350765508033e-06
4.53583715172778e-06
3.7060457669117e-06
1.00055231288113e-06
6.13672085233759e-08
0
0
0
0
0
0
0
0
0
0
0
0
0
6.67034875254086e-08
1.94774183574193e-07
1.60088370060981e-07
4.26902320162615e-08
2.66813950101634e-09
0
0
0
0
0
0
0
0
0
0
0
0
0
0
2.66813950101634e-09
0
0
0
0
0
0
0
0
0
0
0
0
0
0
0
0
0
0
0
0
0
0
0
0
0
0
0
0
0
0
0
0
0
0
0
0
0
0
0
0
0
0
0
0
0
0
0
0
0
0
0
0
0
0
0
0
0
0
0
0
0
0
0
0
0
0
0
0
0
0
0
0
0
0
0
0
0
0
0
0
0
0
0
0
0
0
0
0
0
0
0
0
0
0
0
0
0
0
0
0
0
0
0
0
0
0
0
0
0
0
0
0
0
0
0
0
0
0
0
0
0
0
0
0
0
0
0
0
0
0
0
0
0
0
0
0
0
0
0
0
0
0
0
0
0
0
0
0
0
0
0
0
0
0
0
0
0
0
0
0
0
0
0
0
0
0
0
0
0
0
0
0
0
0
0
0
0
0
0
0
0
0
0
0
0
0
0
0
0
0
0
0
0
0
0
0
0
0
0
0
0
0
0
0
0
0
0
0
0
0
0
0
0
0
0
0
0
0
0
0
0
0
0
0
0
0
0
0
0
0
0
0
2.96163484612814e-07
8.8315417483641e-07
7.23065804775429e-07
1.94774183574193e-07
1.06725580040654e-08
0
0
0
0
0
0
0
0
0
0
0
0
0
8.43132082321165e-07
2.51071927045638e-06
2.05179927628157e-06
5.52304876710383e-07
3.20176740121961e-08
0
0
0
0
0
0
0
0
0
0
0
0
0
4.48247436170746e-07
1.33673789000919e-06
1.09126905591568e-06
2.93495345111798e-07
1.86769765071144e-08
0
0
0
0
0
0
0
0
0
0
0
0
0
7.20397665274413e-08
2.1878743908334e-07
1.78765346568095e-07
4.80265110182942e-08
2.66813950101634e-09
0
0
0
0
0
0
0
0
0
0
0
0
0
2.66813950101634e-09
1.06725580040654e-08
8.00441850304903e-09
2.66813950101634e-09
0
0
0
0
0
0
0
0
0
0
0
0
0
0
0
0
0
0
0
0
0
0
0
0
0
0
0
0
0
0
0
0
0
0
0
0
0
0
0
0
0
0
0
0
0
0
0
0
0
0
0
0
0
0
0
0
0
0
0
0
0
0
0
0
0
0
0
0
0
0
0
0
0
0
0
0
0
0
0
0
0
0
0
0
0
0
0
0
0
0
0
0
0
0
0
0
0
0
0
0
0
0
0
0
0
0
0
0
0
0
0
0
0
0
0
0
0
0
0
0
0
0
0
0
0
0
0
0
0
0
0
0
0
0
0
0
0
0
0
0
0
0
0
0
0
0
0
0
0
0
0
0
0
0
0
0
0
0
0
0
0
0
0
0
0
0
0
0
0
0
0
0
0
0
0
0
0
0
0
0
0
0
0
0
0
0
0
0
0
0
0
0
0
0
0
0
0
0
0
0
0
0
0
0
0
0
0
0
0
0
0
0
0
0
0
0
0
0
0
0
0
0
0
0
0
0
0
0
0
0
0
0
0
0
0
0
0
0
0
0
0
0
0
0
0
0
0
0
5.33627900203269e-09
1.33406975050817e-08
1.06725580040654e-08
2.66813950101634e-09
0
0
0
0
0
0
0
0
0
0
0
0
0
0
1.33406975050817e-08
3.73539530142288e-08
2.93495345111798e-08
8.00441850304903e-09
0
0
0
0
0
0
0
0
0
0
0
0
0
0
5.33627900203269e-09
1.86769765071144e-08
1.60088370060981e-08
5.33627900203269e-09
0
0
0
0
0
0
0
0
0
0
0
0
0
0
0
2.66813950101634e-09
2.66813950101634e-09
0
0
0
0
0
0
0
0
0
0
0
0
0
0
0
0
0
0
0
0
0
0
0
0
0
0
0
0
0
0
0
0
0
0
0
0
0
0
0
0
0
0
0
0
0
0
0
0
0
0
0
0
0
0
0
0
0
0
0
0
0
0
0
0
0
0
0
0
0
0
0
0
0
0
0
0
0
0
0
0
0
0
0
0
0
0
0
0
0
0
0
0
0
0
0
0
0
0
0
0
0
0
0
0
0
0
0
0
0
0
0
0
0
0
0
0
0
0
0
0
0
0
0
0
0
0
0
0
0
0
0
0
0
0
0
0
0
0
0
0
0
0
0
0
0
0
0
0
0
0
0
0
0
0
0
0
0
0
0
0
0
0
0
0
0
0
0
0
0
0
0
0
0
0
0
0
0
0
0
0
0
0
0
0
0
0
0
0
0
0
0
0
0
0
0
0
0
0
0
0
0
0
0
0
0
0
0
0
0
0
0
0
0
0
0
0
0
0
0
0
0
0
0
0
0
0
0
0
0
0
0
0
0
0
0
0
0
0
0
0
0
0
0
0
0
0
0
0
0
0
0
0
0
0
0
0
0
0
0
0
0
0
0
0
0
0
0
0
