0 0 0 0 0 0 0 0 0 0 0 0 0 0 0 0 0 0 0 0 0 0 0 0 0 0 0 0 0 0 0 0 0 0 0 0 0 0 0 0 0 0 0 0 0 0 0 0 0 0 0 0 0 0 0 0 0 0 0 0 0 0 0 0 0 0 0 0 0 0 0 0 0 0 0 0 0 0 0 0 0 0 0 0 0 0 0 0 0 0 0 0 0 0 0 0 0 0 0 0 0 0 0 0 0 0 0 0 0 0 0 0 0 0 0 0 0 0 0 0 0
0 0 0 0 0 0 0 0 0 0 0 0 0 0 0 0 0 0 0 0 0 0 0 0 0 0 0 0 0 0 0 0 0 0 0 0 0 0 0 0 0 0 0 0 0 0 0 0 0 0 0 0 0 0 0 0 0 0 0 0 0 0 0 0 0 0 0 0 0 0 0 0 0 0 0 0 0 0 0 0 0 0 0 0 0 0 0 0 0 0 0 0 0 0 0 0 0 0 0 0 0 0 0 0 0 0 0 0 0 0 0 0 0 0 0 0 0 0 0 0 0
0 0 0 0 0 0 0 0 0 0 0 0 0 0 0 0 0 0 0 0 0 0 0 0 0 0 0 0 0 0 0 0 0 0 0 0 0 0 0 0 0 0 0 0 0 0 0 0 0 0 0 0 0 0 0 0 0 0 0 0 0 0 0 0 0 0 0 0 0 0 0 0 0 0 0 0 0 0 0 0 0 0 0 0 0 0 0 0 0 0 0 0 0 0 0 0 0 0 0 0 0 0 0 0 0 0 0 0 0 0 0 0 0 0 0 0 0 0 0 0 0
0 0 0 0 0 0 0 0 0 0 0 0 0 0 0 0 0 0 0 0 0 0 0 0 0 0 0 0 0 0 0 0 0 0 0 0 0 0 0 0 0 0 0 0 0 0 0 0 0 0 0 0 0 0 0 0 0 0 0 0 0 0 0 0 0 0 0 0 0 0 0 0 0 0 0 0 0 0 0 0 0 0 0 0 0 0 0 0 0 0 0 0 0 0 0 0 0 0 0 0 0 0 0 0 0 0 0 0 0 0 0 0 0 0 0 0 0 0 0 0 0
0 0 0 0 0 0 0 0 0 0 0 0 0 0 0 0 0 0 0 0 0 0 0 0 0 0 0 0 0 0 0 0 0 0 0 0 0 0 0 0 0 0 0 0 0 0 0 0 0 0 0 0 0 0 0 0 0 0 0 0 0 0 0 0 0 0 0 0 0 0 0 0 0 0 0 0 0 0 0 0 0 0 0 0 0 0 0 0 0 0 0 0 0 0 0 0 0 0 0 0 0 0 0 0 0 0 0 0 0 0 0 0 0 0 0 0 0 0 0 0 0
0 0 0 0 0 0 0 0 0 0 0 0 0 0 0 0 0 0 0 0 0 0 0 0 0 0 0 0 0 0 0 0 0 0 0 0 0 0 0 0 0 0 0 0 0 0 0 0 0 0 0 0 0 0 0 0 0 0 0 0 0 0 0 0 0 0 0 0 0 0 0 0 0 0 0 0 0 0 0 0 0 0 0 0 0 0 0 0 0 0 0 0 0 0 0 0 0 0 0 0 0 0 0 0 0 0 0 0 0 0 0 0 0 0 0 0 0 0 0 0 0
0 0 0 0 0 0 0 0 0 0 0 0 0 0 0 0 0 0 0 0 0 0 0 0 0 0 0 0 0 0 0 0 0 0 0 0 0 0 0 0 0 0 0 0 0 0 0 0 0 0 0 0 0 0 0 0 0 0 0 0 0 0 0 0 0 0 0 0 0 0 0 0 0 0 0 0 0 0 0 0 0 0 0 0 0 0 0 0 0 0 0 0 0 0 0 0 0 0 0 0 0 0 0 0 0 0 0 0 0 0 0 0 0 0 0 0 0 0 0 0 0
0 0 0 0 0 0 0 0 0 0 0 0 0 0 0 0 0 0 0 0 0 0 0 0 0 0 0 0 0 0 0 0 0 0 0 0 0 0 0 0 0 0 0 0 0 0 0 0 0 0 0 0 0 0 0 0 0 0 0 0 0 0 0 0 0 0 0 0 0 0 0 0 0 0 0 0 0 0 0 0 0 0 0 0 0 0 0 0 0 0 0 0 0 0 0 0 0 0 0 0 0 0 0 0 0 0 0 0 0 0 0 0 0 0 0 0 0 0 0 0 0
0 0 0 0 0 0 0 0 0 0 0 0 0 0 0 0 0 0 0 0 0 0 0 0 0 0 0 0 0 0 0 0 0 0 0 0 0 0 0 0 0 0 0 0 0 0 0 0 0 0 0 0 0 0 0 0 0 0 0 0 0 0 0 0 0 0 0 0 0 0 0 0 0 0 0 0 0 0 0 0 0 0 0 0 0 0 0 0 0 0 0 0 0 0 0 0 0 0 0 0 0 0 0 0 0 0 0 0 0 0 0 0 0 0 0 0 0 0 0 0 0
0 0 0 0 0 0 0 0 0 0 0 0 0 0 0 0 0 0 0 0 0 0 0 0 0 0 0 0 0 0 0 0 0 0 0 0 0 0 0 0 0 0 0 0 0 0 0 0 0 0 0 0 0 0 0 0 0 0 0 0 0 0 0 0 0 0 0 0 0 0 0 0 0 0 0 0 0 0 0 0 0 0 0 0 0 0 0 0 0 0 0 0 0 0 0 0 0 0 0 0 0 0 0 0 0 0 0 0 0 0 0 0 0 0 0 0 0 0 0 0 0
0 0 0 0 0 0 0 0 0 0 0 0 0 0 0 0 0 0 0 0 0 0 0 0 0 0 0 0 0 0 0 0 0 0 0 0 0 0 0 0 0 0 0 0 0 0 0 0 0 0 0 0 0 0 0 0 0 0 0 0 0 0 0 0 0 0 0 0 0 0 0 0 0 0 0 0 0 0 0 0 0 0 0 0 0 0 0 0 0 0 0 0 0 0 0 0 0 0 0 0 0 0 0 0 0 0 0 0 0 0 0 0 0 0 0 0 0 0 0 0 0
0 0 0 0 0 0 0 0 0 0 0 0 0 0 0 0 0 0 0 0 0 0 0 0 0 0 0 0 0 0 0 0 0 0 0 0 0 0 0 0 0 0 0 0 0 0 0 0 0 0 0 0 0 0 0 0 0 0 0 0 0 0 0 0 0 0 0 0 0 0 0 0 0 0 0 0 0 0 0 0 0 0 0 0 0 0 0 0 0 0 0 0 0 0 0 0 0 0 0 0 0 0 0 0 0 0 0 0 0 0 0 0 0 0 0 0 0 0 0 0 0
0 0 0 0 0 0 0 0 0 0 0 0 0 0 0 0 0 0 0 0 0 0 0 0 0 0 0 0 0 0 0 0 0 0 0 0 0 0 0 0 0 0 0 0 0 0 0 0 0 0 0 0 0 0 0 0 0 0 0 0 0 0 0 0 0 0 0 0 0 0 0 0 0 0 0 0 0 0 0 0 0 0 0 0 0 0 0 0 0 0 0 0 0 0 0 0 0 0 0 0 0 0 0 0 0 0 0 0 0 0 0 0 0 0 0 0 0 0 0 0 0
0 0 0 0 0 0 0 0 0 0 0 0 0 0 0 0 0 0 0 0 0 0 0 0 0 0 0 0 0 0 0 0 0 0 0 0 0 0 0 0 0 0 0 0 0 0 0 0 0 0 0 0 0 0 0 0 0 0 0 0 0 0 0 0 0 0 0 0 0 0 0 0 0 0 0 0 0 0 0 0 0 0 0 0 0 0 0 0 0 0 0 0 0 0 0 0 0 0 0 0 0 0 0 0 0 0 0 0 0 0 0 0 0 0 0 0 0 0 0 0 0
0 0 0 0 0 0 0 0 0 0 0 0 0 0 0 0 0 0 0 0 0 0 0 0 0 0 0 0 0 0 0 0 0 0 0 0 0 0 0 0 0 0 0 0 0 0 0 0 0 0 0 0 0 0 0 0 0 0 0 0 0 0 0 0 0 0 0 0 0 0 0 0 0 0 0 0 0 0 0 0 0 0 0 0 0 0 0 0 0 0 0 0 0 0 0 0 0 0 0 0 0 0 0 0 0 0 0 0 0 0 0 0 0 0 0 0 0 0 0 0 0
0 0 0 0 0 0 0 0 0 0 0 0 0 0 0 0 0 0 0 0 0 0 0 0 0 0 0 0 0 0 0 0 0 0 0 0 0 0 0 0 0 0 0 0 0 0 0 0 0 0 0 0 0 0 0 0 0 0 0 0 0 0 0 0 0 0 0 0 0 0 0 0 0 0 0 0 0 0 0 0 0 0 0 0 0 0 0 0 0 0 0 0 0 0 0 0 0 0 0 0 0 0 0 0 0 0 0 0 0 0 0 0 0 0 0 0 0 0 0 0 0
0 0 0 0 0 0 0 0 0 0 0 0 0 0 0 0 0 0 0 0 0 0 0 0 0 0 0 0 0 0 0 0 0 0 0 0 0 0 0 0 0 0 0 0 0 0 0 0 0 0 0 0 0 0 0 0 0 0 0 0 0 0 0 0 0 0 0 0 0 0 0 0 0 0 0 0 0 0 0 0 0 0 0 0 0 0 0 0 0 0 0 0 0 0 0 0 0 0 0 0 0 0 0 0 0 0 0 0 0 0 0 0 0 0 0 0 0 0 0 0 0
0 0 0 0 0 0 0 0 0 0 0 0 0 0 0 0 0 0 0 0 0 0 0 0 0 0 0 0 0 0 0 0 0 0 0 0 0 0 0 0 0 0 0 0 0 0 0 0 0 0 0 0 0 0 0 0 0 0 0 0 0 0 0 0 0 0 0 0 0 0 0 0 0 0 0 0 0 0 0 0 0 0 0 0 0 0 0 0 0 0 0 0 0 0 0 0 0 0 0 0 0 0 0 0 0 0 0 0 0 0 0 0 0 0 0 0 0 0 0 0 0
0 0 0 0 0 0 0 0 0 0 0 0 0 0 0 0 0 0 0 0 0 0 0 0 0 0 0 0 0 0 0 0 0 0 0 0 0 0 0 0 0 0 0 0 0 0 0 0 0 0 0 0 0 0 0 0 0 0 0 0 0 0 0 0 0 0 0 0 0 0 0 0 0 0 0 0 0 0 0 0 0 0 0 0 0 0 0 0 0 0 0 0 0 0 0 0 0 0 0 0 0 0 0 0 0 0 0 0 0 0 0 0 0 0 0 0 0 0 0 0 0
0 0 0 0 0 0 0 0 0 0 0 0 0 0 0 0 0 0 0 0 0 0 0 0 0 0 0 0 0 0 0 0 0 0 0 0 0 0 0 0 0 0 0 0 0 0 0 0 0 0 0 0 0 0 0 0 0 0 0 0 0 0 0 0 0 0 0 0 0 0 0 0 0 0 0 0 0 0 0 0 0 0 0 0 0 0 0 0 0 0 0 0 0 0 0 0 0 0 0 0 0 0 0 0 0 0 0 0 0 0 0 0 0 0 0 0 0 0 0 0 0
0 0 0 0 0 0 0 0 0 0 0 0 0 0 0 0 0 0 0 0 0 0 0 0 0 0 0 0 0 0 0 0 0 0 0 0 0 0 0 0 0 0 0 0 0 0 0 0 0 0 0 0 0 0 0 0 0 0 0 0 0 0 0 0 0 0 0 0 0 0 0 0 0 0 0 0 0 0 0 0 0 0 0 0 0 0 0 0 0 0 0 0 0 0 0 0 0 0 0 0 0 0 0 0 0 0 0 0 0 0 0 0 0 0 0 0 0 0 0 0 0
0 0 0 0 0 0 0 0 0 0 0 0 0 0 0 0 0 0 0 0 0 0 0 0 0 0 0 0 0 0 0 0 0 0 0 0 0 0 0 0 0 0 0 0 0 0 0 0 0 0 0 0 0 0 0 0 0 0 0 0 0 0 0 0 0 0 0 0 0 0 0 0 0 0 0 0 0 0 0 0 0 0 0 0 0 0 0 0 0 0 0 0 0 0 0 0 0 0 0 0 0 0 0 0 0 0 0 0 0 0 0 0 0 0 0 0 0 0 0 0 0
0 0 0 0 0 0 0 0 0 0 0 0 0 0 0 0 0 0 0 0 0 0 0 0 0 0 0 0 0 0 0 0 0 0 0 0 0 0 0 0 0 0 0 0 0 0 0 0 0 0 0 0 0 0 0 0 0 0 0 0 0 0 0 0 0 0 0 0 0 0 0 0 0 0 0 0 0 0 0 0 0 0 0 0 0 0 0 0 0 0 0 0 0 0 0 0 0 0 0 0 0 0 0 0 0 0 0 0 0 0 0 0 0 0 0 0 0 0 0 0 0
0 0 0 0 0 0 0 0 0 0 0 0 0 0 0 0 0 0 0 0 0 0 0 0 0 0 0 0 0 0 0 0 0 0 0 0 0 0 0 0 0 0 0 0 0 0 0 0 0 0 0 0 0 0 0 0 0 0 0 0 0 0 0 0 0 0 0 0 0 0 0 0 0 0 0 0 0 0 0 0 0 0 0 0 0 0 0 0 0 0 0 0 0 0 0 0 0 0 0 0 0 0 0 0 0 0 0 0 0 0 0 0 0 0 0 0 0 0 0 0 0
0 0 0 0 0 0 0 0 0 0 0 0 0 0 0 0 0 0 0 0 0 0 0 0 0 0 0 0 0 0 0 0 0 0 0 0 0 0 0 0 0 0 0 0 0 0 0 0 0 0 0 0 0 0 0 0 0 0 0 0 0 0 0 0 0 0 0 0 0 0 0 0 0 0 0 0 0 0 0 0 0 0 0 0 0 0 0 0 0 0 0 0 0 0 0 0 0 0 0 0 0 0 0 0 0 0 0 0 0 0 0 0 0 0 0 0 0 0 0 0 0
0 0 0 0 0 0 0 0 0 0 0 0 0 0 0 0 0 0 0 0 0 0 0 0 0 0 0 0 0 0 0 0 0 0 0 0 0 0 0 0 0 0 0 0 0 0 0 0 0 0 0 0 0 0 0 0 0 0 0 0 0 0 0 0 0 0 0 0 0 0 0 0 0 0 0 0 0 0 0 0 0 0 0 0 0 0 0 0 0 0 0 0 0 0 0 0 0 0 0 0 0 0 0 0 0 0 0 0 0 0 0 0 0 0 0 0 0 0 0 0 0
0 0 2.73176365012746e-10 5.833692133302e-10 1.18534721965808e-09 2.47500287769691e-09 4.60281962216707e-09 8.15668663193603e-09 1.37759630169087e-08 2.21784855704466e-08 3.40434292710021e-08 4.98335690307791e-08 6.95823519340777e-08 9.26979592025141e-08 1.17853861377926e-07 1.43030964446046e-07 1.65744205960538e-07 1.8343203091043e-07 1.9392843591037e-07 1.95898011476474e-07 1.89113472213908e-07 1.74496562197715e-07 1.53913014522482e-07 1.29784296979623e-07 1.04626686934603e-07 8.0636532073176e-08 5.94109214034906e-08 4.18411149962232e-08 2.81632726353965e-08 1.81147080112895e-08 1.11316840334892e-08 6.53393652979031e-09 3.66243267076477e-09 1.95991370822908e-09 1.00107551479031e-09 4.87921208096051e-10 2.26870546357873e-10 8.74907356618205e-11 3.76312835081737e-11 1.54006017168926e-11 0 0 0 0 0 0 0 0 0 0 0 0 0 0 0 0 0 0 0 0 0 0 0 0 0 0 0 0 0 0 0 0 0 0 0 0 0 0 0 0 0 0 0 0 0 0 0 0 0 0 0 0 0 0 0 0 0 0 0 0 0 0 0 0 0 0 0 0 0 0 0 0 0 0 0 0 0 0 0 0 0
0 0 7.57675757845263e-10 1.63082354741437e-09 3.33989066856415e-09 7.04221235700446e-09 1.32035964398444e-08 2.35901393034206e-08 4.01700069791006e-08 6.52065161928758e-08 1.00922658004576e-07 1.48967584809738e-07 2.09750167975187e-07 2.8179060537297e-07 3.61304496826847e-07 4.42234857426272e-07 5.16861755858608e-07 5.7695684581369e-07 6.15261065825531e-07 6.26922138044086e-07 6.10499394038326e-07 5.6825023661842e-07 5.05621727008287e-07 4.30104908450864e-07 3.49781829909066e-07 2.71948200692855e-07 2.02122086934958e-07 1.43593301780744e-07 9.74955739538793e-08 6.32541306820825e-08 3.92064144129147e-08 2.32108641740831e-08 1.31215954894998e-08 7.08165038300277e-09 3.64774739074829e-09 1.79286720306694e-09 8.40616208821363e-10 3.2794549836594e-10 1.42171267142006e-10 5.86440141490295e-11 0 0 0 0 0 0 0 0 0 0 0 0 0 0 0 0 0 0 0 0 0 0 0 0 0 0 0 0 0 0 0 0 0 0 0 0 0 0 0 0 0 0 0 0 0 0 0 0 0 0 0 0 0 0 0 0 0 0 0 0 0 0 0 0 0 0 0 0 0 0 0 0 0 0 0 0 0 0 0 0 0
0 0 1.89747062754772e-09 4.11644048492467e-09 8.49709189342406e-09 1.80931176601353e-08 3.42006061033266e-08 6.16060155738707e-08 1.0576952828959e-07 1.7311387421342e-07 2.70164992298433e-07 4.02114743150555e-07 5.70949277381934e-07 7.73532385900475e-07 1.00023550245164e-06 1.234749571642e-06 1.45551604946717e-06 1.63878277516396e-06 1.76274839773786e-06 1.81181064824846e-06 1.77977795440124e-06 1.67113616333505e-06 1.50001848203963e-06 1.28720446586368e-06 1.05602119592021e-06 8.28247688450555e-07 6.20982576516123e-07 4.45021680431371e-07 3.04789603014113e-07 1.99460508415465e-07 1.24698307131931e-07 7.44580000108856e-08 4.24525372780586e-08 2.31061895231398e-08 1.20025996719426e-08 5.94888558510101e-09 2.81256792576750e-09 1.1099225602571e-09 4.84982465224982e-10 2.01632757649449e-10 0 0 0 0 0 0 0 0 0 0 0 0 0 0 0 0 0 0 0 0 0 0 0 0 0 0 0 0 0 0 0 0 0 0 0 0 0 0 0 0 0 0 0 0 0 0 0 0 0 0 0 0 0 0 0 0 0 0 0 0 0 0 0 0 0 0 0 0 0 0 0 0 0 0 0 0 0 0 0 0 0
0 0 4.29060101563122e-09 9.38184184717274e-09 1.95190995611195e-08 4.19748353429931e-08 7.9992468697198e-08 1.45275415899052e-07 2.51477127604317e-07 4.1500669396941e-07 6.53063021989967e-07 9.80160719304109e-07 1.40341268918834e-06 1.91746224716048e-06 2.50052491791152e-06 3.11321035627285e-06 3.70140652065825e-06 4.20348921308588e-06 4.56073354383618e-06 4.72855094041333e-06 4.68559308429405e-06 4.43816810997472e-06 4.01872336712977e-06 3.47889696010168e-06 2.87917804330377e-06 2.27800007010119e-06 1.72291109234498e-06 1.24550011579828e-06 8.60455358213341e-07 5.67982356224021e-07 3.58154601173056e-07 2.15692190166734e-07 1.24028072626294e-07 6.80797296815522e-08 3.56629998946805e-08 1.78242610255987e-08 8.49754127869651e-09 3.39183786130338e-09 1.49379719262878e-09 6.25964767243785e-10 0 0 0 0 0 0 0 0 0 0 0 0 0 0 0 0 0 0 0 0 0 0 0 0 0 0 0 0 0 0 0 0 0 0 0 0 0 0 0 0 0 0 0 0 0 0 0 0 0 0 0 0 0 0 0 0 0 0 0 0 0 0 0 0 0 0 0 0 0 0 0 0 0 0 0 0 0 0 0 0 0
0 0 8.76017133227064e-09 1.93065988982081e-08 4.04856058900421e-08 8.79298489861963e-08 1.68942378070909e-07 3.09341390563436e-07 5.39903604985114e-07 8.98382455794243e-07 1.42550046059642e-06 2.15741809109401e-06 3.1150613044257e-06 4.29212289129154e-06 5.64495915729144e-06 7.08830463760048e-06 8.50010680906719e-06 9.73664966919871e-06 1.06559715714284e-05 1.11444803263554e-05 1.11399131157084e-05 1.06442624568689e-05 9.72300104277775e-06 8.49095345419616e-06 7.0889965060552e-06 5.65804548052556e-06 4.31681828115417e-06 3.14790440317226e-06 2.19365816401885e-06 1.46056896376869e-06 9.28937340484676e-07 5.64234720490227e-07 3.2721635160155e-07 1.81134961212449e-07 9.56867377498826e-08 4.82253331832559e-08 2.31829095775623e-08 9.35898794771493e-09 4.15440316704202e-09 1.75464833482814e-09 0 0 0 0 0 0 0 0 0 0 0 0 0 0 0 0 0 0 0 0 0 0 0 0 0 0 0 0 0 0 0 0 0 0 0 0 0 0 0 0 0 0 0 0 0 0 0 0 0 0 0 0 0 0 0 0 0 0 0 0 0 0 0 0 0 0 0 0 0 0 0 0 0 0 0 0 0 0 0 0 0
0 0 1.61494772429602e-08 3.58735899832739e-08 7.5821593335655e-08 1.66324345083803e-07 3.22183124233573e-07 5.9478684741418e-07 1.04668097941142e-06 1.75610690089667e-06 2.80974238638373e-06 4.288068504656e-06 6.24369664016912e-06 8.67591236348999e-06 1.15077863067742e-05 1.45740836696066e-05 1.76274870955746e-05 2.03667050093507e-05 2.24836015896929e-05 2.37196602124091e-05 2.39176127457097e-05 2.30540648378238e-05 2.12438559236765e-05 1.87151010520875e-05 1.57623582057456e-05 1.26910646891494e-05 9.76746209242794e-06 7.18478847755974e-06 5.05034947099813e-06 3.39170434335755e-06 2.17574288222995e-06 1.33286713549126e-06 7.79557196207447e-07 4.35192135215143e-07 2.31833553733559e-07 1.17821919362043e-07 5.7111871656697e-08 2.33170761976574e-08 1.04322273242859e-08 4.44100934827082e-09 0 0 0 0 0 0 0 0 0 0 0 0 0 0 0 0 0 0 0 0 0 0 0 0 0 0 0 0 0 0 0 0 0 0 0 0 0 0 0 0 0 0 0 0 0 0 0 0 0 0 0 0 0 0 0 0 0 0 0 0 0 0 0 0 0 0 0 0 0 0 0 0 0 0 0 0 0 0 0 0 0
0 0 2.68816385341356e-08 6.01859757337649e-08 1.28214330700553e-07 2.84084755363995e-07 5.54807266400639e-07 1.03267252007713e-06 1.83228644473669e-06 3.099736399227e-06 5.00095731251015e-06 7.69626734240325e-06 1.13008642613689e-05 1.58364022219641e-05 2.11848215132119e-05 2.70598737031256e-05 3.30115153060894e-05 3.84719478130131e-05 4.28404141518445e-05 4.55905031642102e-05 4.63738267518524e-05 4.50920240119777e-05 4.19167122922291e-05 3.72519188119494e-05 3.16502851902939e-05 2.57068170581956e-05 1.99579702216487e-05 1.48088264012876e-05 1.04999014205911e-05 7.1124953015103e-06 4.60185932557226e-06 2.84324908261851e-06 1.67709737404196e-06 9.441770060822e-07 5.07213554962611e-07 2.59934230603801e-07 1.2704806132739e-07 5.24530438621122e-08 2.36535779246463e-08 1.01490334931503e-08 0 0 0 0 0 0 0 0 0 0 0 0 0 0 0 0 0 0 0 0 0 0 0 0 0 0 0 0 0 0 0 0 0 0 0 0 0 0 0 0 0 0 0 0 0 0 0 0 0 0 0 0 0 0 0 0 0 0 0 0 0 0 0 0 0 0 0 0 0 0 0 0 0 0 0 0 0 0 0 0 0
0 0 4.04021433135977e-08 9.1173194325443e-08 1.95763459983148e-07 4.38140197304106e-07 8.62694740236457e-07 1.61898325556648e-06 2.89636910987009e-06 4.94092361855868e-06 8.03823157886766e-06 1.24747804202509e-05 1.84727910698022e-05 2.61077434162179e-05 3.52252780830173e-05 4.53834872694809e-05 5.58478321875083e-05 6.56569199299144e-05 7.3758562168061e-05 7.91922682343467e-05 8.12752490526146e-05 7.97424891391098e-05 7.48015035364069e-05 6.70863829190334e-05 5.75251087765896e-05 4.71581324508359e-05 3.69565678274968e-05 2.76826056158792e-05 1.9816822139812e-05 1.35548255213377e-05 8.85728478768683e-06 5.52794445957227e-06 3.29451462234113e-06 1.8745356006887e-06 1.01808532289123e-06 5.27694804112934e-07 2.60986255317924e-07 1.09762975895079e-07 5.01333991335096e-08 2.18042522978762e-08 4.13991117422481e-10 1.89135012128325e-10 8.2215657725606e-11 3.40046911447961e-11 0 0 0 0 0 0 0 0 0 0 0 0 0 0 0 0 0 0 0 0 0 0 0 0 0 0 0 0 0 0 0 0 0 0 0 0 0 0 0 0 0 0 0 0 0 0 0 0 0 0 0 0 0 0 0 0 0 0 0 0 0 0 0 0 0 0 0 0 0 0 0 0 0 0 0 0 0
0 0 5.48282610939664e-08 1.24706886275437e-07 2.69884594229447e-07 6.10171321374559e-07 1.2112905153405e-06 2.29192871123229e-06 4.13424798894646e-06 7.11172476326929e-06 1.16668633724339e-05 1.82589017504594e-05 2.72674753473219e-05 3.88665475025076e-05 5.28907412168541e-05 6.87332159605154e-05 8.53186645126576e-05 0.000101184187649605 0.00011467385816279 0.00012421665400806 0.000128625003451646 0.000127336163305783 0.000120529157771623 0.000109084106322697 9.43966390408965e-05 7.81009630100957e-05 6.17765974573399e-05 4.67098154456769e-05 3.37556290200238e-05 2.33113213052517e-05 1.5381317073935e-05 9.69498616427677e-06 5.83646461211922e-06 3.3552684319605e-06 1.84166932071917e-06 9.65037180402788e-07 4.82698954665594e-07 2.06513717982152e-07 9.54564712768706e-08 4.20405329759154e-08 1.46276664075625e-09 6.73564443754446e-10 2.95110698993093e-10 1.23024738710211e-10 0 0 0 0 0 0 0 0 0 0 0 0 0 0 0 0 0 0 0 0 0 0 0 0 0 0 0 0 0 0 0 0 0 0 0 0 0 0 0 0 0 0 0 0 0 0 0 0 0 0 0 0 0 0 0 0 0 0 0 0 0 0 0 0 0 0 0 0 0 0 0 0 0 0 0 0 0
0 0 6.71824657254691e-08 1.54015737633865e-07 3.359510140853e-07 7.67298715301272e-07 1.53573451844505e-06 2.92980968522674e-06 5.3287065248423e-06 9.24376362801322e-06 1.52920182248065e-05 2.41349025306996e-05 3.63497209114131e-05 5.22569465203633e-05 7.17278546923843e-05 9.4025288699403e-05 0.000117739727904702 0.000140872163189879 0.000161081107657098 0.000176061105310685 0.000183971332223703 0.000183805229899235 0.000175599780341452 0.000160423032121705 0.000140148814208882 0.000117079236824948 9.3522018839606e-05 7.14266764284134e-05 5.21544154221335e-05 3.64079834709741e-05 2.43007694110143e-05 1.55139501157938e-05 9.48240007193418e-06 5.56098275588314e-06 3.1437013541419e-06 1.72935137504566e-06 9.42287728603477e-07 4.84973836656672e-07 2.92461552023544e-07 1.91351175831604e-07 1.07847978645342e-07 8.93832886565491e-08 7.11031214280616e-08 5.4081894102081e-08 3.90858818759762e-08 2.70787686855772e-08 1.78500569019805e-08 1.11957190771008e-08 6.68137850580866e-09 3.79386483272809e-09 2.04974260070973e-09 1.05370367828341e-09 5.15394002053059e-10 2.39862258918831e-10 1.06215078368244e-10 4.47519664709704e-11 0 0 0 0 0 0 0 0 0 0 0 0 0 0 0 0 0 0 0 0 0 0 0 0 0 0 0 0 0 0 0 0 0 0 0 0 0 0 0 0 0 0 0 0 0 0 0 0 0 0 0 0 0 0 0 0 0 0 0 0 0 0 0 0 0
0 0 7.43290882911072e-08 1.71747792694566e-07 3.7759411573718e-07 8.71267694467022e-07 1.75817115947659e-06 3.38187713713241e-06 6.20270523285635e-06 1.08520220002258e-05 1.81046947199441e-05 2.88181261214059e-05 4.37771163631205e-05 6.34820780144641e-05 8.79011207658537e-05 0.000116249923625715 0.000146878514640644 0.000177336337992598 0.00020464884742314 0.000225777436242204 0.000238169559364477 0.000240262998198252 0.000231808713700156 0.000213915633095487 0.00018881750079332 0.000159416527667851 0.00012873996266923 9.94447000620825e-05 7.34776394774362e-05 5.19397597919041e-05 3.51392818186112e-05 2.27745042531987e-05 1.41702596336379e-05 8.5013881731839e-06 4.96160776956625e-06 2.86398871986952e-06 1.68049031368203e-06 9.82507747162203e-07 6.73730219464734e-07 4.98813189801386e-07 3.46072150376736e-07 2.89570308892507e-07 2.32369221238338e-07 1.78240034965454e-07 1.29938507354327e-07 9.07340023174142e-08 6.02842633156688e-08 3.81100521690802e-08 2.29232834043849e-08 1.31194551548327e-08 7.14424715059362e-09 3.70167969288193e-09 1.82491607980184e-09 8.56029348658142e-10 3.82063989710575e-10 1.62250204812205e-10 0 0 0 0 0 0 0 0 0 0 0 0 0 0 0 0 0 0 0 0 0 0 0 0 0 0 0 0 0 0 0 0 0 0 0 0 0 0 0 0 0 0 0 0 0 0 0 0 0 0 0 0 0 0 0 0 0 0 0 0 0 0 0 0 0
0 0 7.42528405109135e-08 1.72929317655464e-07 3.83200333944785e-07 8.93333648758878e-07 1.81753948689571e-06 3.52498206089851e-06 6.52014611198278e-06 1.15073957634962e-05 1.93623106936997e-05 3.10862911287059e-05 4.76354158870189e-05 6.96885597017576e-05 9.73613054604716e-05 0.000129935358439179 0.000165693196321674 0.000201945412257079 0.000235301085971787 0.000262164567413405 0.000279365455995583 0.000284771315771033 0.000277723385141357 0.000259159855470523 0.000231422576156084 0.000197770634822634 0.000161760656855707 0.000126646193211901 9.49330538246317e-05 6.8162997372964e-05 4.6924871173336e-05 3.10347079863239e-05 1.97994505606292e-05 1.22835152678763e-05 7.52287964016603e-06 4.66328487978559e-06 3.02557075582097e-06 2.04213123744397e-06 1.57546140275119e-06 1.28050354351873e-06 1.00260797399494e-06 8.47020127880861e-07 6.85736667975195e-07 5.30451762529573e-07 3.90038279070994e-07 2.74512815217629e-07 1.83831406904488e-07 1.17132791517145e-07 7.10131817016432e-08 4.09638855862896e-08 2.24835566445757e-08 1.17416890890374e-08 5.83442196098964e-09 2.75846062666582e-09 1.24090186912929e-09 5.31140946719796e-10 0 0 0 0 0 0 0 0 0 0 0 0 0 0 0 0 0 0 0 0 0 0 0 0 0 0 0 0 0 0 0 0 0 0 0 0 0 0 0 0 0 0 0 0 0 0 0 0 0 0 0 0 0 0 0 0 0 0 0 0 0 0 0 0 0
0 0 6.69759277044789e-08 1.57216271003495e-07 3.51138087619399e-07 8.27087016422792e-07 1.69662078648562e-06 3.31798473882473e-06 6.19151059925652e-06 1.10278191733451e-05 1.87177617207122e-05 3.03183965491364e-05 4.68784508385232e-05 6.92128072401463e-05 9.76069383149094e-05 0.00013152016656576 0.00016937820040115 0.00020854982568065 0.000245571778491623 0.000276621614021724 0.000298158665500973 0.00030758683951834 0.000303775155890002 0.000287262277976908 0.000260156618785396 0.000225686592943282 0.00018758117845464 0.000149424376124353 0.000114136932825516 8.36788111238762e-05 5.89915611796403e-05 4.013533392598e-05 2.65391528752672e-05 1.72794033703022e-05 1.13221422401128e-05 7.69573752839055e-06 5.5886065248021e-06 4.29689588372802e-06 3.62281207944338e-06 3.13133857101399e-06 2.62392170803633e-06 2.23767851098386e-06 1.82746000521129e-06 1.42550931516612e-06 1.05712900553166e-06 7.49905568768791e-07 5.06158883429917e-07 3.2506397623502e-07 1.98633510777213e-07 1.1548827358031e-07 6.38888329426057e-08 3.36289816284715e-08 1.68424075540547e-08 8.02594767014171e-09 3.63906799681889e-09 1.56994960755301e-09 0 0 0 0 0 0 0 0 0 0 0 0 0 0 0 0 0 0 0 0 0 0 0 0 0 0 0 0 0 0 0 0 0 0 0 0 0 0 0 0 0 0 0 0 0 0 0 0 0 0 0 0 0 0 0 0 0 0 0 0 0 0 0 0 0
0 0 5.45476196119142e-08 1.29055867342354e-07 2.90523588458886e-07 6.91456142031937e-07 1.43009363298786e-06 2.82051948019378e-06 5.31431132903451e-06 9.56043586923286e-06 1.63762356922554e-05 2.67748616492193e-05 4.17992082155083e-05 6.23286594075195e-05 8.88063569476961e-05 0.000120948196072614 0.00015751412835547 0.000196232686399902 0.000233949122431261 0.000267012997936303 0.000291852124995896 0.000305607767582731 0.000306690587343858 0.000295045475565714 0.00027219352347068 0.000240886448517293 0.000204580358749776 0.000166828296297038 0.000130741923487511 9.86269171153174e-05 7.18342148832133e-05 5.08079526111551e-05 3.5269547181609e-05 2.44634865229566e-05 1.74002263864801e-05 1.30545531689249e-05 1.05023688756475e-05 8.9026850272545e-06 7.95880103586719e-06 7.14526395831639e-06 6.22055544815768e-06 5.35081539337716e-06 4.40556786796307e-06 3.46393289576906e-06 2.58981660983238e-06 1.85126131346269e-06 1.25919623664466e-06 8.14961969455328e-07 5.0187549138275e-07 2.94080741081141e-07 1.63963413510749e-07 8.69831982470236e-08 4.38997360296449e-08 2.10851773260538e-08 9.63594476734042e-09 4.18999053045376e-09 0 0 0 0 0 0 0 0 0 0 0 0 0 0 0 0 0 0 0 0 0 0 0 0 0 0 0 0 0 0 0 0 0 0 0 0 0 0 0 0 0 0 0 0 0 0 0 0 0 0 0 0 0 0 0 0 0 0 0 0 0 0 0 0 0
1.02972190170548e-08 1.57157305535037e-08 6.29347716324242e-08 1.27188645964562e-07 2.58494357024205e-07 5.7383808201211e-07 1.15020857443587e-06 2.2360881891142e-06 4.20597603493113e-06 7.59585630313155e-06 1.3085081652468e-05 2.15648437488928e-05 3.39883576924298e-05 5.12283336750721e-05 7.38528914247157e-05 0.000101869241966846 0.000134497540405425 0.000170051281667292 0.000205992123986214 0.000239186764693175 0.000266348000459665 0.000284568867040651 0.000291860652978164 0.000287440043128154 0.000271950523885332 0.000247272354461456 0.000216176346849881 0.000181838357377208 0.00014734084458155 0.000115263310715088 8.74256969687961e-05 6.48026810315588e-05 4.75859678227671e-05 3.53476663535291e-05 2.72514778869776e-05 2.22660587504703e-05 1.93491356631385e-05 1.749360378038e-05 1.6232719023139e-05 1.49338889787479e-05 1.33083572889783e-05 1.15468753687371e-05 9.58516643413381e-06 7.59700788575656e-06 5.72665268061767e-06 4.12529569027809e-06 2.82782697199968e-06 1.8445043257682e-06 1.14480047504041e-06 6.76080821263847e-07 3.79911563045551e-07 2.03132139689751e-07 1.03316823450007e-07 5.0016073135855e-08 2.30382683700204e-08 1.0096986367584e-08 0 0 0 0 0 0 0 0 0 0 0 0 0 0 0 0 0 0 0 0 0 0 0 0 0 0 0 0 0 0 0 0 0 0 0 0 0 0 0 0 0 0 0 0 0 0 0 0 0 0 0 0 0 0 0 0 0 0 0 0 0 0 0 0 0
3.14706718346034e-08 4.84109757161263e-08 9.74915710778949e-08 1.62695541645448e-07 2.77158246219406e-07 5.20671359996261e-07 9.45873648252919e-07 1.73078894703573e-06 3.16740775653578e-06 5.65429782831356e-06 9.71094566404421e-06 1.60710537672885e-05 2.55567532814409e-05 3.89918942794304e-05 5.70407312505812e-05 8.00031311812441e-05 0.000107608516520107 0.00013886288594161 0.000172007715820019 0.000204622067722454 0.000233893639686711 0.000257001689557495 0.000271599566036242 0.000276085357656154 0.000270030913703501 0.000254176278359536 0.000230326932532944 0.000201054001382523 0.000169282987239446 0.000137857076581092 0.000109157906744965 8.48469194320741e-05 6.57557516209705e-05 5.19217171645351e-05 4.2737859270458e-05 3.71730548519151e-05 3.40149881024531e-05 3.20139596837473e-05 3.04230304308278e-05 2.84536690435008e-05 2.57510487346112e-05 2.25259848173554e-05 1.88465236337499e-05 1.50540198349619e-05 1.14390384691209e-05 8.30335697936638e-06 5.73572306140927e-06 3.77026170921108e-06 2.35826313700083e-06 1.40359845675118e-06 7.94908931401808e-07 4.28362095601773e-07 2.19549059386689e-07 1.07125614113409e-07 4.97343863384843e-08 2.19695872597936e-08 0 0 0 0 0 0 0 0 0 0 0 0 0 0 0 0 0 0 0 0 0 0 0 0 0 0 0 0 0 0 0 0 0 0 0 0 0 0 0 0 0 0 0 0 0 0 0 0 0 0 0 0 0 0 0 0 0 0 0 0 0 0 0 0 0
8.88403422762638e-08 1.38236723639411e-07 2.20744072149434e-07 3.27706845369393e-07 4.77457953468744e-07 7.15879543299634e-07 1.07001943712293e-06 1.65408045917564e-06 2.68813889621596e-06 4.43116440747271e-06 7.26254979353437e-06 1.17681184341228e-05 1.86501396907115e-05 2.86888054312581e-05 4.2643832784145e-05 6.11025257444447e-05 8.4297436588699e-05 0.000111926486096353 0.000143020232329623 0.000175883030592325 0.000208190048525875 0.00023720130920032 0.000260179536502235 0.00027462345554869 0.000278927049093608 0.000272569781816661 0.000256289764467625 0.000232000393374339 0.000202486461583091 0.000170942803862286 0.000140454427914015 0.000113533079191624 9.17979175423025e-05 7.58501305191549e-05 6.534217975087e-05 5.9202078654508e-05 5.59494781291646e-05 5.39691751726953e-05 5.20936113842123e-05 4.92924058149481e-05 4.51042887120079e-05 3.97532165395662e-05 3.35062724933922e-05 2.69635988174142e-05 2.06479303858546e-05 1.50998783486577e-05 1.05096051189449e-05 6.96114526323911e-06 4.3876951538866e-06 2.63171798090758e-06 1.502045295866e-06 8.15750493645466e-07 4.21253494123284e-07 2.07170759123491e-07 9.69426961100112e-08 4.31621853725466e-08 0 0 0 0 0 0 0 0 0 0 0 0 0 0 0 0 0 0 0 0 0 0 0 0 0 0 0 0 0 0 0 0 0 0 0 0 0 0 0 0 0 0 0 0 0 0 0 0 0 0 0 0 0 0 0 0 0 0 0 0 0 0 0 0 0
2.48444061491441e-07 3.90210348634443e-07 5.9244047487662e-07 8.53299979568205e-07 1.17851377913394e-06 1.5827232560085e-06 2.06212916637377e-06 2.6727969773669e-06 3.57305395025834e-06 4.88893239726811e-06 6.90428811025096e-06 1.00982059793185e-05 1.51101380420079e-05 2.27309187417982e-05 3.38563406104009e-05 4.93751592836478e-05 6.99985879431923e-05 9.60501594336678e-05 0.000127246505860162 0.00016247991851439 0.000199765556214359 0.000236297772499593 0.000268822319053868 0.000293841716010936 0.000308521729595331 0.00031108229100757 0.000301250580689261 0.000280391288946743 0.000251299770832899 0.000217699688319135 0.000183558284347369 0.000152395452264839 0.000126732584666138 0.000107791013684114 9.54744216265301e-05 8.8601337934199e-05 8.53083586584881e-05 8.34767011477056e-05 8.13774332660914e-05 7.76304937672561e-05 7.160750228291e-05 6.35289213135994e-05 5.39051386810899e-05 4.36807476284654e-05 3.36959188097752e-05 2.48189241810467e-05 1.74012130589844e-05 1.16121073049551e-05 7.37470256773945e-06 4.45711822407456e-06 2.56348981642494e-06 1.40300315291806e-06 7.29805028105165e-07 3.61755372658423e-07 1.70617990928758e-07 7.6566069430284e-08 0 0 0 0 0 0 0 0 0 0 0 0 0 0 0 0 0 0 0 0 0 0 0 0 0 0 0 0 0 0 0 0 0 0 0 0 0 0 0 0 0 0 0 0 0 0 0 0 0 0 0 0 0 0 0 0 0 0 0 0 0 0 0 0 0
5.77346207255452e-07 9.14761426629003e-07 1.38513261165315e-06 1.996927176332e-06 2.74558504060117e-06 3.61467138310606e-06 4.55813624871721e-06 5.57101600127935e-06 6.7437290733897e-06 8.070243468559e-06 9.78112863122933e-06 1.22941136694008e-05 1.62614398124675e-05 2.25654029273963e-05 3.23105505761126e-05 4.67286287764342e-05 6.69963912891997e-05 9.39843629298545e-05 0.000127952166482092 0.000168173654112596 0.000212775526795309 0.000258662204834605 0.000301877703002669 0.000337821445166922 0.000362408929813246 0.000372670872019031 0.0003674706523198 0.000347821984968818 0.000316746630529363 0.000278702471273284 0.00023870598031363 0.000201403417329592 0.000170283373128551 0.000147202720017269 0.000132291059665404 0.000124200658627327 0.000120605978906933 0.000118790584336834 0.000116375453327291 0.000111542079389156 0.000103432472961574 9.22329461658272e-05 7.86969824432763e-05 6.41576731071129e-05 4.98228217744996e-05 3.69413874285804e-05 2.60802857594971e-05 1.75282044021111e-05 1.12132620646718e-05 6.8273214712156e-06 3.95624915093342e-06 2.18171797458644e-06 1.1426682973749e-06 5.70865961543038e-07 2.71362961571096e-07 1.22735278065606e-07 4.05493233921667e-11 0 0 0 0 0 0 0 0 0 0 0 0 0 0 0 0 0 0 0 0 0 0 0 0 0 0 0 0 0 0 0 0 0 0 0 0 0 0 0 0 0 0 0 0 0 0 0 0 0 0 0 0 0 0 0 0 0 0 0 0 0 0 0 0
1.2201213460286e-06 1.95051659793257e-06 2.97349901772978e-06 4.31981631543531e-06 5.97872180463676e-06 7.89804759157457e-06 9.96504993137815e-06 1.2084591184711e-05 1.42348417711497e-05 1.62507620564763e-05 1.83164650930886e-05 2.08104675413063e-05 2.44663203421746e-05 3.03455787438888e-05 3.98548469118072e-05 5.46402201547265e-05 7.63593959200505e-05 0.000106375378329884 0.000145363657814843 0.000192778126105202 0.000246631619572226 0.000303319609587588 0.00035800834826301 0.000404917337237316 0.000438719391331813 0.000455357814417416 0.000452998930947325 0.000432500081358476 0.00039729238449733 0.000352714666017564 0.000304918960359244 0.000259713852297413 0.000221554048100613 0.00019291442145492 0.000174137788651332 0.000163712670031428 0.000158868392757715 0.000156308173851634 0.000153024603750375 0.000146743107379798 0.000136340514648784 0.000121924097719114 0.000104429264873366 8.55386725065479e-05 6.68012305755604e-05 4.98192152966824e-05 3.53935623194305e-05 2.39458161045479e-05 1.54246991034758e-05 9.45808766091221e-06 5.52059647214884e-06 3.066923574016e-06 1.61624157342938e-06 8.13797679518514e-07 3.89879361400022e-07 1.77724616782721e-07 1.51141050308145e-10 0 0 0 0 0 0 0 0 0 0 0 0 0 0 0 0 0 0 0 0 0 0 0 0 0 0 0 0 0 0 0 0 0 0 0 0 0 0 0 0 0 0 0 0 0 0 0 0 0 0 0 0 0 0 0 0 0 0 0 0 0 0 0 0
2.35158052656738e-06 3.79406067615107e-06 5.83627426950856e-06 8.558550312722e-06 1.19558939386438e-05 1.59353344893137e-05 2.0280524143401e-05 2.47406219221868e-05 2.90882791118504e-05 3.29238033230414e-05 3.63270748227157e-05 3.96104342653879e-05 4.36230455521733e-05 4.96788010646753e-05 5.95851318277282e-05 7.54978735796001e-05 9.96035460438964e-05 0.000133743838991125 0.000178929652690353 0.000234646966307794 0.000298632982646742 0.000366630207348678 0.000432829891020232 0.000490274870305247 0.000532459468345413 0.000554363923210861 0.000553600169772902 0.000530990438687363 0.000490442177662786 0.000438185460414426 0.000381449582634171 0.000327119385495256 0.000280532212890158 0.000244731941469133 0.00022028923213156 0.00020561371185424 0.00019763156601478 0.000192630191565855 0.000187140199196902 0.000178526036874931 0.00016542632075136 0.000147830859701568 0.00012674975806894 0.000104082192075188 8.1598967904422e-05 6.11245792548994e-05 4.3650189860212e-05 2.97021932246648e-05 1.9251292095535e-05 1.18809226073694e-05 6.98197708775361e-06 3.90596797093534e-06 2.06876378451658e-06 1.04971711397609e-06 5.06807964708983e-07 2.32820371455458e-07 5.0916949225033e-10 0 0 0 0 0 0 0 0 0 0 0 0 0 0 0 0 0 0 0 0 0 0 0 0 0 0 0 0 0 0 0 0 0 0 0 0 0 0 0 0 0 0 0 0 0 0 0 0 0 0 0 0 0 0 0 0 0 0 0 0 0 0 0 0
4.12786056248575e-06 6.72173629993464e-06 1.04381553733776e-05 1.54559963330292e-05 2.1804528233792e-05 2.93549014042998e-05 3.77473873294623e-05 4.64747194289238e-05 5.4966549632057e-05 6.24547362610099e-05 6.877625829497e-05 7.40840179385532e-05 7.93196239485756e-05 8.60864404897744e-05 9.66762773083687e-05 0.000113858469637039 0.000140415862687629 0.000178688918171872 0.000229987673083148 0.000293747338565457 0.000367353086004139 0.000445860819618887 0.000522517151596434 0.000589315136917118 0.000638732249647068 0.000664953498248551 0.000665152371302366 0.000640139277047944 0.000594210014659328 0.000534321537723583 0.000468545473561578 0.000404619746415426 0.000348597511548935 0.000304015551574402 0.000271716732807384 0.000250192091419668 0.000236314855694619 0.00022624837935523 0.000216353716671912 0.000203839553728203 0.000187209227610255 0.000166328280673084 0.000142165158268071 0.000116635811074302 9.15449978315118e-05 6.87225631318553e-05 4.92386757867691e-05 3.36479415773296e-05 2.19172620691586e-05 1.359916658396e-05 8.03940611945716e-06 4.52585317377028e-06 2.40448574413481e-06 1.22920717777313e-06 5.9793310152433e-07 2.76753831383676e-07 1.550364811497e-09 0 0 0 0 0 0 0 0 0 0 0 0 0 0 0 0 0 0 0 0 0 0 0 0 0 0 0 0 0 0 0 0 0 0 0 0 0 0 0 0 0 0 0 0 0 0 0 0 0 0 0 0 0 0 0 0 0 0 0 0 0 0 0 0
6.62761405004851e-06 1.0894515797182e-05 1.70841549637907e-05 2.55502911209712e-05 3.64133497147098e-05 4.95401023982867e-05 6.4404497165832e-05 8.01235202425099e-05 9.56240412587719e-05 0.000109576649319416 0.000121353336555534 0.000130774359220091 0.000138770890828391 0.000147213531663284 0.000158925341387955 0.000177382504479386 0.000206036411556558 0.000247763548893937 0.000304158841442889 0.000374567701483107 0.000456004714803806 0.000542895722526261 0.000627697256126404 0.000701611115952169 0.000756390743946858 0.000785683723057959 0.000786366372959421 0.000759208715807987 0.000708687092010487 0.00064217026219546 0.000568173044798994 0.00049493382835631 0.00042897689428478 0.000374225357862381 0.000331852597502102 0.000300631230157273 0.000277682833132936 0.000259395365927847 0.000242307514575309 0.00022373317403284 0.000202196232324637 0.00017747706019863 0.000150418763632131 0.00012274942059367 9.61136871752724e-05 7.21078202014488e-05 5.17311659882828e-05 3.54598615577469e-05 2.32036894156908e-05 1.44797437290199e-05 8.62358194402088e-06 4.89808454384781e-06 2.61647874961605e-06 1.35611542366296e-06 6.70396158158843e-07 3.16303218394077e-07 1.34450954481187e-08 5.16912278138741e-09 2.77495954471502e-09 1.41951738416636e-09 6.76106110749222e-10 3.15164818424002e-10 1.39785555705589e-10 5.89913803244816e-11 0 0 0 0 0 0 0 0 0 0 0 0 0 0 0 0 0 0 0 0 0 0 0 0 0 0 0 0 0 0 0 0 0 0 0 0 0 0 0 0 0 0 0 0 0 0 0 0 0 0 0 0 0 0 0 0 0
9.8091279584134e-06 1.6247939453513e-05 2.56966067117903e-05 3.87809038239379e-05 5.58016457772971e-05 7.66942291647095e-05 0.000100791173515796 0.000126741431924418 0.000152841641829975 0.000176992992868135 0.000197837812936871 0.000214628657342578 0.000228097215392298 0.000240276907236503 0.000254494425717686 0.000274972411177431 0.000305867675378596 0.000350606243370738 0.000411033744853495 0.000486365355871391 0.000573227624561074 0.000665503278923101 0.000755084886019243 0.000832735621319459 0.000889906433283177 0.000920090457551012 0.000920103702748663 0.000890691384649196 0.000836285897251353 0.000764297654471215 0.000683198145728703 0.000601299485782781 0.000525303979575788 0.000459386480827404 0.000405098816163772 0.000361681100762492 0.000326772083357333 0.000297285826993559 0.000270231717590578 0.000243249922881607 0.000215033836996456 0.000185355681488162 0.000154908885511756 0.000125099438630147 9.72920416473832e-05 7.26775907605337e-05 5.20519948019253e-05 3.57154827779293e-05 2.34526540750008e-05 1.47136091996049e-05 8.83734410767473e-06 5.07649934304125e-06 2.73297783376693e-06 1.44526268301379e-06 7.32369250162772e-07 3.56193878780367e-07 4.15196907312561e-08 1.75353156214988e-08 9.48442034035176e-09 4.88857011861826e-09 2.3435815349609e-09 1.10109840973282e-09 4.92236595699107e-10 2.09374292514057e-10 0 0 0 0 0 0 0 0 0 0 0 0 0 0 0 0 0 0 0 0 0 0 0 0 0 0 0 0 0 0 0 0 0 0 0 0 0 0 0 0 0 0 0 0 0 0 0 0 0 0 0 0 0 0 0 0 0
1.33410165996655e-05 2.22622566788433e-05 3.55050698872272e-05 5.40699193065345e-05 7.85546315428067e-05 0.000109082726309714 0.000144939412357917 0.000184289448327634 0.000224758628503661 0.000263316516094576 0.000297630510233625 0.000326126646715005 0.000349076641799501 0.000368481014135051 0.000388042097266739 0.000412678899242372 0.00044722783760163 0.000495631172852329 0.000559911913273763 0.000639084566532939 0.000729323368315569 0.000824011788866521 0.000914682797130976 0.000992015208710869 0.00104763829417125 0.00107537674888744 0.00107235589827408 0.0010394445734429 0.000980915894522144 0.0009039249376033 0.000816443275253367 0.000726435861279417 0.000640485044451783 0.000562863280161543 0.000495519401907788 0.000438291321913578 0.000389508664716939 0.000346786432448271 0.000307751769589038 0.000270459983248863 0.000233839543079749 0.000197727877097635 0.000162685987378359 0.000129775010429689 0.000100083855040976 7.4365184819647e-05 5.31579319644906e-05 3.65500673291647e-05 2.41534754255552e-05 1.53057795127167e-05 9.3418031563764e-06 5.48588446406276e-06 3.02327428256476e-06 1.66175416686796e-06 8.83101619175057e-07 4.54666337305573e-07 1.17841726419596e-07 5.37160979903511e-08 2.92719395747517e-08 1.52020878804742e-08 7.33494182194187e-09 3.47348908748438e-09 1.56508128894275e-09 6.70979968863175e-10 0 0 0 0 0 0 0 0 0 0 0 0 0 0 0 0 0 0 0 0 0 0 0 0 0 0 0 0 0 0 0 0 0 0 0 0 0 0 0 0 0 0 0 0 0 0 0 0 0 0 0 0 0 0 0 0 0
1.68732725209218e-05 2.82958700522604e-05 4.54248929781529e-05 6.97119533538975e-05 0.000102168571694068 0.000143252723617865 0.00019236893889633 0.000247303796821846 0.00030511487554083 0.000361811205786996 0.000413956400310361 0.000458944767141872 0.000496309320879963 0.000527745407064146 0.000557086539706503 0.000589767467852793 0.000631178595510364 0.000685671178078909 0.000755326152133991 0.000838854340590782 0.000931853938009295 0.00102716659084738 0.00111606076255806 0.00118937340056444 0.00123932607297503 0.00126056666172523 0.00125099221332966 0.00121190740925834 0.00114751741736475 0.00106462292770146 0.000970407657269451 0.000872178465664527 0.000776154758217685 0.000686552165205405 0.000605693700624989 0.000534064735520299 0.000470735307339224 0.000414039613239533 0.000362193235101915 0.00031358377568809 0.0002673105255577 0.000223307377736275 0.000182014915600844 0.000144231283686239 0.000110891422383823 8.24317577873619e-05 5.91904367233789e-05 4.10971333316353e-05 2.75972542560288e-05 1.78785946827982e-05 1.12542288729446e-05 6.87613969245588e-06 3.98227268233643e-06 2.31995101065114e-06 1.31742330391849e-06 7.29067260347421e-07 3.06553958059001e-07 1.48590616774303e-07 8.15793783375159e-08 4.26880415427211e-08 2.07283474212047e-08 9.89366365062195e-09 4.49315395604744e-09 1.94154362375519e-09 0 0 0 0 0 0 0 0 0 0 0 0 0 0 0 0 0 0 0 0 0 0 0 0 0 0 0 0 0 0 0 0 0 0 0 0 0 0 0 0 0 0 0 0 0 0 0 0 0 0 0 0 0 0 0 0 0
2.01527110387585e-05 3.3793797980126e-05 5.43966889763898e-05 8.38809789451848e-05 0.000123747978855938 0.000174919828922981 0.000237123678647196 0.000307996812576069 0.000384282073801324 0.000461185066000955 0.000534226262229969 0.000599692537881655 0.000656151721746843 0.000704688347074079 0.000748922518807118 0.000794485355368759 0.000847088128993738 0.000911322332762366 0.000989211315785464 0.0010790993769386 0.00117591579798368 0.00127189610857363 0.00135803372610938 0.00142539238334607 0.00146699464145377 0.001478633415351 0.00145936120340585 0.00141126681001048 0.00133872898667206 0.0012482901514438 0.00114628480858312 0.00103922205122418 0.000932821268062614 0.000831123288674714 0.00073678254627555 0.000650927734390999 0.0005733373091215 0.000502986512393479 0.000438534195393125 0.00037850319136231 0.000321992323019116 0.000268996764747198 0.000219797102030319 0.000175055082010971 0.000135718763216132 0.000102127860286425 7.45630417564071e-05 5.29283296788856e-05 3.65798113593853e-05 2.45532919453646e-05 1.61351355257325e-05 1.03621802514845e-05 6.38732415969585e-06 3.93965646671781e-06 2.37214146978695e-06 1.39007962613027e-06 7.28983857466276e-07 3.7117299849128e-07 2.05304822488974e-07 1.08241107585709e-07 5.28912808482352e-08 2.54448411771141e-08 1.16470811072455e-08 5.07266462711293e-09 0 0 0 0 0 0 0 0 0 0 0 0 0 0 0 0 0 0 0 0 0 0 0 0 0 0 0 0 0 0 0 0 0 0 0 0 0 0 0 0 0 0 0 0 0 0 0 0 0 0 0 0 0 0 0 0 0
2.32267105484572e-05 3.86221285663274e-05 6.19109599120248e-05 9.54153491214056e-05 0.000141121825788921 0.000200476803603958 0.000273708648620415 0.000358608604979761 0.000451962814081487 0.000548512031782254 0.00064300598864996 0.000730727821618114 0.000809178259928765 0.000878559603767101 0.000941890857172795 0.00100457956432351 0.00107234312923349 0.00114981944607966 0.00123892756376376 0.00133771712062588 0.00144051637470134 0.00153899482893219 0.00162383549952893 0.00168623521071519 0.00171993080044895 0.00172184053129188 0.00169225796886594 0.00163422407884542 0.00155251653558382 0.00145360414128156 0.00134311388650684 0.0012267990043987 0.00110987694865784 0.000996168514468537 0.000888627880889396 0.000789014369371166 0.000697774721736287 0.000614453016196738 0.00053801670614222 0.000466939771106996 0.000400130506326031 0.000337566133235085 0.000279254890179492 0.000225812294962945 0.000178303510650019 0.0001371775724232 0.000102813492492619 7.52456572657842e-05 5.38755082961819e-05 3.76387449780649e-05 2.58257601162775e-05 1.73555035689166e-05 1.12807507595767e-05 7.25523539135231e-06 4.54433462711083e-06 2.76025618440591e-06 1.58081414022886e-06 8.37262250755054e-07 4.66562179035802e-07 2.47835031369687e-07 1.21858236566501e-07 5.90872457582067e-08 2.72605302686141e-08 1.19667590736656e-08 0 0 0 0 0 0 0 0 0 0 0 0 0 0 0 0 0 0 0 0 0 0 0 0 0 0 0 0 0 0 0 0 0 0 0 0 0 0 0 0 0 0 0 0 0 0 0 0 0 0 0 0 0 0 0 0 0
2.66304824974131e-05 4.34129109080934e-05 6.86002680705237e-05 0.000104770587302266 0.000154286849478921 0.000219065843210465 0.000299914986177043 0.000395060219050032 0.000501689047735437 0.000614514980077598 0.000727944052149088 0.000836530961914741 0.000936774977138669 0.00102783401990771 0.00111178380821261 0.00119337123584616 0.00127797841114987 0.00137011626177552 0.00147166632172882 0.00158065573568764 0.00169115584563407 0.00179456385163907 0.0018813522308835 0.00194272362579658 0.00197279409102318 0.00196918891598365 0.00193306851277849 0.00186818541538174 0.00177967856535186 0.00167399891127944 0.00155626380105554 0.00143161138167835 0.00130486821736636 0.00117968464159697 0.00105933621658531 0.000946254924868187 0.000841598503971172 0.00074552783365197 0.000657335075335757 0.00057542376225202 0.000498423024734045 0.000426217855999368 0.000358379840928202 0.000295462702970339 0.000238589122647087 0.000188388235061232 0.000145404972170094 0.00010990398851813 8.1479261409656e-05 5.90723161648856e-05 4.20562729857864e-05 2.93030766082e-05 1.9802902407114e-05 1.31164569880922e-05 8.43576565004248e-06 5.24510116824091e-06 3.11954503184706e-06 1.7054891351995e-06 9.57443942612353e-07 5.12411839039073e-07 2.53499492056337e-07 1.23890825990653e-07 5.76106663716804e-08 2.54899124695423e-08 0 0 0 0 0 0 0 0 0 0 0 0 0 0 0 0 0 0 0 0 0 0 0 0 0 0 0 0 0 0 0 0 0 0 0 0 0 0 0 0 0 0 0 0 0 0 0 0 0 0 0 0 0 0 0 0 0
3.11901828148694e-05 4.93361018174298e-05 7.60144880395069e-05 0.000113857586977438 0.000165400194669625 0.000232851318675544 0.000317526424291325 0.000418247562308144 0.00053285024027355 0.000656438067338703 0.000783545992089179 0.000908387632413507 0.00102669330746188 0.00113657831732829 0.00123896745547537 0.00133759230978382 0.00143719189511207 0.0015420167002604 0.00165406393260484 0.0017717680847481 0.00188955457146143 0.00199914558088964 0.00209116459578803 0.00215683841857256 0.00219026721032836 0.0021891066964083 0.00215459560947168 0.00209049449228368 0.00200185873750668 0.00189487062646061 0.00177421119168061 0.00164450403414323 0.00151032195241294 0.00137524942659017 0.00124294803939966 0.00111662473360451 0.000998300189691259 0.000888960925546767 0.000788463709119202 0.000695377589516352 0.000608167928516448 0.00052662698627353 0.000449746438908312 0.000377889544682125 0.000311984167504395 0.000252706959837123 0.000200669984434912 0.000156343259166189 0.000119609114397093 8.9547481811723e-05 6.57296879675695e-05 4.71309814110558e-05 3.27819538367242e-05 2.22023348880205e-05 1.45626622266278e-05 9.21289684694508e-06 5.59243661838802e-06 3.13719101873549e-06 1.77424065179779e-06 9.56672309370162e-07 4.76157574685243e-07 2.34550276819498e-07 1.09931688223567e-07 4.90243157066188e-08 0 0 0 0 0 0 0 0 0 0 0 0 0 0 0 0 0 0 0 0 0 0 0 0 0 0 0 0 0 0 0 0 0 0 0 0 0 0 0 0 0 0 0 0 0 0 0 0 0 0 0 0 0 0 0 0 0
3.75905995112077e-05 5.75105124911773e-05 8.58635968056776e-05 0.000125126618942827 0.00017774911599141 0.00024596343681854 0.00033137429015568 0.000433382247794957 0.000550527592095013 0.000678585626079745 0.000812612666079162 0.000946887198820084 0.00107672287874432 0.00119937307116322 0.00131460320632575 0.00142494587016625 0.00153428048822114 0.00164649925530285 0.00176386512728001 0.00188565381848749 0.00200735431378006 0.00212179330605935 0.00222035906197517 0.00229458215421244 0.00233832642265643 0.00234863220925464 0.00232588054591289 0.00227286399815269 0.00219377178801461 0.00209394433191152 0.00197747019261922 0.00184840891251976 0.00171114376749227 0.00156927754713894 0.00142691071336818 0.00128812640934432 0.00115600561884455 0.00103265674314158 0.000918909468597232 0.000813959293277319 0.000716442703802716 0.000626177387671211 0.000541544294273627 0.000462537993074484 0.000389519526171786 0.000322908236342005 0.000263111651944064 0.000210635267830243 0.000165640330770464 0.000127454863792786 9.59632182636879e-05 7.043722970067e-05 5.009828225395e-05 3.45486018081468e-05 2.30229916826316e-05 1.47726713148378e-05 9.09519834645581e-06 5.21125220228784e-06 2.96899191995152e-06 1.61285935054213e-06 8.07561676648719e-07 4.00944398895264e-07 1.89406245742084e-07 8.51346071333322e-08 0 0 0 0 0 0 0 0 0 0 0 0 0 0 0 0 0 0 0 0 0 0 0 0 0 0 0 0 0 0 0 0 0 0 0 0 0 0 0 0 0 0 0 0 0 0 0 0 0 0 0 0 0 0 0 0 0
4.57899786629434e-05 6.81370806430862e-05 9.87900561865329e-05 0.00013990294236675 0.000193595536088115 0.000261832304575766 0.000346195377219487 0.000446476934615494 0.000561781595716718 0.000688643176144315 0.000822865059766456 0.000959129522104973 0.00109273106502645 0.00122038745940605 0.00134090578971101 0.00145564905150367 0.00156754861091115 0.0016800610518369 0.0017957620904708 0.00191501834758123 0.00203493414690787 0.00215014719884311 0.00225350450736241 0.00233734531793164 0.00239539303868632 0.00242374295025139 0.00242119700955921 0.00238869141003951 0.00232870243965977 0.00224501615241315 0.00214078672873846 0.00201930507768006 0.00188470692273867 0.00174061288030847 0.0015915366262738 0.00144243698906124 0.00129756752570706 0.00116037729968792 0.00103306935806071 0.000915986155955139 0.000808394420598843 0.00071036608925641 0.000619819364962621 0.000536260835762876 0.000459151171388121 0.000388304261792593 0.000323563060107871 0.000265198875062426 0.000213521694944916 0.000168140759428146 0.000129313780424922 9.67720037103273e-05 7.00745756593184e-05 4.90645586997486e-05 3.31375100318625e-05 2.15225928536818e-05 1.34045100374143e-05 7.81724593160485e-06 4.48647115813353e-06 2.45539157117888e-06 1.23666509863792e-06 6.18847657654502e-07 2.94657224657267e-07 1.33491044654848e-07 0 0 0 0 0 0 0 0 0 0 0 0 0 0 0 0 0 0 0 0 0 0 0 0 0 0 0 0 0 0 0 0 0 0 0 0 0 0 0 0 0 0 0 0 0 0 0 0 0 0 0 0 0 0 0 0 0
5.46612709947305e-05 7.99092895191206e-05 0.000113452690648613 0.000157038363215964 0.000212291460671026 0.000280678330510797 0.000363446697374307 0.000460495257238003 0.000571217483823181 0.000692806984718299 0.00082184469686541 0.000953629076650406 0.00108379056055331 0.00120890387529557 0.00132717390925874 0.00143901698101574 0.00154646836202267 0.00165249506890974 0.00175989235974431 0.0018700786973178 0.00198196850465197 0.00209239238317226 0.00219618290060903 0.00228704063435162 0.00235892512638005 0.00240709018489215 0.00242850606871428 0.00242177494269217 0.00238706411597501 0.00232602431570209 0.00224050206995499 0.00213276390862113 0.00200655750202559 0.00186544460443373 0.00171424080589331 0.00155862556250174 0.00140394825815611 0.00125498147839956 0.00111548109910375 0.00098728445803965 0.000870690899302241 0.000766290479514047 0.000671858162735825 0.000586444289936168 0.000508484184118476 0.000436968816769638 0.000370874953319871 0.00030996885582003 0.000254496576560436 0.000204274812618497 0.000159894241161119 0.000121596664854178 8.93561892696675e-05 6.33847805551908e-05 4.33081922492266e-05 2.84315134936847e-05 1.78878417773123e-05 1.0589676120928e-05 6.12212586901615e-06 3.37549753178019e-06 1.70993620172307e-06 8.62451638664646e-07 4.13896059391812e-07 1.88994657091713e-07 0 0 0 0 0 0 0 0 0 0 0 0 0 0 0 0 0 0 0 0 0 0 0 0 0 0 0 0 0 0 0 0 0 0 0 0 0 0 0 0 0 0 0 0 0 0 0 0 0 0 0 0 0 0 0 0 0
6.21639713879832e-05 9.01544334636856e-05 0.000126571551054182 0.000172772097999562 0.000229849824631541 0.000298673421397269 0.000379943451107381 0.000473388179551673 0.000578381968988855 0.000692556873202929 0.000813131212208429 0.000936075401263451 0.00105758154932036 0.00117442733500591 0.00128461209064003 0.00138793637503724 0.00148570654267884 0.00158038890265608 0.00167481490291997 0.00177117307596399 0.00187000178255647 0.00197028507872764 0.00206903285591249 0.00216170894456625 0.00224300232090313 0.00230777689660139 0.00235142150245984 0.00237026029716609 0.00236198634211438 0.00232585699058808 0.00226214868400796 0.00217191390991023 0.00205836427364403 0.00192490802137313 0.00177652433343941 0.00161934642584853 0.00145955794582213 0.00130296338709912 0.00115471127752361 0.00101813987559572 0.000894752174100406 0.000785843347702428 0.000689442914668088 0.000604343641273398 0.000528128177925133 0.00045899502340493 0.000394953742168917 0.000335100226415976 0.00027940024071573 0.000227711877125372 0.000180808331467596 0.000139336806626488 0.000103646355044345 7.43529717881855e-05 5.13205150975196e-05 3.40159915351698e-05 2.16006122764627e-05 1.2955070502022e-05 7.54402912075499e-06 4.19034200469079e-06 2.1348094147387e-06 1.08526838440644e-06 5.24948729356949e-07 2.41600774093018e-07 0 0 0 0 0 0 0 0 0 0 0 0 0 0 0 0 0 0 0 0 0 0 0 0 0 0 0 0 0 0 0 0 0 0 0 0 0 0 0 0 0 0 0 0 0 0 0 0 0 0 0 0 0 0 0 0 0
6.60772039136492e-05 9.57887098360027e-05 0.00013409933028999 0.000182083341247789 0.000240404294781364 0.000309395388046805 0.000389166160758715 0.000479104930367572 0.000578331479946695 0.000684662312317039 0.000795705489359121 0.000908005916638351 0.00101835459074072 0.00112392384074715 0.00122280921896228 0.00131451127434849 0.00139982653296047 0.00148076489080175 0.00156001726033474 0.00164017618218866 0.00172298616457143 0.00180922402955374 0.00189793535792361 0.00198649594512686 0.00207075542539701 0.00214577818420677 0.00220595918532864 0.00224582272157091 0.00226082176764984 0.00224790033780978 0.00220565565094374 0.00213385128792539 0.00203505864318037 0.00191248017016878 0.00177117999616283 0.00161748665756667 0.00145808709140145 0.00129936140918065 0.00114739012177097 0.00100665244177035 0.000879706677409306 0.000768563458103261 0.000671838105349261 0.00058835923383001 0.00051528492103299 0.000450312611926058 0.000390652478150655 0.000334743840934956 0.000282141870472338 0.000232549045804951 0.000186701672486957 0.00014541093166336 0.000109242068302763 7.91279329071036e-05 5.51035735303096e-05 3.6837237392041e-05 2.35936021260472e-05 1.43136097601057e-05 8.3948026082856e-06 4.69740207149459e-06 2.40652130813993e-06 1.23307914019881e-06 6.01165273783228e-07 2.78867893222515e-07 0 0 0 0 0 0 0 0 0 0 0 0 0 0 0 0 0 0 0 0 0 0 0 0 0 0 0 0 0 0 0 0 0 0 0 0 0 0 0 0 0 0 0 0 0 0 0 0 0 0 0 0 0 0 0 0 0
6.49548239600881e-05 9.46465881687634e-05 0.000132979758075023 0.000180904146295188 0.000238856405048298 0.00030683531438029 0.000384498136683511 0.000470887043167094 0.000564777854977128 0.000663973860202932 0.000766203609944549 0.000868378497101135 0.000967736210044321 0.00106182676855188 0.00114895144622137 0.00122850048851847 0.00130094765746816 0.00136792486404618 0.00143187863120368 0.00149550786614662 0.00156131429543799 0.00163138372723414 0.00170645315273991 0.00178572780005311 0.00186648680337816 0.00194452910175382 0.00201395801831751 0.00206818513914136 0.0021009114993809 0.00210708787516875 0.00208364643766765 0.00202907463897556 0.0019452348918352 0.00183510896474845 0.00170384926096919 0.00155782113854256 0.00140394361785076 0.00124873304325116 0.00109861224247328 0.000958613284360545 0.000831937029504336 0.000721121197339813 0.000625511956965902 0.000544246132179856 0.00047458535728065 0.000414166407431024 0.000359789810030703 0.00030942863859984 0.000262233823617663 0.000217600950170075 0.000176017303255519 0.000138162216903614 0.00010459310998007 7.63750204099826e-05 5.35943291889934e-05 3.60970114946239e-05 2.33055964868045e-05 1.4284605102432e-05 8.43579548510424e-06 4.75515429862956e-06 2.44946767759671e-06 1.26501638279389e-06 6.21616139886181e-07 2.90636469678898e-07 0 0 0 0 0 0 0 0 0 0 0 0 0 0 0 0 0 0 0 0 0 0 0 0 0 0 0 0 0 0 0 0 0 0 0 0 0 0 0 0 0 0 0 0 0 0 0 0 0 0 0 0 0 0 0 0 0
5.87662343732184e-05 8.64415144242135e-05 0.000122508214165534 0.000167942754399687 0.000223188142590965 0.000288177222582508 0.000362386609944683 0.000444664548775964 0.000533523877404666 0.000626682465890109 0.000721793893839462 0.000815903437574322 0.000906428226239115 0.000991100224328671 0.00106832500765881 0.00113738522153833 0.00119850156656605 0.00125296952838385 0.00130293522891731 0.00135101437806767 0.00140010171104392 0.0014531447708415 0.00151218437537224 0.00157805110164513 0.00164958112940423 0.00172372119524222 0.00179497501219782 0.00185639440204619 0.00190055996589369 0.00192089846254669 0.0019127867798595 0.00187348012269521 0.00180404119357606 0.00170716663262455 0.00158808947438388 0.00145312267457192 0.00130923152682651 0.00116275794358131 0.00101992313134799 0.000885690657669058 0.000763372847284971 0.00065570640975287 0.000562696583628729 0.00048394965952481 0.000417291934629801 0.00036074717980835 0.000311206306042195 0.000266492012308293 0.000225498661342141 0.000187272437017418 0.000151923382548401 0.000119750314350219 9.10910158148368e-05 6.6921140933953e-05 4.72474531504543e-05 3.20141413112239e-05 2.08228141091358e-05 1.28806884332319e-05 7.6551286846948e-06 4.34682556101491e-06 2.25115352516452e-06 1.17179798959438e-06 5.80366155355945e-07 2.73497337634187e-07 0 0 0 0 0 0 0 0 0 0 0 0 0 0 0 0 0 0 0 0 0 0 0 0 0 0 0 0 0 0 0 0 0 0 0 0 0 0 0 0 0 0 0 0 0 0 0 0 0 0 0 0 0 0 0 0 0
4.88722774283632e-05 7.28380606187751e-05 0.00010456917169949 0.000145159680457992 0.000195241307302713 0.000254923110926808 0.000323808758347049 0.000400799879486984 0.000484364064722497 0.000572212133283566 0.000661875833599136 0.000750382532203267 0.000835077456106852 0.000913614478451421 0.00098427279503802 0.00104607404428073 0.00109890980685609 0.00114368070914697 0.00118214859610887 0.00121669888375645 0.00125032865334589 0.00128647104746838 0.0013281082625125 0.00137744122411148 0.00143488231701605 0.00149881102290183 0.00156475328985291 0.00162615478122247 0.00167521250560809 0.0017044345467729 0.00170790390240395 0.00168174571054178 0.00162611927583471 0.00154327113411404 0.00143838412170629 0.00131759023729126 0.00118772043945895 0.00105474357047866 0.000924265195861257 0.000800671364789807 0.00068689003005141 0.000585489996040896 0.000496899640880118 0.000421218677597215 0.00035711965945206 0.000303349385487149 0.000257366168931379 0.000217202969569931 0.000181741551526986 0.00014976417898666 0.000121000329492427 9.52429291929178e-05 7.24769930076362e-05 5.33996489150111e-05 3.78390495628058e-05 2.5731054530231e-05 1.68436372250228e-05 1.05031343869577e-05 6.27324745073597e-06 3.58825019996208e-06 1.86805610231501e-06 9.80078239626657e-07 4.89252748197974e-07 2.32384681278048e-07 0 0 0 0 0 0 0 0 0 0 0 0 0 0 0 0 0 0 0 0 0 0 0 0 0 0 0 0 0 0 0 0 0 0 0 0 0 0 0 0 0 0 0 0 0 0 0 0 0 0 0 0 0 0 0 0 0
3.73943967203685e-05 5.66650019043071e-05 8.27226200777402e-05 0.00011678460542893 0.000159747959077349 0.000212038032248664 0.000273625850300421 0.000343716095034598 0.000421006539564157 0.00050339903498506 0.000588424701658447 0.000673096081148699 0.000754573491468688 0.00083024712789007 0.000898044097768579 0.000956516252812771 0.00100504772287853 0.00104397753266362 0.00107451660443799 0.0010986287157411 0.00111912454544641 0.00113956904149252 0.00116353209441394 0.0011942884668572 0.00123374302076288 0.00128186531678738 0.00133571384731276 0.0013898420355222 0.00143687959922486 0.00146916007920156 0.00147995773681998 0.00146450626173584 0.00142201999279122 0.00135406658575031 0.00126548773057258 0.001161983104347 0.0010499809604001 0.000934899955258186 0.000821438391614481 0.000713060691089346 0.000611946300518021 0.000520179337631167 0.000438309390181632 0.000366839841146322 0.000305362077575148 0.00025351621780165 0.000209680538354564 0.00017242362373136 0.000140884839747456 0.000113768824144255 9.05370066736311e-05 7.0496826971872e-05 5.32538369201251e-05 3.91169740905886e-05 2.76928594778106e-05 1.8812021733497e-05 1.23687472504773e-05 7.76082764338705e-06 4.64246324260968e-06 2.67484365238192e-06 1.39967148647047e-06 7.40150683660893e-07 3.72405313658996e-07 1.78284377419443e-07 0 0 0 0 0 0 0 0 0 0 0 0 0 0 0 0 0 0 0 0 0 0 0 0 0 0 0 0 0 0 0 0 0 0 0 0 0 0 0 0 0 0 0 0 0 0 0 0 0 0 0 0 0 0 0 0 0
2.63954800176362e-05 4.08158899406506e-05 6.08176638741198e-05 8.76774228724479e-05 0.000122525043469798 0.000166117116593579 0.000218900073128055 0.000280550574307658 0.000350231077841897 0.00042626530417124 0.000506408474507728 0.00058780032177932 0.000667474055289688 0.000742521249731602 0.00081040367135473 0.000869055741539953 0.000917176636513231 0.000954347084430902 0.000981018581319821 0.000998499576944187 0.00100911172191441 0.00101619411903038 0.00102353243468898 0.00103511854579499 0.00105413550668345 0.00108213848819727 0.00111803918937591 0.00115808307252847 0.00119612985125512 0.00122516058350793 0.00123833747562406 0.00123042899557051 0.00119981304110305 0.00114719559975178 0.00107670192517098 0.000993240936331046 0.000902468257983576 0.000809028392816716 0.000716505599680295 0.000627252506572575 0.000542501252030296 0.000463641141060182 0.000391068194973377 0.000325537038787973 0.000267461182714904 0.000217378874426257 0.000174759363322633 0.000138934614116526 0.000109526721220395 8.53893579931873e-05 6.58943786122988e-05 5.00001133915339e-05 3.69976148436508e-05 2.67925394269131e-05 1.87810581143956e-05 1.26298872625804e-05 8.30312825002464e-06 5.22341901945556e-06 3.10258306150392e-06 1.80061814968787e-06 9.469209288382e-07 5.04697254301187e-07 2.55946894187172e-07 1.2350100196897e-07 0 0 0 0 0 0 0 0 0 0 0 0 0 0 0 0 0 0 0 0 0 0 0 0 0 0 0 0 0 0 0 0 0 0 0 0 0 0 0 0 0 0 0 0 0 0 0 0 0 0 0 0 0 0 0 0 0
1.72537338750041e-05 2.73357478150298e-05 4.17330556648346e-05 6.16859573189781e-05 8.84515830911254e-05 0.00012303430477375 0.000166325814158237 0.000218526144127734 0.000279390076277283 0.000347841679226953 0.000422094760936946 0.000499624457805624 0.000577516235049847 0.000652668692294281 0.000722105167836177 0.00078311445263168 0.000833617156124071 0.000872303656420859 0.000898707876080552 0.000913289577344988 0.000917633167384344 0.00091454441927713 0.00090767158931771 0.000901333561736465 0.000899649630581392 0.000905565528641202 0.000919889356676982 0.000940874347273301 0.000964203217998348 0.000984215063850168 0.000994711513936034 0.000990542701192886 0.000969523257504653 0.000931473427474997 0.000879503653248458 0.000817404113183765 0.000749706555624402 0.000680052280220348 0.000610799336493191 0.00054313667575677 0.000477308632916767 0.000413917734069908 0.000353011049110471 0.000295417413944949 0.000242155514004968 0.000194526144674102 0.000153062360229914 0.000117951817825123 8.94203186442715e-05 6.66705398108663e-05 4.91651885744106e-05 3.57099515788179e-05 2.54023788630253e-05 1.78073533341586e-05 1.21621502621263e-05 7.9621755133273e-06 5.18192418966279e-06 3.24278198662268e-06 1.8724925588385e-06 1.09459844764033e-06 5.78432538163177e-07 3.10737122023562e-07 1.58830995668705e-07 7.72465466114013e-08 0 0 0 0 0 0 0 0 0 0 0 0 0 0 0 0 0 0 0 0 0 0 0 0 0 0 0 0 0 0 0 0 0 0 0 0 0 0 0 0 0 0 0 0 0 0 0 0 0 0 0 0 0 0 0 0 0
1.0505950944038e-05 1.71404731658274e-05 2.69264021398713e-05 4.09865508776789e-05 6.05853204538937e-05 8.68543475228444e-05 0.000121010804078264 0.000163726410794008 0.00021534918941461 0.00027546843813205 0.000342899942578348 0.00041561351480518 0.000490925153165612 0.000565686152035764 0.000636581978709226 0.000700323386325915 0.000754072373065478 0.000795634856340259 0.000823626650744383 0.000837637414665633 0.000838454947350243 0.00082822307787921 0.000810228095712369 0.000788781126655199 0.00076852671852137 0.000753426610150718 0.00074590783701806 0.000746166933995452 0.000751917079183389 0.000759252321662239 0.000763191657363072 0.000759176436919325 0.000744822621507791 0.000719217818374191 0.000684352064083123 0.000642728644708711 0.000597562304586502 0.000551349125536684 0.000505244524892333 0.000459365974493987 0.000413081736139059 0.000366240883034226 0.000318460152894234 0.000270481257539673 0.000223655567812177 0.000179805818567717 0.000140326616754006 0.000106191459776665 7.82207879599621e-05 5.60795406863382e-05 3.94529400828803e-05 2.71853230233468e-05 1.83163714165936e-05 1.21820790335128e-05 7.93325067413491e-06 4.932924700947e-06 3.11825115390162e-06 1.91041973837332e-06 1.02056688533864e-06 6.00897714248574e-07 3.19038514327236e-07 1.72745497153227e-07 8.89963207191907e-08 4.36253640782911e-08 0 0 0 0 0 0 0 0 0 0 0 0 0 0 0 0 0 0 0 0 0 0 0 0 0 0 0 0 0 0 0 0 0 0 0 0 0 0 0 0 0 0 0 0 0 0 0 0 0 0 0 0 0 0 0 0 0
6.01866859523536e-06 1.0183565869889e-05 1.65487505789372e-05 2.6078472915942e-05 3.99539818677387e-05 5.93293367282252e-05 8.56003555300717e-05 0.000119797702971823 0.000162764411953221 0.000214698650748718 0.000275029663322894 0.000342267324482844 0.000414051614249486 0.000487291851779556 0.000558443725854124 0.000623758341787944 0.000679758546955427 0.00072351596938952 0.000752908628166641 0.000766843979577063 0.000765481665087648 0.000750397695841766 0.000724471402439117 0.000691787820338372 0.000657112906774562 0.000624938740653472 0.00059877741947492 0.000580345179802768 0.000569168458468637 0.000563096524517846 0.000558618740561261 0.000552108314468439 0.000541324106580846 0.000524906277850584 0.000503846871831375 0.000479420261249231 0.000453573548749928 0.000427675742547676 0.000401861360524932 0.000375397145736435 0.000347007069441389 0.000315929650453293 0.000281378655768101 0.000243889484319324 0.00020487385208955 0.000166378724031804 0.000130334791873192 9.82886844508953e-05 7.15223703176318e-05 5.01630245631985e-05 3.41667154202664e-05 2.25620581631225e-05 1.44499752799483e-05 9.06696003901049e-06 5.55604523799007e-06 3.21719152592508e-06 1.92640206904576e-06 1.12750099725623e-06 5.02331693155947e-07 2.97893772265375e-07 1.58885737090429e-07 8.67105082741888e-08 4.50256764362045e-08 2.22459243233075e-08 0 0 0 0 0 0 0 0 0 0 0 0 0 0 0 0 0 0 0 0 0 0 0 0 0 0 0 0 0 0 0 0 0 0 0 0 0 0 0 0 0 0 0 0 0 0 0 0 0 0 0 0 0 0 0 0 0
3.29557363526604e-06 5.84193120319854e-06 9.88452886805271e-06 1.62251173402629e-05 2.59128924334605e-05 4.00551655526836e-05 6.00960233223701e-05 8.72936051837523e-05 0.000122839464990624 0.000167404855045767 0.000220941927701535 0.000282445966414981 0.000349884724670541 0.000420271207361298 0.000489914382945327 0.000554728375280826 0.00061075812283752 0.000654562496120799 0.000683561800532832 0.000696300555475176 0.000692639862135502 0.000673867052624972 0.000642596803458704 0.000602642318641819 0.000558605756495006 0.000515050528980676 0.000475948550068355 0.000443896821610019 0.000419692555059935 0.000402576531398014 0.000390395514078104 0.000380527456503089 0.00037108419003598 0.000360552059902064 0.000349195901199674 0.000337301041473846 0.000325809042939334 0.000315149091070219 0.000304743591778319 0.000293327332281973 0.000279284801800054 0.000261466050847374 0.000238803739730439 0.000211577731531964 0.000181042689925138 0.000149181240287496 0.000118095911014678 8.96114492542765e-05 6.52538632989295e-05 4.5512074208832e-05 3.05824266308813e-05 1.97520814697376e-05 1.22657211509269e-05 7.3776542887338e-06 4.2949179275447e-06 2.33156846449787e-06 1.30613977945199e-06 7.15776447117731e-07 2.23290664778744e-07 1.3336447682776e-07 7.14460316229714e-08 3.92995997949791e-08 2.0568368258063e-08 1.02426715425481e-08 0 0 0 0 0 0 0 0 0 0 0 0 0 0 0 0 0 0 0 0 0 0 0 0 0 0 0 0 0 0 0 0 0 0 0 0 0 0 0 0 0 0 0 0 0 0 0 0 0 0 0 0 0 0 0 0 0
1.76849122520944e-06 3.32794701956567e-06 5.90175373431919e-06 1.0146100720101e-05 1.69618517091685e-05 2.73707164871932e-05 4.2766621200696e-05 6.45088003861721e-05 9.39831191614159e-05 0.000132166039126021 0.000179394022563041 0.00023504646626676 0.000297383928416434 0.00036355354123378 0.000429809192868132 0.000491870185855797 0.000545490992616496 0.000586952579845795 0.000613493564239856 0.000623601406730905 0.000617158085475109 0.000595455141611208 0.000561036776926235 0.00051749492331523 0.000469111777149557 0.00042018062607766 0.00037459321237534 0.000335194922770929 0.000303419179995207 0.000279372374662665 0.000261914693352944 0.000249290436010066 0.000240024512528851 0.00023266899282484 0.000227067436002133 0.000222831749357473 0.000220262089407677 0.000219128061938807 0.000218492666132025 0.00021689774793448 0.000212695468513349 0.00020459431853875 0.000191421533877202 0.000173220923002418 0.00015096323068587 0.000126344581929076 0.000101320055871594 7.76923124386607e-05 5.69931904605646e-05 3.99120593133409e-05 2.6801535191036e-05 1.72108087773134e-05 1.05683394351227e-05 6.23183838999455e-06 3.52737812715619e-06 1.84887098424275e-06 9.8307206758091e-07 5.0697839856579e-07 8.96364561954576e-08 5.39187224681909e-08 2.90083288082039e-08 1.60825875109231e-08 8.48380801815322e-09 4.25821353906096e-09 0 0 0 0 0 0 0 0 0 0 0 0 0 0 0 0 0 0 0 0 0 0 0 0 0 0 0 0 0 0 0 0 0 0 0 0 0 0 0 0 0 0 0 0 0 0 0 0 0 0 0 0 0 0 0 0 0
9.60597743167543e-07 1.9422080931794e-06 3.62149177009381e-06 6.52902559329967e-06 1.14163563163407e-05 1.91940938096771e-05 3.11342743094922e-05 4.85827618804104e-05 7.29789869649882e-05 0.000105438829642627 0.000146543193991776 0.000195960188116334 0.000252226484452419 0.000312694317433075 0.000373713895358045 0.000431013187699222 0.000480288472624534 0.000517775734082177 0.000540744974486958 0.000547811210411085 0.000539035764924257 0.000515844516077142 0.000480785981384235 0.000437238809722634 0.000389064931027795 0.000340071940345134 0.000293717036079397 0.000252644248531217 0.000218424184262725 0.000191571648517518 0.000171593390189667 0.000157386847314023 0.00014786229739593 0.000141760693737509 0.000138751973947504 0.000138070463458585 0.000139701017194643 0.000143034020497848 0.00014706941307979 0.000150432091829079 0.000151677390362812 0.000149589223372074 0.00014305836375094 0.000131970868134146 0.00011697496957469 9.93632319986141e-05 8.07320554942966e-05 6.26297634041328e-05 4.63986932279129e-05 3.27606734224913e-05 2.2122112411196e-05 1.42496025488033e-05 8.75353021803156e-06 5.13959424347667e-06 2.88283120511305e-06 1.49843001036588e-06 7.75709435056058e-07 3.85903749125506e-07 3.24964752998213e-08 1.96862330041495e-08 1.06345399507951e-08 5.9425811121958e-09 3.1596081448339e-09 1.59842780776863e-09 0 0 0 0 0 0 0 0 0 0 0 0 0 0 0 0 0 0 0 0 0 0 0 0 0 0 0 0 0 0 0 0 0 0 0 0 0 0 0 0 0 0 0 0 0 0 0 0 0 0 0 0 0 0 0 0 0
5.40332978915979e-07 1.1775471885722e-06 2.29962806263489e-06 4.32454020486961e-06 7.85560266867259e-06 1.36673338830468e-05 2.28540580687882e-05 3.66459475013443e-05 5.64145073364835e-05 8.32678672880535e-05 0.000117912867421052 0.000160241085079838 0.000209090894954538 0.000262151210552344 0.00031609606229551 0.000366943114367492 0.00041061900076727 0.000443552184613326 0.000463188451039857 0.000468307612350906 0.000459097081328755 0.000437009488625948 0.00040446434497346 0.000364503537115178 0.000320454824672718 0.00027552131889611 0.000232575749587847 0.000193864936990112 0.00016084915319994 0.00013419667025378 0.000113810077706781 9.90627169813961e-05 8.91938438549685e-05 8.3180251359759e-05 8.06701902110756e-05 8.07380821240455e-05 8.32704737240547e-05 8.7494039758953e-05 9.2526406031276e-05 9.72351852309862e-05 0.00010049904354222 0.000101314468361158 9.87551427340883e-05 9.26430719680477e-05 8.33426174870342e-05 7.1733155376543e-05 5.89749682326379e-05 4.62446370143918e-05 3.45845871669927e-05 2.46225501714769e-05 1.67330543311791e-05 1.0828001505216e-05 6.66903008710568e-06 3.91222142821895e-06 2.18407289021935e-06 1.13141745817587e-06 5.74251084583248e-07 2.7732081491286e-07 0 0 0 0 0 0 0 0 0 0 0 0 0 0 0 0 0 0 0 0 0 0 0 0 0 0 0 0 0 0 0 0 0 0 0 0 0 0 0 0 0 0 0 0 0 0 0 0 0 0 0 0 0 0 0 0 0 0 0 0 0 0 0
3.03665474729078e-07 7.17320280672869e-07 1.46452594721442e-06 2.86115326313794e-06 5.3686977894696e-06 9.6090183078685e-06 1.64654653484159e-05 2.69769002616873e-05 4.23552615250241e-05 6.35825684275235e-05 9.1392071912582e-05 0.000125843330711243 0.000166103110999822 0.000210327712939639 0.00025574700236993 0.000298963032208335 0.000336437714801122 0.000365034311519001 0.000382494486386315 0.000387731502146833 0.000380887682997438 0.000363179531645642 0.000336603913985336 0.00030361115629297 0.000266819687412211 0.000228731692610682 0.00019160738397506 0.000157293837032167 0.00012712652028629 0.000101897612951725 8.18458148974156e-05 6.67606014481602e-05 5.62060085706881e-05 4.94229225375379e-05 4.61136236034907e-05 4.53293349609607e-05 4.69421756547477e-05 5.01343814798632e-05 5.41883874133348e-05 5.82431325802042e-05 6.14991517604805e-05 6.32044226297317e-05 6.26539357965683e-05 5.96829896621537e-05 5.44372580262807e-05 4.74506248392179e-05 3.94740567069896e-05 3.13037039991687e-05 2.36624104906895e-05 1.702332618515e-05 1.16821899081887e-05 7.63202879104431e-06 4.7454914706263e-06 2.80937800089221e-06 1.58306277677133e-06 8.33303873478808e-07 4.26290393949308e-07 2.07495836760317e-07 0 0 0 0 0 0 0 0 0 0 0 0 0 0 0 0 0 0 0 0 0 0 0 0 0 0 0 0 0 0 0 0 0 0 0 0 0 0 0 0 0 0 0 0 0 0 0 0 0 0 0 0 0 0 0 0 0 0 0 0 0 0 0
1.84276458314332e-07 4.53712942624979e-07 9.46206560405451e-07 1.8853157853822e-06 3.60038722355732e-06 6.55298292808996e-06 1.14020454064362e-05 1.89504643712509e-05 3.01930124209097e-05 4.59083077497009e-05 6.67832935719731e-05 9.29995629842116e-05 0.000124062512193517 0.000158684337561174 0.000194822320804765 0.000229893400054791 0.0002611428758626 0.000286071030199865 0.000302812885402492 0.000310371330459036 0.000308658397813461 0.000298367101850178 0.000280745139496395 0.000257361598196315 0.000229931505781564 0.000200174951865466 0.000169770423853879 0.00014026729842032 0.000113000208168523 8.90017006920717e-05 6.89176236126778e-05 5.29911277998709e-05 4.11483529011203e-05 3.29180114532216e-05 2.80779509922048e-05 2.57253059806584e-05 2.57026136936113e-05 2.71880585235782e-05 2.95851206855477e-05 3.22429504527952e-05 3.46040784303351e-05 3.61351667319313e-05 3.63276784734211e-05 3.50841899353904e-05 3.24016217000071e-05 2.85696230734953e-05 2.40251203704156e-05 1.92509897092664e-05 1.46969265571051e-05 1.06769398662657e-05 7.39486647181411e-06 4.87506024790485e-06 3.05898443831774e-06 1.82686176384359e-06 1.03836620783345e-06 5.54160191852309e-07 2.8573317577328e-07 1.40180532893097e-07 0 0 0 0 0 0 0 0 0 0 0 0 0 0 0 0 0 0 0 0 0 0 0 0 0 0 0 0 0 0 0 0 0 0 0 0 0 0 0 0 0 0 0 0 0 0 0 0 0 0 0 0 0 0 0 0 0 0 0 0 0 0 0
1.07446630520187e-07 2.73084760887211e-07 5.78737566461895e-07 1.17067159321412e-06 2.26612592937263e-06 4.17954841160281e-06 7.36267842837187e-06 1.2382055866958e-05 2.00011103366148e-05 3.0767622416539e-05 4.52739173137388e-05 6.37714906479499e-05 8.60639927642626e-05 0.000111410204812269 0.000138531060854005 0.000165739848907934 0.000191179009890796 0.000213099430141247 0.000230104881702688 0.000241292853022817 0.000246266181581604 0.000245043375457105 0.000237932626247778 0.000225439509051308 0.000208246556593841 0.000187232619965709 0.000163519795377389 0.000138444787363697 0.000113455838604864 8.99448424116244e-05 6.90573607910144e-05 5.15538253326402e-05 3.77759085992577e-05 2.75682894529256e-05 2.0793660747003e-05 1.66316263291451e-05 1.48492116354645e-05 1.46233162367823e-05 1.54028741057552e-05 1.66544012430109e-05 1.79603168679042e-05 1.89383042397593e-05 1.92149900255406e-05 1.87840459016507e-05 1.75419160147138e-05 1.56292002249979e-05 1.32739048672553e-05 1.07390286756085e-05 8.27494290288301e-06 6.06698047658022e-06 4.2390907114499e-06 2.81899653327577e-06 1.78412151033546e-06 1.07460836899179e-06 6.15972193772274e-07 3.32750448098466e-07 1.72928744971033e-07 8.55101021938766e-08 0 0 0 0 0 0 0 0 0 0 0 0 0 0 0 0 0 0 0 0 0 0 0 0 0 0 0 0 0 0 0 0 0 0 0 0 0 0 0 0 0 0 0 0 0 0 0 0 0 0 0 0 0 0 0 0 0 0 0 0 0 0 0
5.74894516407315e-08 1.50778547455109e-07 3.24573338180816e-07 6.66188323399224e-07 1.30659523247633e-06 2.44074486738415e-06 4.35123345725422e-06 7.40153623974163e-06 1.21437420526783e-05 1.89130152186135e-05 2.8185273477615e-05 4.02327707424481e-05 5.50797672416764e-05 7.24362363898171e-05 9.16910362258243e-05 0.00011197537528227 0.000132283347938319 0.000151608309132268 0.000169046640930939 0.000183833132682912 0.000195307708666247 0.000202852950383695 0.000205863624422407 0.00020379865189574 0.00019632389803562 0.000183491347847145 0.000165889472984393 0.000144667341625715 0.000121410468060307 9.78905552191109e-05 7.5766086607988e-05 5.63233023349406e-05 4.03374461907967e-05 2.79822461863662e-05 1.92186436947583e-05 1.33355673567811e-05 9.99719502211061e-06 8.37912034018146e-06 7.91456643935743e-06 8.10533611723767e-06 8.58531365965562e-06 9.05082541707187e-06 9.19543404878719e-06 9.10408057894391e-06 8.5988970977845e-06 7.74143732236198e-06 6.63945090514389e-06 5.42272702554292e-06 4.21672517713089e-06 3.11954050170336e-06 2.19836986443276e-06 1.4743475458315e-06 9.40974662550907e-07 5.71512899891074e-07 3.30321089522414e-07 1.80406994989399e-07 9.44985425911396e-08 4.70975747329032e-08 0 0 0 0 0 0 0 0 0 0 0 0 0 0 0 0 0 0 0 0 0 0 0 0 0 0 0 0 0 0 0 0 0 0 0 0 0 0 0 0 0 0 0 0 0 0 0 0 0 0 0 0 0 0 0 0 0 0 0 0 0 0 0
2.93365282290164e-08 7.82962745327074e-08 1.7011860186793e-07 3.52432541755817e-07 6.9734946173721e-07 1.3146496412391e-06 2.36494326873029e-06 4.05927115885822e-06 6.77676397167692e-06 1.06865808792101e-05 1.61464571932849e-05 2.34091763033071e-05 3.2627279191509e-05 4.38190551004088e-05 5.6861652821537e-05 7.15128548135293e-05 8.74481001874905e-05 0.000104285848333226 0.000121575119699845 0.000138736369987535 0.000154978151050945 0.000169241695021925 0.00018023465651662 0.000186591528774089 0.000187146822749961 0.000181245051811666 0.000168986598247039 0.000151305034681917 0.000129838153453235 0.000106623294565559 8.37110199109214e-05 6.28118608433385e-05 4.50720537815921e-05 3.09626737410084e-05 2.05516438909376e-05 1.32606880242859e-05 8.67074320832693e-06 5.98028042773817e-06 4.59616399508759e-06 4.02202192515632e-06 3.90007763308305e-06 3.96055546990051e-06 3.91539666792502e-06 3.92568160631331e-06 3.75229625815716e-06 3.41669791742156e-06 2.96241241278722e-06 2.4450637574726e-06 1.9207172586423e-06 1.43517705824595e-06 1.02115165922672e-06 6.91316156169757e-07 4.45312474309775e-07 2.72932159004311e-07 1.59164516972192e-07 8.83160213529349e-08 4.66266733603099e-08 2.34223821232817e-08 0 0 0 0 0 0 0 0 0 0 0 0 0 0 0 0 0 0 0 0 0 0 0 0 0 0 0 0 0 0 0 0 0 0 0 0 0 0 0 0 0 0 0 0 0 0 0 0 0 0 0 0 0 0 0 0 0 0 0 0 0 0 0
1.34586997566735e-08 3.66157791068325e-08 8.03343031748599e-08 1.68052744848648e-07 3.35643864271747e-07 6.38859966524397e-07 1.16022253096366e-06 2.01041704024578e-06 3.4397348550321e-06 5.51012413641242e-06 8.47680393791132e-06 1.25517032860871e-05 1.79369139066988e-05 2.48160705069967e-05 3.33538472850137e-05 4.36980310881004e-05 5.59695346854778e-05 7.02210820899418e-05 8.63517271707305e-05 0.000103984624117461 0.00012234432247209 0.000140193631215197 0.000155892055981869 0.000167607942317244 0.000173660411975631 0.000172905264856074 0.000165046922500191 0.000150764869768381 0.000131604868544801 0.000109663696273264 8.71656568017098e-05 6.60571917629573e-05 4.77252760370641e-05 3.28652219937711e-05 2.16505513133141e-05 1.36454255779898e-05 8.39188246852059e-06 5.13846897919045e-06 3.27955798324392e-06 2.31447949455494e-06 1.8801121926443e-06 1.71849520333433e-06 1.54097488066589e-06 1.56527862232252e-06 1.51282761599397e-06 1.39119794935672e-06 1.21727894215277e-06 1.01342819955577e-06 8.02781869570241e-07 6.0506749359771e-07 4.33922113378499e-07 2.96088431701057e-07 1.92235145847865e-07 1.1875334147637e-07 6.9800829061071e-08 3.90370524887628e-08 2.07728053450497e-08 1.05175595494677e-08 0 0 0 0 0 0 0 0 0 0 0 0 0 0 0 0 0 0 0 0 0 0 0 0 0 0 0 0 0 0 0 0 0 0 0 0 0 0 0 0 0 0 0 0 0 0 0 0 0 0 0 0 0 0 0 0 0 0 0 0 0 0 0
5.68605621475116e-09 1.57067513990495e-08 3.47574725627961e-08 7.33401894419715e-08 1.47712472358334e-07 2.83591113487896e-07 5.19475934299223e-07 9.07942390937892e-07 1.60884487536649e-06 2.62775178831035e-06 4.13754265195588e-06 6.30018673083013e-06 9.31016874620023e-06 1.34015695253861e-05 1.88547595482807e-05 2.59935074708896e-05 3.51576088430141e-05 4.66353926143795e-05 6.05494481066061e-05 7.67090938791222e-05 9.44693728390015e-05 0.000112656686589751 0.000129621081525225 0.000143445936487994 0.000152292187305904 0.000154795463797503 0.000150399723838283 0.000139516916115782 0.000123455881040038 0.000104140096844989 8.37032371637869e-05 6.40841220013948e-05 4.67284378762171e-05 3.24411769253462e-05 2.14771592572756e-05 1.35436407974874e-05 8.20821558358416e-06 4.81338992716297e-06 2.78946959924697e-06 1.66233424246614e-06 1.08288103023849e-06 8.08567895927373e-07 5.55114939334593e-07 5.68332127647542e-07 5.53634562417057e-07 5.13151824094621e-07 4.525538404876e-07 3.79748727963829e-07 3.03196438855657e-07 2.30331618636383e-07 1.66488683188462e-07 1.14503186390765e-07 7.49293769975045e-08 4.66539442647653e-08 2.7639253299678e-08 1.55799457473678e-08 8.35617008740964e-09 4.26432500413407e-09 0 0 0 0 0 0 0 0 0 0 0 0 0 0 0 0 0 0 0 0 0 0 0 0 0 0 0 0 0 0 0 0 0 0 0 0 0 0 0 0 0 0 0 0 0 0 0 0 0 0 0 0 0 0 0 0 0 0 0 0 0 0 0
2.16905514183543e-09 6.08835281113503e-09 1.3590547136897e-08 2.89289014222325e-08 5.8767677787748e-08 1.1382485658429e-07 2.10337859184454e-07 3.70893159434209e-07 6.94052996931331e-07 1.16415542933834e-06 1.89276862514737e-06 2.99454397019707e-06 4.62749609954273e-06 7.00643144919744e-06 1.04136032405396e-05 1.51971040817329e-05 2.17435506733898e-05 3.04120627847357e-05 4.14249655722866e-05 5.47280343207294e-05 6.98553215277857e-05 8.58509999991715e-05 0.000101301319997186 0.00011450604761973 0.000123773686461288 0.000127773879309753 0.000125846943228597 0.00011817203204386 0.000105736970577894 9.01178234031445e-05 7.31383594760571e-05 5.65128543526699e-05 4.15689068724114e-05 2.91006951292217e-05 1.94025328146353e-05 1.2307752013498e-05 7.4590214800488e-06 4.32636103889313e-06 2.42078207133666e-06 1.32946732652145e-06 7.43438918264755e-07 4.47674162204902e-07 1.80560051859025e-07 1.86322009826565e-07 1.82939861051146e-07 1.70904785993324e-07 1.51915399476688e-07 1.28484598111989e-07 1.03395594848529e-07 7.91689157334187e-08 5.76778486720194e-08 3.99820543050672e-08 2.63707724570638e-08 1.65494015377896e-08 9.88196771255404e-09 5.61443764771441e-09 3.03508452775854e-09 1.56112261007609e-09 0 0 0 0 0 0 0 0 0 0 0 0 0 0 0 0 0 0 0 0 0 0 0 0 0 0 0 0 0 0 0 0 0 0 0 0 0 0 0 0 0 0 0 0 0 0 0 0 0 0 0 0 0 0 0 0 0 0 0 0 0 0 0
7.47104644414699e-10 2.13156149641656e-09 4.79976838728128e-09 1.03068625964944e-08 2.11097662145561e-08 4.12436599086779e-08 7.68797579100235e-08 1.36744226580173e-07 2.78859071153682e-07 4.84956780754366e-07 8.22967092489559e-07 1.36773578341365e-06 2.23191583513885e-06 3.57951042053946e-06 5.63702816375717e-06 8.69447272582777e-06 1.30854627807849e-05 1.91361572046221e-05 2.70789820091619e-05 3.69402764809406e-05 4.84280784505427e-05 6.08603610211046e-05 7.31760942864463e-05 8.40551449754571e-05 9.21395113626334e-05 9.63086575543141e-05 9.59329297946873e-05 9.10264307212448e-05 8.22488765140748e-05 7.07550195385515e-05 5.79399766456944e-05 4.51587096131252e-05 3.34972613138763e-05 2.36427810735916e-05 1.58825137318182e-05 1.01453144134527e-05 6.17203053972981e-06 3.57266517861915e-06 1.9676971796323e-06 1.03115963573002e-06 5.141563939325e-07 2.43930593670928e-07 0 0 0 0 0 0 0 0 0 0 0 0 0 0 0 0 0 0 0 0 0 0 0 0 0 0 0 0 0 0 0 0 0 0 0 0 0 0 0 0 0 0 0 0 0 0 0 0 0 0 0 0 0 0 0 0 0 0 0 0 0 0 0 0 0 0 0 0 0 0 0 0 0 0 0 0 0 0 0
2.32350536310747e-10 6.74037997347303e-10 1.5310948420317e-09 3.31687831297548e-09 6.85383196644535e-09 1.35107461682408e-08 2.54115024422425e-08 4.56085347949563e-08 1.06351103666132e-07 1.94012737941808e-07 3.47443070682057e-07 6.11849030808106e-07 1.05932312669093e-06 1.79944136518831e-06 2.98848565632093e-06 4.83187429753385e-06 7.57228242180428e-06 1.14559766846985e-05 1.66739016045292e-05 2.32827904474577e-05 3.11233946489319e-05 3.97633085279786e-05 4.84946207700965e-05 5.64069147134049e-05 6.25340196715469e-05 6.60451191053617e-05 6.64289411274603e-05 6.36149342894727e-05 5.79920681100164e-05 5.03187542174231e-05 4.15529982179579e-05 3.26555201624062e-05 2.44214354500822e-05 1.73780057753977e-05 1.17680032056119e-05 7.57964446575122e-06 4.6476625486024e-06 2.71157759027468e-06 1.50525881612351e-06 7.95063869814254e-07 3.99571544327803e-07 1.91068362400963e-07 0 0 0 0 0 0 0 0 0 0 0 0 0 0 0 0 0 0 0 0 0 0 0 0 0 0 0 0 0 0 0 0 0 0 0 0 0 0 0 0 0 0 0 0 0 0 0 0 0 0 0 0 0 0 0 0 0 0 0 0 0 0 0 0 0 0 0 0 0 0 0 0 0 0 0 0 0 0 0
0 3.92602869429302e-11 9.86436250439727e-11 2.35823061565047e-10 5.36420316549157e-10 1.16098299371599e-09 2.39082722976934e-09 4.6845968717917e-09 2.412525587415e-08 5.19215233034787e-08 1.08186150407201e-07 2.17776995696852e-07 4.22549403117499e-07 7.88502896245758e-07 1.41223776914135e-06 2.42338897291506e-06 3.97835992279861e-06 6.24055872242464e-06 9.34457447029915e-06 1.33468907407008e-05 1.81730088920937e-05 2.3577654100645e-05 2.91372751794413e-05 3.42890777312419e-05 3.8417859860499e-05 4.09745751231272e-05 4.15957969727627e-05 4.01883620756814e-05 3.69520524418206e-05 3.23327641495229e-05 2.69213630481333e-05 2.13299155072048e-05 1.608088901154e-05 1.15359406578088e-05 7.87431745467428e-06 5.11309142928663e-06 3.16003948324723e-06 1.85824577732912e-06 1.03971783901083e-06 5.53515174665757e-07 2.80378858311051e-07 1.35133395561588e-07 0 0 0 0 0 0 0 0 0 0 0 0 0 0 0 0 0 0 0 0 0 0 0 0 0 0 0 0 0 0 0 0 0 0 0 0 0 0 0 0 0 0 0 0 0 0 0 0 0 0 0 0 0 0 0 0 0 0 0 0 0 0 0 0 0 0 0 0 0 0 0 0 0 0 0 0 0 0 0
0 0 0 0 0 0 0 0 7.57778881421658e-09 1.80771047104107e-08 4.1031457573789e-08 8.86148917417334e-08 1.82095063698122e-07 3.56033882209132e-07 6.62347928001685e-07 1.17241868034911e-06 1.97460836379499e-06 3.16432374487241e-06 4.82483586068084e-06 6.99980387496855e-06 9.66253089538541e-06 1.2691051735627e-05 1.58601039253948e-05 1.88588904722541e-05 2.13367339990344e-05 2.29689658988878e-05 2.35264629215462e-05 2.29283883360187e-05 2.12614125497941e-05 1.87591171467752e-05 1.57483251071904e-05 1.25793454362944e-05 9.56056173184193e-06 6.91369906728884e-06 4.75706657452091e-06 3.11436623245841e-06 1.94000044561169e-06 1.14983539360952e-06 6.48442111112058e-07 3.47943273126983e-07 1.77642703266451e-07 8.62954698081423e-08 0 0 0 0 0 0 0 0 0 0 0 0 0 0 0 0 0 0 0 0 0 0 0 0 0 0 0 0 0 0 0 0 0 0 0 0 0 0 0 0 0 0 0 0 0 0 0 0 0 0 0 0 0 0 0 0 0 0 0 0 0 0 0 0 0 0 0 0 0 0 0 0 0 0 0 0 0 0 0
0 0 0 0 0 0 0 0 3.36863293346876e-09 8.09959425301374e-09 1.8529962147508e-08 4.03355047521749e-08 8.35414781266958e-08 1.64633613107461e-07 3.08699949961856e-07 5.50752280303886e-07 9.34927090444705e-07 1.51008321211672e-06 2.32073584432756e-06 3.39353424385714e-06 4.72150503463358e-06 6.25043687569447e-06 7.87303142946246e-06 9.43572536921096e-06 1.0759951015902e-05 1.16747339292571e-05 1.20527287933785e-05 1.18392849194122e-05 1.10654035080612e-05 9.84035426494359e-06 8.3263738681617e-06 6.70351794775594e-06 5.13512879497915e-06 3.74284291264523e-06 2.59569436817907e-06 1.71280217113932e-06 1.07538147290946e-06 6.42420794969156e-07 3.65155903418114e-07 1.97487111242678e-07 1.01625076006733e-07 4.97582049856685e-08 0 0 0 0 0 0 0 0 0 0 0 0 0 0 0 0 0 0 0 0 0 0 0 0 0 0 0 0 0 0 0 0 0 0 0 0 0 0 0 0 0 0 0 0 0 0 0 0 0 0 0 0 0 0 0 0 0 0 0 0 0 0 0 0 0 0 0 0 0 0 0 0 0 0 0 0 0 0 0
0 0 0 0 0 0 0 0 1.35212325522312e-09 3.27679334603617e-09 7.55585333064765e-09 1.65775245736929e-08 3.46064887362416e-08 6.87380311665811e-08 1.29908729587465e-07 2.33604539547994e-07 3.99692423150786e-07 6.50687177166078e-07 1.00790657060735e-06 1.48549091375386e-06 2.08315419826274e-06 2.77955026457012e-06 3.5288186591554e-06 4.26271056635925e-06 4.8994129422312e-06 5.35801518286401e-06 5.57526519501466e-06 5.51986956408045e-06 5.19988568275621e-06 4.66080004867138e-06 3.97492412363467e-06 3.22551383698586e-06 2.49040896419067e-06 1.82954934667538e-06 1.27884903445091e-06 8.50542711385917e-07 5.3823838904954e-07 3.24081998130532e-07 1.85667906683102e-07 1.01209311243768e-07 5.24935317589192e-08 2.59055496856974e-08 0 0 0 0 0 0 0 0 0 0 0 0 0 0 0 0 0 0 0 0 0 0 0 0 0 0 0 0 0 0 0 0 0 0 0 0 0 0 0 0 0 0 0 0 0 0 0 0 0 0 0 0 0 0 0 0 0 0 0 0 0 0 0 0 0 0 0 0 0 0 0 0 0 0 0 0 0 0 0
0 0 0 0 0 0 0 0 4.90038581428552e-10 1.19697820358688e-09 2.78191531649857e-09 6.15181496623817e-09 1.29438752383092e-08 2.59135592300362e-08 4.93618595440438e-08 8.9465923996856e-08 1.54285632984175e-07 2.53159959102588e-07 3.95244870470902e-07 5.87136612796766e-07 8.29877096954393e-07 1.11606654573199e-06 1.428131165829e-06 1.73879266122653e-06 2.01432338916057e-06 2.22030321505855e-06 2.32861170050027e-06 2.32371872739417e-06 2.20633643097933e-06 1.99324925015546e-06 1.71337796732807e-06 1.40134943161076e-06 1.09053950035836e-06 8.07491677731915e-07 5.68900616762168e-07 3.81361150758385e-07 2.43241789311229e-07 1.47618784424232e-07 8.52406505098197e-08 4.68331728338241e-08 2.44828573556479e-08 1.21778976195333e-08 0 0 0 0 0 0 0 0 0 0 0 0 0 0 0 0 0 0 0 0 0 0 0 0 0 0 0 0 0 0 0 0 0 0 0 0 0 0 0 0 0 0 0 0 0 0 0 0 0 0 0 0 0 0 0 0 0 0 0 0 0 0 0 0 0 0 0 0 0 0 0 0 0 0 0 0 0 0 0
0 0 0 0 0 0 0 0 1.6035985883978e-10 3.94797897252383e-10 9.2481676022028e-10 2.06128597285236e-09 4.37141964107893e-09 8.82080956111402e-09 1.69354245275117e-08 3.09375148614658e-08 5.37745094502154e-08 8.89342782622602e-08 1.39947004760549e-07 2.09536519595109e-07 2.98509075492954e-07 4.04629039484489e-07 5.2186509739809e-07 6.40414492172343e-07 7.47766053657373e-07 8.30753223823251e-07 8.78172878491903e-07 8.8326231307262e-07 8.45280939129787e-07 7.69686991426455e-07 6.66851162367301e-07 5.49724855416854e-07 4.31184886737475e-07 3.21798030611566e-07 2.28509851922466e-07 1.54393200886591e-07 9.92551633850588e-08 6.07127271480307e-08 3.53352419446848e-08 1.95676239076868e-08 1.03102646006586e-08 5.16896063605194e-09 0 0 0 0 0 0 0 0 0 0 0 0 0 0 0 0 0 0 0 0 0 0 0 0 0 0 0 0 0 0 0 0 0 0 0 0 0 0 0 0 0 0 0 0 0 0 0 0 0 0 0 0 0 0 0 0 0 0 0 0 0 0 0 0 0 0 0 0 0 0 0 0 0 0 0 0 0 0 0
0 0 0 0 0 0 0 0 4.73818982935322e-11 1.17574954460707e-10 2.77599626524485e-10 6.23626599778477e-10 1.33300592513936e-09 2.71107307534633e-09 5.24628721807566e-09 9.65972132930426e-09 1.69230574027207e-08 2.82094586937785e-08 4.47416888209739e-08 6.75198841624659e-08 9.69510907261631e-08 1.32457149725627e-07 1.72186780901225e-07 2.12973664411185e-07 2.50641912224406e-07 2.80661719972718e-07 2.99029727257692e-07 3.03142789285032e-07 2.92402994018891e-07 2.68360185454376e-07 2.34345191497798e-07 1.9471333949179e-07 1.53934887711603e-07 1.15792414087442e-07 8.28752502425467e-08 5.64379580526546e-08 3.65695340929884e-08 2.25459872719577e-08 1.32257644264091e-08 7.38199936626513e-09 3.9203868112942e-09 1.98100481295065e-09 0 0 0 0 0 0 0 0 0 0 0 0 0 0 0 0 0 0 0 0 0 0 0 0 0 0 0 0 0 0 0 0 0 0 0 0 0 0 0 0 0 0 0 0 0 0 0 0 0 0 0 0 0 0 0 0 0 0 0 0 0 0 0 0 0 0 0 0 0 0 0 0 0 0 0 0 0 0 0
0 0 0 0 0 0 0 0 0 0 0 0 0 0 0 0 0 0 0 0 0 0 0 0 0 0 0 0 0 0 0 0 0 0 0 0 0 0 0 0 0 0 0 0 0 0 0 0 0 0 0 0 0 0 0 0 0 0 0 0 0 0 0 0 0 0 0 0 0 0 0 0 0 0 0 0 0 0 0 0 0 0 0 0 0 0 0 0 0 0 0 0 0 0 0 0 0 0 0 0 0 0 0 0 0 0 0 0 0 0 0 0 0 0 0 0 0 0 0 0 0
0 0 0 0 0 0 0 0 0 0 0 0 0 0 0 0 0 0 0 0 0 0 0 0 0 0 0 0 0 0 0 0 0 0 0 0 0 0 0 0 0 0 0 0 0 0 0 0 0 0 0 0 0 0 0 0 0 0 0 0 0 0 0 0 0 0 0 0 0 0 0 0 0 0 0 0 0 0 0 0 0 0 0 0 0 0 0 0 0 0 0 0 0 0 0 0 0 0 0 0 0 0 0 0 0 0 0 0 0 0 0 0 0 0 0 0 0 0 0 0 0
0 0 0 0 0 0 0 0 0 0 0 0 0 0 0 0 0 0 0 0 0 0 0 0 0 0 0 0 0 0 0 0 0 0 0 0 0 0 0 0 0 0 0 0 0 0 0 0 0 0 0 0 0 0 0 0 0 0 0 0 0 0 0 0 0 0 0 0 0 0 0 0 0 0 0 0 0 0 0 0 0 0 0 0 0 0 0 0 0 0 0 0 0 0 0 0 0 0 0 0 0 0 0 0 0 0 0 0 0 0 0 0 0 0 0 0 0 0 0 0 0
0 0 0 0 0 0 0 0 0 0 0 0 0 0 0 0 0 0 0 0 0 0 0 0 0 0 0 0 0 0 0 0 0 0 0 0 0 0 0 0 0 0 0 0 0 0 0 0 0 0 0 0 0 0 0 0 0 0 0 0 0 0 0 0 0 0 0 0 0 0 0 0 0 0 0 0 0 0 0 0 0 0 0 0 0 0 0 0 0 0 0 0 0 0 0 0 0 0 0 0 0 0 0 0 0 0 0 0 0 0 0 0 0 0 0 0 0 0 0 0 0
0 0 0 0 0 0 0 0 0 0 0 0 0 0 0 0 0 0 0 0 0 0 0 0 0 0 0 0 0 0 0 0 0 0 0 0 0 0 0 0 0 0 0 0 0 0 0 0 0 0 0 0 0 0 0 0 0 0 0 0 0 0 0 0 0 0 0 0 0 0 0 0 0 0 0 0 0 0 0 0 0 0 0 0 0 0 0 0 0 0 0 0 0 0 0 0 0 0 0 0 0 0 0 0 0 0 0 0 0 0 0 0 0 0 0 0 0 0 0 0 0
0 0 0 0 0 0 0 0 0 0 0 0 0 0 0 0 0 0 0 0 0 0 0 0 0 0 0 0 0 0 0 0 0 0 0 0 0 0 0 0 0 0 0 0 0 0 0 0 0 0 0 0 0 0 0 0 0 0 0 0 0 0 0 0 0 0 0 0 0 0 0 0 0 0 0 0 0 0 0 0 0 0 0 0 0 0 0 0 0 0 0 0 0 0 0 0 0 0 0 0 0 0 0 0 0 0 0 0 0 0 0 0 0 0 0 0 0 0 0 0 0
0 0 0 0 0 0 0 0 0 0 0 0 0 0 0 0 0 0 0 0 0 0 0 0 0 0 0 0 0 0 0 0 0 0 0 0 0 0 0 0 0 0 0 0 0 0 0 0 0 0 0 0 0 0 0 0 0 0 0 0 0 0 0 0 0 0 0 0 0 0 0 0 0 0 0 0 0 0 0 0 0 0 0 0 0 0 0 0 0 0 0 0 0 0 0 0 0 0 0 0 0 0 0 0 0 0 0 0 0 0 0 0 0 0 0 0 0 0 0 0 0
0 0 0 0 0 0 0 0 0 0 0 0 0 0 0 0 0 0 0 0 0 0 0 0 0 0 0 0 0 0 0 0 0 0 0 0 0 0 0 0 0 0 0 0 0 0 0 0 0 0 0 0 0 0 0 0 0 0 0 0 0 0 0 0 0 0 0 0 0 0 0 0 0 0 0 0 0 0 0 0 0 0 0 0 0 0 0 0 0 0 0 0 0 0 0 0 0 0 0 0 0 0 0 0 0 0 0 0 0 0 0 0 0 0 0 0 0 0 0 0 0
0 0 0 0 0 0 0 0 0 0 0 0 0 0 0 0 0 0 0 0 0 0 0 0 0 0 0 0 0 0 0 0 0 0 0 0 0 0 0 0 0 0 0 0 0 0 0 0 0 0 0 0 0 0 0 0 0 0 0 0 0 0 0 0 0 0 0 0 0 0 0 0 0 0 0 0 0 0 0 0 0 0 0 0 0 0 0 0 0 0 0 0 0 0 0 0 0 0 0 0 0 0 0 0 0 0 0 0 0 0 0 0 0 0 0 0 0 0 0 0 0
0 0 0 0 0 0 0 0 0 0 0 0 0 0 0 0 0 0 0 0 0 0 0 0 0 0 0 0 0 0 0 0 0 0 0 0 0 0 0 0 0 0 0 0 0 0 0 0 0 0 0 0 0 0 0 0 0 0 0 0 0 0 0 0 0 0 0 0 0 0 0 0 0 0 0 0 0 0 0 0 0 0 0 0 0 0 0 0 0 0 0 0 0 0 0 0 0 0 0 0 0 0 0 0 0 0 0 0 0 0 0 0 0 0 0 0 0 0 0 0 0
0 0 0 0 0 0 0 0 0 0 0 0 0 0 0 0 0 0 0 0 0 0 0 0 0 0 0 0 0 0 0 0 0 0 0 0 0 0 0 0 0 0 0 0 0 0 0 0 0 0 0 0 0 0 0 0 0 0 0 0 0 0 0 0 0 0 0 0 0 0 0 0 0 0 0 0 0 0 0 0 0 0 0 0 0 0 0 0 0 0 0 0 0 0 0 0 0 0 0 0 0 0 0 0 0 0 0 0 0 0 0 0 0 0 0 0 0 0 0 0 0
0 0 0 0 0 0 0 0 0 0 0 0 0 0 0 0 0 0 0 0 0 0 0 0 0 0 0 0 0 0 0 0 0 0 0 0 0 0 0 0 0 0 0 0 0 0 0 0 0 0 0 0 0 0 0 0 0 0 0 0 0 0 0 0 0 0 0 0 0 0 0 0 0 0 0 0 0 0 0 0 0 0 0 0 0 0 0 0 0 0 0 0 0 0 0 0 0 0 0 0 0 0 0 0 0 0 0 0 0 0 0 0 0 0 0 0 0 0 0 0 0
0 0 0 0 0 0 0 0 0 0 0 0 0 0 0 0 0 0 0 0 0 0 0 0 0 0 0 0 0 0 0 0 0 0 0 0 0 0 0 0 0 0 0 0 0 0 0 0 0 0 0 0 0 0 0 0 0 0 0 0 0 0 0 0 0 0 0 0 0 0 0 0 0 0 0 0 0 0 0 0 0 0 0 0 0 0 0 0 0 0 0 0 0 0 0 0 0 0 0 0 0 0 0 0 0 0 0 0 0 0 0 0 0 0 0 0 0 0 0 0 0
0 0 0 0 0 0 0 0 0 0 0 0 0 0 0 0 0 0 0 0 0 0 0 0 0 0 0 0 0 0 0 0 0 0 0 0 0 0 0 0 0 0 0 0 0 0 0 0 0 0 0 0 0 0 0 0 0 0 0 0 0 0 0 0 0 0 0 0 0 0 0 0 0 0 0 0 0 0 0 0 0 0 0 0 0 0 0 0 0 0 0 0 0 0 0 0 0 0 0 0 0 0 0 0 0 0 0 0 0 0 0 0 0 0 0 0 0 0 0 0 0
0 0 0 0 0 0 0 0 0 0 0 0 0 0 0 0 0 0 0 0 0 0 0 0 0 0 0 0 0 0 0 0 0 0 0 0 0 0 0 0 0 0 0 0 0 0 0 0 0 0 0 0 0 0 0 0 0 0 0 0 0 0 0 0 0 0 0 0 0 0 0 0 0 0 0 0 0 0 0 0 0 0 0 0 0 0 0 0 0 0 0 0 0 0 0 0 0 0 0 0 0 0 0 0 0 0 0 0 0 0 0 0 0 0 0 0 0 0 0 0 0
0 0 0 0 0 0 0 0 0 0 0 0 0 0 0 0 0 0 0 0 0 0 0 0 0 0 0 0 0 0 0 0 0 0 0 0 0 0 0 0 0 0 0 0 0 0 0 0 0 0 0 0 0 0 0 0 0 0 0 0 0 0 0 0 0 0 0 0 0 0 0 0 0 0 0 0 0 0 0 0 0 0 0 0 0 0 0 0 0 0 0 0 0 0 0 0 0 0 0 0 0 0 0 0 0 0 0 0 0 0 0 0 0 0 0 0 0 0 0 0 0
0 0 0 0 0 0 0 0 0 0 0 0 0 0 0 0 0 0 0 0 0 0 0 0 0 0 0 0 0 0 0 0 0 0 0 0 0 0 0 0 0 0 0 0 0 0 0 0 0 0 0 0 0 0 0 0 0 0 0 0 0 0 0 0 0 0 0 0 0 0 0 0 0 0 0 0 0 0 0 0 0 0 0 0 0 0 0 0 0 0 0 0 0 0 0 0 0 0 0 0 0 0 0 0 0 0 0 0 0 0 0 0 0 0 0 0 0 0 0 0 0
0 0 0 0 0 0 0 0 0 0 0 0 0 0 0 0 0 0 0 0 0 0 0 0 0 0 0 0 0 0 0 0 0 0 0 0 0 0 0 0 0 0 0 0 0 0 0 0 0 0 0 0 0 0 0 0 0 0 0 0 0 0 0 0 0 0 0 0 0 0 0 0 0 0 0 0 0 0 0 0 0 0 0 0 0 0 0 0 0 0 0 0 0 0 0 0 0 0 0 0 0 0 0 0 0 0 0 0 0 0 0 0 0 0 0 0 0 0 0 0 0
0 0 0 0 0 0 0 0 0 0 0 0 0 0 0 0 0 0 0 0 0 0 0 0 0 0 0 0 0 0 0 0 0 0 0 0 0 0 0 0 0 0 0 0 0 0 0 0 0 0 0 0 0 0 0 0 0 0 0 0 0 0 0 0 0 0 0 0 0 0 0 0 0 0 0 0 0 0 0 0 0 0 0 0 0 0 0 0 0 0 0 0 0 0 0 0 0 0 0 0 0 0 0 0 0 0 0 0 0 0 0 0 0 0 0 0 0 0 0 0 0
0 0 0 0 0 0 0 0 0 0 0 0 0 0 0 0 0 0 0 0 0 0 0 0 0 0 0 0 0 0 0 0 0 0 0 0 0 0 0 0 0 0 0 0 0 0 0 0 0 0 0 0 0 0 0 0 0 0 0 0 0 0 0 0 0 0 0 0 0 0 0 0 0 0 0 0 0 0 0 0 0 0 0 0 0 0 0 0 0 0 0 0 0 0 0 0 0 0 0 0 0 0 0 0 0 0 0 0 0 0 0 0 0 0 0 0 0 0 0 0 0
0 0 0 0 0 0 0 0 0 0 0 0 0 0 0 0 0 0 0 0 0 0 0 0 0 0 0 0 0 0 0 0 0 0 0 0 0 0 0 0 0 0 0 0 0 0 0 0 0 0 0 0 0 0 0 0 0 0 0 0 0 0 0 0 0 0 0 0 0 0 0 0 0 0 0 0 0 0 0 0 0 0 0 0 0 0 0 0 0 0 0 0 0 0 0 0 0 0 0 0 0 0 0 0 0 0 0 0 0 0 0 0 0 0 0 0 0 0 0 0 0
0 0 0 0 0 0 0 0 0 0 0 0 0 0 0 0 0 0 0 0 0 0 0 0 0 0 0 0 0 0 0 0 0 0 0 0 0 0 0 0 0 0 0 0 0 0 0 0 0 0 0 0 0 0 0 0 0 0 0 0 0 0 0 0 0 0 0 0 0 0 0 0 0 0 0 0 0 0 0 0 0 0 0 0 0 0 0 0 0 0 0 0 0 0 0 0 0 0 0 0 0 0 0 0 0 0 0 0 0 0 0 0 0 0 0 0 0 0 0 0 0
0 0 0 0 0 0 0 0 0 0 0 0 0 0 0 0 0 0 0 0 0 0 0 0 0 0 0 0 0 0 0 0 0 0 0 0 0 0 0 0 0 0 0 0 0 0 0 0 0 0 0 0 0 0 0 0 0 0 0 0 0 0 0 0 0 0 0 0 0 0 0 0 0 0 0 0 0 0 0 0 0 0 0 0 0 0 0 0 0 0 0 0 0 0 0 0 0 0 0 0 0 0 0 0 0 0 0 0 0 0 0 0 0 0 0 0 0 0 0 0 0
0 0 0 0 0 0 0 0 0 0 0 0 0 0 0 0 0 0 0 0 0 0 0 0 0 0 0 0 0 0 0 0 0 0 0 0 0 0 0 0 0 0 0 0 0 0 0 0 0 0 0 0 0 0 0 0 0 0 0 0 0 0 0 0 0 0 0 0 0 0 0 0 0 0 0 0 0 0 0 0 0 0 0 0 0 0 0 0 0 0 0 0 0 0 0 0 0 0 0 0 0 0 0 0 0 0 0 0 0 0 0 0 0 0 0 0 0 0 0 0 0
0 0 0 0 0 0 0 0 0 0 0 0 0 0 0 0 0 0 0 0 0 0 0 0 0 0 0 0 0 0 0 0 0 0 0 0 0 0 0 0 0 0 0 0 0 0 0 0 0 0 0 0 0 0 0 0 0 0 0 0 0 0 0 0 0 0 0 0 0 0 0 0 0 0 0 0 0 0 0 0 0 0 0 0 0 0 0 0 0 0 0 0 0 0 0 0 0 0 0 0 0 0 0 0 0 0 0 0 0 0 0 0 0 0 0 0 0 0 0 0 0
0 0 0 0 0 0 0 0 0 0 0 0 0 0 0 0 0 0 0 0 0 0 0 0 0 0 0 0 0 0 0 0 0 0 0 0 0 0 0 0 0 0 0 0 0 0 0 0 0 0 0 0 0 0 0 0 0 0 0 0 0 0 0 0 0 0 0 0 0 0 0 0 0 0 0 0 0 0 0 0 0 0 0 0 0 0 0 0 0 0 0 0 0 0 0 0 0 0 0 0 0 0 0 0 0 0 0 0 0 0 0 0 0 0 0 0 0 0 0 0 0
0 0 0 0 0 0 0 0 0 0 0 0 0 0 0 0 0 0 0 0 0 0 0 0 0 0 0 0 0 0 0 0 0 0 0 0 0 0 0 0 0 0 0 0 0 0 0 0 0 0 0 0 0 0 0 0 0 0 0 0 0 0 0 0 0 0 0 0 0 0 0 0 0 0 0 0 0 0 0 0 0 0 0 0 0 0 0 0 0 0 0 0 0 0 0 0 0 0 0 0 0 0 0 0 0 0 0 0 0 0 0 0 0 0 0 0 0 0 0 0 0
0 0 0 0 0 0 0 0 0 0 0 0 0 0 0 0 0 0 0 0 0 0 0 0 0 0 0 0 0 0 0 0 0 0 0 0 0 0 0 0 0 0 0 0 0 0 0 0 0 0 0 0 0 0 0 0 0 0 0 0 0 0 0 0 0 0 0 0 0 0 0 0 0 0 0 0 0 0 0 0 0 0 0 0 0 0 0 0 0 0 0 0 0 0 0 0 0 0 0 0 0 0 0 0 0 0 0 0 0 0 0 0 0 0 0 0 0 0 0 0 0
0 0 0 0 0 0 0 0 0 0 0 0 0 0 0 0 0 0 0 0 0 0 0 0 0 0 0 0 0 0 0 0 0 0 0 0 0 0 0 0 0 0 0 0 0 0 0 0 0 0 0 0 0 0 0 0 0 0 0 0 0 0 0 0 0 0 0 0 0 0 0 0 0 0 0 0 0 0 0 0 0 0 0 0 0 0 0 0 0 0 0 0 0 0 0 0 0 0 0 0 0 0 0 0 0 0 0 0 0 0 0 0 0 0 0 0 0 0 0 0 0
0 0 0 0 0 0 0 0 0 0 0 0 0 0 0 0 0 0 0 0 0 0 0 0 0 0 0 0 0 0 0 0 0 0 0 0 0 0 0 0 0 0 0 0 0 0 0 0 0 0 0 0 0 0 0 0 0 0 0 0 0 0 0 0 0 0 0 0 0 0 0 0 0 0 0 0 0 0 0 0 0 0 0 0 0 0 0 0 0 0 0 0 0 0 0 0 0 0 0 0 0 0 0 0 0 0 0 0 0 0 0 0 0 0 0 0 0 0 0 0 0
0 0 0 0 0 0 0 0 0 0 0 0 0 0 0 0 0 0 0 0 0 0 0 0 0 0 0 0 0 0 0 0 0 0 0 0 0 0 0 0 0 0 0 0 0 0 0 0 0 0 0 0 0 0 0 0 0 0 0 0 0 0 0 0 0 0 0 0 0 0 0 0 0 0 0 0 0 0 0 0 0 0 0 0 0 0 0 0 0 0 0 0 0 0 0 0 0 0 0 0 0 0 0 0 0 0 0 0 0 0 0 0 0 0 0 0 0 0 0 0 0
