0 0 0 0 0 0 0 0 0 0 0 0 0 0 0 0 0 0 0 0 0 0 0 0 0 0 0 0 0 0 0 0 0 0 0 0 0 0 0 0 0 0 0 0 0 0 0 0 0 0 0 0 0 0 0 0 0 0 0 0 0 0 0 0 0 0 0 0 0 0 0 0 0 0 0 0 0 0 0 0 0 0 0 0 0 0 0 0 0 0 0 0 0 0 0 0 0 0 0 0 0 0 0 0 0 0 0 0 0 0 0 0 0 0 0 0 0 0 0 0 0
0 0 0 0 0 0 0 0 0 0 0 0 0 0 0 0 0 0 0 0 0 0 0 0 0 0 0 0 0 0 0 0 0 0 0 0 0 0 0 0 0 0 0 0 0 0 0 0 0 0 0 0 0 0 0 0 0 0 0 0 0 0 0 0 0 0 0 0 0 0 0 0 0 0 0 0 0 0 0 0 0 0 0 0 0 0 0 0 0 0 0 0 0 0 0 0 0 0 0 0 0 0 0 0 0 0 0 0 0 0 0 0 0 0 0 0 0 0 0 0 0
0 0 0 0 0 0 0 0 0 0 0 0 0 0 0 0 0 0 0 0 0 0 0 0 0 0 0 0 0 0 0 0 0 0 0 0 0 0 0 0 0 0 0 0 0 0 0 0 0 0 0 0 0 0 0 0 0 0 0 0 0 0 0 0 0 0 0 0 0 0 0 0 0 0 0 0 0 0 0 0 0 0 0 0 0 0 0 0 0 0 0 0 0 0 0 0 0 0 0 0 0 0 0 0 0 0 0 0 0 0 0 0 0 0 0 0 0 0 0 0 0
0 0 0 0 0 0 0 0 0 0 0 0 0 0 0 0 0 0 0 0 0 0 0 0 0 0 0 0 0 0 0 0 0 0 0 0 0 0 0 0 0 0 0 0 0 0 0 0 0 0 0 0 0 0 0 0 0 0 0 0 0 0 0 0 0 0 0 0 0 0 0 0 0 0 0 0 0 0 0 0 0 0 0 0 0 0 0 0 0 0 0 0 0 0 0 0 0 0 0 0 0 0 0 0 0 0 0 0 0 0 0 0 0 0 0 0 0 0 0 0 0
0 0 0 0 0 0 0 0 0 0 0 0 0 0 0 0 0 0 0 0 0 0 0 0 0 0 0 0 0 0 0 0 0 0 0 0 0 0 0 0 0 0 0 0 0 0 0 0 0 0 0 0 0 0 0 0 0 0 0 0 0 0 0 0 0 0 0 0 0 0 0 0 0 0 0 0 0 0 0 0 0 0 0 0 0 0 0 0 0 0 0 0 0 0 0 0 0 0 0 0 0 0 0 0 0 0 0 0 0 0 0 0 0 0 0 0 0 0 0 0 0
0 0 0 0 0 0 0 0 0 0 0 0 0 0 0 0 0 0 0 0 0 0 0 0 0 0 0 0 0 0 0 0 0 0 0 0 0 0 0 0 0 0 0 0 0 0 0 0 0 0 0 0 0 0 0 0 0 0 0 0 0 0 0 0 0 0 0 0 0 0 0 0 0 0 0 0 0 0 0 0 0 0 0 0 0 0 0 0 0 0 0 0 0 0 0 0 0 0 0 0 0 0 0 0 0 0 0 0 0 0 0 0 0 0 0 0 0 0 0 0 0
0 0 0 0 0 0 0 0 0 0 0 0 0 0 0 0 0 0 0 0 0 0 0 0 0 0 0 0 0 0 0 0 0 0 0 0 0 0 0 0 0 0 0 0 0 0 0 0 0 0 0 0 0 0 0 0 0 0 0 0 0 0 0 0 0 0 0 0 0 0 0 0 0 0 0 0 0 0 0 0 0 0 0 0 0 0 0 0 0 0 0 0 0 0 0 0 0 0 0 0 0 0 0 0 0 0 0 0 0 0 0 0 0 0 0 0 0 0 0 0 0
0 0 0 0 0 0 0 0 0 0 0 0 0 0 0 0 0 0 0 0 0 0 0 0 0 0 0 0 0 0 0 0 0 0 0 0 0 0 0 0 0 0 0 0 0 0 0 0 0 0 0 0 0 0 0 0 0 0 0 0 0 0 0 0 0 0 0 0 0 0 0 0 0 0 0 0 0 0 0 0 0 0 0 0 0 0 0 0 0 0 0 0 0 0 0 0 0 0 0 0 0 0 0 0 0 0 0 0 0 0 0 0 0 0 0 0 0 0 0 0 0
0 0 0 0 0 0 0 0 0 0 0 0 0 0 0 0 0 0 0 0 0 0 0 0 0 0 0 0 0 0 0 0 0 0 0 0 0 0 0 0 0 0 0 0 0 0 0 0 0 0 0 0 0 0 0 0 0 0 0 0 0 0 0 0 0 0 0 0 0 0 0 0 0 0 0 0 0 0 0 0 0 0 0 0 0 0 0 0 0 0 0 0 0 0 0 0 0 0 0 0 0 0 0 0 0 0 0 0 0 0 0 0 0 0 0 0 0 0 0 0 0
0 0 0 0 0 0 0 0 0 0 0 0 0 0 0 0 0 0 0 0 0 0 0 0 0 0 0 0 0 0 0 0 0 0 0 0 0 0 0 0 0 0 0 0 0 0 0 0 0 0 0 0 0 0 0 0 0 0 0 0 0 0 0 0 0 0 0 0 0 0 0 0 0 0 0 0 0 0 0 0 0 0 0 0 0 0 0 0 0 0 0 0 0 0 0 0 0 0 0 0 0 0 0 0 0 0 0 0 0 0 0 0 0 0 0 0 0 0 0 0 0
0 0 0 0 0 0 0 0 0 0 0 0 0 0 0 0 0 0 0 0 0 0 0 0 0 0 0 0 0 0 0 0 0 0 0 0 0 0 0 0 0 0 0 0 0 0 0 0 0 0 0 0 0 0 0 0 0 0 0 0 0 0 0 0 0 0 0 0 0 0 0 0 0 0 0 0 0 0 0 0 0 0 0 0 0 0 0 0 0 0 0 0 0 0 0 0 0 0 0 0 0 0 0 0 0 0 0 0 0 0 0 0 0 0 0 0 0 0 0 0 0
0 0 0 0 0 0 0 0 0 0 0 0 0 0 0 0 0 0 0 0 0 0 0 0 0 0 0 0 0 0 0 0 0 0 0 0 0 0 0 0 0 0 0 0 0 0 0 0 0 0 0 0 0 0 0 0 0 0 0 0 0 0 0 0 0 0 0 0 0 0 0 0 0 0 0 0 0 0 0 0 0 0 0 0 0 0 0 0 0 0 0 0 0 0 0 0 0 0 0 0 0 0 0 0 0 0 0 0 0 0 0 0 0 0 0 0 0 0 0 0 0
0 0 0 0 0 0 0 0 0 0 3.75295113329117e-12 1.46155811311424e-11 5.11112661215545e-11 1.60499825117301e-10 4.52574270978508e-10 1.14594171832769e-09 2.60550897189436e-09 5.31961238475149e-09 9.75269801332062e-09 1.60556147148343e-08 2.37348489310786e-08 3.15067334382612e-08 3.75558554011813e-08 4.01984502898287e-08 3.8636549668187e-08 3.33460758811153e-08 2.58433318928478e-08 1.79849671462141e-08 1.12390127892859e-08 6.30672733109222e-09 3.17787870724261e-09 1.43789757804051e-09 5.84219380834166e-10 0 0 0 0 0 0 0 0 0 0 0 0 0 0 0 0 0 0 0 0 0 0 0 0 0 0 0 0 0 0 0 0 0 0 0 0 0 0 0 0 0 0 0 0 0 0 0 0 0 0 0 0 0 0 0 0 0 0 0 0 0 0 0 0 0 0 0 0 0 0 0 0 0 0 0 0 0 0 0 0 0 0 0 0 0 0 0 0
0 0 0 0 0 0 0 0 0 0 2.76735871510643e-11 1.05618488602144e-10 3.61969361840716e-10 1.11393807498042e-09 3.07827672012424e-09 7.63856256397146e-09 1.70205266950199e-08 3.40558498877662e-08 6.11882205654206e-08 9.87191249247276e-08 1.43018475141052e-07 1.8605457878133e-07 2.17343148646194e-07 2.2798638857388e-07 2.14748063770099e-07 1.81638107056662e-07 1.37956462796587e-07 9.40880584236431e-08 5.76214702740354e-08 3.16877597988698e-08 1.56479017983689e-08 6.93869917774144e-09 2.76285046245027e-09 0 0 0 0 0 0 0 0 0 0 0 0 0 0 0 0 0 0 0 0 0 0 0 0 0 0 0 0 0 0 0 0 0 0 0 0 0 0 0 0 0 0 0 0 0 0 0 0 0 0 0 0 0 0 0 0 0 0 0 0 0 0 0 0 0 0 0 0 0 0 0 0 0 0 0 0 0 0 0 0 0 0 0 0 0 0 0 0
0 0 0 0 0 0 0 0 0 0 1.65713059212685e-10 6.19815650417128e-10 2.08173629425427e-09 6.2783606999527e-09 1.70029463517936e-08 4.13484733173911e-08 9.02925974019223e-08 1.77052550170629e-07 3.11752252070232e-07 4.92917668131225e-07 6.99836426733903e-07 8.92228466743914e-07 1.02144282425732e-06 1.05005386529731e-06 9.69340060691259e-07 8.03594262005455e-07 5.98424520759546e-07 4.0073327259076e-07 2.42328519257035e-07 1.34509500545368e-07 7.26503080129655e-08 4.46815449642842e-08 3.78646103376584e-08 3.81346189906431e-08 4.79142660265432e-08 5.40589543275719e-08 5.47681176386173e-08 4.98247767338004e-08 4.07024246304244e-08 2.98574403338842e-08 1.96671865957205e-08 1.16329343244272e-08 6.1786513153825e-09 2.94683263376387e-09 1.26204437976365e-09 4.85345666647342e-10 0 0 0 0 0 0 0 0 0 0 0 0 0 0 0 0 0 0 0 0 0 0 0 0 0 0 0 0 0 0 0 0 0 0 0 0 0 0 0 0 0 0 0 0 0 0 0 0 0 0 0 0 0 0 0 0 0 0 0 0 0 0 0 0 0 0 0 0 0 0 0 0 0 0 0
0 0 0 0 0 0 0 0 0 0 8.05836141127016e-10 2.95381884405259e-09 9.72250880459204e-09 2.87362574767965e-08 7.62674876292258e-08 1.81763236461534e-07 3.88982467357806e-07 7.47500313711746e-07 1.28988236312231e-06 1.99869351215631e-06 2.78099157843286e-06 3.47464562111379e-06 3.89834949583837e-06 3.92746624461462e-06 3.5532010313417e-06 2.88707030327634e-06 2.10786682219117e-06 1.3856213302506e-06 8.26565778089622e-07 4.60958650595238e-07 2.64820905242265e-07 1.91351552412171e-07 1.9316010808055e-07 2.19495462081719e-07 2.70272766100217e-07 2.98838398122989e-07 2.967070638782e-07 2.64531104310447e-07 2.11779040712274e-07 1.52246241992335e-07 9.82805456288989e-08 5.69699593043243e-08 2.96538872785769e-08 1.38603669523225e-08 5.81735004426313e-09 2.19246686621847e-09 0 0 0 0 0 0 0 0 0 0 0 0 0 0 0 0 0 0 0 0 0 0 0 0 0 0 0 0 0 0 0 0 0 0 0 0 0 0 0 0 0 0 0 0 0 0 0 0 0 0 0 0 0 0 0 0 0 0 0 0 0 0 0 0 0 0 0 0 0 0 0 0 0 0 0
0 0 0 0 0 0 0 0 0 0 3.18225865862881e-09 1.14315180043129e-08 3.68748027067835e-08 1.06810237037985e-07 2.77813550727041e-07 6.48860511215358e-07 1.36083865294432e-06 2.56282706176421e-06 4.33400430992541e-06 6.58137670021227e-06 8.97431961628013e-06 1.09886335016005e-05 1.2082232257896e-05 1.1929327046678e-05 1.05773676808319e-05 8.42438971623281e-06 6.03284768311172e-06 3.89951819274969e-06 2.30963544798832e-06 1.32336018288363e-06 8.52485434590823e-07 7.51557318583952e-07 8.74106079181859e-07 1.06233200351466e-06 1.28229756533979e-06 1.38987481654944e-06 1.35276038579852e-06 1.18229103870731e-06 9.27868125376926e-07 6.53892653822157e-07 4.13794784445243e-07 2.35137515801296e-07 1.19982306186753e-07 5.49757115167832e-08 2.26194944386541e-08 8.35705610807096e-09 0 0 0 0 0 0 0 0 0 0 0 0 0 0 0 0 0 0 0 0 0 0 0 0 0 0 0 0 0 0 0 0 0 0 0 0 0 0 0 0 0 0 0 0 0 0 0 0 0 0 0 0 0 0 0 0 0 0 0 0 0 0 0 0 0 0 0 0 0 0 0 0 0 0 0
0 0 0 0 0 0 0 0 0 9.14350767282568e-13 1.0209126365821e-08 3.59420264847019e-08 1.13625324659745e-07 3.22556959269964e-07 8.22238033084896e-07 1.88212055816752e-06 3.86862883766847e-06 7.14047540238314e-06 1.18347410335425e-05 1.76138335298368e-05 2.35405096478697e-05 2.82520898121806e-05 3.04492178930163e-05 2.94726265132169e-05 2.56250833817517e-05 2.0025330411855e-05 1.40955152458346e-05 9.00636431198518e-06 5.37475555180934e-06 3.28450036452739e-06 2.49266370560159e-06 2.63415160465418e-06 3.32753042029389e-06 4.14469793030815e-06 4.89746957834119e-06 5.20023352765463e-06 4.95991735502372e-06 4.24863010508954e-06 3.26807365553308e-06 2.25754763949735e-06 1.40036454656451e-06 7.80017594420855e-07 3.90145688741841e-07 1.75229959132285e-07 7.06722721772283e-08 2.53912443789449e-08 0 0 0 0 0 0 0 0 0 0 0 0 0 0 0 0 0 0 0 0 0 0 0 0 0 0 0 0 0 0 0 0 0 0 0 0 0 0 0 0 0 0 0 0 0 0 0 0 0 0 0 0 0 0 0 0 0 0 0 0 0 0 0 0 0 0 0 0 0 0 0 0 0 0 0
0 0 0 0 0 0 0 0 0 7.01257080206807e-12 2.66064547128613e-08 9.18034768389769e-08 2.84447640163823e-07 7.91408423134172e-07 1.97726735747206e-06 4.43602212614485e-06 8.93695581408621e-06 1.61680076238434e-05 2.62663461631072e-05 3.8320178636654e-05 5.02058028660478e-05 5.90747474302746e-05 6.24345829552151e-05 5.92796485105779e-05 5.0589674485138e-05 3.88588668684429e-05 2.6983447501076e-05 1.71982301799446e-05 1.05927238775876e-05 7.24778675930497e-06 6.65645481684667e-06 8.06664476978635e-06 1.06150714451147e-05 1.32649373436417e-05 1.53455082285995e-05 1.59608127793902e-05 1.4916269581525e-05 1.25210811532623e-05 9.43870445099635e-06 6.39032385611848e-06 3.88511749430221e-06 2.12106925979668e-06 1.03985725803578e-06 4.57783076341653e-07 1.80859120627692e-07 6.32586625411834e-08 0 0 0 0 0 0 0 0 0 0 0 0 0 0 0 0 0 0 0 0 0 0 0 0 0 0 0 0 0 0 0 0 0 0 0 0 0 0 0 0 0 0 0 0 0 0 0 0 0 0 0 0 0 0 0 0 0 0 0 0 0 0 0 0 0 0 0 0 0 0 0 0 0 0 0
0 0 0 0 0 0 0 0 0 4.36757542555344e-11 5.63898286126197e-08 1.90716045520368e-07 5.79264345974572e-07 1.57984904870031e-06 3.86937437098378e-06 8.51028617230332e-06 1.6808877556858e-05 2.98150489269017e-05 4.74954180771718e-05 6.79538885069617e-05 8.73307344738369e-05 0.000100828253724735 0.000104618785399108 9.76075826974762e-05 8.19889969932014e-05 6.21997502044935e-05 4.30081213392519e-05 2.7898221862055e-05 1.84879992887236e-05 1.48732218707094e-05 1.62614492104591e-05 2.13549538367638e-05 2.84126980380653e-05 3.51791795134557e-05 3.98442217437149e-05 4.06056010734284e-05 3.71996998383107e-05 3.06189450917975e-05 2.26367528978033e-05 1.50349509565173e-05 8.96941885328053e-06 4.80639573598933e-06 2.31361845716534e-06 1.00048751815407e-06 3.88183690804797e-07 1.31933104126634e-07 8.37014846191104e-10 0 0 0 0 0 0 0 0 0 0 0 0 0 0 0 0 0 0 0 0 0 0 0 0 0 0 0 0 0 0 0 0 0 0 0 0 0 0 0 0 0 0 0 0 0 0 0 0 0 0 0 0 0 0 0 0 0 0 0 0 0 0 0 0 0 0 0 0 0 0 0 0 0 0
0 0 0 0 0 0 0 0 0 2.2090334772695e-10 9.74484218876225e-08 3.23173139427367e-07 9.62727820732595e-07 2.57512432757977e-06 6.18644189294815e-06 1.33477574946848e-05 2.58666905059315e-05 4.50271309645557e-05 7.04146125947993e-05 9.89443804823841e-05 0.000124966855062155 0.000141936456710904 0.000145113919595204 0.000133752222393468 0.000111497256744915 8.46620424791705e-05 5.96335478377702e-05 4.09408515874649e-05 3.07535040494838e-05 2.94134853600961e-05 3.60573634582035e-05 4.87409997606719e-05 6.42614096296346e-05 7.82116762557205e-05 8.66700224511475e-05 8.65191145553388e-05 7.76949067350431e-05 6.27129773336738e-05 4.5481036942759e-05 2.96454090996601e-05 1.7362818108899e-05 9.13828811678416e-06 4.32265305617208e-06 1.8380236798381e-06 7.00745332498715e-07 2.29921441293533e-07 3.59932413009918e-09 0 0 0 0 0 0 0 0 0 0 0 0 0 0 0 0 0 0 0 0 0 0 0 0 0 0 0 0 0 0 0 0 0 0 0 0 0 0 0 0 0 0 0 0 0 0 0 0 0 0 0 0 0 0 0 0 0 0 0 0 0 0 0 0 0 0 0 0 0 0 0 0 0 0
0 0 0 0 0 0 0 0 0 9.07325069162213e-10 1.38371247496063e-07 4.50448046016414e-07 1.31822210126085e-06 3.46317169863404e-06 8.17511047146938e-06 1.73372309706595e-05 3.30412009906558e-05 5.66018641904229e-05 8.71901858375541e-05 0.000120841716145276 0.000150824340816246 0.000169766646460318 0.000172768199055846 0.000159583639628122 0.000134770413281596 0.000105533531099533 7.8963963047817e-05 6.02373207949074e-05 5.23138452541469e-05 5.63937872192711e-05 7.20312468513263e-05 9.65530646624361e-05 0.000124514325752 0.000148206223387551 0.000160574216901201 0.000156993312162588 0.000138235518281414 0.000109493432746538 7.79746748818997e-05 4.99512450539999e-05 2.87755530557117e-05 1.49109249995212e-05 6.95201326624677e-06 2.91744476918036e-06 1.09662278115891e-06 3.45899233178028e-07 1.2569195576611e-08 0 0 0 0 0 0 0 0 0 0 0 0 0 0 0 0 0 0 0 0 0 0 0 0 0 0 0 0 0 0 0 0 0 0 0 0 0 0 0 0 0 0 0 0 0 0 0 0 0 0 0 0 0 0 0 0 0 0 0 0 0 0 0 0 0 0 0 0 0 0 0 0 0 0
0 0 0 0 0 0 0 0 0 3.02637159868246e-09 1.64967508374299e-07 5.28741964254705e-07 1.5270999669235e-06 3.95671963678542e-06 9.22281422883213e-06 1.93312060224596e-05 3.64644068080886e-05 6.19427362942713e-05 9.48535137655824e-05 0.00013112828279162 0.00016401259543063 0.000186218549078325 0.000192951297284459 0.000183799128604442 0.000162884679409267 0.000136864909257514 0.000112659829188808 9.61174671737819e-05 9.17640977944074e-05 0.000102645508105298 0.000129303275135548 0.000168109686687153 0.000210452662815009 0.000244233794529962 0.000258622683007448 0.000247727123213542 0.000214091277784052 0.000166685533992438 0.000116849691828164 7.38219963996564e-05 4.20256871336468e-05 2.15775237173193e-05 1.00022673672754e-05 4.19258905545407e-06 1.57820269960653e-06 4.89214034182125e-07 4.6214351559762e-08 4.90761504311129e-09 1.8818424701834e-09 7.18194740888233e-10 0 0 0 0 0 0 0 0 0 0 0 0 0 0 0 0 0 0 0 0 0 0 0 0 0 0 0 0 0 0 0 0 0 0 0 0 0 0 0 0 0 0 0 0 0 0 0 0 0 0 0 0 0 0 0 0 0 0 0 0 0 0 0 0 0 0 0 0 0 0 0
0 0 0 0 0 0 0 0 3.49012681007289e-12 8.21108931606609e-09 1.74457453583742e-07 5.54553079100008e-07 1.59846235772446e-06 4.12413038012358e-06 9.59863988828481e-06 2.01278557390817e-05 3.80970045501427e-05 6.51763929258886e-05 0.000100976382771764 0.000142043973135787 0.000182090216051268 0.00021376662605089 0.00023145142103483 0.000233040995243591 0.000220735211978552 0.000199810613716273 0.000177180355928423 0.000160385156861155 0.000156856505941794 0.000172482416177093 0.000208994039872012 0.000261217125378638 0.000316449649142125 0.000357587386707505 0.000370144962668248 0.000347714408918516 0.000295531470227524 0.000226885583117554 0.000157290379809522 9.86319484829678e-05 5.59839621449255e-05 2.88421318453518e-05 1.35420274581488e-05 5.84124262326245e-06 2.32952423404547e-06 8.33681901687546e-07 2.72204517097569e-07 1.68251750110694e-07 1.51273773205346e-07 1.31793705827373e-07 1.05896994773536e-07 7.8303962385769e-08 5.24420133686587e-08 3.15378691939273e-08 1.70311004747918e-08 8.25867636061002e-09 3.59613143650006e-09 1.40610592594775e-09 0 0 0 0 0 0 0 0 0 0 0 0 0 0 0 0 0 0 0 0 0 0 0 0 0 0 0 0 0 0 0 0 0 0 0 0 0 0 0 0 0 0 0 0 0 0 0 0 0 0 0 0 0 0 0 0 0 0 0 0 0 0 0
0 0 0 0 0 5.05071171601214e-12 2.26976266860851e-11 8.3039041157054e-11 2.99139578974808e-10 1.89394834958042e-08 1.84273065646108e-07 5.86210633282214e-07 1.71215117528474e-06 4.45313448032821e-06 1.04911494987072e-05 2.23213314605757e-05 4.30145276772817e-05 7.52039929515818e-05 0.000119547894721829 0.000173283046591775 0.000229871849851411 0.00028033482088289 0.00031621668264431 0.000332006437618193 0.000327310809853137 0.000306687781913918 0.000278720986495098 0.000254573175946237 0.000245939655738824 0.000261855493153722 0.000304583118324466 0.000366391933639115 0.000429918506887065 0.000473371033576165 0.000479680783516886 0.000443030262199131 0.000371779775713658 0.000283104217443172 0.00019574109364135 0.000123287969879985 7.09608815452391e-05 3.76004352190414e-05 1.85635752098005e-05 8.74255620707396e-06 4.07683114546108e-06 1.98697619038757e-06 1.1938480598275e-06 9.16207541826251e-07 8.01885813273486e-07 6.72959552267103e-07 5.22490716213729e-07 3.72755852911214e-07 2.4206628130557e-07 1.41616670547282e-07 7.37247804454192e-08 3.50358401770191e-08 1.49509558166569e-08 5.72905184463438e-09 0 0 0 0 0 0 0 0 0 0 0 0 0 0 0 0 0 0 0 0 0 0 0 0 0 0 0 0 0 0 0 0 0 0 0 0 0 0 0 0 0 0 0 0 0 0 0 0 0 0 0 0 0 0 0 0 0 0 0 0 0 0 0
0 0 0 0 0 3.45502829608868e-11 1.53546950816369e-10 5.51101040316494e-10 1.93528775997297e-09 3.79623936277684e-08 2.23143540132546e-07 7.08012185341148e-07 2.09452999148499e-06 5.48850386438793e-06 1.30805067309134e-05 2.82073957446915e-05 5.52082297490259e-05 9.81924378653249e-05 0.000158957887824257 0.000234732928465711 0.000317110129265492 0.000393258839427343 0.000449888689438384 0.000477228196567622 0.000473069250484061 0.000443407180080746 0.000401056241306755 0.000362597768997567 0.000344280268387814 0.000357151551249765 0.000402328169651867 0.000468486410050146 0.000534000583680391 0.000574077742237683 0.000571072104318788 0.000520897110295173 0.000434599640440441 0.000331663904861722 0.00023216090233307 0.000150026063084386 9.02046340707367e-05 5.12171664549881e-05 2.80771310816298e-05 1.54138626153203e-05 8.91539066714282e-06 5.75498582543546e-06 4.39883587610776e-06 3.67810930695619e-06 3.19018888919814e-06 2.6312017150989e-06 2.00504487024186e-06 1.39923339146696e-06 8.89064681017675e-07 5.08982958550106e-07 2.59168964708241e-07 1.20701691106417e-07 5.04778778910595e-08 1.89559779734907e-08 0 0 0 0 0 0 0 0 0 0 0 0 0 0 0 0 0 0 0 0 0 0 0 0 0 0 0 0 0 0 0 0 0 0 0 0 0 0 0 0 0 0 0 0 0 0 0 0 0 0 0 0 0 0 0 0 0 0 0 0 0 0 0
0 0 0 0 0 1.9193287361875e-10 8.44108030260704e-10 2.97238913112829e-09 1.01798191432673e-08 7.63745516779359e-08 3.35709645053824e-07 1.02477645510942e-06 2.95843412471006e-06 7.60892053463868e-06 1.79199716158672e-05 3.83746155836204e-05 7.48416609356639e-05 0.000132930659424671 0.000215113994201519 0.000317536729194511 0.000428403125614499 0.000529598997409985 0.000602382620694576 0.000633522219639167 0.000621056617650756 0.000574981795688917 0.00051418382578486 0.000460807912485708 0.000433979646942303 0.00044415051375481 0.000489256514439622 0.000554187232299673 0.000614988074233152 0.000646920504026726 0.000634325862495969 0.000575590443801705 0.000483048593467382 0.000375935328392486 0.000273066178752386 0.000187080944222275 0.000122370270894317 7.78361468812886e-05 4.92593539545589e-05 3.19957102030922e-05 2.21271375801746e-05 1.67742587762148e-05 1.39937581430576e-05 1.20651340923185e-05 1.0333558610508e-05 8.36382914839614e-06 6.24860029487736e-06 4.26545152505983e-06 2.65188650789029e-06 1.48590521609682e-06 7.39862863549714e-07 3.37685880738457e-07 1.38398680179538e-07 5.0934068443527e-08 0 0 0 0 0 0 0 0 0 0 0 0 0 0 0 0 0 0 0 0 0 0 0 0 0 0 0 0 0 0 0 0 0 0 0 0 0 0 0 0 0 0 0 0 0 0 0 0 0 0 0 0 0 0 0 0 0 0 0 0 0 0 0
0 0 0 0 0 8.65856361061321e-10 3.77111900709163e-09 1.30294487008997e-08 4.35382306588821e-08 1.79315782591329e-07 6.36300456032054e-07 1.7806245205844e-06 4.74263580629376e-06 1.14796284453354e-05 2.57518690642538e-05 5.3127347960798e-05 0.000100680237552873 0.000174885373481085 0.000277992131314916 0.00040418791698278 0.000537860594268214 0.0006560649163402 0.000736061393905494 0.000763429470749146 0.000738674164467456 0.00067707224446213 0.00060319031315971 0.000542577947572393 0.000514057233386939 0.000524628322686041 0.000567906206240503 0.000626213797817141 0.000676400766474547 0.000697315705243731 0.000677653261213248 0.000618378664423826 0.000531179262738476 0.000432060042052589 0.000335723816206957 0.000251796002207811 0.000183908143900269 0.000132312119979217 9.51230694630165e-05 6.97589909009454e-05 5.35263146643892e-05 4.36515148973847e-05 3.74805331173021e-05 3.24321193897362e-05 2.7316729884637e-05 2.16508938152693e-05 1.58339773830698e-05 1.05679547905274e-05 6.42708867212049e-06 3.52362381478806e-06 1.71521352805612e-06 7.67204566303344e-07 3.08149549785512e-07 1.11139712473034e-07 0 0 0 0 0 0 0 0 0 0 0 0 0 0 0 0 0 0 0 0 0 0 0 0 0 0 0 0 0 0 0 0 0 0 0 0 0 0 0 0 0 0 0 0 0 0 0 0 0 0 0 0 0 0 0 0 0 0 0 0 0 0 0
0 9.55031101198029e-12 3.84408126735741e-11 1.38939259174637e-10 4.5093585670187e-10 4.48625904390153e-09 1.7131617308038e-08 5.45056190514823e-08 1.68474796819137e-07 5.08648707806309e-07 1.48468884961386e-06 3.7138368033258e-06 8.7976386702856e-06 1.9312762723862e-05 3.97424950575999e-05 7.63049091682289e-05 0.000136375286072329 0.000226089227270469 0.000346395385418902 0.000489240546899684 0.000636213189999168 0.000761884224921922 0.000842421602498814 0.000864652870730894 0.000832371231265668 0.000764990515326637 0.000690072702957564 0.00063329815829387 0.000610470390121207 0.000623848638693439 0.000663256176638894 0.000710528678804367 0.000746202509259827 0.000755265062358341 0.000732180109003113 0.00068014541643071 0.000608508991413497 0.00052748930097172 0.000445205020856011 0.000366798017135447 0.000295046848645052 0.000232569626373614 0.000181514058996498 0.000142687186854409 0.000115354185586924 9.68933986016842e-05 8.35478088667391e-05 7.15568809647923e-05 5.90495590115671e-05 4.57334023455692e-05 3.26880262678872e-05 2.13158231035616e-05 1.26749857309049e-05 6.7955500736603e-06 3.23256749111765e-06 1.41682587343303e-06 5.57172734305963e-07 1.96937717160278e-07 0 0 0 0 0 0 0 0 0 0 0 0 0 0 0 0 0 0 0 0 0 0 0 0 0 0 0 0 0 0 0 0 0 0 0 0 0 0 0 0 0 0 0 0 0 0 0 0 0 0 0 0 0 0 0 0 0 0 0 0 0 0 0
0 6.04047095249665e-11 2.38274275745194e-10 8.43996972740613e-10 2.68449124839057e-09 1.7105861380639e-08 6.00765364333282e-08 1.79757817422702e-07 5.21967192512881e-07 1.39001793473866e-06 3.57602512110839e-06 8.20996611455601e-06 1.76422262084804e-05 3.52811935549002e-05 6.61748741791783e-05 0.000116500975861113 0.000192669514496215 0.000299021209265072 0.000434303231400677 0.000588671802586511 0.000742999817811851 0.000872500672962798 0.000954928409075578 0.000979235615471913 0.000950979403628581 0.000890500375173182 0.000825027777761463 0.000778288565173901 0.00076281358668523 0.000777312479901606 0.000809625995763916 0.00084276501071275 0.00086211198487338 0.000859375116834146 0.000834905434804506 0.000793675282540396 0.000741877440352645 0.000682672836692441 0.000616365493092058 0.000542933065745427 0.000464360843669549 0.000386196887659149 0.000315610098578006 0.000257421666480808 0.000213145045354182 0.000180367264763077 0.0001541181749762 0.000129548892795567 0.000104368102618341 7.88187865031403e-05 5.49707968962892e-05 3.49957416320094e-05 2.03353955917318e-05 1.06548271156995e-05 4.95102423397748e-06 2.12618856711476e-06 8.18119799158911e-07 2.83391786554958e-07 0 0 0 0 0 0 0 0 0 0 0 0 0 0 0 0 0 0 0 0 0 0 0 0 0 0 0 0 0 0 0 0 0 0 0 0 0 0 0 0 0 0 0 0 0 0 0 0 0 0 0 0 0 0 0 0 0 0 0 0 0 0 0
0 3.10257875792876e-10 1.19939016966281e-09 4.16347084740404e-09 1.29780052048017e-08 5.91369289995632e-08 1.88278075237321e-07 5.22829710508706e-07 1.40336142629794e-06 3.43945144539293e-06 8.05446365032573e-06 1.72446353457228e-05 3.44307435014489e-05 6.40324405797476e-05 0.000111428108216059 0.000181987795710261 0.000280002899370805 0.000406986770380798 0.000559335639880031 0.0007265737839755 0.000891057585389208 0.00103077371798993 0.0011256696667536 0.0011651655883387 0.00115322791714436 0.0011076560928305 0.00105353652472604 0.00101320968261743 0.000998354378348893 0.00100701383597115 0.00102703662410524 0.00104311167052651 0.00104466101932861 0.00102880002163628 0.00100064710067126 0.000966475222784583 0.000929623655743388 0.000886887094768149 0.00083158526523303 0.00075911369070521 0.000670739210960558 0.000574353987822099 0.000481442148467324 0.000400152031240969 0.000333975508217957 0.00028108245247819 0.000235947101688603 0.0001934691550385 0.000151622741412493 0.00011137660133608 7.56411900121131e-05 4.69517742289035e-05 2.66345938832908e-05 1.36217210903137e-05 6.17886271875861e-06 2.59887382086456e-06 9.75534604789698e-07 3.31164936631346e-07 0 0 0 0 0 0 0 0 0 0 0 0 0 0 0 0 0 0 0 0 0 0 0 0 0 0 0 0 0 0 0 0 0 0 0 0 0 0 0 0 0 0 0 0 0 0 0 0 0 0 0 0 0 0 0 0 0 0 0 0 0 0 0
0 1.2941170480032e-09 4.90278152627387e-09 1.66789572842279e-08 5.09509897337572e-08 1.84561373902017e-07 5.33571689115417e-07 1.36875035236505e-06 3.35976908507663e-06 7.59412665082831e-06 1.63072082103015e-05 3.25572364402519e-05 6.08909928404308e-05 0.000106599809169912 0.000175043865322795 0.000270332175143576 0.000394427533088639 0.000546372908629427 0.000721356303708465 0.000909751831848811 0.00109638049379856 0.00126151260100075 0.00138498212858435 0.00145316902739479 0.00146522666402532 0.00143484326781327 0.00138568414845926 0.00134123738780306 0.00131553799550178 0.00130865799970319 0.00130975256988695 0.00130484846730994 0.00128557449578587 0.00125201271463066 0.0012119890791931 0.0011725429882666 0.00113559248733954 0.00109448984983723 0.00103873419187824 0.000961012269671187 0.000861753167808113 0.000749216409770714 0.000636565074235609 0.000533311533552473 0.000444245823270657 0.000368823338875307 0.000302323791087696 0.000240682066793304 0.000182839758011483 0.000130252659524919 8.59064622145089e-05 5.18837673001113e-05 2.86809927768265e-05 1.42869459341867e-05 6.31857630643497e-06 2.60031121992671e-06 9.44641857084589e-07 3.14268003080236e-07 0 0 0 0 0 0 0 0 0 0 0 0 0 0 0 0 0 0 0 0 0 0 0 0 0 0 0 0 0 0 0 0 0 0 0 0 0 0 0 0 0 0 0 0 0 0 0 0 0 0 0 0 0 0 0 0 0 0 0 0 0 0 0
0 4.38352039231193e-09 1.62750872764863e-08 5.42601504916234e-08 1.62441142196216e-07 5.08267023528808e-07 1.35533589191199e-06 3.23494468311338e-06 7.27512434791119e-06 1.51311855014914e-05 2.97502637111229e-05 5.49498766360932e-05 9.58457185442875e-05 0.000157962457296932 0.000246350462655965 0.000364311647317378 0.000512972440443623 0.000691114230834893 0.000894844019396587 0.00111616279749176 0.0013409839909324 0.00154851061456504 0.00171450947518755 0.00181948021770586 0.00185719433552649 0.00183871260834908 0.00178860823409912 0.00173348225008384 0.00169081411047793 0.00166318405899949 0.00164110609543823 0.00161140707371026 0.0015663254056458 0.00150653375356141 0.00144046007791258 0.00137568460515705 0.00131511784546984 0.00125320695201487 0.00118031426263597 0.00108908284016515 0.000978975250440441 0.000856093087542539 0.000731708117579123 0.000614061830407511 0.000508087337053365 0.000414762647547326 0.000331278327099854 0.000255501053293757 0.000187678699439327 0.000129290950413233 8.25378875760606e-05 4.83623912001503e-05 2.59785679185023e-05 1.25653285668297e-05 5.41119451207152e-06 2.17600334922777e-06 7.49338965356064e-07 2.44869046474978e-07 9.9103375876889e-10 0 0 0 0 0 0 0 0 0 0 0 0 0 0 0 0 0 0 0 0 0 0 0 0 0 0 0 0 0 0 0 0 0 0 0 0 0 0 0 0 0 0 0 0 0 0 0 0 0 0 0 0 0 0 0 0 0 0 0 0 0 0
0 1.20578876577081e-08 4.38735564709238e-08 1.43348060278049e-07 4.20569886807633e-07 1.20141668600475e-06 3.01393715066839e-06 6.78930064815132e-06 1.41846567502256e-05 2.73401027901988e-05 4.94223853526027e-05 8.41260946889959e-05 0.000136035655297741 0.000210067925534524 0.000311126186387538 0.00044328974584112 0.000609653241577088 0.000811631243188342 0.0010477199423757 0.00131047602327876 0.00158351329025752 0.00184099698865801 0.00205242527717184 0.00219332951627918 0.00225549133843352 0.00225092872709428 0.00220649105382203 0.00215034213839139 0.00210010509545132 0.00205794426571312 0.00201441583183606 0.00195710135677586 0.00187886031520949 0.00178034351965673 0.00166987419206036 0.00155615633175422 0.00144567830240403 0.00133832740567774 0.00122976820621702 0.00111533385123756 0.000993959463989705 0.000867928584651939 0.000743522763836008 0.0006249351229462 0.000515218734195913 0.000415664591173339 0.000325297902152719 0.000244020381026354 0.000173602823152908 0.000115579937572473 7.12458394236782e-05 4.03788706812932e-05 2.10018533558329e-05 9.8305223555553e-06 4.12032864902833e-06 1.61731904580542e-06 5.01096995845976e-07 1.62357208454129e-07 3.91009633412015e-09 0 0 0 0 0 0 0 0 0 0 0 0 0 0 0 0 0 0 0 0 0 0 0 0 0 0 0 0 0 0 0 0 0 0 0 0 0 0 0 0 0 0 0 0 0 0 0 0 0 0 0 0 0 0 0 0 0 0 0 0 0 0
0 2.69350734670244e-08 9.6046398393016e-08 3.07539834632942e-07 8.84258089898445e-07 2.38367024050927e-06 5.71951849440471e-06 1.23351576895961e-05 2.43817225981066e-05 4.42349441212599e-05 7.45922217978721e-05 0.000118034239511563 0.00017768125701707 0.0002575197525617 0.000363120896977948 0.00050124073455149 0.000679085640575596 0.000901785022517505 0.00116923134401499 0.00147177732129606 0.00178776872844845 0.00208549899540308 0.00233090501938201 0.00250018185395324 0.00258898024938243 0.00261309505516475 0.00259946094575418 0.00257142752607455 0.00253908230079712 0.00249850971068723 0.00243845566675109 0.00234868201085754 0.00222554496240014 0.00207228710403443 0.00189875154666742 0.00171597174836166 0.00153536032983205 0.00136426039630023 0.00120606313919092 0.00106085853005007 0.000928229130299252 0.00080645000233789 0.000694855358370055 0.000590940000605661 0.000493043013132784 0.000400300054088869 0.00031258266477219 0.000231700976872375 0.000161627408056542 0.000104931227531237 6.286692045409e-05 3.46464986669811e-05 1.75322765814051e-05 8.00714488770336e-06 3.30831510864312e-06 1.28326834755886e-06 3.35179576389061e-07 1.12303586985733e-07 1.25280995375787e-08 0 0 0 0 0 0 0 0 0 0 0 0 0 0 0 0 0 0 0 0 0 0 0 0 0 0 0 0 0 0 0 0 0 0 0 0 0 0 0 0 0 0 0 0 0 0 0 0 0 0 0 0 0 0 0 0 0 0 0 0 0 0
0 4.88611658019452e-08 1.70748955910326e-07 5.35808577249905e-07 1.50980216020205e-06 3.91235760342727e-06 9.0830684425891e-06 1.89618269124331e-05 3.6030013560481e-05 6.26134843327981e-05 0.000100522685984622 0.000150938182750542 0.000215655525047803 0.000298465036861409 0.000406676419134754 0.00055042337119408 0.000740392483905445 0.000983115006734742 0.00127649058283468 0.00160617043719822 0.00194551341547443 0.00226112682421545 0.00252252652982291 0.00271402125120736 0.00283958689487876 0.00291800187994734 0.00297008644012228 0.00300510763665453 0.0030168127201888 0.00298999012329334 0.00291138474809201 0.00277692535070611 0.00259230117157149 0.00236866563090593 0.00212027194537606 0.00186093751404627 0.00160578178132886 0.00136815545141765 0.00115875278359952 0.000983173194759644 0.000842853114493996 0.000732729920701233 0.000644324859764938 0.000566477050709349 0.000490347208408579 0.000410819545897566 0.000327941099286558 0.000245864664205293 0.000171953671055781 0.000111302724203373 6.63561885066943e-05 3.64560294696394e-05 1.84549043983479e-05 8.52900315423274e-06 3.62170011614984e-06 1.45399131146098e-06 3.69767534313458e-07 1.40532686200481e-07 4.09208182219604e-08 4.12277004325835e-09 1.8337021348468e-09 7.32362067947728e-10 0 0 0 0 0 0 0 0 0 0 0 0 0 0 0 0 0 0 0 0 0 0 0 0 0 0 0 0 0 0 0 0 0 0 0 0 0 0 0 0 0 0 0 0 0 0 0 0 0 0 0 0 0 0 0 0 0 0 0
0 7.19793986986721e-08 2.4650955551703e-07 7.58082856924389e-07 2.09345437567715e-06 5.26797591787322e-06 1.19253609273322e-05 2.42834065300972e-05 4.48946880471146e-05 7.58880478539925e-05 0.000118420204780715 0.000173130349210306 0.000241908730977734 0.000329835206121872 0.000446487109193095 0.000604041431797881 0.000813217915156721 0.00107755260441153 0.0013895894106782 0.00173025530985721 0.00207188494199973 0.00238624704001685 0.00265336887110461 0.00286972255705981 0.00304702301629093 0.00320204296013541 0.00334202182137761 0.00345504957116588 0.00351428930877481 0.00349303202522384 0.00337964813455781 0.0031822707440327 0.00292213504357057 0.00262288100814999 0.00230445362907948 0.00198163118146234 0.00166941529245079 0.00138296801139742 0.00113749683232202 0.000943275270781061 0.000803926154537054 0.000711804374750195 0.000650913383111099 0.00060118817753584 0.000546079521830726 0.000476037239987336 0.000391627670303398 0.000300265295022825 0.000213673229061506 0.000140543205756748 8.53468522733124e-05 4.79762025231464e-05 2.5003764729003e-05 1.20504313594463e-05 5.40018671225659e-06 2.30128274403982e-06 6.95117999359945e-07 2.88798101277485e-07 1.0972488791972e-07 1.93890545547558e-08 8.451379892379e-09 3.30792754066911e-09 0 0 0 0 0 0 0 0 0 0 0 0 0 0 0 0 0 0 0 0 0 0 0 0 0 0 0 0 0 0 0 0 0 0 0 0 0 0 0 0 0 0 0 0 0 0 0 0 0 0 0 0 0 0 0 0 0 0 0
0 8.61095526488345e-08 2.89006885389597e-07 8.71008551910643e-07 2.35735208248607e-06 5.79390347542591e-06 1.28642214556026e-05 2.57007370891678e-05 4.66782878767908e-05 7.77991052135116e-05 0.000120348645402244 0.000175940576090835 0.000248351538669377 0.00034511380059454 0.000477536192352301 0.000657245127813024 0.000891151311274492 0.00117669447070903 0.00150056047143746 0.00184190922779521 0.00217718914803307 0.00248797052145577 0.00276620836484247 0.00301746899722484 0.00325478577833809 0.00348608210420428 0.00370100646082797 0.00386719479636372 0.00394237677824159 0.00389573586807174 0.00372420125478732 0.00345291842241065 0.00312064371504917 0.00276297249574112 0.00240279943826579 0.00205163575717223 0.0017194878664015 0.00141852128959655 0.00116484241376413 0.000971558906811321 0.000843982541981776 0.000772819276051386 0.000736401695160296 0.000707817421479457 0.000664628118042518 0.000594450407065798 0.000499115398285877 0.0003897769196023 0.000282504086567202 0.000189714753945268 0.000118164354713966 6.84820201018576e-05 3.70332576413135e-05 1.87091855217488e-05 8.88760810178669e-06 4.04741965728418e-06 1.48143294439764e-06 6.60375967765393e-07 2.77686746404343e-07 7.40496282646259e-08 3.16318932418362e-08 1.21334655836088e-08 0 0 0 0 0 0 0 0 0 0 0 0 0 0 0 0 0 0 0 0 0 0 0 0 0 0 0 0 0 0 0 0 0 0 0 0 0 0 0 0 0 0 0 0 0 0 0 0 0 0 0 0 0 0 0 0 0 0 0
0 8.3655246043439e-08 2.75157496783566e-07 8.12693697248333e-07 2.1561142528259e-06 5.19574082038633e-06 1.1384440769261e-05 2.24479244267922e-05 4.04558208201676e-05 6.74723322757943e-05 0.000105670892816762 0.000158718811895407 0.000233127463497667 0.000338782660525676 0.000487381212627345 0.000687929186803122 0.000942119716252772 0.0012420240717653 0.00157168114978124 0.00191283688244653 0.00224903038700639 0.00257054788654728 0.00287520237834649 0.00316801172702291 0.00345400498190597 0.00372778082620862 0.00396481043000707 0.00412308722533636 0.00415919414630868 0.00405055831037953 0.00380885206570639 0.00347559417356505 0.00310172296432309 0.00272772532072245 0.00237312741151295 0.00204130548222213 0.00173361520553035 0.00145607614475543 0.00122306385770489 0.00104892730816793 0.000940319760731521 0.000887963827522795 0.000867866638824758 0.000849990656622291 0.000809043471342674 0.000731697661771081 0.000621100158304729 0.000491398878676456 0.000361869604082313 0.000247926951505947 0.000158438161461018 9.4839011627509e-05 5.34518750035765e-05 2.85095996674824e-05 1.45247328683439e-05 7.17282014514967e-06 3.10692963868607e-06 1.48773303613763e-06 6.70544534724618e-07 2.29661322775007e-07 9.614384306729e-08 3.61420237127338e-08 0 0 0 0 0 0 0 0 0 0 0 0 0 0 0 0 0 0 0 0 0 0 0 0 0 0 0 0 0 0 0 0 0 0 0 0 0 0 0 0 0 0 0 0 0 0 0 0 0 0 0 0 0 0 0 0 0 0 0
0 6.59984533171968e-08 2.12742000717865e-07 6.15786400464237e-07 1.60297387787492e-06 3.80230598641961e-06 8.29934281675588e-06 1.62971517671546e-05 2.95771249331714e-05 5.03929567061138e-05 8.2025866390531e-05 0.000130150990400572 0.000203410516530002 0.000312749008487222 0.000468887523795239 0.000677820395913331 0.000937753164278513 0.00123941559410897 0.00156926362612085 0.00191494722986977 0.00226625599294141 0.0026157888726948 0.00295661995575896 0.00328196781825688 0.00358197906496567 0.00383941329548469 0.00402640411804022 0.00410817725587549 0.00405683289227408 0.00386840333629358 0.00357008210197572 0.00321238261264426 0.00284735308769264 0.00250990323596241 0.00220949278297206 0.00193842156518813 0.00168874270041463 0.00146019160149515 0.00126491306666089 0.00111804018956897 0.00102797792690813 0.000987663887244033 0.00097456992748823 0.000959422746583002 0.000916839211896165 0.000833572002466538 0.000713170522345399 0.000570888341803815 0.000427264476538916 0.000299279304474569 0.000197206529866983 0.000123075514138955 7.33759031867467e-05 4.20978694347998e-05 2.34111678206522e-05 1.26614383525982e-05 6.26527812473475e-06 3.17040522052515e-06 1.48945134153119e-06 5.7843101347953e-07 2.37310250913418e-07 8.74256358386945e-08 0 0 0 0 0 0 0 0 0 0 0 0 0 0 0 0 0 0 0 0 0 0 0 0 0 0 0 0 0 0 0 0 0 0 0 0 0 0 0 0 0 0 0 0 0 0 0 0 0 0 0 0 0 0 0 0 0 0 0
0 4.22837079093132e-08 1.33574592443465e-07 3.78906472722226e-07 9.72044743306384e-07 2.28882220029636e-06 5.07228578762293e-06 1.01070115626339e-05 1.89902995446633e-05 3.41776604815385e-05 5.97648557877828e-05 0.000102584111900408 0.00017203146256153 0.000278535691688898 0.000431027175368935 0.000633358383011006 0.000883263142376204 0.00117444549897203 0.00149957047578651 0.00185277806381721 0.00222628119789401 0.00260709300634368 0.00297445858095072 0.00330342868470331 0.00356928346874408 0.00375060819705797 0.00382962512619633 0.0037932895571466 0.00363939466282682 0.00338497321306252 0.00306690436076857 0.00273366269737305 0.00242678879528124 0.00216698681936943 0.00195017330862126 0.00175835168090824 0.00157708725065748 0.00140250940674762 0.00124577280617983 0.00112296134006556 0.00104467144517626 0.00100763015049516 0.000993652006227591 0.000977248699562998 0.000935025521908553 0.000854244658506667 0.00073771654207144 0.000599427059649174 0.000458676383545772 0.000331777850851214 0.000228877103908672 0.000151936536567341 9.78742741551777e-05 6.13247245406682e-05 3.72554866888781e-05 2.17324919215611e-05 1.1688013711795e-05 6.07898375342043e-06 2.89777810711607e-06 1.18307971447582e-06 4.75674914094297e-07 1.71736995924248e-07 0 0 0 0 0 0 0 0 0 0 0 0 0 0 0 0 0 0 0 0 0 0 0 0 0 0 0 0 0 0 0 0 0 0 0 0 0 0 0 0 0 0 0 0 0 0 0 0 0 0 0 0 0 0 0 0 0 0 0
0 2.19994133334062e-08 6.81072281316459e-08 1.89335776138169e-07 4.8849735206197e-07 1.17548729476093e-06 2.76234886643897e-06 5.83347745693154e-06 1.19377709892113e-05 2.37345288627063e-05 4.57557507398308e-05 8.51622101965773e-05 0.000150963146883374 0.000252012185463476 0.000395089535088517 0.000582687966012665 0.0008138712707721 0.00108712610753202 0.0014018938147879 0.001756838513519 0.00214242724074683 0.00253537982964161 0.00289868165400965 0.00319125130326907 0.00338044150353107 0.00345048928987044 0.00340290019261191 0.00325152926679251 0.0030191926549239 0.00273789318554305 0.00244485383776953 0.00217677562577016 0.00195736829724358 0.00178991966509346 0.00165819607567886 0.00153836582095614 0.00141461993093202 0.00128328161569046 0.00115580697733059 0.00104865254431146 0.000973909702817022 0.000932193106390065 0.00091113274760985 0.000891197908635448 0.000852875655699965 0.000784608660031482 0.000687740608738591 0.000572648609775958 0.000454506057882822 0.000346118168963445 0.00025545212788862 0.000183696138591166 0.000128745936820666 8.72322261101934e-05 5.64301905395442e-05 3.43572690224614e-05 1.91849611963014e-05 1.00227052040839e-05 4.76160679160109e-06 1.96505710044064e-06 7.74288354644094e-07 2.73960312689976e-07 0 0 0 0 0 0 0 0 0 0 0 0 0 0 0 0 0 0 0 0 0 0 0 0 0 0 0 0 0 0 0 0 0 0 0 0 0 0 0 0 0 0 0 0 0 0 0 0 0 0 0 0 0 0 0 0 0 0 0
0 9.29496725239006e-09 2.82007905060294e-08 7.68302194211142e-08 2.17908485574151e-07 5.9401961156729e-07 1.59846489355068e-06 3.82785413383703e-06 8.91933552253474e-06 1.98041186943377e-05 4.12815515489933e-05 8.04678945193702e-05 0.00014545696800665 0.000243091583582612 0.000377718707642497 0.000550355770024463 0.000761057839528271 0.00101194016736441 0.00130701250935636 0.00164663684277908 0.00201755347030169 0.0023870694931378 0.0027069862324542 0.00292875728624452 0.0030213881474758 0.00298149776017312 0.00283091383061913 0.00260534964623247 0.0023434760579558 0.00208203352339414 0.00185016621430514 0.00166770235522144 0.00153935175015928 0.00145358807304135 0.00138741890460208 0.00131745542333319 0.00123157028707102 0.00112900340233564 0.00102134616331244 0.000923526548530918 0.000847229563651675 0.000795906778545532 0.00076344375929131 0.000737815101721041 0.000705181300521729 0.000656107897654509 0.000590036729042039 0.000511793077164107 0.00042985890829467 0.000351197624216334 0.000280216871056608 0.000217360081903686 0.000162427101038323 0.000115359977234204 7.68157233412259e-05 4.73900465083608e-05 2.66711612701337e-05 1.3806105096718e-05 6.47433900856372e-06 2.65054431989636e-06 1.02351434939356e-06 3.54903411333849e-07 0 0 0 0 0 0 0 0 0 0 0 0 0 0 0 0 0 0 0 0 0 0 0 0 0 0 0 0 0 0 0 0 0 0 0 0 0 0 0 0 0 0 0 0 0 0 0 0 0 0 0 0 0 0 0 0 0 0 0
0 3.18921176645407e-09 9.48261434720526e-09 2.5318046425328e-08 1.07589841916021e-07 3.98178624488349e-07 1.2434746783929e-06 3.37255704476583e-06 8.5851390487708e-06 2.01186097155376e-05 4.29649681825318e-05 8.40663416470388e-05 0.000150418018451396 0.000246780410539205 0.000374851203734527 0.000533583764864693 0.000722564062879873 0.00094502976188846 0.00120650643238843 0.00150707970069494 0.00183074913799305 0.00214084729496309 0.00238729842691216 0.00252441690300034 0.00253007142370594 0.00241397025114599 0.00221173803342722 0.0019695474377302 0.00172971802993872 0.00152428976963368 0.00136999903393201 0.00127042245407258 0.00121569681551298 0.00118603085086571 0.00115843078098043 0.00111520236820872 0.00105058044994564 0.000967169096801487 0.000875172672441046 0.000785771089944365 0.000708267805814726 0.000647575817542642 0.000603399819329768 0.000571567346854464 0.000544692319698453 0.000515915253347807 0.000482438189325402 0.0004427746595597 0.000397893912340467 0.000348622794718538 0.000296148182913467 0.000241104430502451 0.000185925824504268 0.000134187090529507 8.96791300305288e-05 5.50379091006861e-05 3.07278633904597e-05 1.56516079893478e-05 7.21127711588657e-06 2.90331190923633e-06 1.09871201338195e-06 3.73363125583938e-07 0 0 0 0 0 0 0 0 0 0 0 0 0 0 0 0 0 0 0 0 0 0 0 0 0 0 0 0 0 0 0 0 0 0 0 0 0 0 0 0 0 0 0 0 0 0 0 0 0 0 0 0 0 0 0 0 0 0 0
0 8.88623063086336e-10 2.58936708793907e-09 6.77527674834582e-09 7.79400370986015e-08 3.81145730933362e-07 1.24385097815384e-06 3.53086401192221e-06 9.16201751018046e-06 2.15545847011345e-05 4.56946032423626e-05 8.8130862201137e-05 0.000154628978441573 0.000247997866135856 0.000367411993415461 0.000509526098544644 0.000672308959592912 0.00085803588501592 0.00107150533375523 0.00131207637839061 0.0015639932550014 0.00179356442220952 0.001957812931855 0.00202128740333579 0.0019727860350993 0.00183019425325271 0.00163241785881342 0.00142369054594746 0.00123992232946373 0.00110338118917366 0.00101938140336995 0.000980745402915452 0.000970742652951087 0.000968690931063498 0.000956670986878888 0.000924746595108925 0.000873033339001026 0.000806092756284088 0.000731093261260558 0.000654217690734316 0.000581243843500085 0.000517210788074529 0.000466154786023201 0.000430353350375012 0.000408067351515764 0.000394764991250801 0.000385632131567418 0.000374110998749998 0.000355403350273297 0.000326234150939661 0.000286246584976916 0.000237197173462754 0.000183821051962283 0.000132102127810971 8.73428700537132e-05 5.28145027229949e-05 2.90239897587784e-05 1.44994105013855e-05 6.54913160019424e-06 2.58256374414068e-06 9.57794943033003e-07 3.18971148751729e-07 0 0 0 0 0 0 0 0 0 0 0 0 0 0 0 0 0 0 0 0 0 0 0 0 0 0 0 0 0 0 0 0 0 0 0 0 0 0 0 0 0 0 0 0 0 0 0 0 0 0 0 0 0 0 0 0 0 0 0
0 0 0 0 7.14539828546157e-08 3.91088960898322e-07 1.26799994002544e-06 3.62018556417071e-06 9.34579790469701e-06 2.17774522088684e-05 4.55723342735016e-05 8.65599506293977e-05 0.000149209054961076 0.000234720878965005 0.000340337469990866 0.000460848162686516 0.000592342017030869 0.000735163110105518 0.000892435024466957 0.00106342719304898 0.00123586077238965 0.00138447594661815 0.00147875975147691 0.0014958626310913 0.001432767817765 0.00130797442616553 0.0011537978312055 0.00100382988126551 0.000882903473353476 0.000803867787763787 0.000765634316029118 0.000757730940085708 0.000763955372955558 0.000767799474848447 0.000758042282415846 0.000731263203386922 0.000690952102446297 0.000641748447438417 0.000587085351567265 0.000528328724390505 0.000467584741052295 0.000408885646612346 0.000358381336750209 0.000322161613323287 0.000302273063528526 0.000296066325362961 0.000297856950805943 0.000298902448677394 0.000292003949859867 0.000272691308421095 0.000240627538797895 0.000198638161363795 0.000152271260644528 0.000107774605747023 6.99857154491229e-05 4.14999261089233e-05 2.23645736957965e-05 1.09406724712673e-05 4.83958354041248e-06 1.86555103019906e-06 6.780472134108e-07 2.21294240311616e-07 0 0 0 0 0 0 0 0 0 0 0 0 0 0 0 0 0 0 0 0 0 0 0 0 0 0 0 0 0 0 0 0 0 0 0 0 0 0 0 0 0 0 0 0 0 0 0 0 0 0 0 0 0 0 0 0 0 0 0
0 0 0 0 7.44318833074034e-08 3.86234133684092e-07 1.22081200066863e-06 3.44839037992466e-06 8.78553894260961e-06 2.021513991194e-05 4.17803940229888e-05 7.83451988174213e-05 0.000133201497191545 0.000206495753299395 0.000294452962575667 0.000390903442375221 0.000490523053947655 0.000591682342375795 0.000695746686577795 0.000802582950984232 0.000905163256963372 0.000988723335497044 0.00103589063750835 0.00103444581083195 0.000984714788554311 0.000899668373361588 0.000799840802495459 0.000705783240429347 0.000632325387195381 0.000586817388597315 0.000567387134262228 0.00056582587048557 0.000570413878432514 0.000570104501399913 0.000558964883885162 0.000537205041276863 0.000509047449122774 0.00047800251328953 0.000444278561389718 0.000405760014097414 0.000361642774872224 0.000314423265442918 0.000270353464996715 0.000236681571958735 0.000217261981609558 0.00021098604118198 0.000212784673465456 0.000214658393352604 0.000210001440390857 0.000195149385873946 0.000170279167016957 0.000138346820523875 0.000104036200869782 7.21255029942391e-05 4.583616026782e-05 2.65926014890558e-05 1.40276616217411e-05 6.71465195185789e-06 2.90730839575312e-06 1.09436437206856e-06 3.89803792707656e-07 1.24677345691971e-07 0 0 0 0 0 0 0 0 0 0 0 0 0 0 0 0 0 0 0 0 0 0 0 0 0 0 0 0 0 0 0 0 0 0 0 0 0 0 0 0 0 0 0 0 0 0 0 0 0 0 0 0 0 0 0 0 0 0 0
0 0 0 0 7.19612736228245e-08 3.43140207402753e-07 1.06732408380416e-06 2.99682463419026e-06 7.56019080032334e-06 1.72342073973757e-05 3.53186302691139e-05 6.56613907013953e-05 0.000110673796184603 0.000170094994114652 0.000240127214810954 0.000314725268426427 0.000388025597910202 0.000456903564038386 0.000521131162861043 0.000581086784695786 0.000634491746472818 0.000675553677153724 0.000697059784912135 0.000693490616834006 0.000664787324951801 0.000616520794887777 0.000558257708199616 0.000500640710582478 0.000452717849052942 0.000420325743237815 0.000403716124325733 0.000398377041580267 0.000396925034797028 0.000392199986226316 0.000381042953303721 0.000364807527634981 0.000347057430191761 0.000330111678673948 0.000312395239524229 0.000290261573977254 0.0002613917866461 0.000226955488992433 0.000192095311804754 0.000163312249363765 0.000144649215231483 0.000136103277038744 0.000134070284928903 0.000132843751088745 0.000127791259062428 0.000116604345241205 9.96797281174093e-05 7.92109769638327e-05 5.81884437648089e-05 3.94068890857273e-05 2.44648927232934e-05 1.38707458573828e-05 7.15513578804254e-06 3.34984858701789e-06 1.41927336152199e-06 5.2133332557782e-07 1.81983039540737e-07 5.70431781633574e-08 0 0 0 0 0 0 0 0 0 0 0 0 0 0 0 0 0 0 0 0 0 0 0 0 0 0 0 0 0 0 0 0 0 0 0 0 0 0 0 0 0 0 0 0 0 0 0 0 0 0 0 0 0 0 0 0 0 0 0
0 0 0 0 6.42884091471356e-08 2.77246992406101e-07 8.52348132699744e-07 2.39182744310544e-06 5.98745297461179e-06 1.35562988710754e-05 2.76458635705531e-05 5.11916201692374e-05 8.60832750861633e-05 0.000132259364492328 0.000186769823115643 0.000244656419954791 0.000300376638682776 0.000349840755937903 0.000391228535901109 0.000424557128561616 0.000450214060090677 0.000467961717428204 0.000476644740372523 0.000474173597679611 0.00045916011744023 0.000431923392504797 0.000395544713825591 0.000355760434339438 0.000319549210231341 0.000292826231891652 0.000277478434382737 0.00027090309097203 0.000267652625965086 0.000262100378600156 0.000251965216800919 0.000238715606557884 0.000225438472682521 0.000214222317096145 0.000203551512282144 0.000190119137358674 0.000171450622829595 0.000147831219083643 0.000122726566095459 0.000100802228847516 8.5165074624926e-05 7.63141881376226e-05 7.20574631445974e-05 6.90405525455756e-05 6.45785371567997e-05 5.74255581825443e-05 4.7859507452789e-05 3.70787904783709e-05 2.65501610399104e-05 1.75402677049445e-05 1.0627869539267e-05 5.88462405232671e-06 2.96679798755915e-06 1.35813285381509e-06 5.6294579686972e-07 2.0168228748042e-07 6.89945041404549e-08 2.11942771843134e-08 0 0 0 0 0 0 0 0 0 0 0 0 0 0 0 0 0 0 0 0 0 0 0 0 0 0 0 0 0 0 0 0 0 0 0 0 0 0 0 0 0 0 0 0 0 0 0 0 0 0 0 0 0 0 0 0 0 0 0
0 0 0 0 5.14327878011821e-08 2.02045585186792e-07 6.13245755406354e-07 1.73385786099368e-06 4.3158576192623e-06 9.73440006219707e-06 1.98477723885769e-05 3.68483729651359e-05 6.23792272713881e-05 9.69325519630776e-05 0.000138852510483521 0.000184723489813679 0.000229807887337523 0.000269453936698658 0.000300331513615892 0.000321339801986768 0.000333513634304583 0.000339041067101463 0.000339663704922711 0.000335120064248058 0.000323750557475434 0.000304140978487359 0.000277358631122095 0.000247756608481937 0.000221623485532433 0.000204257209250937 0.000196999672224029 0.000196583828364115 0.000197166819169619 0.000193144691222028 0.000182546629435053 0.00016732176406281 0.000151221257650283 0.000137345805618238 0.000125604669634823 0.000114015373140298 0.000100563338096304 8.48335854144666e-05 6.84651892265698e-05 5.39852094045872e-05 4.31134126793785e-05 3.63607064213389e-05 3.24628014887986e-05 2.97382280708595e-05 2.68423670250133e-05 2.31540749044895e-05 1.87619051151717e-05 1.4148036511218e-05 9.86357702947761e-06 6.35263490392749e-06 3.75484013719281e-06 2.02963997322513e-06 9.99755750559415e-07 4.47416795698975e-07 1.81407354503659e-07 6.33605237497655e-08 2.12420687535522e-08 6.3948775744152e-09 0 0 0 0 0 0 0 0 0 0 0 0 0 0 0 0 0 0 0 0 0 0 0 0 0 0 0 0 0 0 0 0 0 0 0 0 0 0 0 0 0 0 0 0 0 0 0 0 0 0 0 0 0 0 0 0 0 0 0
0 0 0 0 3.55192404669755e-08 1.29555216590037e-07 3.87529717473747e-07 1.12058418620788e-06 2.78417108364306e-06 6.29035227922775e-06 1.29194219743987e-05 2.4281417882534e-05 4.18583335548546e-05 6.66285477781929e-05 9.80673103101774e-05 0.000134111568536172 0.000170921951815935 0.000203779970235968 0.000228507922937972 0.000243071053652591 0.000248264527237704 0.000246851791842203 0.000241623720875348 0.000233483229297011 0.000221637546414217 0.000205296053457303 0.000185819951126897 0.000167319908618055 0.000155057341196129 0.000152457119494044 0.000158681211204227 0.000168463860281851 0.000174702255128449 0.000171628176860923 0.000157951274256177 0.000136864966580229 0.000113674988774047 9.30624371370119e-05 7.66450421506475e-05 6.3699828668287e-05 5.25793260238811e-05 4.21830315681508e-05 3.25585385302428e-05 2.44335226846591e-05 1.82985987029078e-05 1.44529410257074e-05 1.21121474759851e-05 1.0537558373213e-05 9.13710117504151e-06 7.62541455312721e-06 5.99860180122876e-06 4.39865012272572e-06 2.98334766499206e-06 1.87227024829971e-06 1.07906420126151e-06 5.69204906819114e-07 2.73854549696057e-07 1.19782709416644e-07 4.74976074752245e-08 1.61647312223603e-08 5.31101895934365e-09 1.56691193505574e-09 0 0 0 0 0 0 0 0 0 0 0 0 0 0 0 0 0 0 0 0 0 0 0 0 0 0 0 0 0 0 0 0 0 0 0 0 0 0 0 0 0 0 0 0 0 0 0 0 0 0 0 0 0 0 0 0 0 0 0
0 0 0 0 2.06000556334137e-08 7.11052180241723e-08 2.09144634730238e-07 6.35613750076236e-07 1.58774743762809e-06 3.62584834790209e-06 7.58009748558607e-06 1.45845109618968e-05 2.58745417623887e-05 4.25473467897617e-05 6.46750095572233e-05 9.10491557433774e-05 0.000118703960579589 0.000143512639557601 0.000161531521084868 0.00017064436478874 0.000171420035794596 0.000166384530050108 0.00015836200519232 0.000148864218307633 0.000138158459609429 0.000126602676604968 0.000116127370280846 0.000110340652319952 0.000112873928316349 0.000124824725919213 0.000143076619250289 0.000160763126587267 0.000170187751114172 0.000166148885154965 0.000148568045317944 0.000122063822814603 9.32731073373023e-05 6.78740441242412e-05 4.84288129681781e-05 3.47900493378882e-05 2.53728411843993e-05 1.85466759122004e-05 1.33471638433496e-05 9.42058556716348e-06 6.54437572331934e-06 4.83529763322984e-06 3.7780248404292e-06 3.09383766135147e-06 2.55831061244841e-06 2.05585916685934e-06 1.56569280472318e-06 1.11460571930609e-06 7.34600534255995e-07 4.4897422566207e-07 2.52205331543161e-07 1.29783592501836e-07 6.0967641707305e-08 2.60584395153345e-08 1.01040275868433e-08 3.34901387048047e-09 1.0783447357535e-09 3.117853261125e-10 0 0 0 0 0 0 0 0 0 0 0 0 0 0 0 0 0 0 0 0 0 0 0 0 0 0 0 0 0 0 0 0 0 0 0 0 0 0 0 0 0 0 0 0 0 0 0 0 0 0 0 0 0 0 0 0 0 0 0
0 0 0 0 9.72431841627907e-09 3.22598597548099e-08 9.32590607021225e-08 3.12841875453181e-07 7.94902685134378e-07 1.85780703254331e-06 3.99870139638198e-06 7.94815530039177e-06 1.45858329653571e-05 2.47800892540144e-05 3.87266176994457e-05 5.56812736087531e-05 7.35642761827778e-05 8.93811626566676e-05 0.000100262126303846 0.000104697324911793 0.000103181342024237 9.76265379889931e-05 9.02640464689512e-05 8.25893534807457e-05 7.54318338766959e-05 6.98116600391648e-05 6.77169874023663e-05 7.18462857259953e-05 8.41581610831925e-05 0.000103974503411322 0.000127014283538302 0.000146286133716942 0.000154893864134777 0.000149029200239064 0.000129827205435387 0.000102542975399048 7.38730448459572e-05 4.91965082281126e-05 3.0946016673351e-05 1.89645730561536e-05 1.16869807707182e-05 7.36282397039083e-06 4.71734052036448e-06 3.03302104964295e-06 1.87259079620763e-06 1.26013346626521e-06 8.68317327319859e-07 6.14893032749071e-07 4.3572135253939e-07 2.97469105209851e-07 1.89725552681751e-07 1.10904594522644e-07 5.83133973493193e-08 2.80239245213126e-08 1.20933587879028e-08 4.68621590629277e-09 1.63062847763183e-09 5.09501098087415e-10 1.42952777815206e-10 0 0 0 0 0 0 0 0 0 0 0 0 0 0 0 0 0 0 0 0 0 0 0 0 0 0 0 0 0 0 0 0 0 0 0 0 0 0 0 0 0 0 0 0 0 0 0 0 0 0 0 0 0 0 0 0 0 0 0 0 0 0
0 0 0 0 3.84570344338616e-09 1.21467012417531e-08 3.44507182897965e-08 1.36644729346934e-07 3.56832538268452e-07 8.59918670651129e-07 1.91309150543032e-06 3.92532399631352e-06 7.4090754884573e-06 1.28769726379092e-05 2.04419570191459e-05 2.96427268702514e-05 3.92289279772904e-05 4.74418751022758e-05 5.26586930453401e-05 5.41026570941219e-05 5.21935112760359e-05 4.81248771900896e-05 4.33113683724071e-05 3.88367798714229e-05 3.55490503287741e-05 3.45176385210509e-05 3.73240141675699e-05 4.56735179943574e-05 6.03089429815092e-05 7.97873178510586e-05 0.000100057515377255 0.000115449257410854 0.000120932228429979 0.000114343079585419 9.74217113935255e-05 7.48377916413149e-05 5.19705810888271e-05 3.2833307570239e-05 1.90844879965603e-05 1.04087993046049e-05 5.48196830857381e-06 2.87565799853206e-06 1.52879462320728e-06 8.16647864801585e-07 3.75024521681807e-07 1.97236333304706e-07 9.32299016160741e-08 3.95713534343201e-08 1.50821743094266e-08 5.16183811260879e-09 1.58636155716359e-09 4.37781441301207e-10 0 0 0 0 0 0 0 0 0 0 0 0 0 0 0 0 0 0 0 0 0 0 0 0 0 0 0 0 0 0 0 0 0 0 0 0 0 0 0 0 0 0 0 0 0 0 0 0 0 0 0 0 0 0 0 0 0 0 0 0 0 0 0 0 0 0 0 0 0
0 0 0 0 1.23506877014687e-09 3.82300627908346e-09 1.06261576581439e-08 5.39775964676971e-08 1.45368173343014e-07 3.6110751572794e-07 8.2557131225952e-07 1.73170876599265e-06 3.32105684802803e-06 5.8268880531443e-06 9.27915088622181e-06 1.34224099091648e-05 1.76333740219898e-05 2.10784936093133e-05 2.3033108681957e-05 2.32026865587121e-05 2.18728608695006e-05 1.965387739995e-05 1.72831901554616e-05 1.5391218302028e-05 1.45815566025558e-05 1.56319118049995e-05 1.9542699051538e-05 2.72016783087706e-05 3.87004609198415e-05 5.26687930819299e-05 6.6180284814665e-05 7.55553487893818e-05 7.78529418484917e-05 7.22036934431562e-05 6.02227510907337e-05 4.51818588471158e-05 3.05247984626898e-05 1.86223114947237e-05 1.03121469238156e-05 5.23512433532881e-06 2.47942435847601e-06 1.12511427355929e-06 5.04898332438339e-07 2.29145483058646e-07 7.88810074602684e-08 4.06925301486357e-08 1.88501283622725e-08 7.84099727235315e-09 2.92877269159809e-09 9.82329989849748e-10 2.958601766982e-10 8.00152920010675e-11 0 0 0 0 0 0 0 0 0 0 0 0 0 0 0 0 0 0 0 0 0 0 0 0 0 0 0 0 0 0 0 0 0 0 0 0 0 0 0 0 0 0 0 0 0 0 0 0 0 0 0 0 0 0 0 0 0 0 0 0 0 0 0 0 0 0 0 0 0
0 0 0 0 0 0 0 1.25172426251765e-08 3.83914915252081e-08 1.05734976328278e-07 2.61492798342039e-07 5.80708476961319e-07 1.1580144313415e-06 2.08250461840904e-06 3.35961575880767e-06 4.87919408526085e-06 6.39125827620307e-06 7.57560842413987e-06 8.1695644331393e-06 8.08513371407843e-06 7.4662259424009e-06 6.56022147078712e-06 5.68475762706188e-06 5.14400396654584e-06 5.27915564354583e-06 6.53612792241643e-06 9.43535056305813e-06 1.43557981089969e-05 2.11760869224534e-05 2.89773279450258e-05 3.60810384177361e-05 4.05567418878012e-05 4.1025101543844e-05 3.72961605661161e-05 3.04569551223807e-05 2.23371272530891e-05 1.47108837752387e-05 8.70033694491455e-06 4.62051892026679e-06 2.20344800316973e-06 9.43565890428372e-07 3.62826527342837e-07 1.25280421010634e-07 3.88440718767691e-08 0 0 0 0 0 0 0 0 0 0 0 0 0 0 0 0 0 0 0 0 0 0 0 0 0 0 0 0 0 0 0 0 0 0 0 0 0 0 0 0 0 0 0 0 0 0 0 0 0 0 0 0 0 0 0 0 0 0 0 0 0 0 0 0 0 0 0 0 0 0 0 0 0 0 0 0 0
0 0 0 0 0 0 0 4.63429670455778e-09 1.39296903504744e-08 3.75972830667059e-08 9.11231731813859e-08 1.98316377181654e-07 3.87566024767834e-07 6.82818101726161e-07 1.07926813262314e-06 1.53541095737799e-06 1.96949312563576e-06 2.28470626579749e-06 2.40907602497306e-06 2.32780255511723e-06 2.10215048739231e-06 1.81380759645236e-06 1.57710357234951e-06 1.51335214111217e-06 1.77537131173237e-06 2.56428822688233e-06 4.09771947343097e-06 6.50243849822527e-06 9.66043735037102e-06 1.31025737137579e-05 1.60622425091929e-05 1.77269217484459e-05 1.7586320139467e-05 1.567300550641e-05 1.25446732899351e-05 9.01681527658248e-06 5.81983573180474e-06 3.37317868099016e-06 1.75559906117098e-06 8.20481335049299e-07 3.44325704362364e-07 1.29756031995132e-07 4.39079378207373e-08 1.33418452103313e-08 0 0 0 0 0 0 0 0 0 0 0 0 0 0 0 0 0 0 0 0 0 0 0 0 0 0 0 0 0 0 0 0 0 0 0 0 0 0 0 0 0 0 0 0 0 0 0 0 0 0 0 0 0 0 0 0 0 0 0 0 0 0 0 0 0 0 0 0 0 0 0 0 0 0 0 0 0
0 0 0 0 0 0 0 1.39334200424773e-09 4.10437155401062e-09 1.08565786042998e-08 2.57867533375516e-08 5.49993711393121e-08 1.05335837945368e-07 1.81155680951259e-07 2.79759687446439e-07 3.87949934773134e-07 4.83085058330493e-07 5.40168058706681e-07 5.42364889645724e-07 4.89003094955721e-07 4.02902034279666e-07 3.10068661476166e-07 2.51394266182534e-07 2.72896013926934e-07 4.32552947722042e-07 8.01526286656412e-07 1.44823784731081e-06 2.39843150884328e-06 3.5838620669023e-06 4.8140478009241e-06 5.80812927505963e-06 6.29277708538925e-06 6.12231140915856e-06 5.34867065907971e-06 4.19598253070307e-06 2.95582595495079e-06 1.86974085646731e-06 1.06204116554846e-06 5.41699776096458e-07 2.48103753308282e-07 1.02038810062352e-07 3.76838103346455e-08 1.24968801855421e-08 3.72139504969572e-09 0 0 0 0 0 0 0 0 0 0 0 0 0 0 0 0 0 0 0 0 0 0 0 0 0 0 0 0 0 0 0 0 0 0 0 0 0 0 0 0 0 0 0 0 0 0 0 0 0 0 0 0 0 0 0 0 0 0 0 0 0 0 0 0 0 0 0 0 0 0 0 0 0 0 0 0 0
0 0 0 0 0 0 0 0 0 0 0 0 0 0 0 0 0 0 0 0 2.52228190850884e-09 7.85718365435638e-09 2.19784750921492e-08 5.52059111690321e-08 1.2451766854447e-07 2.52193420113547e-07 4.58663198362793e-07 7.49051040765255e-07 1.09846519609161e-06 1.44650041810868e-06 1.71044139547739e-06 1.81616460105652e-06 1.73164788720941e-06 1.4825909368923e-06 1.13983100803814e-06 7.86895327702433e-07 4.87810156929991e-07 2.71545170804808e-07 1.35734641868199e-07 6.09251619060539e-08 2.45561374365396e-08 8.88752410463307e-09 2.88841040434047e-09 8.42935574105647e-10 0 0 0 0 0 0 0 0 0 0 0 0 0 0 0 0 0 0 0 0 0 0 0 0 0 0 0 0 0 0 0 0 0 0 0 0 0 0 0 0 0 0 0 0 0 0 0 0 0 0 0 0 0 0 0 0 0 0 0 0 0 0 0 0 0 0 0 0 0 0 0 0 0 0 0 0 0
0 0 0 0 0 0 0 0 0 0 0 0 0 0 0 0 0 0 0 0 7.38177455263665e-10 2.25354050895764e-09 6.17770739204154e-09 1.52071094492545e-08 3.36142466264457e-08 6.67202193543444e-08 1.18918362834597e-07 1.90325837950159e-07 2.73529361897274e-07 3.52994165328834e-07 4.09061375537235e-07 4.25663875395803e-07 3.97742947515776e-07 3.33730234592082e-07 2.51446730232971e-07 1.70119385033178e-07 1.03352024585735e-07 5.63821387250249e-08 2.76198601906054e-08 1.21495104470745e-08 4.79902988644971e-09 1.70218007731676e-09 5.42144335572195e-10 1.55053551707666e-10 0 0 0 0 0 0 0 0 0 0 0 0 0 0 0 0 0 0 0 0 0 0 0 0 0 0 0 0 0 0 0 0 0 0 0 0 0 0 0 0 0 0 0 0 0 0 0 0 0 0 0 0 0 0 0 0 0 0 0 0 0 0 0 0 0 0 0 0 0 0 0 0 0 0 0 0 0
0 0 0 0 0 0 0 0 0 0 0 0 0 0 0 0 0 0 0 0 0 0 0 0 0 0 0 0 0 0 0 0 0 0 0 0 0 0 0 0 0 0 0 0 0 0 0 0 0 0 0 0 0 0 0 0 0 0 0 0 0 0 0 0 0 0 0 0 0 0 0 0 0 0 0 0 0 0 0 0 0 0 0 0 0 0 0 0 0 0 0 0 0 0 0 0 0 0 0 0 0 0 0 0 0 0 0 0 0 0 0 0 0 0 0 0 0 0 0 0 0
0 0 0 0 0 0 0 0 0 0 0 0 0 0 0 0 0 0 0 0 0 0 0 0 0 0 0 0 0 0 0 0 0 0 0 0 0 0 0 0 0 0 0 0 0 0 0 0 0 0 0 0 0 0 0 0 0 0 0 0 0 0 0 0 0 0 0 0 0 0 0 0 0 0 0 0 0 0 0 0 0 0 0 0 0 0 0 0 0 0 0 0 0 0 0 0 0 0 0 0 0 0 0 0 0 0 0 0 0 0 0 0 0 0 0 0 0 0 0 0 0
0 0 0 0 0 0 0 0 0 0 0 0 0 0 0 0 0 0 0 0 0 0 0 0 0 0 0 0 0 0 0 0 0 0 0 0 0 0 0 0 0 0 0 0 0 0 0 0 0 0 0 0 0 0 0 0 0 0 0 0 0 0 0 0 0 0 0 0 0 0 0 0 0 0 0 0 0 0 0 0 0 0 0 0 0 0 0 0 0 0 0 0 0 0 0 0 0 0 0 0 0 0 0 0 0 0 0 0 0 0 0 0 0 0 0 0 0 0 0 0 0
0 0 0 0 0 0 0 0 0 0 0 0 0 0 0 0 0 0 0 0 0 0 0 0 0 0 0 0 0 0 0 0 0 0 0 0 0 0 0 0 0 0 0 0 0 0 0 0 0 0 0 0 0 0 0 0 0 0 0 0 0 0 0 0 0 0 0 0 0 0 0 0 0 0 0 0 0 0 0 0 0 0 0 0 0 0 0 0 0 0 0 0 0 0 0 0 0 0 0 0 0 0 0 0 0 0 0 0 0 0 0 0 0 0 0 0 0 0 0 0 0
0 0 0 0 0 0 0 0 0 0 0 0 0 0 0 0 0 0 0 0 0 0 0 0 0 0 0 0 0 0 0 0 0 0 0 0 0 0 0 0 0 0 0 0 0 0 0 0 0 0 0 0 0 0 0 0 0 0 0 0 0 0 0 0 0 0 0 0 0 0 0 0 0 0 0 0 0 0 0 0 0 0 0 0 0 0 0 0 0 0 0 0 0 0 0 0 0 0 0 0 0 0 0 0 0 0 0 0 0 0 0 0 0 0 0 0 0 0 0 0 0
0 0 0 0 0 0 0 0 0 0 0 0 0 0 0 0 0 0 0 0 0 0 0 0 0 0 0 0 0 0 0 0 0 0 0 0 0 0 0 0 0 0 0 0 0 0 0 0 0 0 0 0 0 0 0 0 0 0 0 0 0 0 0 0 0 0 0 0 0 0 0 0 0 0 0 0 0 0 0 0 0 0 0 0 0 0 0 0 0 0 0 0 0 0 0 0 0 0 0 0 0 0 0 0 0 0 0 0 0 0 0 0 0 0 0 0 0 0 0 0 0
0 0 0 0 0 0 0 0 0 0 0 0 0 0 0 0 0 0 0 0 0 0 0 0 0 0 0 0 0 0 0 0 0 0 0 0 0 0 0 0 0 0 0 0 0 0 0 0 0 0 0 0 0 0 0 0 0 0 0 0 0 0 0 0 0 0 0 0 0 0 0 0 0 0 0 0 0 0 0 0 0 0 0 0 0 0 0 0 0 0 0 0 0 0 0 0 0 0 0 0 0 0 0 0 0 0 0 0 0 0 0 0 0 0 0 0 0 0 0 0 0
0 0 0 0 0 0 0 0 0 0 0 0 0 0 0 0 0 0 0 0 0 0 0 0 0 0 0 0 0 0 0 0 0 0 0 0 0 0 0 0 0 0 0 0 0 0 0 0 0 0 0 0 0 0 0 0 0 0 0 0 0 0 0 0 0 0 0 0 0 0 0 0 0 0 0 0 0 0 0 0 0 0 0 0 0 0 0 0 0 0 0 0 0 0 0 0 0 0 0 0 0 0 0 0 0 0 0 0 0 0 0 0 0 0 0 0 0 0 0 0 0
0 0 0 0 0 0 0 0 0 0 0 0 0 0 0 0 0 0 0 0 0 0 0 0 0 0 0 0 0 0 0 0 0 0 0 0 0 0 0 0 0 0 0 0 0 0 0 0 0 0 0 0 0 0 0 0 0 0 0 0 0 0 0 0 0 0 0 0 0 0 0 0 0 0 0 0 0 0 0 0 0 0 0 0 0 0 0 0 0 0 0 0 0 0 0 0 0 0 0 0 0 0 0 0 0 0 0 0 0 0 0 0 0 0 0 0 0 0 0 0 0
0 0 0 0 0 0 0 0 0 0 0 0 0 0 0 0 0 0 0 0 0 0 0 0 0 0 0 0 0 0 0 0 0 0 0 0 0 0 0 0 0 0 0 0 0 0 0 0 0 0 0 0 0 0 0 0 0 0 0 0 0 0 0 0 0 0 0 0 0 0 0 0 0 0 0 0 0 0 0 0 0 0 0 0 0 0 0 0 0 0 0 0 0 0 0 0 0 0 0 0 0 0 0 0 0 0 0 0 0 0 0 0 0 0 0 0 0 0 0 0 0
0 0 0 0 0 0 0 0 0 0 0 0 0 0 0 0 0 0 0 0 0 0 0 0 0 0 0 0 0 0 0 0 0 0 0 0 0 0 0 0 0 0 0 0 0 0 0 0 0 0 0 0 0 0 0 0 0 0 0 0 0 0 0 0 0 0 0 0 0 0 0 0 0 0 0 0 0 0 0 0 0 0 0 0 0 0 0 0 0 0 0 0 0 0 0 0 0 0 0 0 0 0 0 0 0 0 0 0 0 0 0 0 0 0 0 0 0 0 0 0 0
0 0 0 0 0 0 0 0 0 0 0 0 0 0 0 0 0 0 0 0 0 0 0 0 0 0 0 0 0 0 0 0 0 0 0 0 0 0 0 0 0 0 0 0 0 0 0 0 0 0 0 0 0 0 0 0 0 0 0 0 0 0 0 0 0 0 0 0 0 0 0 0 0 0 0 0 0 0 0 0 0 0 0 0 0 0 0 0 0 0 0 0 0 0 0 0 0 0 0 0 0 0 0 0 0 0 0 0 0 0 0 0 0 0 0 0 0 0 0 0 0
0 0 0 0 0 0 0 0 0 0 0 0 0 0 0 0 0 0 0 0 0 0 0 0 0 0 0 0 0 0 0 0 0 0 0 0 0 0 0 0 0 0 0 0 0 0 0 0 0 0 0 0 0 0 0 0 0 0 0 0 0 0 0 0 0 0 0 0 0 0 0 0 0 0 0 0 0 0 0 0 0 0 0 0 0 0 0 0 0 0 0 0 0 0 0 0 0 0 0 0 0 0 0 0 0 0 0 0 0 0 0 0 0 0 0 0 0 0 0 0 0
0 0 0 0 0 0 0 0 0 0 0 0 0 0 0 0 0 0 0 0 0 0 0 0 0 0 0 0 0 0 0 0 0 0 0 0 0 0 0 0 0 0 0 0 0 0 0 0 0 0 0 0 0 0 0 0 0 0 0 0 0 0 0 0 0 0 0 0 0 0 0 0 0 0 0 0 0 0 0 0 0 0 0 0 0 0 0 0 0 0 0 0 0 0 0 0 0 0 0 0 0 0 0 0 0 0 0 0 0 0 0 0 0 0 0 0 0 0 0 0 0
0 0 0 0 0 0 0 0 0 0 0 0 0 0 0 0 0 0 0 0 0 0 0 0 0 0 0 0 0 0 0 0 0 0 0 0 0 0 0 0 0 0 0 0 0 0 0 0 0 0 0 0 0 0 0 0 0 0 0 0 0 0 0 0 0 0 0 0 0 0 0 0 0 0 0 0 0 0 0 0 0 0 0 0 0 0 0 0 0 0 0 0 0 0 0 0 0 0 0 0 0 0 0 0 0 0 0 0 0 0 0 0 0 0 0 0 0 0 0 0 0
0 0 0 0 0 0 0 0 0 0 0 0 0 0 0 0 0 0 0 0 0 0 0 0 0 0 0 0 0 0 0 0 0 0 0 0 0 0 0 0 0 0 0 0 0 0 0 0 0 0 0 0 0 0 0 0 0 0 0 0 0 0 0 0 0 0 0 0 0 0 0 0 0 0 0 0 0 0 0 0 0 0 0 0 0 0 0 0 0 0 0 0 0 0 0 0 0 0 0 0 0 0 0 0 0 0 0 0 0 0 0 0 0 0 0 0 0 0 0 0 0
0 0 0 0 0 0 0 0 0 0 0 0 0 0 0 0 0 0 0 0 0 0 0 0 0 0 0 0 0 0 0 0 0 0 0 0 0 0 0 0 0 0 0 0 0 0 0 0 0 0 0 0 0 0 0 0 0 0 0 0 0 0 0 0 0 0 0 0 0 0 0 0 0 0 0 0 0 0 0 0 0 0 0 0 0 0 0 0 0 0 0 0 0 0 0 0 0 0 0 0 0 0 0 0 0 0 0 0 0 0 0 0 0 0 0 0 0 0 0 0 0
0 0 0 0 0 0 0 0 0 0 0 0 0 0 0 0 0 0 0 0 0 0 0 0 0 0 0 0 0 0 0 0 0 0 0 0 0 0 0 0 0 0 0 0 0 0 0 0 0 0 0 0 0 0 0 0 0 0 0 0 0 0 0 0 0 0 0 0 0 0 0 0 0 0 0 0 0 0 0 0 0 0 0 0 0 0 0 0 0 0 0 0 0 0 0 0 0 0 0 0 0 0 0 0 0 0 0 0 0 0 0 0 0 0 0 0 0 0 0 0 0
0 0 0 0 0 0 0 0 0 0 0 0 0 0 0 0 0 0 0 0 0 0 0 0 0 0 0 0 0 0 0 0 0 0 0 0 0 0 0 0 0 0 0 0 0 0 0 0 0 0 0 0 0 0 0 0 0 0 0 0 0 0 0 0 0 0 0 0 0 0 0 0 0 0 0 0 0 0 0 0 0 0 0 0 0 0 0 0 0 0 0 0 0 0 0 0 0 0 0 0 0 0 0 0 0 0 0 0 0 0 0 0 0 0 0 0 0 0 0 0 0
0 0 0 0 0 0 0 0 0 0 0 0 0 0 0 0 0 0 0 0 0 0 0 0 0 0 0 0 0 0 0 0 0 0 0 0 0 0 0 0 0 0 0 0 0 0 0 0 0 0 0 0 0 0 0 0 0 0 0 0 0 0 0 0 0 0 0 0 0 0 0 0 0 0 0 0 0 0 0 0 0 0 0 0 0 0 0 0 0 0 0 0 0 0 0 0 0 0 0 0 0 0 0 0 0 0 0 0 0 0 0 0 0 0 0 0 0 0 0 0 0
0 0 0 0 0 0 0 0 0 0 0 0 0 0 0 0 0 0 0 0 0 0 0 0 0 0 0 0 0 0 0 0 0 0 0 0 0 0 0 0 0 0 0 0 0 0 0 0 0 0 0 0 0 0 0 0 0 0 0 0 0 0 0 0 0 0 0 0 0 0 0 0 0 0 0 0 0 0 0 0 0 0 0 0 0 0 0 0 0 0 0 0 0 0 0 0 0 0 0 0 0 0 0 0 0 0 0 0 0 0 0 0 0 0 0 0 0 0 0 0 0
0 0 0 0 0 0 0 0 0 0 0 0 0 0 0 0 0 0 0 0 0 0 0 0 0 0 0 0 0 0 0 0 0 0 0 0 0 0 0 0 0 0 0 0 0 0 0 0 0 0 0 0 0 0 0 0 0 0 0 0 0 0 0 0 0 0 0 0 0 0 0 0 0 0 0 0 0 0 0 0 0 0 0 0 0 0 0 0 0 0 0 0 0 0 0 0 0 0 0 0 0 0 0 0 0 0 0 0 0 0 0 0 0 0 0 0 0 0 0 0 0
0 0 0 0 0 0 0 0 0 0 0 0 0 0 0 0 0 0 0 0 0 0 0 0 0 0 0 0 0 0 0 0 0 0 0 0 0 0 0 0 0 0 0 0 0 0 0 0 0 0 0 0 0 0 0 0 0 0 0 0 0 0 0 0 0 0 0 0 0 0 0 0 0 0 0 0 0 0 0 0 0 0 0 0 0 0 0 0 0 0 0 0 0 0 0 0 0 0 0 0 0 0 0 0 0 0 0 0 0 0 0 0 0 0 0 0 0 0 0 0 0
0 0 0 0 0 0 0 0 0 0 0 0 0 0 0 0 0 0 0 0 0 0 0 0 0 0 0 0 0 0 0 0 0 0 0 0 0 0 0 0 0 0 0 0 0 0 0 0 0 0 0 0 0 0 0 0 0 0 0 0 0 0 0 0 0 0 0 0 0 0 0 0 0 0 0 0 0 0 0 0 0 0 0 0 0 0 0 0 0 0 0 0 0 0 0 0 0 0 0 0 0 0 0 0 0 0 0 0 0 0 0 0 0 0 0 0 0 0 0 0 0
0 0 0 0 0 0 0 0 0 0 0 0 0 0 0 0 0 0 0 0 0 0 0 0 0 0 0 0 0 0 0 0 0 0 0 0 0 0 0 0 0 0 0 0 0 0 0 0 0 0 0 0 0 0 0 0 0 0 0 0 0 0 0 0 0 0 0 0 0 0 0 0 0 0 0 0 0 0 0 0 0 0 0 0 0 0 0 0 0 0 0 0 0 0 0 0 0 0 0 0 0 0 0 0 0 0 0 0 0 0 0 0 0 0 0 0 0 0 0 0 0
0 0 0 0 0 0 0 0 0 0 0 0 0 0 0 0 0 0 0 0 0 0 0 0 0 0 0 0 0 0 0 0 0 0 0 0 0 0 0 0 0 0 0 0 0 0 0 0 0 0 0 0 0 0 0 0 0 0 0 0 0 0 0 0 0 0 0 0 0 0 0 0 0 0 0 0 0 0 0 0 0 0 0 0 0 0 0 0 0 0 0 0 0 0 0 0 0 0 0 0 0 0 0 0 0 0 0 0 0 0 0 0 0 0 0 0 0 0 0 0 0
0 0 0 0 0 0 0 0 0 0 0 0 0 0 0 0 0 0 0 0 0 0 0 0 0 0 0 0 0 0 0 0 0 0 0 0 0 0 0 0 0 0 0 0 0 0 0 0 0 0 0 0 0 0 0 0 0 0 0 0 0 0 0 0 0 0 0 0 0 0 0 0 0 0 0 0 0 0 0 0 0 0 0 0 0 0 0 0 0 0 0 0 0 0 0 0 0 0 0 0 0 0 0 0 0 0 0 0 0 0 0 0 0 0 0 0 0 0 0 0 0
0 0 0 0 0 0 0 0 0 0 0 0 0 0 0 0 0 0 0 0 0 0 0 0 0 0 0 0 0 0 0 0 0 0 0 0 0 0 0 0 0 0 0 0 0 0 0 0 0 0 0 0 0 0 0 0 0 0 0 0 0 0 0 0 0 0 0 0 0 0 0 0 0 0 0 0 0 0 0 0 0 0 0 0 0 0 0 0 0 0 0 0 0 0 0 0 0 0 0 0 0 0 0 0 0 0 0 0 0 0 0 0 0 0 0 0 0 0 0 0 0
0 0 0 0 0 0 0 0 0 0 0 0 0 0 0 0 0 0 0 0 0 0 0 0 0 0 0 0 0 0 0 0 0 0 0 0 0 0 0 0 0 0 0 0 0 0 0 0 0 0 0 0 0 0 0 0 0 0 0 0 0 0 0 0 0 0 0 0 0 0 0 0 0 0 0 0 0 0 0 0 0 0 0 0 0 0 0 0 0 0 0 0 0 0 0 0 0 0 0 0 0 0 0 0 0 0 0 0 0 0 0 0 0 0 0 0 0 0 0 0 0
0 0 0 0 0 0 0 0 0 0 0 0 0 0 0 0 0 0 0 0 0 0 0 0 0 0 0 0 0 0 0 0 0 0 0 0 0 0 0 0 0 0 0 0 0 0 0 0 0 0 0 0 0 0 0 0 0 0 0 0 0 0 0 0 0 0 0 0 0 0 0 0 0 0 0 0 0 0 0 0 0 0 0 0 0 0 0 0 0 0 0 0 0 0 0 0 0 0 0 0 0 0 0 0 0 0 0 0 0 0 0 0 0 0 0 0 0 0 0 0 0
0 0 0 0 0 0 0 0 0 0 0 0 0 0 0 0 0 0 0 0 0 0 0 0 0 0 0 0 0 0 0 0 0 0 0 0 0 0 0 0 0 0 0 0 0 0 0 0 0 0 0 0 0 0 0 0 0 0 0 0 0 0 0 0 0 0 0 0 0 0 0 0 0 0 0 0 0 0 0 0 0 0 0 0 0 0 0 0 0 0 0 0 0 0 0 0 0 0 0 0 0 0 0 0 0 0 0 0 0 0 0 0 0 0 0 0 0 0 0 0 0
0 0 0 0 0 0 0 0 0 0 0 0 0 0 0 0 0 0 0 0 0 0 0 0 0 0 0 0 0 0 0 0 0 0 0 0 0 0 0 0 0 0 0 0 0 0 0 0 0 0 0 0 0 0 0 0 0 0 0 0 0 0 0 0 0 0 0 0 0 0 0 0 0 0 0 0 0 0 0 0 0 0 0 0 0 0 0 0 0 0 0 0 0 0 0 0 0 0 0 0 0 0 0 0 0 0 0 0 0 0 0 0 0 0 0 0 0 0 0 0 0
0 0 0 0 0 0 0 0 0 0 0 0 0 0 0 0 0 0 0 0 0 0 0 0 0 0 0 0 0 0 0 0 0 0 0 0 0 0 0 0 0 0 0 0 0 0 0 0 0 0 0 0 0 0 0 0 0 0 0 0 0 0 0 0 0 0 0 0 0 0 0 0 0 0 0 0 0 0 0 0 0 0 0 0 0 0 0 0 0 0 0 0 0 0 0 0 0 0 0 0 0 0 0 0 0 0 0 0 0 0 0 0 0 0 0 0 0 0 0 0 0
0 0 0 0 0 0 0 0 0 0 0 0 0 0 0 0 0 0 0 0 0 0 0 0 0 0 0 0 0 0 0 0 0 0 0 0 0 0 0 0 0 0 0 0 0 0 0 0 0 0 0 0 0 0 0 0 0 0 0 0 0 0 0 0 0 0 0 0 0 0 0 0 0 0 0 0 0 0 0 0 0 0 0 0 0 0 0 0 0 0 0 0 0 0 0 0 0 0 0 0 0 0 0 0 0 0 0 0 0 0 0 0 0 0 0 0 0 0 0 0 0
0 0 0 0 0 0 0 0 0 0 0 0 0 0 0 0 0 0 0 0 0 0 0 0 0 0 0 0 0 0 0 0 0 0 0 0 0 0 0 0 0 0 0 0 0 0 0 0 0 0 0 0 0 0 0 0 0 0 0 0 0 0 0 0 0 0 0 0 0 0 0 0 0 0 0 0 0 0 0 0 0 0 0 0 0 0 0 0 0 0 0 0 0 0 0 0 0 0 0 0 0 0 0 0 0 0 0 0 0 0 0 0 0 0 0 0 0 0 0 0 0
0 0 0 0 0 0 0 0 0 0 0 0 0 0 0 0 0 0 0 0 0 0 0 0 0 0 0 0 0 0 0 0 0 0 0 0 0 0 0 0 0 0 0 0 0 0 0 0 0 0 0 0 0 0 0 0 0 0 0 0 0 0 0 0 0 0 0 0 0 0 0 0 0 0 0 0 0 0 0 0 0 0 0 0 0 0 0 0 0 0 0 0 0 0 0 0 0 0 0 0 0 0 0 0 0 0 0 0 0 0 0 0 0 0 0 0 0 0 0 0 0
0 0 0 0 0 0 0 0 0 0 0 0 0 0 0 0 0 0 0 0 0 0 0 0 0 0 0 0 0 0 0 0 0 0 0 0 0 0 0 0 0 0 0 0 0 0 0 0 0 0 0 0 0 0 0 0 0 0 0 0 0 0 0 0 0 0 0 0 0 0 0 0 0 0 0 0 0 0 0 0 0 0 0 0 0 0 0 0 0 0 0 0 0 0 0 0 0 0 0 0 0 0 0 0 0 0 0 0 0 0 0 0 0 0 0 0 0 0 0 0 0
0 0 0 0 0 0 0 0 0 0 0 0 0 0 0 0 0 0 0 0 0 0 0 0 0 0 0 0 0 0 0 0 0 0 0 0 0 0 0 0 0 0 0 0 0 0 0 0 0 0 0 0 0 0 0 0 0 0 0 0 0 0 0 0 0 0 0 0 0 0 0 0 0 0 0 0 0 0 0 0 0 0 0 0 0 0 0 0 0 0 0 0 0 0 0 0 0 0 0 0 0 0 0 0 0 0 0 0 0 0 0 0 0 0 0 0 0 0 0 0 0
0 0 0 0 0 0 0 0 0 0 0 0 0 0 0 0 0 0 0 0 0 0 0 0 0 0 0 0 0 0 0 0 0 0 0 0 0 0 0 0 0 0 0 0 0 0 0 0 0 0 0 0 0 0 0 0 0 0 0 0 0 0 0 0 0 0 0 0 0 0 0 0 0 0 0 0 0 0 0 0 0 0 0 0 0 0 0 0 0 0 0 0 0 0 0 0 0 0 0 0 0 0 0 0 0 0 0 0 0 0 0 0 0 0 0 0 0 0 0 0 0
0 0 0 0 0 0 0 0 0 0 0 0 0 0 0 0 0 0 0 0 0 0 0 0 0 0 0 0 0 0 0 0 0 0 0 0 0 0 0 0 0 0 0 0 0 0 0 0 0 0 0 0 0 0 0 0 0 0 0 0 0 0 0 0 0 0 0 0 0 0 0 0 0 0 0 0 0 0 0 0 0 0 0 0 0 0 0 0 0 0 0 0 0 0 0 0 0 0 0 0 0 0 0 0 0 0 0 0 0 0 0 0 0 0 0 0 0 0 0 0 0
0 0 0 0 0 0 0 0 0 0 0 0 0 0 0 0 0 0 0 0 0 0 0 0 0 0 0 0 0 0 0 0 0 0 0 0 0 0 0 0 0 0 0 0 0 0 0 0 0 0 0 0 0 0 0 0 0 0 0 0 0 0 0 0 0 0 0 0 0 0 0 0 0 0 0 0 0 0 0 0 0 0 0 0 0 0 0 0 0 0 0 0 0 0 0 0 0 0 0 0 0 0 0 0 0 0 0 0 0 0 0 0 0 0 0 0 0 0 0 0 0
0 0 0 0 0 0 0 0 0 0 0 0 0 0 0 0 0 0 0 0 0 0 0 0 0 0 0 0 0 0 0 0 0 0 0 0 0 0 0 0 0 0 0 0 0 0 0 0 0 0 0 0 0 0 0 0 0 0 0 0 0 0 0 0 0 0 0 0 0 0 0 0 0 0 0 0 0 0 0 0 0 0 0 0 0 0 0 0 0 0 0 0 0 0 0 0 0 0 0 0 0 0 0 0 0 0 0 0 0 0 0 0 0 0 0 0 0 0 0 0 0
0 0 0 0 0 0 0 0 0 0 0 0 0 0 0 0 0 0 0 0 0 0 0 0 0 0 0 0 0 0 0 0 0 0 0 0 0 0 0 0 0 0 0 0 0 0 0 0 0 0 0 0 0 0 0 0 0 0 0 0 0 0 0 0 0 0 0 0 0 0 0 0 0 0 0 0 0 0 0 0 0 0 0 0 0 0 0 0 0 0 0 0 0 0 0 0 0 0 0 0 0 0 0 0 0 0 0 0 0 0 0 0 0 0 0 0 0 0 0 0 0
0 0 0 0 0 0 0 0 0 0 0 0 0 0 0 0 0 0 0 0 0 0 0 0 0 0 0 0 0 0 0 0 0 0 0 0 0 0 0 0 0 0 0 0 0 0 0 0 0 0 0 0 0 0 0 0 0 0 0 0 0 0 0 0 0 0 0 0 0 0 0 0 0 0 0 0 0 0 0 0 0 0 0 0 0 0 0 0 0 0 0 0 0 0 0 0 0 0 0 0 0 0 0 0 0 0 0 0 0 0 0 0 0 0 0 0 0 0 0 0 0
0 0 0 0 0 0 0 0 0 0 0 0 0 0 0 0 0 0 0 0 0 0 0 0 0 0 0 0 0 0 0 0 0 0 0 0 0 0 0 0 0 0 0 0 0 0 0 0 0 0 0 0 0 0 0 0 0 0 0 0 0 0 0 0 0 0 0 0 0 0 0 0 0 0 0 0 0 0 0 0 0 0 0 0 0 0 0 0 0 0 0 0 0 0 0 0 0 0 0 0 0 0 0 0 0 0 0 0 0 0 0 0 0 0 0 0 0 0 0 0 0
0 0 0 0 0 0 0 0 0 0 0 0 0 0 0 0 0 0 0 0 0 0 0 0 0 0 0 0 0 0 0 0 0 0 0 0 0 0 0 0 0 0 0 0 0 0 0 0 0 0 0 0 0 0 0 0 0 0 0 0 0 0 0 0 0 0 0 0 0 0 0 0 0 0 0 0 0 0 0 0 0 0 0 0 0 0 0 0 0 0 0 0 0 0 0 0 0 0 0 0 0 0 0 0 0 0 0 0 0 0 0 0 0 0 0 0 0 0 0 0 0
0 0 0 0 0 0 0 0 0 0 0 0 0 0 0 0 0 0 0 0 0 0 0 0 0 0 0 0 0 0 0 0 0 0 0 0 0 0 0 0 0 0 0 0 0 0 0 0 0 0 0 0 0 0 0 0 0 0 0 0 0 0 0 0 0 0 0 0 0 0 0 0 0 0 0 0 0 0 0 0 0 0 0 0 0 0 0 0 0 0 0 0 0 0 0 0 0 0 0 0 0 0 0 0 0 0 0 0 0 0 0 0 0 0 0 0 0 0 0 0 0
0 0 0 0 0 0 0 0 0 0 0 0 0 0 0 0 0 0 0 0 0 0 0 0 0 0 0 0 0 0 0 0 0 0 0 0 0 0 0 0 0 0 0 0 0 0 0 0 0 0 0 0 0 0 0 0 0 0 0 0 0 0 0 0 0 0 0 0 0 0 0 0 0 0 0 0 0 0 0 0 0 0 0 0 0 0 0 0 0 0 0 0 0 0 0 0 0 0 0 0 0 0 0 0 0 0 0 0 0 0 0 0 0 0 0 0 0 0 0 0 0
0 0 0 0 0 0 0 0 0 0 0 0 0 0 0 0 0 0 0 0 0 0 0 0 0 0 0 0 0 0 0 0 0 0 0 0 0 0 0 0 0 0 0 0 0 0 0 0 0 0 0 0 0 0 0 0 0 0 0 0 0 0 0 0 0 0 0 0 0 0 0 0 0 0 0 0 0 0 0 0 0 0 0 0 0 0 0 0 0 0 0 0 0 0 0 0 0 0 0 0 0 0 0 0 0 0 0 0 0 0 0 0 0 0 0 0 0 0 0 0 0
0 0 0 0 0 0 0 0 0 0 0 0 0 0 0 0 0 0 0 0 0 0 0 0 0 0 0 0 0 0 0 0 0 0 0 0 0 0 0 0 0 0 0 0 0 0 0 0 0 0 0 0 0 0 0 0 0 0 0 0 0 0 0 0 0 0 0 0 0 0 0 0 0 0 0 0 0 0 0 0 0 0 0 0 0 0 0 0 0 0 0 0 0 0 0 0 0 0 0 0 0 0 0 0 0 0 0 0 0 0 0 0 0 0 0 0 0 0 0 0 0
0 0 0 0 0 0 0 0 0 0 0 0 0 0 0 0 0 0 0 0 0 0 0 0 0 0 0 0 0 0 0 0 0 0 0 0 0 0 0 0 0 0 0 0 0 0 0 0 0 0 0 0 0 0 0 0 0 0 0 0 0 0 0 0 0 0 0 0 0 0 0 0 0 0 0 0 0 0 0 0 0 0 0 0 0 0 0 0 0 0 0 0 0 0 0 0 0 0 0 0 0 0 0 0 0 0 0 0 0 0 0 0 0 0 0 0 0 0 0 0 0
0 0 0 0 0 0 0 0 0 0 0 0 0 0 0 0 0 0 0 0 0 0 0 0 0 0 0 0 0 0 0 0 0 0 0 0 0 0 0 0 0 0 0 0 0 0 0 0 0 0 0 0 0 0 0 0 0 0 0 0 0 0 0 0 0 0 0 0 0 0 0 0 0 0 0 0 0 0 0 0 0 0 0 0 0 0 0 0 0 0 0 0 0 0 0 0 0 0 0 0 0 0 0 0 0 0 0 0 0 0 0 0 0 0 0 0 0 0 0 0 0
0 0 0 0 0 0 0 0 0 0 0 0 0 0 0 0 0 0 0 0 0 0 0 0 0 0 0 0 0 0 0 0 0 0 0 0 0 0 0 0 0 0 0 0 0 0 0 0 0 0 0 0 0 0 0 0 0 0 0 0 0 0 0 0 0 0 0 0 0 0 0 0 0 0 0 0 0 0 0 0 0 0 0 0 0 0 0 0 0 0 0 0 0 0 0 0 0 0 0 0 0 0 0 0 0 0 0 0 0 0 0 0 0 0 0 0 0 0 0 0 0
0 0 0 0 0 0 0 0 0 0 0 0 0 0 0 0 0 0 0 0 0 0 0 0 0 0 0 0 0 0 0 0 0 0 0 0 0 0 0 0 0 0 0 0 0 0 0 0 0 0 0 0 0 0 0 0 0 0 0 0 0 0 0 0 0 0 0 0 0 0 0 0 0 0 0 0 0 0 0 0 0 0 0 0 0 0 0 0 0 0 0 0 0 0 0 0 0 0 0 0 0 0 0 0 0 0 0 0 0 0 0 0 0 0 0 0 0 0 0 0 0
0 0 0 0 0 0 0 0 0 0 0 0 0 0 0 0 0 0 0 0 0 0 0 0 0 0 0 0 0 0 0 0 0 0 0 0 0 0 0 0 0 0 0 0 0 0 0 0 0 0 0 0 0 0 0 0 0 0 0 0 0 0 0 0 0 0 0 0 0 0 0 0 0 0 0 0 0 0 0 0 0 0 0 0 0 0 0 0 0 0 0 0 0 0 0 0 0 0 0 0 0 0 0 0 0 0 0 0 0 0 0 0 0 0 0 0 0 0 0 0 0
0 0 0 0 0 0 0 0 0 0 0 0 0 0 0 0 0 0 0 0 0 0 0 0 0 0 0 0 0 0 0 0 0 0 0 0 0 0 0 0 0 0 0 0 0 0 0 0 0 0 0 0 0 0 0 0 0 0 0 0 0 0 0 0 0 0 0 0 0 0 0 0 0 0 0 0 0 0 0 0 0 0 0 0 0 0 0 0 0 0 0 0 0 0 0 0 0 0 0 0 0 0 0 0 0 0 0 0 0 0 0 0 0 0 0 0 0 0 0 0 0
0 0 0 0 0 0 0 0 0 0 0 0 0 0 0 0 0 0 0 0 0 0 0 0 0 0 0 0 0 0 0 0 0 0 0 0 0 0 0 0 0 0 0 0 0 0 0 0 0 0 0 0 0 0 0 0 0 0 0 0 0 0 0 0 0 0 0 0 0 0 0 0 0 0 0 0 0 0 0 0 0 0 0 0 0 0 0 0 0 0 0 0 0 0 0 0 0 0 0 0 0 0 0 0 0 0 0 0 0 0 0 0 0 0 0 0 0 0 0 0 0
0 0 0 0 0 0 0 0 0 0 0 0 0 0 0 0 0 0 0 0 0 0 0 0 0 0 0 0 0 0 0 0 0 0 0 0 0 0 0 0 0 0 0 0 0 0 0 0 0 0 0 0 0 0 0 0 0 0 0 0 0 0 0 0 0 0 0 0 0 0 0 0 0 0 0 0 0 0 0 0 0 0 0 0 0 0 0 0 0 0 0 0 0 0 0 0 0 0 0 0 0 0 0 0 0 0 0 0 0 0 0 0 0 0 0 0 0 0 0 0 0
0 0 0 0 0 0 0 0 0 0 0 0 0 0 0 0 0 0 0 0 0 0 0 0 0 0 0 0 0 0 0 0 0 0 0 0 0 0 0 0 0 0 0 0 0 0 0 0 0 0 0 0 0 0 0 0 0 0 0 0 0 0 0 0 0 0 0 0 0 0 0 0 0 0 0 0 0 0 0 0 0 0 0 0 0 0 0 0 0 0 0 0 0 0 0 0 0 0 0 0 0 0 0 0 0 0 0 0 0 0 0 0 0 0 0 0 0 0 0 0 0
0 0 0 0 0 0 0 0 0 0 0 0 0 0 0 0 0 0 0 0 0 0 0 0 0 0 0 0 0 0 0 0 0 0 0 0 0 0 0 0 0 0 0 0 0 0 0 0 0 0 0 0 0 0 0 0 0 0 0 0 0 0 0 0 0 0 0 0 0 0 0 0 0 0 0 0 0 0 0 0 0 0 0 0 0 0 0 0 0 0 0 0 0 0 0 0 0 0 0 0 0 0 0 0 0 0 0 0 0 0 0 0 0 0 0 0 0 0 0 0 0
0 0 0 0 0 0 0 0 0 0 0 0 0 0 0 0 0 0 0 0 0 0 0 0 0 0 0 0 0 0 0 0 0 0 0 0 0 0 0 0 0 0 0 0 0 0 0 0 0 0 0 0 0 0 0 0 0 0 0 0 0 0 0 0 0 0 0 0 0 0 0 0 0 0 0 0 0 0 0 0 0 0 0 0 0 0 0 0 0 0 0 0 0 0 0 0 0 0 0 0 0 0 0 0 0 0 0 0 0 0 0 0 0 0 0 0 0 0 0 0 0
