0 0 0 0 0 0 0 0 0 0 0 0 0 0 0 0 0 0 0 0 0 0 0 0 0 0 0 0 0 0 0 0 0 0 0 0 0 0 0 0 0 0 0 0 0 0 0 0 0 0 0 0 0 0 0 0 0 0 0 0 0 0 0 0 0 0 0 0 0 0 0 0 0 0 0 0 0 0 0 0 0 0 0 0 0 0 0 0 0 0 0 0 0 0 0 0 0 0 0 0 0 0 0 0 0 0 0 0 0 0 0 0 0 0 0 0 0 0 0 0 0
0 0 0 0 0 0 0 0 0 0 0 0 0 0 0 0 0 0 0 0 0 0 0 0 0 0 0 0 0 0 0 0 0 0 0 0 0 0 0 0 0 0 0 0 0 0 0 0 0 0 0 0 0 0 0 0 0 0 0 0 0 0 0 0 0 0 0 0 0 0 0 0 0 0 0 0 0 0 0 0 0 0 0 0 0 0 0 0 0 0 0 0 0 0 0 0 0 0 0 0 0 0 0 0 0 0 0 0 0 0 0 0 0 0 0 0 0 0 0 0 0
0 0 0 0 0 0 0 0 0 0 0 0 0 0 0 0 0 0 0 0 0 0 0 0 0 0 0 0 0 0 0 0 0 0 0 0 0 0 0 0 0 0 0 0 0 0 0 0 0 0 0 0 0 0 0 0 0 0 0 0 0 0 0 0 0 0 0 0 0 0 0 0 0 0 0 0 0 0 0 0 0 0 0 0 0 0 0 0 0 0 0 0 0 0 0 0 0 0 0 0 0 0 0 0 0 0 0 0 0 0 0 0 0 0 0 0 0 0 0 0 0
0 0 0 0 0 0 0 0 0 0 0 0 0 0 0 0 0 0 0 0 0 0 0 0 0 0 0 0 0 0 0 0 0 0 0 0 0 0 0 0 0 0 0 0 0 0 0 0 0 0 0 0 0 0 0 0 0 0 0 0 0 0 0 0 0 0 0 0 0 0 0 0 0 0 0 0 0 0 0 0 0 0 0 0 0 0 0 0 0 0 0 0 0 0 0 0 0 0 0 0 0 0 0 0 0 0 0 0 0 0 0 0 0 0 0 0 0 0 0 0 0
0 0 0 0 0 0 0 0 0 0 0 0 0 0 0 0 0 0 0 0 0 0 0 0 0 0 0 0 0 0 0 0 0 0 0 0 0 0 0 0 0 0 0 0 0 0 0 0 0 0 0 0 0 0 0 0 0 0 0 0 0 0 0 0 0 0 0 0 0 0 0 0 0 0 0 0 0 0 0 0 0 0 0 0 0 0 0 0 0 0 0 0 0 0 0 0 0 0 0 0 0 0 0 0 0 0 0 0 0 0 0 0 0 0 0 0 0 0 0 0 0
0 0 0 0 0 0 0 0 0 0 0 0 0 0 0 0 0 0 0 0 0 0 0 0 0 0 0 0 0 0 0 0 0 0 0 0 0 0 0 0 0 0 0 0 0 0 0 0 0 0 0 0 0 0 0 0 0 0 0 0 0 0 0 0 0 0 0 0 0 0 0 0 0 0 0 0 0 0 0 0 0 0 0 0 0 0 0 0 0 0 0 0 0 0 0 0 0 0 0 0 0 0 0 0 0 0 0 0 0 0 0 0 0 0 0 0 0 0 0 0 0
0 0 0 0 0 0 0 0 0 0 0 0 0 0 0 0 0 0 0 0 0 0 0 0 0 0 0 0 0 0 0 0 0 0 0 0 0 0 0 0 0 0 0 0 0 0 0 0 0 0 0 0 0 0 0 0 0 0 0 0 0 0 0 0 0 0 0 0 0 0 0 0 0 0 0 0 0 0 0 0 0 0 0 0 0 0 0 0 0 0 0 0 0 0 0 0 0 0 0 0 0 0 0 0 0 0 0 0 0 0 0 0 0 0 0 0 0 0 0 0 0
0 0 0 0 0 0 0 0 0 0 0 0 0 0 0 0 0 0 0 0 0 0 0 0 0 0 0 0 0 0 0 0 0 0 0 0 0 0 0 0 0 0 0 0 0 0 0 0 0 0 0 0 0 0 0 0 0 0 0 0 0 0 0 0 0 0 0 0 0 0 0 0 0 0 0 0 0 0 0 0 0 0 0 0 0 0 0 0 0 0 0 0 0 0 0 0 0 0 0 0 0 0 0 0 0 0 0 0 0 0 0 0 0 0 0 0 0 0 0 0 0
0 0 0 0 0 0 0 0 0 0 0 0 0 0 0 0 0 0 0 0 0 0 0 0 0 0 0 0 0 0 0 0 0 0 0 0 0 0 0 0 0 0 0 0 0 0 0 0 0 0 0 0 0 0 0 0 0 0 0 0 0 0 0 0 0 0 0 0 0 0 0 0 0 0 0 0 0 0 0 0 0 0 0 0 0 0 0 0 0 0 0 0 0 0 0 0 0 0 0 0 0 0 0 0 0 0 0 0 0 0 0 0 0 0 0 0 0 0 0 0 0
0 0 0 0 0 0 0 0 0 0 0 0 0 0 0 0 0 0 0 0 0 0 0 0 0 0 0 0 0 0 0 0 0 0 0 0 0 0 0 0 0 0 0 0 0 0 0 0 0 0 0 0 0 0 0 0 0 0 0 0 0 0 0 0 0 0 0 0 0 0 0 0 0 0 0 0 0 0 0 0 0 0 0 0 0 0 0 0 0 0 0 0 0 0 0 0 0 0 0 0 0 0 0 0 0 0 0 0 0 0 0 0 0 0 0 0 0 0 0 0 0
0 0 0 0 0 0 0 0 0 0 0 0 0 0 0 0 0 0 0 0 0 0 0 0 0 0 0 0 0 0 0 0 0 0 0 0 0 0 0 0 0 0 0 0 0 0 0 0 0 0 0 0 0 0 0 0 0 0 0 0 0 0 0 0 0 0 0 0 0 0 0 0 0 0 0 0 0 0 0 0 0 0 0 0 0 0 0 0 0 0 0 0 0 0 0 0 0 0 0 0 0 0 0 0 0 0 0 0 0 0 0 0 0 0 0 0 0 0 0 0 0
0 0 0 0 0 0 0 0 0 0 0 0 0 0 0 0 0 0 0 0 0 0 0 0 0 0 0 0 0 0 0 0 0 0 0 0 0 0 0 0 0 0 0 0 0 0 0 0 0 0 0 0 0 0 0 0 0 0 0 0 0 0 0 0 0 0 0 0 0 0 0 0 0 0 0 0 0 0 0 0 0 0 0 0 0 0 0 0 0 0 0 0 0 0 0 0 0 0 0 0 0 0 0 0 0 0 0 0 0 0 0 0 0 0 0 0 0 0 0 0 0
0 0 0 0 0 0 0 0 0 0 0 0 0 0 0 0 0 0 0 0 0 0 0 0 0 0 0 0 0 0 0 0 0 0 0 0 0 0 0 0 0 0 0 0 0 0 0 0 0 0 0 0 0 0 0 0 0 0 0 0 0 0 0 0 0 0 0 0 0 0 0 0 0 0 0 0 0 0 0 0 0 0 0 0 0 0 0 0 0 0 0 0 0 0 0 0 0 0 0 0 0 0 0 0 0 0 0 0 0 0 0 0 0 0 0 0 0 0 0 0 0
0 0 0 0 0 0 0 0 0 0 0 0 0 0 0 0 0 0 0 0 0 0 0 0 0 0 0 0 0 0 0 0 0 0 0 0 0 0 0 0 0 0 0 0 0 0 0 0 0 0 0 0 0 0 0 0 0 0 0 0 0 0 0 0 0 0 0 0 0 0 0 0 0 0 0 0 0 0 0 0 0 0 0 0 0 0 0 0 0 0 0 0 0 0 0 0 0 0 0 0 0 0 0 0 0 0 0 0 0 0 0 0 0 0 0 0 0 0 0 0 0
0 0 0 0 0 0 0 0 0 0 0 0 0 0 0 0 0 0 0 0 0 0 0 0 0 0 0 0 0 0 0 0 0 0 0 0 0 0 0 0 0 0 0 0 0 0 0 0 0 0 0 0 0 0 0 0 0 0 0 0 0 0 0 0 0 0 0 0 0 0 0 0 0 0 0 0 0 0 0 0 0 0 0 0 0 0 0 0 0 0 0 0 0 0 0 0 0 0 0 0 0 0 0 0 0 0 0 0 0 0 0 0 0 0 0 0 0 0 0 0 0
0 0 0 0 0 0 0 0 0 1.11041861375602e-09 3.26348064367857e-09 8.49543504098369e-09 1.9588468390368e-08 4.0006044260854e-08 7.23704072289228e-08 1.15959596652071e-07 1.64574540061192e-07 2.06884940286788e-07 2.30359104188418e-07 2.27191541352821e-07 1.98467413242579e-07 1.535665172326e-07 1.05248068607051e-07 6.38913418357864e-08 3.43542251703894e-08 1.6361705856027e-08 6.90219584823465e-09 2.57902914353459e-09 8.53562832151889e-10 2.5022172633474e-10 6.49717868245836e-11 0 0 0 0 0 0 0 0 0 0 0 0 0 0 0 0 0 0 0 0 0 0 0 0 0 0 0 0 0 0 0 0 0 0 0 0 0 0 0 0 0 0 0 0 0 0 0 0 0 0 0 0 0 0 0 0 0 0 0 0 0 0 0 0 0 0 0 0 0 0 0 0 0 0 0 0 0 0 0 0 0 0 0 0 0 0 0 0 0 0
0 0 0 0 0 0 0 0 0 5.02928975955034e-09 1.50925996051632e-08 4.01173019966577e-08 9.4451673938234e-08 1.96968997691784e-07 3.6382820603543e-07 5.95257847292484e-07 8.62629226297555e-07 1.10726986690246e-06 1.25890531947921e-06 1.2677771805562e-06 1.13084495915995e-06 8.93456631974531e-07 6.25250664002338e-07 3.87565509166058e-07 2.12787618540368e-07 1.03480343537352e-07 4.45737983393918e-08 1.70063730039961e-08 5.74716983310776e-09 1.7203096920437e-09 4.56109917524595e-10 0 0 0 0 0 0 0 0 0 0 0 0 0 0 0 0 0 0 0 0 0 0 0 0 0 0 0 0 0 0 0 0 0 0 0 0 0 0 0 0 0 0 0 0 0 0 0 0 0 0 0 0 0 0 0 0 0 0 0 0 0 0 0 0 0 0 0 0 0 0 0 0 0 0 0 0 0 0 0 0 0 0 0 0 0 0 0 0 0 0
0 0 0 0 0 0 0 0 0 1.80100842466441e-08 5.51869282887188e-08 1.49784534374892e-07 3.60087462059985e-07 7.66759738107994e-07 1.44617508522773e-06 2.41597660439487e-06 3.57499013640086e-06 4.68562195257578e-06 5.43963698436999e-06 5.59348997968081e-06 5.09455300665478e-06 4.10997878775603e-06 2.93686071483796e-06 1.85882024452426e-06 1.04208156230033e-06 5.17459428387502e-07 2.27594190013415e-07 8.86658358360113e-08 3.05957939831141e-08 9.35141687528409e-09 2.53164835350084e-09 0 0 0 0 0 0 0 0 0 0 0 0 0 0 0 0 0 0 0 0 0 0 0 0 0 0 0 0 0 0 0 0 0 0 0 0 0 0 0 0 0 0 0 0 0 0 0 0 0 0 0 0 0 0 0 0 0 0 0 0 0 0 0 0 0 0 0 0 0 0 0 0 0 0 0 0 0 0 0 0 0 0 0 0 0 0 0 0 0 0
0 0 0 0 0 0 0 0 0 5.09934026630616e-08 1.59550274089045e-07 4.42172156035529e-07 1.08541420793637e-06 2.35998850387215e-06 4.54500690139586e-06 7.75299459056034e-06 1.1714255419516e-05 1.56772603917652e-05 1.85838601573807e-05 1.95124570458584e-05 1.81467253242472e-05 1.49484046490392e-05 1.09069092547873e-05 7.04885908232603e-06 4.03502501410946e-06 2.04589767419013e-06 9.18823004865965e-07 3.65502276409317e-07 1.28783014429849e-07 4.01917911533178e-08 1.11103159646533e-08 0 0 0 0 0 0 0 0 0 0 0 0 0 0 0 0 0 0 0 0 0 0 0 0 0 0 0 0 0 0 0 0 0 0 0 0 0 0 0 0 0 0 0 0 0 0 0 0 0 0 0 0 0 0 0 0 0 0 0 0 0 0 0 0 0 0 0 0 0 0 0 0 0 0 0 0 0 0 0 0 0 0 0 0 0 0 0 0 0 0
0 0 0 0 0 0 1.29876576742405e-09 3.86834110272785e-09 1.02053749597926e-08 1.38004231159993e-07 4.14069526579311e-07 1.12255060613967e-06 2.73379834817871e-06 5.95449397833049e-06 1.1562988295813e-05 1.99752466598246e-05 3.06526429220499e-05 4.17415569864801e-05 5.04093735355076e-05 5.39647678270904e-05 5.11969989868764e-05 4.30363042040296e-05 3.20501757577114e-05 2.11445061203342e-05 1.23570486369794e-05 6.39687756368219e-06 2.93324481742398e-06 1.19137831708646e-06 4.28592539001181e-07 1.36579797939491e-07 3.85512620038168e-08 0 0 0 0 0 0 0 0 0 0 0 0 0 0 0 0 0 0 0 0 0 0 0 0 0 0 0 0 0 0 0 0 0 0 0 0 0 0 0 0 0 0 0 0 0 0 0 0 0 0 0 0 0 0 0 0 0 0 0 0 0 0 0 0 0 0 0 0 0 0 0 0 0 0 0 0 0 0 0 0 0 0 0 0 0 0 0 0 0 0
2.05426655716349e-10 6.23350303717869e-10 1.67539736914929e-09 3.98853821248896e-09 8.4104640653809e-09 1.57085622106969e-08 3.16475190904461e-08 5.52942532563338e-08 9.57962844163604e-08 3.69522872183348e-07 9.50851720010396e-07 2.39453836269327e-06 5.6420848795916e-06 1.2145869832306e-05 2.35937163565347e-05 4.10710428738602e-05 6.38029600912062e-05 8.82210737256144e-05 0.000108391165702339 0.000118202107623788 0.000114327988688939 9.80327308555276e-05 7.44984661830853e-05 5.01642708953825e-05 2.99265134499318e-05 1.58159602896071e-05 7.40438636383094e-06 3.07058577141589e-06 1.12776805379381e-06 3.66965074167081e-07 1.05764507345523e-07 0 0 0 0 0 0 0 0 0 0 0 0 0 0 0 0 0 0 0 0 0 0 0 0 0 0 0 0 0 0 0 0 0 0 0 0 0 0 0 0 0 0 0 0 0 0 0 0 0 0 0 0 0 0 0 0 0 0 0 0 0 0 0 0 0 0 0 0 0 0 0 0 0 0 0 0 0 0 0 0 0 0 0 0 0 0 0 0 0 0
5.55903182368479e-09 1.43233564361115e-08 3.31544307982467e-08 6.89684884782433e-08 1.28945573600848e-07 2.16627236071022e-07 3.46682474124075e-07 5.04130118450251e-07 7.06519548675722e-07 1.27943430633982e-06 2.40006561745872e-06 4.97388891413635e-06 1.05262258259288e-05 2.13985407077372e-05 4.03792169754898e-05 6.94605410850697e-05 0.000107813789941115 0.000150042886336649 0.000186453010920934 0.000206322265090876 0.000202933404740927 0.000177201382517801 0.000137259093657977 9.42647625227515e-05 5.73777587222968e-05 3.09476295373679e-05 1.47889770052984e-05 6.26087586711524e-06 2.34707841476745e-06 7.79802817129885e-07 2.29484359575564e-07 0 0 0 0 0 0 0 0 0 0 0 0 0 0 0 0 0 0 0 0 0 0 0 0 0 0 0 0 0 0 0 0 0 0 0 0 0 0 0 0 0 0 0 0 0 0 0 0 0 0 0 0 0 0 0 0 0 0 0 0 0 0 0 0 0 0 0 0 0 0 0 0 0 0 0 0 0 0 0 0 0 0 0 0 0 0 0 0 0 0
2.78733534149586e-08 7.2452118496003e-08 1.69094671301984e-07 3.54559577988674e-07 6.68154651710982e-07 1.13165231876756e-06 1.7770331881607e-06 2.52740157872755e-06 3.37386368809685e-06 4.69932967160931e-06 6.86000104673006e-06 1.11704587242278e-05 1.97345255919473e-05 3.55574354702322e-05 6.20589786912919e-05 0.000101656494126421 0.000153393745633876 0.000210670186738472 0.000261155803112238 0.000290484819742285 0.000288710658956142 0.000255665799189119 0.000201337442760012 0.000140832118046502 8.7444209443447e-05 4.81920248525063e-05 2.35876791626471e-05 1.02697295175832e-05 3.98702389929001e-06 1.39245743664559e-06 4.42004369102135e-07 2.51475909036948e-08 1.16567981201221e-08 4.78599717480646e-09 1.74050740370518e-09 5.60647108230731e-10 1.59960801743415e-10 4.04247955666844e-11 0 0 0 0 0 0 0 0 0 0 0 0 0 0 0 0 0 0 0 0 0 0 0 0 0 0 0 0 0 0 0 0 0 0 0 0 0 0 0 0 0 0 0 0 0 0 0 0 0 0 0 0 0 0 0 0 0 0 0 0 0 0 0 0 0 0 0 0 0 0 0 0 0 0 0 0 0 0 0 0 0 0 0
1.12872254461659e-07 2.96220761538665e-07 6.97411081309199e-07 1.47418551643292e-06 2.79970601343572e-06 4.77795543725096e-06 7.44956056859859e-06 1.0491247733617e-05 1.36228298344275e-05 1.70151230128868e-05 2.12063343333876e-05 2.80732814863567e-05 4.0452632051045e-05 6.17188988079492e-05 9.48692192652319e-05 0.000141188362849239 0.000198496253103252 0.000259531242043095 0.000311932642606909 0.000341399036613002 0.000337666259927983 0.000300065112007407 0.00023859638608547 0.000169330462098446 0.000107146457949659 6.0493292397569e-05 3.0570648668657e-05 1.39261065744939e-05 5.78025519620962e-06 2.24473726836048e-06 8.3528659991446e-07 1.59645066658235e-07 7.55482206835813e-08 3.16723645701418e-08 1.17610747343719e-08 3.86833258314921e-09 1.12696616239261e-09 2.90809253269497e-10 0 0 0 0 0 0 0 0 0 0 0 0 0 0 0 0 0 0 0 0 0 0 0 0 0 0 0 0 0 0 0 0 0 0 0 0 0 0 0 0 0 0 0 0 0 0 0 0 0 0 0 0 0 0 0 0 0 0 0 0 0 0 0 0 0 0 0 0 0 0 0 0 0 0 0 0 0 0 0 0 0 0 0
3.63146101442437e-07 9.63057788795365e-07 2.28914400672729e-06 4.88142752994542e-06 9.34734708880014e-06 1.60788247132357e-05 2.50734789607155e-05 3.52515305881345e-05 4.52155268471333e-05 5.4001077788429e-05 6.18870386423619e-05 7.15889827775046e-05 8.75101314964665e-05 0.000114013822614437 0.000153189450171582 0.000203356242609657 0.000258844529215084 0.00031081795259461 0.000348716366768257 0.000362629001550767 0.000346748062283531 0.000302601299567919 0.000239580526616081 0.000171538807817903 0.000111132471639451 6.55460778187201e-05 3.56814078722447e-05 1.83377677398097e-05 9.1166439161844e-06 4.5359147903988e-06 2.26143369613107e-06 9.63201661329987e-07 5.18972496752032e-07 2.72240093617716e-07 1.44182565735152e-07 7.79301106704606e-08 4.19871944656573e-08 2.16497112354879e-08 9.94213077229099e-09 4.39416779019195e-09 1.72022032903823e-09 5.96488107655259e-10 1.83201817341257e-10 4.98388531215962e-11 0 0 0 0 0 0 0 0 0 0 0 0 0 0 0 0 0 0 0 0 0 0 0 0 0 0 0 0 0 0 0 0 0 0 0 0 0 0 0 0 0 0 0 0 0 0 0 0 0 0 0 0 0 0 0 0 0 0 0 0 0 0 0 0 0 0 0 0 0 0 0 0 0 0 0 0 0
9.35101961457648e-07 2.50918526765061e-06 6.02765985552913e-06 1.29791754368494e-05 2.50782382281882e-05 4.35029977258309e-05 6.81216342268798e-05 9.60569929957114e-05 0.000122842621624543 0.000144123805186382 0.000158364821473231 0.000169195891213909 0.000184376999047519 0.000211848763330471 0.000254638986017183 0.00030798977683913 0.000360621663760939 0.00039938222457333 0.000414106247553092 0.000400439793274098 0.000360329430366773 0.000301098070634858 0.000233475487488149 0.000168624077425356 0.00011469582162165 7.49929257424923e-05 4.83171784465385e-05 3.11732227900926e-05 1.99757742640014e-05 1.259490623126e-05 7.60366556871613e-06 4.23210580198668e-06 2.41700707487457e-06 1.37008863878973e-06 7.91945278934344e-07 4.63732982487158e-07 2.6583469818789e-07 1.43320827079562e-07 6.89080618799916e-08 3.10822890975246e-08 1.24172088249878e-08 4.39647677591234e-09 1.37878279729053e-09 3.82998614887324e-10 0 0 0 0 0 0 0 0 0 0 0 0 0 0 0 0 0 0 0 0 0 0 0 0 0 0 0 0 0 0 0 0 0 0 0 0 0 0 0 0 0 0 0 0 0 0 0 0 0 0 0 0 0 0 0 0 0 0 0 0 0 0 0 0 0 0 0 0 0 0 0 0 0 0 0 0 0
1.92888403386096e-06 5.24409249399441e-06 1.27472541462235e-05 2.77489980514438e-05 5.41562027495944e-05 9.48154895552927e-05 0.000149469152346432 0.000211996923854122 0.000271846207447832 0.000317543505723042 0.000342754151985297 0.000351376542677335 0.000356734500152066 0.000374674193723879 0.000413818837151828 0.000469324741387623 0.000524228059572445 0.00055796192729933 0.000556088001654983 0.000515941670683418 0.00044611850039366 0.00036178359152212 0.000278738825298194 0.000208638503801603 0.000156107985477836 0.000119444098095658 9.3318438193571e-05 7.24795162358154e-05 5.39527116386846e-05 3.7877760805002e-05 2.48072562063918e-05 1.52511260414341e-05 9.29179994599901e-06 5.71075466098065e-06 3.58650742070674e-06 2.2512082484962e-06 1.35842596235245e-06 7.59973975154775e-07 3.7922223982505e-07 1.74482500613794e-07 7.11092239900695e-08 2.56930610417722e-08 8.22355828972448e-09 2.32710258396656e-09 0 0 0 0 0 0 0 0 0 0 0 0 0 0 0 0 0 0 0 0 0 0 0 0 0 0 0 0 0 0 0 0 0 0 0 0 0 0 0 0 0 0 0 0 0 0 0 0 0 0 0 0 0 0 0 0 0 0 0 0 0 0 0 0 0 0 0 0 0 0 0 0 0 0 0 0 0
3.19275257242509e-06 8.81090275706082e-06 2.17061233855175e-05 4.78493880604684e-05 9.44759343333265e-05 0.000167188748621888 0.000265959694936839 0.000380422849526625 0.000491244296222534 0.000576096468668848 0.000620432365007602 0.000626925698319493 0.000615694002090913 0.000614269047215363 0.00064202536023307 0.000698820756475724 0.000764344413148381 0.000809111648713099 0.000809108238921483 0.00075648646703704 0.00066148950755792 0.000546586564284425 0.000436373306702049 0.000348197595316271 0.000286509327480293 0.000244741738318925 0.000211323039117451 0.000177197946487878 0.000139634363251092 0.000102468051038963 7.01949115254551e-05 4.5859220849688e-05 2.98940843939339e-05 1.9892763541131e-05 1.34823622657063e-05 9.00355139876464e-06 5.69726471978127e-06 3.3102246608619e-06 1.71792651206775e-06 8.13178645485173e-07 3.41530578303393e-07 1.2745894845959e-07 4.22361041146892e-08 1.23934302067682e-08 3.75477190997428e-10 1.02870185299408e-10 0 0 0 0 0 0 0 0 0 0 0 0 0 0 0 0 0 0 0 0 0 0 0 0 0 0 0 0 0 0 0 0 0 0 0 0 0 0 0 0 0 0 0 0 0 0 0 0 0 0 0 0 0 0 0 0 0 0 0 0 0 0 0 0 0 0 0 0 0 0 0 0 0 0 0
4.25311898307518e-06 1.19448129000798e-05 2.98842266289276e-05 6.68726597662162e-05 0.000133900554230595 0.000240103791369231 0.000386628847261102 0.000559685520726998 0.000731314613057101 0.000867554946885679 0.000944078294778934 0.000960469923920412 0.000942142801711661 0.000927978496772233 0.000949462482349726 0.00101409946861192 0.00110129236871769 0.00117368636095795 0.00119512399635548 0.00114717348685332 0.00103651406101661 0.000891189927825115 0.000747175655990616 0.00063206836010257 0.000553296988102014 0.000499237785902659 0.000449458057821522 0.000388801290545905 0.000314832397100844 0.000237566863413599 0.00016876978308874 0.000116078487607933 8.05898078022021e-05 5.74145931653141e-05 4.13497496270289e-05 2.89632389343279e-05 1.90220067828137e-05 1.13991830514895e-05 6.10884508891404e-06 2.96644069817315e-06 1.27970804609405e-06 4.91390472405209e-07 1.67792964095178e-07 5.07189154386044e-08 2.60722054056229e-09 7.29368185349082e-10 0 0 0 0 0 0 0 0 0 0 0 0 0 0 0 0 0 0 0 0 0 0 0 0 0 0 0 0 0 0 0 0 0 0 0 0 0 0 0 0 0 0 0 0 0 0 0 0 0 0 0 0 0 0 0 0 0 0 0 0 0 0 0 0 0 0 0 0 0 0 0 0 0 0 0
4.58252374469225e-06 1.31503414310901e-05 3.35033081619602e-05 7.63786268408339e-05 0.000155667223329746 0.000283997703809502 0.000465183161896403 0.000685468314871088 0.000913017128446385 0.00110660401407983 0.00123402780198908 0.00128981554647739 0.00129907056534997 0.00130498207669628 0.00134572836009349 0.001435035510963 0.00155454809454703 0.0016631664550458 0.00171518536367251 0.00168124847848564 0.00156233679404063 0.00139063537120669 0.00121418503319049 0.0010725376455744 0.000977013996166172 0.00090942537440564 0.000837526177139339 0.000738027607379189 0.00060940547045249 0.000471030871046498 0.000346111271344041 0.000249466347728121 0.000183141176200018 0.000138087112140588 0.00010443059324061 7.60784146383574e-05 5.1637517536259e-05 3.18822578481999e-05 1.76428639613599e-05 8.82511188122901e-06 3.94234916710381e-06 1.59237231954399e-06 6.02583316536783e-07 2.37831688892238e-07 8.71142711516939e-08 7.53034626310209e-08 6.17044439456824e-08 4.73558449532803e-08 3.21914850039871e-08 1.93828978484366e-08 1.03372894500179e-08 4.88320460237109e-09 2.04321204387223e-09 7.57237709041737e-10 2.48577204832307e-10 7.22770871818067e-11 1.86144521077582e-11 0 0 0 0 0 0 0 0 0 0 0 0 0 0 0 0 0 0 0 0 0 0 0 0 0 0 0 0 0 0 0 0 0 0 0 0 0 0 0 0 0 0 0 0 0 0 0 0 0 0 0 0 0 0 0 0 0 0 0 0 0 0 0 0
4.03835243444508e-06 1.19217800149785e-05 3.1049948513112e-05 7.2513493355724e-05 0.000151286680993741 0.000282652028156722 0.000474685009721033 0.00071883308127247 0.000987542974159503 0.00124078305396209 0.00144306175674057 0.00158140098729386 0.00167094843174245 0.0017459465609176 0.00183993674191549 0.0019681094546676 0.00211747228601275 0.00225148105975491 0.0023237031043397 0.00229933012125652 0.00217460981107365 0.00198372791467938 0.00178395713665226 0.00162448455516975 0.00151930954421388 0.00144237435995378 0.00134834267474796 0.00120503904751049 0.00101230311180516 0.00080066215617026 0.000607547704208935 0.000456865702955721 0.000351785186876919 0.000277743289776773 0.000218533324070511 0.000164657084013699 0.000115263374608918 7.33681568653578e-05 4.19913248480292e-05 2.1729220956569e-05 1.01095918751784e-05 4.33148696242372e-06 1.83181814291684e-06 8.98303731597117e-07 5.20874816232198e-07 4.76334967872594e-07 4.05393175301686e-07 3.17684967459226e-07 2.20509432220585e-07 1.35571359587132e-07 7.38276434577208e-08 3.56106856152165e-08 1.52142987082397e-08 5.75749827375714e-09 1.92986072817122e-09 5.72965397570393e-10 1.50674963754243e-10 0 0 0 0 0 0 0 0 0 0 0 0 0 0 0 0 0 0 0 0 0 0 0 0 0 0 0 0 0 0 0 0 0 0 0 0 0 0 0 0 0 0 0 0 0 0 0 0 0 0 0 0 0 0 0 0 0 0 0 0 0 0 0 0
3.0018489352458e-06 9.22236874598774e-06 2.46927877260152e-05 5.95468224626262e-05 0.000128199956070055 0.000247570751785984 0.000431026875118657 0.000679565666206999 0.000977414974476269 0.00129401565453194 0.00159518401196441 0.00185773998444253 0.00207627726405714 0.00226123785551234 0.00242867997684294 0.00259005228639707 0.00274248704267946 0.00286608061793912 0.0029274759186694 0.00289585336720215 0.00276444803918582 0.00256409684670473 0.00235305985805583 0.00218378305160332 0.00207163590534526 0.00198533765583028 0.00187064575708418 0.00168893995705009 0.00144090527708528 0.00116566992867334 0.000912675928870569 0.000713806296609475 0.000573089946462702 0.000470408013123206 0.000382935586055356 0.000297612908546401 0.000214851988227137 0.000141272143471707 8.38785016543292e-05 4.51603095726618e-05 2.21030572087714e-05 1.0270710165761e-05 5.07735068592862e-06 3.18764311119773e-06 2.49879809746997e-06 2.39456680861818e-06 2.10584103859126e-06 1.68503490456622e-06 1.19426991566645e-06 7.49732534703614e-07 4.16889058550258e-07 2.05326455859587e-07 8.95735113119039e-08 3.461182996734e-08 1.18462201252691e-08 3.59124727592865e-09 9.64319824501149e-10 0 0 0 0 0 0 0 0 0 0 0 0 0 0 0 0 0 0 0 0 0 0 0 0 0 0 0 0 0 0 0 0 0 0 0 0 0 0 0 0 0 0 0 0 0 0 0 0 0 0 0 0 0 0 0 0 0 0 0 0 0 0 0 0
2.05605886107392e-06 6.66987861001875e-06 1.84820006751896e-05 4.63646107928799e-05 0.000103744444322402 0.00020870691086506 0.000379922528922095 0.000629011253382302 0.000954420350185603 0.0013382852816349 0.00174973095816416 0.00215418815141336 0.0025204160567664 0.00282684326496806 0.00306417119378903 0.0032364006477421 0.00335418503556496 0.00342424975019829 0.00343916090093558 0.00338154104804277 0.00324262379549532 0.00304176758569625 0.00282580766485758 0.00264163668184373 0.00250623097990498 0.00239183484105611 0.00224728464430235 0.00203520650559461 0.00175656638130097 0.00145162855806996 0.00117263790457203 0.000953157923639038 0.00079626606827492 0.000677581432881887 0.000569513262150744 0.00045634774806026 0.000340084043017999 0.00023151485742377 0.000143012768186314 8.05431930902988e-05 4.1926845842833e-05 2.16583219173428e-05 1.29341195250255e-05 1.01869263064211e-05 9.58199441164739e-06 9.55220136113571e-06 8.6489601944293e-06 7.06659659181907e-06 5.11407361498344e-06 3.27818852063157e-06 1.86127759439709e-06 9.36049138829781e-07 4.16961946067399e-07 1.64514608490999e-07 5.74940351143898e-08 1.77971879060016e-08 4.87966779064815e-09 0 0 0 0 0 0 0 0 0 0 0 0 0 0 0 0 0 0 0 0 0 0 0 0 0 0 0 0 0 0 0 0 0 0 0 0 0 0 0 0 0 0 0 0 0 0 0 0 0 0 0 0 0 0 0 0 0 0 0 0 0 0 0 0
1.56976389203518e-06 5.35625289171386e-06 1.53614209675604e-05 3.98622137458722e-05 9.21962402644427e-05 0.000191977534964445 0.000362299911964057 0.000622713085626975 0.00098168531495217 0.00142985082257907 0.00193755393767784 0.00246050253553907 0.00294686648914874 0.00334919655707093 0.00363657737237479 0.00380512994337346 0.00387620668480414 0.0038814801259197 0.00384132405163219 0.00375533139892749 0.0036132550957975 0.00341724357549757 0.00319254488320276 0.0029729771787913 0.00277816840515279 0.00259503452369964 0.00239141074136258 0.0021432731357259 0.00185399071607711 0.00155728080367147 0.0012957602941056 0.00109448665065829 0.000951420276753201 0.000839011322882486 0.000727858350547261 0.000601345331801101 0.000462782315953378 0.000326424080741139 0.000209998997789682 0.000124136860431823 6.94198505176428e-05 4.07232512836241e-05 2.9594552552047e-05 2.78895733103594e-05 2.92832409961537e-05 3.02044784076996e-05 2.8086095828946e-05 2.34315414308173e-05 1.73149251992539e-05 1.13331504573126e-05 6.57038719581268e-06 3.37397256493716e-06 1.53462547954031e-06 6.18263398197811e-07 2.20625111883301e-07 6.97343285665496e-08 1.95230910053588e-08 0 0 0 0 0 0 0 0 0 0 0 0 0 0 0 0 0 0 0 0 0 0 0 0 0 0 0 0 0 0 0 0 0 0 0 0 0 0 0 0 0 0 0 0 0 0 0 0 0 0 0 0 0 0 0 0 0 0 0 0 0 0 0 0
1.5442996244736e-06 5.33702445062902e-06 1.56343627890802e-05 4.10908722622513e-05 9.63296960856641e-05 0.000203258887857615 0.000388167820611127 0.000673954068691065 0.00107097986251346 0.00156904973776836 0.00213417172591036 0.00271563998208559 0.00325498872403429 0.00369896665525698 0.00401214115136966 0.00418815755844797 0.00425058638468821 0.00423942490989484 0.00418755860601337 0.00410365974764424 0.00397503404415197 0.00378782524923416 0.00354515729147673 0.00326649975307983 0.00297497057977983 0.00267877107389373 0.00237542976928227 0.00206488203951869 0.00175827124346704 0.0014809836622098 0.00125846728478872 0.0010990834710508 0.000991005888393209 0.000903285809179822 0.000806792071581885 0.000685616473637295 0.000543515555150001 0.000396259836504761 0.000264940195534698 0.000164530847092863 9.96661798161138e-05 6.73137843012047e-05 5.86611598376361e-05 6.31347749550838e-05 7.11610479599491e-05 7.56478733387394e-05 7.21120779017207e-05 6.14300092472429e-05 4.63514608033041e-05 3.09782261062998e-05 1.83383365650066e-05 9.61553841480125e-06 4.46578231698016e-06 1.8370956402754e-06 6.6938543383209e-07 2.16038435282738e-07 6.17584038248045e-08 0 0 0 0 0 0 0 0 0 0 0 0 0 0 0 0 0 0 0 0 0 0 0 0 0 0 0 0 0 0 0 0 0 0 0 0 0 0 0 0 0 0 0 0 0 0 0 0 0 0 0 0 0 0 0 0 0 0 0 0 0 0 0 0
1.75955767946573e-06 5.99013567629826e-06 1.76772732866789e-05 4.64174516691609e-05 0.000108846812181803 0.000229427968762331 0.000436348242872905 0.000751857735977976 0.00118106715321351 0.00170430087357139 0.00227762738126305 0.00284678847135145 0.00336108641876247 0.00378465035539487 0.0041003486869202 0.00431055769816068 0.00443416208181027 0.00449757134974584 0.00452009287060888 0.00450094981030816 0.0044196556307595 0.00425176266202007 0.00398735480355928 0.00363831193841907 0.0032330389220881 0.00280088057029725 0.00236912289994585 0.00196438024824672 0.00161039540919249 0.00132859914626128 0.00112878274579252 0.00100159217139058 0.000923773195758784 0.000860506515039554 0.000783707342507823 0.000679190555784665 0.000550264350270258 0.000411746671943817 0.000284491491739992 0.000185371652198694 0.000122472626965993 9.57668099235954e-05 9.76048559708172e-05 0.000115819420032559 0.000137278973521613 0.000149984001496527 0.000146390808065742 0.000127335489936128 9.81059603805937e-05 6.69501566897499e-05 4.04685903074521e-05 2.16668027310395e-05 1.02750006133269e-05 4.31597736166471e-06 1.60578254926122e-06 5.29181416134555e-07 1.54465931849167e-07 0 0 0 0 0 0 0 0 0 0 0 0 0 0 0 0 0 0 0 0 0 0 0 0 0 0 0 0 0 0 0 0 0 0 0 0 0 0 0 0 0 0 0 0 0 0 0 0 0 0 0 0 0 0 0 0 0 0 0 0 0 0 0 0
1.97663241354316e-06 6.60885100552046e-06 1.9507977584228e-05 5.10604143862359e-05 0.000119436676934455 0.000250744242183676 0.000473532041122092 0.000807123978229092 0.00124843131956255 0.00176518824790208 0.0023019744462085 0.0028031307391316 0.00323343912416866 0.00358798636091259 0.00388386000343338 0.00414389795863926 0.00438299334138051 0.00460150849945632 0.00478415572803547 0.00490082441712888 0.00491310132617417 0.00478805026223302 0.00451268909399789 0.00410125536915722 0.00359132139251704 0.00303086020161815 0.00247060803617346 0.00195899349689659 0.00153276749098391 0.00121413995205626 0.00100346709318449 0.000878435991476379 0.000806647684119722 0.000750153679711515 0.000682579553450037 0.000592414243300282 0.000482664313852301 0.00036560034719489 0.000258313827998824 0.000175908490938077 0.000127348325528725 0.000115010596898963 0.000133437998635339 0.000170366136461498 0.000209982538699292 0.00023531631428745 0.000234968025732819 0.000208692820282501 0.000164178590491106 0.000114402578177581 7.06098640247148e-05 3.86015917058409e-05 1.86919807384588e-05 8.0170706563509e-06 3.04569472982413e-06 1.02486652197986e-06 3.05462932074719e-07 0 0 0 0 0 0 0 0 0 0 0 0 0 0 0 0 0 0 0 0 0 0 0 0 0 0 0 0 0 0 0 0 0 0 0 0 0 0 0 0 0 0 0 0 0 0 0 0 0 0 0 0 0 0 0 0 0 0 0 0 0 0 0 0
2.07645275196704e-06 6.8178791885749e-06 1.9991269369846e-05 5.20545750928592e-05 0.000121265994007038 0.00025338442575834 0.000475386017130341 0.000802766154151796 0.00122537208447788 0.00170145901230266 0.00216806919744072 0.00257070413729302 0.00288968447407747 0.00315029968936552 0.00340519706681428 0.00370283602414584 0.00406069058424916 0.0044561542329775 0.00483520272563578 0.00512880766580519 0.00527143008218508 0.0052181865798221 0.00495632826656065 0.00450820774971524 0.0039240450300766 0.00326871248975916 0.00261034884481357 0.0020120252298095 0.00151974562069556 0.00115720554383023 0.000919826823140403 0.000777773600867209 0.000693357001794979 0.000627169674880179 0.000555529190058664 0.000470416741979756 0.000375824960172292 0.000281653239869688 0.000199749461504321 0.00014072236158764 0.000111433243105153 0.00011490671209957 0.00014792639136939 0.000199821012900803 0.000254453809557453 0.0002920814647337 0.000298189872426947 0.000270429904196201 0.000217233507129375 0.000154564298619353 9.74096169593519e-05 5.43756871252943e-05 2.68854899183153e-05 1.17744715825217e-05 4.56746440275355e-06 1.56934775715375e-06 4.77610081219794e-07 0 0 0 0 0 0 0 0 0 0 0 0 0 0 0 0 0 0 0 0 0 0 0 0 0 0 0 0 0 0 0 0 0 0 0 0 0 0 0 0 0 0 0 0 0 0 0 0 0 0 0 0 0 0 0 0 0 0 0 0 0 0 0 0
2.08268128341837e-06 6.65600013887078e-06 1.91430407654929e-05 4.91699079354816e-05 0.000113326346516302 0.000234605513080332 0.000436259743450791 0.000729684606666452 0.00110093507567925 0.00150566670488353 0.00188122432589435 0.00217799261533312 0.00238775442469057 0.00255494890459102 0.00275585453962838 0.00305943479101882 0.00349087381698169 0.00401673642013521 0.00455587594884754 0.00500616436427691 0.00527486685715741 0.00530287829608704 0.00507664367545083 0.00462654234725141 0.00401491558151784 0.00331992789520499 0.00262091081911254 0.00198789494445755 0.00147003100250289 0.00108993215258833 0.000839817326864751 0.0006866999260435 0.000591609667873407 0.000515686587476688 0.000438526052372815 0.00035515842417138 0.000271311024120428 0.000195528576529726 0.000135285258364501 9.63819710937413e-05 8.21364575290621e-05 9.45547925267509e-05 0.000131919207828328 0.00018629540730719 0.000244129369569625 0.000286762092636112 0.000299203157384936 0.000277071006299018 0.000227261707949 0.000165109371696565 0.000106249637646683 6.05610595519589e-05 3.05752309613023e-05 1.36727635119247e-05 5.41568171329688e-06 1.90002903188275e-06 5.90442507248733e-07 0 0 0 0 0 0 0 0 0 0 0 0 0 0 0 0 0 0 0 0 0 0 0 0 0 0 0 0 0 0 0 0 0 0 0 0 0 0 0 0 0 0 0 0 0 0 0 0 0 0 0 0 0 0 0 0 0 0 0 0 0 0 0 0
2.12687448139217e-06 6.50346822410622e-06 1.79788949128388e-05 4.47185802909284e-05 0.0001003068459739 0.000202935618977328 0.000370104763722351 0.0006087024618111 0.000904029665631126 0.0012163333182936 0.00149209190505401 0.00169161295234155 0.00181458824407268 0.00191120990580088 0.00206341444211627 0.00234690865430916 0.00279218422000477 0.00336494813136917 0.00397390486383728 0.0045006337227227 0.00483709374899203 0.00491629782383275 0.00472606533611721 0.0043035998150438 0.00371898046336768 0.00305525779931896 0.00239231581507916 0.00179636284793598 0.00131146008868226 0.000955726299057922 0.000719947623122489 0.000573237466382174 0.00048041937359443 0.000406209482611343 0.000333582851328715 0.000258665384166121 0.000187634038767103 0.000127774055964239 8.37871426166228e-05 5.81651040478682e-05 5.13149060953231e-05 6.36751621796874e-05 9.41850718394989e-05 0.000137805307461365 0.000185367480133589 0.000222664274965348 0.000237371523250729 0.000224448450398714 0.000187981400264941 0.000139451574983682 9.16309609746801e-05 5.33299692394613e-05 2.74922762690672e-05 1.25533703068236e-05 5.07715304653173e-06 1.81882302879736e-06 5.77126355980603e-07 0 0 0 0 0 0 0 0 0 0 0 0 0 0 0 0 0 0 0 0 0 0 0 0 0 0 0 0 0 0 0 0 0 0 0 0 0 0 0 0 0 0 0 0 0 0 0 0 0 0 0 0 0 0 0 0 0 0 0 0 0 0 0 0
2.31235958343407e-06 6.73360763359582e-06 1.76846667814833e-05 4.18755479410737e-05 8.96053191557331e-05 0.000173493006069742 0.000304103854970927 0.000483044914470785 0.000695805902266945 0.000911144885537589 0.00109060544442804 0.00120909225266178 0.00127362362762689 0.00133146869511598 0.00145535843323491 0.00171245054384754 0.00212988096809082 0.00267482075163985 0.00325844478746431 0.00376407660456941 0.00408575972220348 0.00416138305236154 0.00398659823093269 0.00360600049920239 0.00309239298902997 0.00252364826675745 0.00196733816588574 0.0014735277738517 0.00107234189340752 0.000774404595405233 0.00057163742970691 0.000441216624565903 0.000357478723485539 0.000292745534749572 0.000233641520923322 0.000175457632634734 0.000122327451464086 7.91648740037547e-05 4.87071160937739e-05 3.17414572528229e-05 2.73664784428468e-05 3.49524402625821e-05 5.36772928629652e-05 8.07810608972466e-05 0.000111358193679509 0.000136726465288938 0.00014889503730884 0.000143757761724615 0.00012293984352008 9.3124570780869e-05 6.24807431527941e-05 3.71311468421656e-05 1.9545231297205e-05 9.11283568688014e-06 3.76336671355687e-06 1.37660649211573e-06 4.46019002155059e-07 0 0 0 0 0 0 0 0 0 0 0 0 0 0 0 0 0 0 0 0 0 0 0 0 0 0 0 0 0 0 0 0 0 0 0 0 0 0 0 0 0 0 0 0 0 0 0 0 0 0 0 0 0 0 0 0 0 0 0 0 0 0 0 0
2.54153715641049e-06 7.1911869054982e-06 1.82152004931957e-05 4.13771038438549e-05 8.44806601775233e-05 0.000155461514104873 0.000258477583976578 0.000389606275214391 0.000533589782120061 0.000666882002371453 0.000766136195090887 0.000821876310683402 0.000849112823853259 0.000890132680220429 0.0010024943349855 0.00123620958269756 0.00160763886849752 0.00208360813634543 0.00258380953306256 0.00300533289121076 0.00325751473182003 0.00329293131554939 0.00311884607431876 0.00278613757345002 0.00236559670896236 0.00192323335740947 0.00150684035296422 0.00114383066047147 0.000846056417614169 0.00061557599726415 0.000447388602997281 0.000330282694190391 0.000251467096223537 0.000193730169365431 0.000147644472050271 0.000107065008052354 7.24305360784019e-05 4.5283193073664e-05 2.64737935730106e-05 1.59115152767834e-05 1.26291408658472e-05 1.56684758227229e-05 2.44039586556865e-05 3.75030743074688e-05 5.2917285094121e-05 6.63898616028666e-05 7.38449822882122e-05 7.28006328829744e-05 6.35710805322457e-05 4.91693317711342e-05 3.36852126441297e-05 2.0440643070236e-05 1.09865184799391e-05 5.23041201298706e-06 2.20557578591039e-06 8.23793467929022e-07 2.72536690066498e-07 0 0 0 0 0 0 0 0 0 0 0 0 0 0 0 0 0 0 0 0 0 0 0 0 0 0 0 0 0 0 0 0 0 0 0 0 0 0 0 0 0 0 0 0 0 0 0 0 0 0 0 0 0 0 0 0 0 0 0 0 0 0 0 0
2.54259572048918e-06 7.16339648270046e-06 1.79620558787433e-05 4.01632806797224e-05 8.01283295327786e-05 0.000143006678160453 0.000228893131660218 0.000329962921367251 0.000429877323401359 0.000509667396743619 0.000556107264121346 0.000570807482108076 0.000574488546618093 0.000604676545860707 0.00070491264475759 0.000908645760073424 0.00122144505576254 0.00161091170417601 0.00200926592537425 0.00233349985145078 0.00251347584051313 0.00251742105920102 0.00235951063045115 0.00208924014338356 0.0017684364533389 0.00144836815944749 0.00115868279634325 0.000908752353830607 0.00069693962959966 0.000519759996593659 0.000375928995988485 0.000264581151447821 0.000184152963289975 0.000127208344132233 8.78394491479942e-05 5.91177242624718e-05 3.80149973712162e-05 2.29077944632829e-05 1.28677363061368e-05 7.1184825964777e-06 5.04110001851063e-06 5.7462128085522e-06 8.84951690720213e-06 1.37808256097883e-05 1.98883378396477e-05 2.54906002034511e-05 2.89568235690378e-05 2.91493026171487e-05 2.59905633003689e-05 2.05264331778439e-05 1.43589129184201e-05 8.89692455723163e-06 4.88279541955772e-06 2.37359939936034e-06 1.02201340616902e-06 3.89776845259854e-07 1.3166967213333e-07 0 0 0 0 0 0 0 0 0 0 0 0 0 0 0 0 0 0 0 0 0 0 0 0 0 0 0 0 0 0 0 0 0 0 0 0 0 0 0 0 0 0 0 0 0 0 0 0 0 0 0 0 0 0 0 0 0 0 0 0 0 0 0 0
2.14249633751637e-06 6.09850267941818e-06 1.54053066347959e-05 3.46272496403586e-05 6.91143261317105e-05 0.000122817101378062 0.000194665979521364 0.000276252754228952 0.000352185847675077 0.000406519085741676 0.000430588728580591 0.000429557630339306 0.000423552196350043 0.000443137292019814 0.00052007593636623 0.000676449969299929 0.00091315343821837 0.00120437483145623 0.00149997570761092 0.00174029016947095 0.00187597355922615 0.00188626612006187 0.00178268488865315 0.00160143786829849 0.00138582997208371 0.00116971327963944 0.000970180623609532 0.000789838366353239 0.00062529412427226 0.000474880630190282 0.000341986591354097 0.000231981502216735 0.000149039871313033 9.12744183909868e-05 5.45897204150439e-05 3.19597251333129e-05 1.83089851342422e-05 1.01236919482933e-05 5.3183106180512e-06 2.59996310378741e-06 1.63880355266361e-06 1.67773916414119e-06 2.53318135524464e-06 3.9921849763054e-06 5.90500359869844e-06 7.73641844391038e-06 8.97780175007333e-06 9.22805862002567e-06 8.4015797207007e-06 6.77519555622889e-06 4.83941639756822e-06 3.06178310797025e-06 1.71579788454754e-06 8.5166364268044e-07 3.74438383545076e-07 1.45815230955303e-07 5.02962600414665e-08 0 0 0 0 0 0 0 0 0 0 0 0 0 0 0 0 0 0 0 0 0 0 0 0 0 0 0 0 0 0 0 0 0 0 0 0 0 0 0 0 0 0 0 0 0 0 0 0 0 0 0 0 0 0 0 0 0 0 0 0 0 0 0 0
1.46393328618239e-06 4.23726294344263e-06 1.08711714291539e-05 2.4859094295518e-05 5.03276801405637e-05 9.06139193169419e-05 0.000145394513175598 0.000208791222481552 0.000269573218843937 0.000315910553019002 0.000341159645942125 0.00034823963205184 0.000349891625251769 0.000365207033173578 0.000413884665643733 0.000510464475581524 0.000657344005564543 0.000841441135918697 0.00103464753406104 0.00120231754796955 0.00131482578259796 0.00135848572611016 0.00133602779702863 0.00126256771392796 0.00115589776598637 0.00102932591095338 0.000890381094782987 0.000743245217915258 0.000592977129673698 0.000447243567212289 0.000315966676241056 0.000207474448636519 0.000126349938404855 7.13232185375732e-05 3.79449657522257e-05 1.92019255931874e-05 9.3761390123825e-06 4.48050201353462e-06 2.13497285458673e-06 8.57163612139378e-07 4.93215534204016e-07 4.26181795701131e-07 5.91017716292689e-07 9.19241566595531e-07 1.38836050163398e-06 1.85731308937955e-06 2.20078827453947e-06 2.30983885186036e-06 2.14731310574025e-06 1.76815096282671e-06 1.28959572059019e-06 8.33101850375043e-07 4.76708492805068e-07 2.41611695842792e-07 1.08465917034101e-07 4.31299451153241e-08 1.51905952749574e-08 0 0 0 0 0 0 0 0 0 0 0 0 0 0 0 0 0 0 0 0 0 0 0 0 0 0 0 0 0 0 0 0 0 0 0 0 0 0 0 0 0 0 0 0 0 0 0 0 0 0 0 0 0 0 0 0 0 0 0 0 0 0 0 0
7.98650060456044e-07 2.35670710418963e-06 6.16145292554041e-06 1.44581321589098e-05 2.99403800769681e-05 5.52708898622975e-05 9.13050770038878e-05 0.000135886965280086 0.000183710025605413 0.000228579036636173 0.000266075053505637 0.000295279346675507 0.000318661664783645 0.000341163402052609 0.000369354912922683 0.00041109955215213 0.000472352320553164 0.000554254675558464 0.000650414426480213 0.000749080671264664 0.00083784447395943 0.000908741901670313 0.000956779078659254 0.000978122259118719 0.000966975565596261 0.000916855843150399 0.000825929462622228 0.000700477610379278 0.000555515656568784 0.000409792419221589 0.000280272994358207 0.000177098825914699 0.000103120962887785 5.5154995973572e-05 2.72926013018439e-05 1.25048007169343e-05 5.28746291004427e-06 2.08478205754262e-06 8.59097078529075e-07 2.26443893660124e-07 1.22669929885061e-07 9.01140283643785e-08 1.11070851188346e-07 1.67354661639198e-07 2.5809137673247e-07 3.52548968884738e-07 4.26555629227534e-07 4.57132586503066e-07 4.33929282666053e-07 3.64842993405326e-07 2.71708569826348e-07 1.79230095847177e-07 1.04719801882117e-07 5.41947180391997e-08 2.48425049281234e-08 1.00865833701433e-08 3.62746352930637e-09 0 0 0 0 0 0 0 0 0 0 0 0 0 0 0 0 0 0 0 0 0 0 0 0 0 0 0 0 0 0 0 0 0 0 0 0 0 0 0 0 0 0 0 0 0 0 0 0 0 0 0 0 0 0 0 0 0 0 0 0 0 0 0 0
3.4569894727473e-07 1.04095759769155e-06 2.77661648805759e-06 6.76671784732539e-06 1.44606301760137e-05 2.77432973309558e-05 4.81500457393169e-05 7.64464474682299e-05 0.000112436277058926 0.000155329816876177 0.000203626184240396 0.000254221210361233 0.000301519815663743 0.000338434817527667 0.000359772888056123 0.000366608922273822 0.00036654349235192 0.00037086896284462 0.000389000219271791 0.000425617215170722 0.000480725943787676 0.000551334597990936 0.000629681973219521 0.000702332331910792 0.000750380803815754 0.000754865676107629 0.000706227704125261 0.000608996011867435 0.000481822193545585 0.000349006944081425 0.000231491926627003 0.000140618370587935 7.81990168620975e-05 3.97223701443001e-05 1.84805614553424e-05 7.81622278672093e-06 2.88385398521681e-06 8.60582556971424e-07 2.81157369384497e-07 0 0 0 0 0 0 0 0 0 0 0 0 0 0 0 0 0 0 0 0 0 0 0 0 0 0 0 0 0 0 0 0 0 0 0 0 0 0 0 0 0 0 0 0 0 0 0 0 0 0 0 0 0 0 0 0 0 0 0 0 0 0 0 0 0 0 0 0 0 0 0 0 0 0 0 0 0 0 0 0 0 0
1.18451277971525e-07 3.64086607541629e-07 9.91242540664621e-07 2.57177531617537e-06 5.7600420612492e-06 1.17499505221863e-05 2.21020979119675e-05 3.88676453545827e-05 6.45618291771325e-05 0.000101716922759558 0.00015132663843472 0.000210381584080515 0.000270121063243183 0.000317455491366566 0.000340220465110106 0.000334047620863536 0.000305206122838034 0.00026837981871239 0.00023999256120575 0.000232598479586747 0.000252501050004144 0.000300014245861857 0.000368600171967198 0.000444517587551509 0.000507758104103757 0.000537301558111387 0.000520653907690208 0.000458360797211529 0.000365439216916393 0.000263576035581914 0.000172152765545023 0.0001019783930674 5.48816477590106e-05 2.6860748726692e-05 1.20151979998949e-05 4.89904678030975e-06 1.71228498432555e-06 4.26732213570168e-07 1.42355891472015e-07 0 0 0 0 0 0 0 0 0 0 0 0 0 0 0 0 0 0 0 0 0 0 0 0 0 0 0 0 0 0 0 0 0 0 0 0 0 0 0 0 0 0 0 0 0 0 0 0 0 0 0 0 0 0 0 0 0 0 0 0 0 0 0 0 0 0 0 0 0 0 0 0 0 0 0 0 0 0 0 0 0 0
3.21284606836826e-08 1.0083654497847e-07 2.80321410306058e-07 8.16617503476511e-07 1.97083373414555e-06 4.42637604842084e-06 9.36270237126263e-06 1.87720673289608e-05 3.55881417330993e-05 6.31902134639308e-05 0.000103727762263252 0.000155471146376717 0.000210742147467759 0.000256769162318406 0.000280408339731927 0.000274840083783925 0.000243442436074166 0.000198666265486533 0.000156272667837465 0.000129435408408545 0.000125635128055881 0.00014647926974115 0.000187867584461617 0.000240220040511545 0.000289233201175036 0.000319081718697156 0.000319330088327946 0.000287775249636303 0.000233014292096305 0.000169385502116309 0.000110613706454739 6.49663751811072e-05 3.43730207790805e-05 1.64101990103822e-05 7.10613388327752e-06 2.79217474756007e-06 9.16779599405661e-07 1.67304444957907e-07 5.69889402549886e-08 0 0 0 0 0 0 0 0 0 0 0 0 0 0 0 0 0 0 0 0 0 0 0 0 0 0 0 0 0 0 0 0 0 0 0 0 0 0 0 0 0 0 0 0 0 0 0 0 0 0 0 0 0 0 0 0 0 0 0 0 0 0 0 0 0 0 0 0 0 0 0 0 0 0 0 0 0 0 0 0 0 0
6.89015906043598e-09 2.20810830343127e-08 6.26789580495321e-08 2.27195224932012e-07 6.12698039577134e-07 1.56409346696592e-06 3.78161111794886e-06 8.59398691556267e-06 1.81264798390307e-05 3.50225463952446e-05 6.13087731581538e-05 9.64632675307764e-05 0.000135697893045171 0.000170137959528195 0.000189839478747748 0.00018857352838392 0.000167211152743121 0.000133569612890048 9.86679182790123e-05 7.22628246711664e-05 6.01812103109028e-05 6.40068420471019e-05 8.16619465879763e-05 0.000107970828772923 0.000135175691014045 0.000154317576745822 0.000159121218368023 0.000146976682073286 0.000121428820051299 8.96714565045036e-05 5.92011696180644e-05 3.49613296057746e-05 1.84842731608417e-05 8.75855616486517e-06 3.73365684062482e-06 1.43340164905648e-06 4.48841545633796e-07 5.18619320756915e-08 1.80382697985391e-08 0 0 0 0 0 0 0 0 0 0 0 0 0 0 0 0 0 0 0 0 0 0 0 0 0 0 0 0 0 0 0 0 0 0 0 0 0 0 0 0 0 0 0 0 0 0 0 0 0 0 0 0 0 0 0 0 0 0 0 0 0 0 0 0 0 0 0 0 0 0 0 0 0 0 0 0 0 0 0 0 0 0
1.16830904426882e-09 3.82306732928702e-09 1.1080935547098e-08 5.87594518335776e-08 1.81078121079343e-07 5.26137673408754e-07 1.42491408806534e-06 3.54927869253814e-06 8.03466911136058e-06 1.63816853339684e-05 2.98959151134984e-05 4.86386416003e-05 7.03701931767884e-05 9.04086874920584e-05 0.000103066752380159 0.000104263041219521 9.36856800002941e-05 7.50780630612067e-05 5.43903114740329e-05 3.72041165860354e-05 2.70001544628912e-05 2.48416907866835e-05 2.98474033670403e-05 3.97231519861912e-05 5.11120993509304e-05 6.00367998120041e-05 6.36781403241928e-05 6.03092322221007e-05 5.09562679199193e-05 3.83890082762104e-05 2.57869523128528e-05 1.54454974197331e-05 8.25217965949616e-06 3.93432750677627e-06 1.67758928524017e-06 6.40179461869228e-07 1.963913943251e-07 1.27109809014422e-08 4.5142783829384e-09 0 0 0 0 0 0 0 0 0 0 0 0 0 0 0 0 0 0 0 0 0 0 0 0 0 0 0 0 0 0 0 0 0 0 0 0 0 0 0 0 0 0 0 0 0 0 0 0 0 0 0 0 0 0 0 0 0 0 0 0 0 0 0 0 0 0 0 0 0 0 0 0 0 0 0 0 0 0 0 0 0 0
0 0 0 1.04369275704757e-08 4.09201929555332e-08 1.42106175218637e-07 4.37117810776607e-07 1.19095219426747e-06 2.87409043653672e-06 6.14351332510093e-06 1.16317070010269e-05 1.95065460612235e-05 2.89752756068273e-05 3.81233763727971e-05 4.44299620435321e-05 4.58722444000145e-05 4.19735236749569e-05 3.40934285857323e-05 2.47379205814243e-05 1.64150728058354e-05 1.07726912247225e-05 8.37589274174272e-06 8.93939492171601e-06 1.16313939743048e-05 1.5269637286816e-05 1.84286462919663e-05 2.01361137251886e-05 1.95769570826366e-05 1.69319283137872e-05 1.30242564550218e-05 8.90780558643517e-06 5.41553376723075e-06 2.92579807497141e-06 1.40430219910996e-06 5.98650607336629e-07 2.26605744211308e-07 6.7698709034366e-08 0 0 0 0 0 0 0 0 0 0 0 0 0 0 0 0 0 0 0 0 0 0 0 0 0 0 0 0 0 0 0 0 0 0 0 0 0 0 0 0 0 0 0 0 0 0 0 0 0 0 0 0 0 0 0 0 0 0 0 0 0 0 0 0 0 0 0 0 0 0 0 0 0 0 0 0 0 0 0 0 0 0 0 0
0 0 0 2.84136641313888e-09 1.13751028107794e-08 4.03360803106258e-08 1.26689998146982e-07 3.5245302382102e-07 8.6850120694459e-07 1.89561390646379e-06 3.66471005840112e-06 6.27537421060821e-06 9.51809228650744e-06 1.27871541103629e-05 1.52164690924729e-05 1.60401760117308e-05 1.49813199890391e-05 1.24091992400012e-05 9.14844544435984e-06 6.08567483129538e-06 3.83643196631744e-06 2.63376347903386e-06 2.40416568502781e-06 2.89513844003675e-06 3.76322167487757e-06 4.59541099105622e-06 5.14322670962797e-06 5.12117964535798e-06 4.53548795981275e-06 3.5717884077808e-06 2.500562406598e-06 1.55582225293182e-06 8.60067767006122e-07 4.22316602680944e-07 1.84146244280392e-07 7.12850827485753e-08 2.200305753795e-08 0 0 0 0 0 0 0 0 0 0 0 0 0 0 0 0 0 0 0 0 0 0 0 0 0 0 0 0 0 0 0 0 0 0 0 0 0 0 0 0 0 0 0 0 0 0 0 0 0 0 0 0 0 0 0 0 0 0 0 0 0 0 0 0 0 0 0 0 0 0 0 0 0 0 0 0 0 0 0 0 0 0 0 0
0 0 0 6.11604929320066e-10 2.50012745826043e-09 9.05239710509186e-09 2.903189059588e-08 8.24702506400705e-08 2.07505486779814e-07 4.62457821660829e-07 9.1290365954055e-07 1.59620270048638e-06 2.47207366870343e-06 3.39113477632796e-06 4.12039609389314e-06 4.43461041594964e-06 4.22775410593497e-06 3.57110580646564e-06 2.67515424255544e-06 1.78438918590023e-06 1.07744150658544e-06 6.26901660346984e-07 4.18945428960516e-07 3.95685368073223e-07 4.86467274477879e-07 6.08871317127226e-07 7.29849262991076e-07 7.74909716092649e-07 7.28751250608106e-07 6.07040677883509e-07 4.47885032796692e-07 2.92701925532658e-07 1.69431783952515e-07 8.68709282257214e-08 3.94515721714764e-08 1.58695437861261e-08 5.65424787384591e-09 0 0 0 0 0 0 0 0 0 0 0 0 0 0 0 0 0 0 0 0 0 0 0 0 0 0 0 0 0 0 0 0 0 0 0 0 0 0 0 0 0 0 0 0 0 0 0 0 0 0 0 0 0 0 0 0 0 0 0 0 0 0 0 0 0 0 0 0 0 0 0 0 0 0 0 0 0 0 0 0 0 0 0 0
0 0 0 1.04088769171978e-10 4.34468336140421e-10 1.60628521787576e-09 5.2601420084853e-09 1.5257470875503e-08 3.91992632536383e-08 8.92038366733598e-08 1.79804036628325e-07 3.21015213894891e-07 5.07647284876961e-07 7.11064168255719e-07 8.82197444288772e-07 9.69467089314119e-07 9.43649295925975e-07 8.13576590995369e-07 6.21293117196552e-07 4.20247283734121e-07 2.51781352434151e-07 1.33614159255769e-07 6.28046325322157e-08 2.61481609104391e-08 9.64274968578861e-09 0 0 0 0 0 0 0 0 0 0 0 0 0 0 0 0 0 0 0 0 0 0 0 0 0 0 0 0 0 0 0 0 0 0 0 0 0 0 0 0 0 0 0 0 0 0 0 0 0 0 0 0 0 0 0 0 0 0 0 0 0 0 0 0 0 0 0 0 0 0 0 0 0 0 0 0 0 0 0 0 0 0 0 0 0 0 0 0 0 0 0 0 0 0 0 0
0 0 0 0 0 0 0 0 0 0 0 0 0 0 0 0 0 0 0 0 0 0 0 0 0 0 0 0 0 0 0 0 0 0 0 0 0 0 0 0 0 0 0 0 0 0 0 0 0 0 0 0 0 0 0 0 0 0 0 0 0 0 0 0 0 0 0 0 0 0 0 0 0 0 0 0 0 0 0 0 0 0 0 0 0 0 0 0 0 0 0 0 0 0 0 0 0 0 0 0 0 0 0 0 0 0 0 0 0 0 0 0 0 0 0 0 0 0 0 0 0
0 0 0 0 0 0 0 0 0 0 0 0 0 0 0 0 0 0 0 0 0 0 0 0 0 0 0 0 0 0 0 0 0 0 0 0 0 0 0 0 0 0 0 0 0 0 0 0 0 0 0 0 0 0 0 0 0 0 0 0 0 0 0 0 0 0 0 0 0 0 0 0 0 0 0 0 0 0 0 0 0 0 0 0 0 0 0 0 0 0 0 0 0 0 0 0 0 0 0 0 0 0 0 0 0 0 0 0 0 0 0 0 0 0 0 0 0 0 0 0 0
0 0 0 0 0 0 0 0 0 0 0 0 0 0 0 0 0 0 0 0 0 0 0 0 0 0 0 0 0 0 0 0 0 0 0 0 0 0 0 0 0 0 0 0 0 0 0 0 0 0 0 0 0 0 0 0 0 0 0 0 0 0 0 0 0 0 0 0 0 0 0 0 0 0 0 0 0 0 0 0 0 0 0 0 0 0 0 0 0 0 0 0 0 0 0 0 0 0 0 0 0 0 0 0 0 0 0 0 0 0 0 0 0 0 0 0 0 0 0 0 0
0 0 0 0 0 0 0 0 0 0 0 0 0 0 0 0 0 0 0 0 0 0 0 0 0 0 0 0 0 0 0 0 0 0 0 0 0 0 0 0 0 0 0 0 0 0 0 0 0 0 0 0 0 0 0 0 0 0 0 0 0 0 0 0 0 0 0 0 0 0 0 0 0 0 0 0 0 0 0 0 0 0 0 0 0 0 0 0 0 0 0 0 0 0 0 0 0 0 0 0 0 0 0 0 0 0 0 0 0 0 0 0 0 0 0 0 0 0 0 0 0
0 0 0 0 0 0 0 0 0 0 0 0 0 0 0 0 0 0 0 0 0 0 0 0 0 0 0 0 0 0 0 0 0 0 0 0 0 0 0 0 0 0 0 0 0 0 0 0 0 0 0 0 0 0 0 0 0 0 0 0 0 0 0 0 0 0 0 0 0 0 0 0 0 0 0 0 0 0 0 0 0 0 0 0 0 0 0 0 0 0 0 0 0 0 0 0 0 0 0 0 0 0 0 0 0 0 0 0 0 0 0 0 0 0 0 0 0 0 0 0 0
0 0 0 0 0 0 0 0 0 0 0 0 0 0 0 0 0 0 0 0 0 0 0 0 0 0 0 0 0 0 0 0 0 0 0 0 0 0 0 0 0 0 0 0 0 0 0 0 0 0 0 0 0 0 0 0 0 0 0 0 0 0 0 0 0 0 0 0 0 0 0 0 0 0 0 0 0 0 0 0 0 0 0 0 0 0 0 0 0 0 0 0 0 0 0 0 0 0 0 0 0 0 0 0 0 0 0 0 0 0 0 0 0 0 0 0 0 0 0 0 0
0 0 0 0 0 0 0 0 0 0 0 0 0 0 0 0 0 0 0 0 0 0 0 0 0 0 0 0 0 0 0 0 0 0 0 0 0 0 0 0 0 0 0 0 0 0 0 0 0 0 0 0 0 0 0 0 0 0 0 0 0 0 0 0 0 0 0 0 0 0 0 0 0 0 0 0 0 0 0 0 0 0 0 0 0 0 0 0 0 0 0 0 0 0 0 0 0 0 0 0 0 0 0 0 0 0 0 0 0 0 0 0 0 0 0 0 0 0 0 0 0
0 0 0 0 0 0 0 0 0 0 0 0 0 0 0 0 0 0 0 0 0 0 0 0 0 0 0 0 0 0 0 0 0 0 0 0 0 0 0 0 0 0 0 0 0 0 0 0 0 0 0 0 0 0 0 0 0 0 0 0 0 0 0 0 0 0 0 0 0 0 0 0 0 0 0 0 0 0 0 0 0 0 0 0 0 0 0 0 0 0 0 0 0 0 0 0 0 0 0 0 0 0 0 0 0 0 0 0 0 0 0 0 0 0 0 0 0 0 0 0 0
0 0 0 0 0 0 0 0 0 0 0 0 0 0 0 0 0 0 0 0 0 0 0 0 0 0 0 0 0 0 0 0 0 0 0 0 0 0 0 0 0 0 0 0 0 0 0 0 0 0 0 0 0 0 0 0 0 0 0 0 0 0 0 0 0 0 0 0 0 0 0 0 0 0 0 0 0 0 0 0 0 0 0 0 0 0 0 0 0 0 0 0 0 0 0 0 0 0 0 0 0 0 0 0 0 0 0 0 0 0 0 0 0 0 0 0 0 0 0 0 0
0 0 0 0 0 0 0 0 0 0 0 0 0 0 0 0 0 0 0 0 0 0 0 0 0 0 0 0 0 0 0 0 0 0 0 0 0 0 0 0 0 0 0 0 0 0 0 0 0 0 0 0 0 0 0 0 0 0 0 0 0 0 0 0 0 0 0 0 0 0 0 0 0 0 0 0 0 0 0 0 0 0 0 0 0 0 0 0 0 0 0 0 0 0 0 0 0 0 0 0 0 0 0 0 0 0 0 0 0 0 0 0 0 0 0 0 0 0 0 0 0
0 0 0 0 0 0 0 0 0 0 0 0 0 0 0 0 0 0 0 0 0 0 0 0 0 0 0 0 0 0 0 0 0 0 0 0 0 0 0 0 0 0 0 0 0 0 0 0 0 0 0 0 0 0 0 0 0 0 0 0 0 0 0 0 0 0 0 0 0 0 0 0 0 0 0 0 0 0 0 0 0 0 0 0 0 0 0 0 0 0 0 0 0 0 0 0 0 0 0 0 0 0 0 0 0 0 0 0 0 0 0 0 0 0 0 0 0 0 0 0 0
0 0 0 0 0 0 0 0 0 0 0 0 0 0 0 0 0 0 0 0 0 0 0 0 0 0 0 0 0 0 0 0 0 0 0 0 0 0 0 0 0 0 0 0 0 0 0 0 0 0 0 0 0 0 0 0 0 0 0 0 0 0 0 0 0 0 0 0 0 0 0 0 0 0 0 0 0 0 0 0 0 0 0 0 0 0 0 0 0 0 0 0 0 0 0 0 0 0 0 0 0 0 0 0 0 0 0 0 0 0 0 0 0 0 0 0 0 0 0 0 0
0 0 0 0 0 0 0 0 0 0 0 0 0 0 0 0 0 0 0 0 0 0 0 0 0 0 0 0 0 0 0 0 0 0 0 0 0 0 0 0 0 0 0 0 0 0 0 0 0 0 0 0 0 0 0 0 0 0 0 0 0 0 0 0 0 0 0 0 0 0 0 0 0 0 0 0 0 0 0 0 0 0 0 0 0 0 0 0 0 0 0 0 0 0 0 0 0 0 0 0 0 0 0 0 0 0 0 0 0 0 0 0 0 0 0 0 0 0 0 0 0
0 0 0 0 0 0 0 0 0 0 0 0 0 0 0 0 0 0 0 0 0 0 0 0 0 0 0 0 0 0 0 0 0 0 0 0 0 0 0 0 0 0 0 0 0 0 0 0 0 0 0 0 0 0 0 0 0 0 0 0 0 0 0 0 0 0 0 0 0 0 0 0 0 0 0 0 0 0 0 0 0 0 0 0 0 0 0 0 0 0 0 0 0 0 0 0 0 0 0 0 0 0 0 0 0 0 0 0 0 0 0 0 0 0 0 0 0 0 0 0 0
0 0 0 0 0 0 0 0 0 0 0 0 0 0 0 0 0 0 0 0 0 0 0 0 0 0 0 0 0 0 0 0 0 0 0 0 0 0 0 0 0 0 0 0 0 0 0 0 0 0 0 0 0 0 0 0 0 0 0 0 0 0 0 0 0 0 0 0 0 0 0 0 0 0 0 0 0 0 0 0 0 0 0 0 0 0 0 0 0 0 0 0 0 0 0 0 0 0 0 0 0 0 0 0 0 0 0 0 0 0 0 0 0 0 0 0 0 0 0 0 0
0 0 0 0 0 0 0 0 0 0 0 0 0 0 0 0 0 0 0 0 0 0 0 0 0 0 0 0 0 0 0 0 0 0 0 0 0 0 0 0 0 0 0 0 0 0 0 0 0 0 0 0 0 0 0 0 0 0 0 0 0 0 0 0 0 0 0 0 0 0 0 0 0 0 0 0 0 0 0 0 0 0 0 0 0 0 0 0 0 0 0 0 0 0 0 0 0 0 0 0 0 0 0 0 0 0 0 0 0 0 0 0 0 0 0 0 0 0 0 0 0
0 0 0 0 0 0 0 0 0 0 0 0 0 0 0 0 0 0 0 0 0 0 0 0 0 0 0 0 0 0 0 0 0 0 0 0 0 0 0 0 0 0 0 0 0 0 0 0 0 0 0 0 0 0 0 0 0 0 0 0 0 0 0 0 0 0 0 0 0 0 0 0 0 0 0 0 0 0 0 0 0 0 0 0 0 0 0 0 0 0 0 0 0 0 0 0 0 0 0 0 0 0 0 0 0 0 0 0 0 0 0 0 0 0 0 0 0 0 0 0 0
0 0 0 0 0 0 0 0 0 0 0 0 0 0 0 0 0 0 0 0 0 0 0 0 0 0 0 0 0 0 0 0 0 0 0 0 0 0 0 0 0 0 0 0 0 0 0 0 0 0 0 0 0 0 0 0 0 0 0 0 0 0 0 0 0 0 0 0 0 0 0 0 0 0 0 0 0 0 0 0 0 0 0 0 0 0 0 0 0 0 0 0 0 0 0 0 0 0 0 0 0 0 0 0 0 0 0 0 0 0 0 0 0 0 0 0 0 0 0 0 0
0 0 0 0 0 0 0 0 0 0 0 0 0 0 0 0 0 0 0 0 0 0 0 0 0 0 0 0 0 0 0 0 0 0 0 0 0 0 0 0 0 0 0 0 0 0 0 0 0 0 0 0 0 0 0 0 0 0 0 0 0 0 0 0 0 0 0 0 0 0 0 0 0 0 0 0 0 0 0 0 0 0 0 0 0 0 0 0 0 0 0 0 0 0 0 0 0 0 0 0 0 0 0 0 0 0 0 0 0 0 0 0 0 0 0 0 0 0 0 0 0
0 0 0 0 0 0 0 0 0 0 0 0 0 0 0 0 0 0 0 0 0 0 0 0 0 0 0 0 0 0 0 0 0 0 0 0 0 0 0 0 0 0 0 0 0 0 0 0 0 0 0 0 0 0 0 0 0 0 0 0 0 0 0 0 0 0 0 0 0 0 0 0 0 0 0 0 0 0 0 0 0 0 0 0 0 0 0 0 0 0 0 0 0 0 0 0 0 0 0 0 0 0 0 0 0 0 0 0 0 0 0 0 0 0 0 0 0 0 0 0 0
0 0 0 0 0 0 0 0 0 0 0 0 0 0 0 0 0 0 0 0 0 0 0 0 0 0 0 0 0 0 0 0 0 0 0 0 0 0 0 0 0 0 0 0 0 0 0 0 0 0 0 0 0 0 0 0 0 0 0 0 0 0 0 0 0 0 0 0 0 0 0 0 0 0 0 0 0 0 0 0 0 0 0 0 0 0 0 0 0 0 0 0 0 0 0 0 0 0 0 0 0 0 0 0 0 0 0 0 0 0 0 0 0 0 0 0 0 0 0 0 0
0 0 0 0 0 0 0 0 0 0 0 0 0 0 0 0 0 0 0 0 0 0 0 0 0 0 0 0 0 0 0 0 0 0 0 0 0 0 0 0 0 0 0 0 0 0 0 0 0 0 0 0 0 0 0 0 0 0 0 0 0 0 0 0 0 0 0 0 0 0 0 0 0 0 0 0 0 0 0 0 0 0 0 0 0 0 0 0 0 0 0 0 0 0 0 0 0 0 0 0 0 0 0 0 0 0 0 0 0 0 0 0 0 0 0 0 0 0 0 0 0
0 0 0 0 0 0 0 0 0 0 0 0 0 0 0 0 0 0 0 0 0 0 0 0 0 0 0 0 0 0 0 0 0 0 0 0 0 0 0 0 0 0 0 0 0 0 0 0 0 0 0 0 0 0 0 0 0 0 0 0 0 0 0 0 0 0 0 0 0 0 0 0 0 0 0 0 0 0 0 0 0 0 0 0 0 0 0 0 0 0 0 0 0 0 0 0 0 0 0 0 0 0 0 0 0 0 0 0 0 0 0 0 0 0 0 0 0 0 0 0 0
0 0 0 0 0 0 0 0 0 0 0 0 0 0 0 0 0 0 0 0 0 0 0 0 0 0 0 0 0 0 0 0 0 0 0 0 0 0 0 0 0 0 0 0 0 0 0 0 0 0 0 0 0 0 0 0 0 0 0 0 0 0 0 0 0 0 0 0 0 0 0 0 0 0 0 0 0 0 0 0 0 0 0 0 0 0 0 0 0 0 0 0 0 0 0 0 0 0 0 0 0 0 0 0 0 0 0 0 0 0 0 0 0 0 0 0 0 0 0 0 0
0 0 0 0 0 0 0 0 0 0 0 0 0 0 0 0 0 0 0 0 0 0 0 0 0 0 0 0 0 0 0 0 0 0 0 0 0 0 0 0 0 0 0 0 0 0 0 0 0 0 0 0 0 0 0 0 0 0 0 0 0 0 0 0 0 0 0 0 0 0 0 0 0 0 0 0 0 0 0 0 0 0 0 0 0 0 0 0 0 0 0 0 0 0 0 0 0 0 0 0 0 0 0 0 0 0 0 0 0 0 0 0 0 0 0 0 0 0 0 0 0
0 0 0 0 0 0 0 0 0 0 0 0 0 0 0 0 0 0 0 0 0 0 0 0 0 0 0 0 0 0 0 0 0 0 0 0 0 0 0 0 0 0 0 0 0 0 0 0 0 0 0 0 0 0 0 0 0 0 0 0 0 0 0 0 0 0 0 0 0 0 0 0 0 0 0 0 0 0 0 0 0 0 0 0 0 0 0 0 0 0 0 0 0 0 0 0 0 0 0 0 0 0 0 0 0 0 0 0 0 0 0 0 0 0 0 0 0 0 0 0 0
0 0 0 0 0 0 0 0 0 0 0 0 0 0 0 0 0 0 0 0 0 0 0 0 0 0 0 0 0 0 0 0 0 0 0 0 0 0 0 0 0 0 0 0 0 0 0 0 0 0 0 0 0 0 0 0 0 0 0 0 0 0 0 0 0 0 0 0 0 0 0 0 0 0 0 0 0 0 0 0 0 0 0 0 0 0 0 0 0 0 0 0 0 0 0 0 0 0 0 0 0 0 0 0 0 0 0 0 0 0 0 0 0 0 0 0 0 0 0 0 0
0 0 0 0 0 0 0 0 0 0 0 0 0 0 0 0 0 0 0 0 0 0 0 0 0 0 0 0 0 0 0 0 0 0 0 0 0 0 0 0 0 0 0 0 0 0 0 0 0 0 0 0 0 0 0 0 0 0 0 0 0 0 0 0 0 0 0 0 0 0 0 0 0 0 0 0 0 0 0 0 0 0 0 0 0 0 0 0 0 0 0 0 0 0 0 0 0 0 0 0 0 0 0 0 0 0 0 0 0 0 0 0 0 0 0 0 0 0 0 0 0
0 0 0 0 0 0 0 0 0 0 0 0 0 0 0 0 0 0 0 0 0 0 0 0 0 0 0 0 0 0 0 0 0 0 0 0 0 0 0 0 0 0 0 0 0 0 0 0 0 0 0 0 0 0 0 0 0 0 0 0 0 0 0 0 0 0 0 0 0 0 0 0 0 0 0 0 0 0 0 0 0 0 0 0 0 0 0 0 0 0 0 0 0 0 0 0 0 0 0 0 0 0 0 0 0 0 0 0 0 0 0 0 0 0 0 0 0 0 0 0 0
0 0 0 0 0 0 0 0 0 0 0 0 0 0 0 0 0 0 0 0 0 0 0 0 0 0 0 0 0 0 0 0 0 0 0 0 0 0 0 0 0 0 0 0 0 0 0 0 0 0 0 0 0 0 0 0 0 0 0 0 0 0 0 0 0 0 0 0 0 0 0 0 0 0 0 0 0 0 0 0 0 0 0 0 0 0 0 0 0 0 0 0 0 0 0 0 0 0 0 0 0 0 0 0 0 0 0 0 0 0 0 0 0 0 0 0 0 0 0 0 0
0 0 0 0 0 0 0 0 0 0 0 0 0 0 0 0 0 0 0 0 0 0 0 0 0 0 0 0 0 0 0 0 0 0 0 0 0 0 0 0 0 0 0 0 0 0 0 0 0 0 0 0 0 0 0 0 0 0 0 0 0 0 0 0 0 0 0 0 0 0 0 0 0 0 0 0 0 0 0 0 0 0 0 0 0 0 0 0 0 0 0 0 0 0 0 0 0 0 0 0 0 0 0 0 0 0 0 0 0 0 0 0 0 0 0 0 0 0 0 0 0
0 0 0 0 0 0 0 0 0 0 0 0 0 0 0 0 0 0 0 0 0 0 0 0 0 0 0 0 0 0 0 0 0 0 0 0 0 0 0 0 0 0 0 0 0 0 0 0 0 0 0 0 0 0 0 0 0 0 0 0 0 0 0 0 0 0 0 0 0 0 0 0 0 0 0 0 0 0 0 0 0 0 0 0 0 0 0 0 0 0 0 0 0 0 0 0 0 0 0 0 0 0 0 0 0 0 0 0 0 0 0 0 0 0 0 0 0 0 0 0 0
0 0 0 0 0 0 0 0 0 0 0 0 0 0 0 0 0 0 0 0 0 0 0 0 0 0 0 0 0 0 0 0 0 0 0 0 0 0 0 0 0 0 0 0 0 0 0 0 0 0 0 0 0 0 0 0 0 0 0 0 0 0 0 0 0 0 0 0 0 0 0 0 0 0 0 0 0 0 0 0 0 0 0 0 0 0 0 0 0 0 0 0 0 0 0 0 0 0 0 0 0 0 0 0 0 0 0 0 0 0 0 0 0 0 0 0 0 0 0 0 0
0 0 0 0 0 0 0 0 0 0 0 0 0 0 0 0 0 0 0 0 0 0 0 0 0 0 0 0 0 0 0 0 0 0 0 0 0 0 0 0 0 0 0 0 0 0 0 0 0 0 0 0 0 0 0 0 0 0 0 0 0 0 0 0 0 0 0 0 0 0 0 0 0 0 0 0 0 0 0 0 0 0 0 0 0 0 0 0 0 0 0 0 0 0 0 0 0 0 0 0 0 0 0 0 0 0 0 0 0 0 0 0 0 0 0 0 0 0 0 0 0
0 0 0 0 0 0 0 0 0 0 0 0 0 0 0 0 0 0 0 0 0 0 0 0 0 0 0 0 0 0 0 0 0 0 0 0 0 0 0 0 0 0 0 0 0 0 0 0 0 0 0 0 0 0 0 0 0 0 0 0 0 0 0 0 0 0 0 0 0 0 0 0 0 0 0 0 0 0 0 0 0 0 0 0 0 0 0 0 0 0 0 0 0 0 0 0 0 0 0 0 0 0 0 0 0 0 0 0 0 0 0 0 0 0 0 0 0 0 0 0 0
0 0 0 0 0 0 0 0 0 0 0 0 0 0 0 0 0 0 0 0 0 0 0 0 0 0 0 0 0 0 0 0 0 0 0 0 0 0 0 0 0 0 0 0 0 0 0 0 0 0 0 0 0 0 0 0 0 0 0 0 0 0 0 0 0 0 0 0 0 0 0 0 0 0 0 0 0 0 0 0 0 0 0 0 0 0 0 0 0 0 0 0 0 0 0 0 0 0 0 0 0 0 0 0 0 0 0 0 0 0 0 0 0 0 0 0 0 0 0 0 0
0 0 0 0 0 0 0 0 0 0 0 0 0 0 0 0 0 0 0 0 0 0 0 0 0 0 0 0 0 0 0 0 0 0 0 0 0 0 0 0 0 0 0 0 0 0 0 0 0 0 0 0 0 0 0 0 0 0 0 0 0 0 0 0 0 0 0 0 0 0 0 0 0 0 0 0 0 0 0 0 0 0 0 0 0 0 0 0 0 0 0 0 0 0 0 0 0 0 0 0 0 0 0 0 0 0 0 0 0 0 0 0 0 0 0 0 0 0 0 0 0
0 0 0 0 0 0 0 0 0 0 0 0 0 0 0 0 0 0 0 0 0 0 0 0 0 0 0 0 0 0 0 0 0 0 0 0 0 0 0 0 0 0 0 0 0 0 0 0 0 0 0 0 0 0 0 0 0 0 0 0 0 0 0 0 0 0 0 0 0 0 0 0 0 0 0 0 0 0 0 0 0 0 0 0 0 0 0 0 0 0 0 0 0 0 0 0 0 0 0 0 0 0 0 0 0 0 0 0 0 0 0 0 0 0 0 0 0 0 0 0 0
0 0 0 0 0 0 0 0 0 0 0 0 0 0 0 0 0 0 0 0 0 0 0 0 0 0 0 0 0 0 0 0 0 0 0 0 0 0 0 0 0 0 0 0 0 0 0 0 0 0 0 0 0 0 0 0 0 0 0 0 0 0 0 0 0 0 0 0 0 0 0 0 0 0 0 0 0 0 0 0 0 0 0 0 0 0 0 0 0 0 0 0 0 0 0 0 0 0 0 0 0 0 0 0 0 0 0 0 0 0 0 0 0 0 0 0 0 0 0 0 0
0 0 0 0 0 0 0 0 0 0 0 0 0 0 0 0 0 0 0 0 0 0 0 0 0 0 0 0 0 0 0 0 0 0 0 0 0 0 0 0 0 0 0 0 0 0 0 0 0 0 0 0 0 0 0 0 0 0 0 0 0 0 0 0 0 0 0 0 0 0 0 0 0 0 0 0 0 0 0 0 0 0 0 0 0 0 0 0 0 0 0 0 0 0 0 0 0 0 0 0 0 0 0 0 0 0 0 0 0 0 0 0 0 0 0 0 0 0 0 0 0
0 0 0 0 0 0 0 0 0 0 0 0 0 0 0 0 0 0 0 0 0 0 0 0 0 0 0 0 0 0 0 0 0 0 0 0 0 0 0 0 0 0 0 0 0 0 0 0 0 0 0 0 0 0 0 0 0 0 0 0 0 0 0 0 0 0 0 0 0 0 0 0 0 0 0 0 0 0 0 0 0 0 0 0 0 0 0 0 0 0 0 0 0 0 0 0 0 0 0 0 0 0 0 0 0 0 0 0 0 0 0 0 0 0 0 0 0 0 0 0 0
0 0 0 0 0 0 0 0 0 0 0 0 0 0 0 0 0 0 0 0 0 0 0 0 0 0 0 0 0 0 0 0 0 0 0 0 0 0 0 0 0 0 0 0 0 0 0 0 0 0 0 0 0 0 0 0 0 0 0 0 0 0 0 0 0 0 0 0 0 0 0 0 0 0 0 0 0 0 0 0 0 0 0 0 0 0 0 0 0 0 0 0 0 0 0 0 0 0 0 0 0 0 0 0 0 0 0 0 0 0 0 0 0 0 0 0 0 0 0 0 0
0 0 0 0 0 0 0 0 0 0 0 0 0 0 0 0 0 0 0 0 0 0 0 0 0 0 0 0 0 0 0 0 0 0 0 0 0 0 0 0 0 0 0 0 0 0 0 0 0 0 0 0 0 0 0 0 0 0 0 0 0 0 0 0 0 0 0 0 0 0 0 0 0 0 0 0 0 0 0 0 0 0 0 0 0 0 0 0 0 0 0 0 0 0 0 0 0 0 0 0 0 0 0 0 0 0 0 0 0 0 0 0 0 0 0 0 0 0 0 0 0
0 0 0 0 0 0 0 0 0 0 0 0 0 0 0 0 0 0 0 0 0 0 0 0 0 0 0 0 0 0 0 0 0 0 0 0 0 0 0 0 0 0 0 0 0 0 0 0 0 0 0 0 0 0 0 0 0 0 0 0 0 0 0 0 0 0 0 0 0 0 0 0 0 0 0 0 0 0 0 0 0 0 0 0 0 0 0 0 0 0 0 0 0 0 0 0 0 0 0 0 0 0 0 0 0 0 0 0 0 0 0 0 0 0 0 0 0 0 0 0 0
0 0 0 0 0 0 0 0 0 0 0 0 0 0 0 0 0 0 0 0 0 0 0 0 0 0 0 0 0 0 0 0 0 0 0 0 0 0 0 0 0 0 0 0 0 0 0 0 0 0 0 0 0 0 0 0 0 0 0 0 0 0 0 0 0 0 0 0 0 0 0 0 0 0 0 0 0 0 0 0 0 0 0 0 0 0 0 0 0 0 0 0 0 0 0 0 0 0 0 0 0 0 0 0 0 0 0 0 0 0 0 0 0 0 0 0 0 0 0 0 0
0 0 0 0 0 0 0 0 0 0 0 0 0 0 0 0 0 0 0 0 0 0 0 0 0 0 0 0 0 0 0 0 0 0 0 0 0 0 0 0 0 0 0 0 0 0 0 0 0 0 0 0 0 0 0 0 0 0 0 0 0 0 0 0 0 0 0 0 0 0 0 0 0 0 0 0 0 0 0 0 0 0 0 0 0 0 0 0 0 0 0 0 0 0 0 0 0 0 0 0 0 0 0 0 0 0 0 0 0 0 0 0 0 0 0 0 0 0 0 0 0
0 0 0 0 0 0 0 0 0 0 0 0 0 0 0 0 0 0 0 0 0 0 0 0 0 0 0 0 0 0 0 0 0 0 0 0 0 0 0 0 0 0 0 0 0 0 0 0 0 0 0 0 0 0 0 0 0 0 0 0 0 0 0 0 0 0 0 0 0 0 0 0 0 0 0 0 0 0 0 0 0 0 0 0 0 0 0 0 0 0 0 0 0 0 0 0 0 0 0 0 0 0 0 0 0 0 0 0 0 0 0 0 0 0 0 0 0 0 0 0 0
0 0 0 0 0 0 0 0 0 0 0 0 0 0 0 0 0 0 0 0 0 0 0 0 0 0 0 0 0 0 0 0 0 0 0 0 0 0 0 0 0 0 0 0 0 0 0 0 0 0 0 0 0 0 0 0 0 0 0 0 0 0 0 0 0 0 0 0 0 0 0 0 0 0 0 0 0 0 0 0 0 0 0 0 0 0 0 0 0 0 0 0 0 0 0 0 0 0 0 0 0 0 0 0 0 0 0 0 0 0 0 0 0 0 0 0 0 0 0 0 0
0 0 0 0 0 0 0 0 0 0 0 0 0 0 0 0 0 0 0 0 0 0 0 0 0 0 0 0 0 0 0 0 0 0 0 0 0 0 0 0 0 0 0 0 0 0 0 0 0 0 0 0 0 0 0 0 0 0 0 0 0 0 0 0 0 0 0 0 0 0 0 0 0 0 0 0 0 0 0 0 0 0 0 0 0 0 0 0 0 0 0 0 0 0 0 0 0 0 0 0 0 0 0 0 0 0 0 0 0 0 0 0 0 0 0 0 0 0 0 0 0
0 0 0 0 0 0 0 0 0 0 0 0 0 0 0 0 0 0 0 0 0 0 0 0 0 0 0 0 0 0 0 0 0 0 0 0 0 0 0 0 0 0 0 0 0 0 0 0 0 0 0 0 0 0 0 0 0 0 0 0 0 0 0 0 0 0 0 0 0 0 0 0 0 0 0 0 0 0 0 0 0 0 0 0 0 0 0 0 0 0 0 0 0 0 0 0 0 0 0 0 0 0 0 0 0 0 0 0 0 0 0 0 0 0 0 0 0 0 0 0 0
0 0 0 0 0 0 0 0 0 0 0 0 0 0 0 0 0 0 0 0 0 0 0 0 0 0 0 0 0 0 0 0 0 0 0 0 0 0 0 0 0 0 0 0 0 0 0 0 0 0 0 0 0 0 0 0 0 0 0 0 0 0 0 0 0 0 0 0 0 0 0 0 0 0 0 0 0 0 0 0 0 0 0 0 0 0 0 0 0 0 0 0 0 0 0 0 0 0 0 0 0 0 0 0 0 0 0 0 0 0 0 0 0 0 0 0 0 0 0 0 0
0 0 0 0 0 0 0 0 0 0 0 0 0 0 0 0 0 0 0 0 0 0 0 0 0 0 0 0 0 0 0 0 0 0 0 0 0 0 0 0 0 0 0 0 0 0 0 0 0 0 0 0 0 0 0 0 0 0 0 0 0 0 0 0 0 0 0 0 0 0 0 0 0 0 0 0 0 0 0 0 0 0 0 0 0 0 0 0 0 0 0 0 0 0 0 0 0 0 0 0 0 0 0 0 0 0 0 0 0 0 0 0 0 0 0 0 0 0 0 0 0
0 0 0 0 0 0 0 0 0 0 0 0 0 0 0 0 0 0 0 0 0 0 0 0 0 0 0 0 0 0 0 0 0 0 0 0 0 0 0 0 0 0 0 0 0 0 0 0 0 0 0 0 0 0 0 0 0 0 0 0 0 0 0 0 0 0 0 0 0 0 0 0 0 0 0 0 0 0 0 0 0 0 0 0 0 0 0 0 0 0 0 0 0 0 0 0 0 0 0 0 0 0 0 0 0 0 0 0 0 0 0 0 0 0 0 0 0 0 0 0 0
0 0 0 0 0 0 0 0 0 0 0 0 0 0 0 0 0 0 0 0 0 0 0 0 0 0 0 0 0 0 0 0 0 0 0 0 0 0 0 0 0 0 0 0 0 0 0 0 0 0 0 0 0 0 0 0 0 0 0 0 0 0 0 0 0 0 0 0 0 0 0 0 0 0 0 0 0 0 0 0 0 0 0 0 0 0 0 0 0 0 0 0 0 0 0 0 0 0 0 0 0 0 0 0 0 0 0 0 0 0 0 0 0 0 0 0 0 0 0 0 0
0 0 0 0 0 0 0 0 0 0 0 0 0 0 0 0 0 0 0 0 0 0 0 0 0 0 0 0 0 0 0 0 0 0 0 0 0 0 0 0 0 0 0 0 0 0 0 0 0 0 0 0 0 0 0 0 0 0 0 0 0 0 0 0 0 0 0 0 0 0 0 0 0 0 0 0 0 0 0 0 0 0 0 0 0 0 0 0 0 0 0 0 0 0 0 0 0 0 0 0 0 0 0 0 0 0 0 0 0 0 0 0 0 0 0 0 0 0 0 0 0
0 0 0 0 0 0 0 0 0 0 0 0 0 0 0 0 0 0 0 0 0 0 0 0 0 0 0 0 0 0 0 0 0 0 0 0 0 0 0 0 0 0 0 0 0 0 0 0 0 0 0 0 0 0 0 0 0 0 0 0 0 0 0 0 0 0 0 0 0 0 0 0 0 0 0 0 0 0 0 0 0 0 0 0 0 0 0 0 0 0 0 0 0 0 0 0 0 0 0 0 0 0 0 0 0 0 0 0 0 0 0 0 0 0 0 0 0 0 0 0 0
0 0 0 0 0 0 0 0 0 0 0 0 0 0 0 0 0 0 0 0 0 0 0 0 0 0 0 0 0 0 0 0 0 0 0 0 0 0 0 0 0 0 0 0 0 0 0 0 0 0 0 0 0 0 0 0 0 0 0 0 0 0 0 0 0 0 0 0 0 0 0 0 0 0 0 0 0 0 0 0 0 0 0 0 0 0 0 0 0 0 0 0 0 0 0 0 0 0 0 0 0 0 0 0 0 0 0 0 0 0 0 0 0 0 0 0 0 0 0 0 0
0 0 0 0 0 0 0 0 0 0 0 0 0 0 0 0 0 0 0 0 0 0 0 0 0 0 0 0 0 0 0 0 0 0 0 0 0 0 0 0 0 0 0 0 0 0 0 0 0 0 0 0 0 0 0 0 0 0 0 0 0 0 0 0 0 0 0 0 0 0 0 0 0 0 0 0 0 0 0 0 0 0 0 0 0 0 0 0 0 0 0 0 0 0 0 0 0 0 0 0 0 0 0 0 0 0 0 0 0 0 0 0 0 0 0 0 0 0 0 0 0
0 0 0 0 0 0 0 0 0 0 0 0 0 0 0 0 0 0 0 0 0 0 0 0 0 0 0 0 0 0 0 0 0 0 0 0 0 0 0 0 0 0 0 0 0 0 0 0 0 0 0 0 0 0 0 0 0 0 0 0 0 0 0 0 0 0 0 0 0 0 0 0 0 0 0 0 0 0 0 0 0 0 0 0 0 0 0 0 0 0 0 0 0 0 0 0 0 0 0 0 0 0 0 0 0 0 0 0 0 0 0 0 0 0 0 0 0 0 0 0 0
0 0 0 0 0 0 0 0 0 0 0 0 0 0 0 0 0 0 0 0 0 0 0 0 0 0 0 0 0 0 0 0 0 0 0 0 0 0 0 0 0 0 0 0 0 0 0 0 0 0 0 0 0 0 0 0 0 0 0 0 0 0 0 0 0 0 0 0 0 0 0 0 0 0 0 0 0 0 0 0 0 0 0 0 0 0 0 0 0 0 0 0 0 0 0 0 0 0 0 0 0 0 0 0 0 0 0 0 0 0 0 0 0 0 0 0 0 0 0 0 0
0 0 0 0 0 0 0 0 0 0 0 0 0 0 0 0 0 0 0 0 0 0 0 0 0 0 0 0 0 0 0 0 0 0 0 0 0 0 0 0 0 0 0 0 0 0 0 0 0 0 0 0 0 0 0 0 0 0 0 0 0 0 0 0 0 0 0 0 0 0 0 0 0 0 0 0 0 0 0 0 0 0 0 0 0 0 0 0 0 0 0 0 0 0 0 0 0 0 0 0 0 0 0 0 0 0 0 0 0 0 0 0 0 0 0 0 0 0 0 0 0
0 0 0 0 0 0 0 0 0 0 0 0 0 0 0 0 0 0 0 0 0 0 0 0 0 0 0 0 0 0 0 0 0 0 0 0 0 0 0 0 0 0 0 0 0 0 0 0 0 0 0 0 0 0 0 0 0 0 0 0 0 0 0 0 0 0 0 0 0 0 0 0 0 0 0 0 0 0 0 0 0 0 0 0 0 0 0 0 0 0 0 0 0 0 0 0 0 0 0 0 0 0 0 0 0 0 0 0 0 0 0 0 0 0 0 0 0 0 0 0 0
0 0 0 0 0 0 0 0 0 0 0 0 0 0 0 0 0 0 0 0 0 0 0 0 0 0 0 0 0 0 0 0 0 0 0 0 0 0 0 0 0 0 0 0 0 0 0 0 0 0 0 0 0 0 0 0 0 0 0 0 0 0 0 0 0 0 0 0 0 0 0 0 0 0 0 0 0 0 0 0 0 0 0 0 0 0 0 0 0 0 0 0 0 0 0 0 0 0 0 0 0 0 0 0 0 0 0 0 0 0 0 0 0 0 0 0 0 0 0 0 0
0 0 0 0 0 0 0 0 0 0 0 0 0 0 0 0 0 0 0 0 0 0 0 0 0 0 0 0 0 0 0 0 0 0 0 0 0 0 0 0 0 0 0 0 0 0 0 0 0 0 0 0 0 0 0 0 0 0 0 0 0 0 0 0 0 0 0 0 0 0 0 0 0 0 0 0 0 0 0 0 0 0 0 0 0 0 0 0 0 0 0 0 0 0 0 0 0 0 0 0 0 0 0 0 0 0 0 0 0 0 0 0 0 0 0 0 0 0 0 0 0
0 0 0 0 0 0 0 0 0 0 0 0 0 0 0 0 0 0 0 0 0 0 0 0 0 0 0 0 0 0 0 0 0 0 0 0 0 0 0 0 0 0 0 0 0 0 0 0 0 0 0 0 0 0 0 0 0 0 0 0 0 0 0 0 0 0 0 0 0 0 0 0 0 0 0 0 0 0 0 0 0 0 0 0 0 0 0 0 0 0 0 0 0 0 0 0 0 0 0 0 0 0 0 0 0 0 0 0 0 0 0 0 0 0 0 0 0 0 0 0 0
0 0 0 0 0 0 0 0 0 0 0 0 0 0 0 0 0 0 0 0 0 0 0 0 0 0 0 0 0 0 0 0 0 0 0 0 0 0 0 0 0 0 0 0 0 0 0 0 0 0 0 0 0 0 0 0 0 0 0 0 0 0 0 0 0 0 0 0 0 0 0 0 0 0 0 0 0 0 0 0 0 0 0 0 0 0 0 0 0 0 0 0 0 0 0 0 0 0 0 0 0 0 0 0 0 0 0 0 0 0 0 0 0 0 0 0 0 0 0 0 0
