0 0 0 0 0 0 0 0 0 0 0 0 0 0 0 0 0 0 0 0
0 0 0 0 0 0 0 0 0 0 0 0 0 0 0 0 0 0 0 0
0 0 0 0 0 0 0 0 0 0 0 0 0 0 0 0 0 0 0 0
0 0 0 0 0 0 0 0 0 0 0 0 0 0 0 0 0 0 0 0
0 0 0 0 0 0 0 0 0 0 1.60261361044751e-09 6.41045444179005e-09 9.61568166268508e-09 1.12182952731326e-08 6.41045444179005e-09 3.20522722089503e-09 0 0 0 0
0 0 0 0 0 0 0 0 9.61568166268508e-09 6.5707158028348e-08 2.86867836270105e-07 7.74062373846149e-07 1.30773270612517e-06 1.38465815942665e-06 9.13489757955082e-07 3.70203744013375e-07 9.13489757955082e-08 1.28209088835801e-08 1.60261361044751e-09 0
0 0 0 0 0 0 1.60261361044751e-09 2.72444313776077e-08 3.1571488125816e-07 2.23564598657428e-06 9.71023586570148e-06 2.61562567361139e-05 4.41455945133872e-05 4.6762662539248e-05 3.08599276827773e-05 1.25212201384264e-05 3.07862074566967e-06 4.53539651756646e-07 4.00653402611878e-08 1.60261361044751e-09
0 0 0 0 1.60261361044751e-09 8.01306805223756e-09 3.52574994298453e-08 2.9648351793279e-07 2.96964302015924e-06 2.06753181883834e-05 8.95572537790279e-05 0.00024115648825931 0.000406988534213977 0.000431117484732875 0.000284503981194695 0.000115429847906093 2.83870948818568e-05 4.18121890965756e-06 3.65395903182033e-07 1.92313633253702e-08
0 0 4.80784083134254e-09 3.20522722089503e-08 2.11544996579072e-07 1.00483873375059e-06 3.19721415284279e-06 7.26945533698992e-06 1.76960594865614e-05 7.03467244305936e-05 0.000274240843633389 0.000725987170759944 0.00122158421149556 0.0012934405979472 0.000853699449376506 0.000346518717464572 8.52910963480166e-05 1.25869272964548e-05 1.10580339120878e-06 5.76940899761105e-08
9.61568166268508e-09 7.53228396910331e-08 3.75011584844718e-07 1.65389724598183e-06 7.95857918948235e-06 3.42558659233156e-05 0.000105764485221484 0.000219516396677438 0.000314060984012178 0.000365583408974455 0.00051919712876307 0.000954361212862325 0.00147847516018225 0.00154525767194321 0.00102554289898396 0.000423229420542252 0.000108134750751335 1.76383653965853e-05 2.0946159888549e-06 2.30776359904442e-07
3.541776079089e-07 2.50969291396081e-06 1.11798325464818e-05 3.51757661357125e-05 0.000102753174247453 0.000331063111805416 0.000947559720699586 0.00196641811831437 0.00282593024725597 0.0029065913928834 0.00233274033216324 0.00173682288464083 0.00147899120176481 0.0013299176863346 0.000972914670630476 0.000521312578728861 0.000216719835927207 7.83293428242326e-05 2.41850419952634e-05 5.48254116134094e-06
3.3799121044338e-06 2.41289505188978e-05 0.000106343028734855 0.000302389149087289 0.000629581949023474 0.00126939498333605 0.00287783088903031 0.00587655493576474 0.0090893817504005 0.0104672993169816 0.00941446230559812 0.00726521482137667 0.00566368457772982 0.00479982295544947 0.00377651089461125 0.00244816857745572 0.00134244050908663 0.000630327164352332 0.000228737835391953 5.69825295330718e-05
1.09875189132281e-05 8.0823009602089e-05 0.000369351153572617 0.0010756934866957 0.00211471436614352 0.00331036508419482 0.00546254054348256 0.00988040618669963 0.0158795097800281 0.0204136722851145 0.0210167742494525 0.018345384032652 0.0150969006677974 0.0124826981150721 0.00974475616287052 0.00679685419895061 0.00423521577003437 0.0022213378522602 0.000872667984069763 0.000235326179944502
1.41638990891351e-05 0.000108362321884019 0.000521423159067982 0.00161925194495118 0.00342379326770147 0.00562538692028096 0.00881801118774343 0.0142120464098338 0.0212704311238733 0.0271124881990596 0.0286304629768985 0.0256015088296302 0.0209291946208688 0.0170680400858081 0.0140813725012651 0.0110919660500618 0.00761177520679512 0.00412300397025806 0.00163485819628972 0.000452106915188906
6.65405171057807e-06 5.43878980977572e-05 0.000288863090215112 0.00104223732496399 0.00273902692161584 0.00576634800561509 0.0104859633550889 0.016812636362552 0.023502418343575 0.0278566041349809 0.0274068370356632 0.0231704449472388 0.0189322066479351 0.0168962399067682 0.0157493695417917 0.013080835182445 0.00862077112025121 0.00427311437669423 0.00155837826957194 0.000409921317121096
1.21317850310877e-06 1.26221847958846e-05 9.22993256665036e-05 0.000481385063238172 0.00178164798732505 0.004713081493784 0.00930584036030921 0.014859385317661 0.0203413799877608 0.0233713405763765 0.0217964650022986 0.0175130538331572 0.014350020223398 0.0132817227985146 0.0121202414052516 0.00905701857115113 0.00508122107146712 0.00211399479263243 0.000663071765640996 0.000157530507452549
1.58658747434304e-07 2.55937393588468e-06 2.6532870934569e-05 0.000176011847608229 0.000748428569147041 0.00211745323280378 0.00435164564883338 0.00738763847507876 0.0110844626131377 0.0139329015685524 0.0139671510240213 0.0118283910432666 0.00965858523165037 0.00803053333536422 0.00614155510932028 0.00373993764940723 0.00165699830331805 0.000523660407668167 0.000122896424717168 2.28532700849815e-05
1.92313633253702e-08 3.71806357623823e-07 4.27737572628441e-06 3.01147123539192e-05 0.00013328937398092 0.000397009059261721 0.000909951187103214 0.00186547750006033 0.00343364132833767 0.00506828797963081 0.00567840298112817 0.00505847197126681 0.00395618311170574 0.00285126756843715 0.00180057325145082 0.000905181808998522 0.000330511812723422 8.25618453694245e-05 1.39619697742187e-05 1.68594951819078e-06
1.60261361044751e-09 2.56418177671602e-08 3.01291358764132e-07 2.2260303049116e-06 1.10708548209714e-05 4.53555677892751e-05 0.00017655032578134 0.000574048182194247 0.00130208349314834 0.00193005641810693 0.00190652363985112 0.00137012886443433 0.000828818873074309 0.000467022440061341 0.000236701222422266 9.87626663574384e-05 3.11323719965534e-05 6.8271339805064e-06 9.80799529593878e-07 8.97463621850607e-08
0 0 8.01306805223756e-09 1.87505792422359e-07 2.77893200051599e-06 2.90922448704537e-05 0.000187385596401575 0.000715642299904505 0.00160806570195026 0.00212701602821732 0.00166629827009948 0.000788763148494784 0.000241674132455485 5.88623952981267e-05 1.54331690686095e-05 4.36071163402768e-06 1.07375111899983e-06 2.03531928526834e-07 2.72444313776077e-08 1.60261361044751e-09
