0 0 0 0 0 0 0 0 0 0 0 0 0 0 0 0 0 0 0 0 0 0 0 0 0 0 0 0 0 0 0 0 0 0 0 0 0 0 0 0 0 0 0 0 0 0 0 0 0 0 0 0 0 0 0 0 0 0 0 0 0 0 0 0 0 0 0 0 0 0 0 0 0 0 0 0 0 0 0 0 0 0 0 0 0 0 0 0 0 0 0 0 0 0 0 0 0 0 0 0 0 0 0 0 0 0 0 0 0 0 0 0 0 0 0 0 0 0 0 0 0
0 0 0 0 0 0 0 0 0 0 0 0 0 0 0 0 0 0 0 0 0 0 0 0 0 0 0 0 0 0 0 0 0 0 0 0 0 0 0 0 0 0 0 0 0 0 0 0 0 0 0 0 0 0 0 0 0 0 0 0 0 0 0 0 0 0 0 0 0 0 0 0 0 0 0 0 0 0 0 0 0 0 0 0 0 0 0 0 0 0 0 0 0 0 0 0 0 0 0 0 0 0 0 0 0 0 0 0 0 0 0 0 0 0 0 0 0 0 0 0 0
0 0 0 0 0 0 0 0 0 0 0 0 0 0 0 0 0 0 0 0 0 0 0 0 0 0 0 0 0 0 0 0 0 0 0 0 0 0 0 0 0 0 0 0 0 0 0 0 0 0 0 0 0 0 0 0 0 0 0 0 0 0 0 0 0 0 0 0 0 0 0 0 0 0 0 0 0 0 0 0 0 0 0 0 0 0 0 0 0 0 0 0 0 0 0 0 0 0 0 0 0 0 0 0 0 0 0 0 0 0 0 0 0 0 0 0 0 0 0 0 0
0 0 0 0 0 0 0 0 0 0 0 0 0 0 0 0 0 0 0 0 0 0 0 0 0 0 0 0 0 0 0 0 0 0 0 0 0 0 0 0 0 0 0 0 0 0 0 0 0 0 0 0 0 0 0 0 0 0 0 0 0 0 0 0 0 0 0 0 0 0 0 0 0 0 0 0 0 0 0 0 0 0 0 0 0 0 0 0 0 0 0 0 0 0 0 0 0 0 0 0 0 0 0 0 0 0 0 0 0 0 0 0 0 0 0 0 0 0 0 0 0
0 0 0 0 0 0 0 0 0 0 0 0 0 0 0 0 0 0 0 0 0 0 0 0 0 0 0 0 0 0 0 0 0 0 0 0 0 0 0 0 0 0 0 0 0 0 0 0 0 0 0 0 0 0 0 0 0 0 0 0 0 0 0 0 0 0 0 0 0 0 0 0 0 0 0 0 0 0 0 0 0 0 0 0 0 0 0 0 0 0 0 0 0 0 0 0 0 0 0 0 0 0 0 0 0 0 0 0 0 0 0 0 0 0 0 0 0 0 0 0 0
0 0 0 0 0 0 0 0 0 0 0 0 0 0 0 0 0 0 0 0 0 0 0 0 0 0 0 0 0 0 0 0 0 0 0 0 0 0 0 0 0 0 0 0 0 0 0 0 0 0 0 0 0 0 0 0 0 0 0 0 0 0 0 0 0 0 0 0 0 0 0 0 0 0 0 0 0 0 0 0 0 0 0 0 0 0 0 0 0 0 0 0 0 0 0 0 0 0 0 0 0 0 0 0 0 0 0 0 0 0 0 0 0 0 0 0 0 0 0 0 0
0 0 0 0 0 0 0 0 0 0 0 0 0 0 0 0 0 0 0 0 0 0 0 0 0 0 0 0 0 0 0 0 0 0 0 0 0 0 0 0 0 0 0 0 0 0 0 0 0 0 0 0 0 0 0 0 0 0 0 0 0 0 0 0 0 0 0 0 0 0 0 0 0 0 0 0 0 0 0 0 0 0 0 0 0 0 0 0 0 0 0 0 0 0 0 0 0 0 0 0 0 0 0 0 0 0 0 0 0 0 0 0 0 0 0 0 0 0 0 0 0
0 0 0 0 0 0 0 0 0 0 0 0 0 0 0 0 0 0 0 0 0 0 0 0 0 0 0 0 0 0 0 0 0 0 0 0 0 0 0 0 0 0 0 0 0 0 0 0 0 0 0 0 0 0 0 0 0 0 0 0 0 0 0 0 0 0 0 0 0 0 0 0 0 0 0 0 0 0 0 0 0 0 0 0 0 0 0 0 0 0 0 0 0 0 0 0 0 0 0 0 0 0 0 0 0 0 0 0 0 0 0 0 0 0 0 0 0 0 0 0 0
0 0 0 0 0 0 0 0 0 0 0 0 0 0 0 0 0 0 0 0 0 0 0 0 0 0 0 0 0 0 0 0 0 0 0 0 0 0 0 0 0 0 0 0 0 0 0 0 0 0 0 0 0 0 0 0 0 0 0 0 0 0 0 0 0 0 0 0 0 0 0 0 0 0 0 0 0 0 0 0 0 0 0 0 0 0 0 0 0 0 0 0 0 0 0 0 0 0 0 0 0 0 0 0 0 0 0 0 0 0 0 0 0 0 0 0 0 0 0 0 0
0 0 0 0 0 0 0 0 0 0 0 0 0 0 0 0 0 0 0 0 0 0 0 0 0 0 0 0 0 0 0 0 0 0 0 0 0 0 0 0 0 0 0 0 0 0 0 0 0 0 0 0 0 0 0 0 0 0 0 0 0 0 0 0 0 0 0 0 0 0 0 0 0 0 0 0 0 0 0 0 0 0 0 0 0 0 0 0 0 0 0 0 0 0 0 0 0 0 0 0 0 0 0 0 0 0 0 0 0 0 0 0 0 0 0 0 0 0 0 0 0
0 0 0 0 0 0 0 0 0 0 0 0 0 0 0 0 0 0 0 0 0 0 0 0 0 0 0 0 0 0 0 0 0 0 0 0 0 0 0 0 0 0 0 0 0 0 0 0 0 0 0 0 0 0 0 0 0 0 0 0 0 0 0 0 0 0 0 0 0 0 0 0 0 0 0 0 0 0 0 0 0 0 0 0 0 0 0 0 0 0 0 0 0 0 0 0 0 0 0 0 0 0 0 0 0 0 0 0 0 0 0 0 0 0 0 0 0 0 0 0 0
0 0 0 0 0 0 0 0 0 0 0 0 0 0 0 0 0 0 0 0 0 0 0 0 0 0 0 0 0 0 0 0 0 0 0 0 0 0 0 0 0 0 0 0 0 0 0 0 0 0 0 0 0 0 0 0 0 0 0 0 0 0 0 0 0 0 0 0 0 0 0 0 0 0 0 0 0 0 0 0 0 0 0 0 0 0 0 0 0 0 0 0 0 0 0 0 0 0 0 0 0 0 0 0 0 0 0 0 0 0 0 0 0 0 0 0 0 0 0 0 0
0 0 0 0 0 0 0 0 0 0 0 0 0 0 0 0 0 0 0 0 0 0 0 0 0 0 0 0 0 0 0 0 0 0 0 0 0 0 0 0 0 0 0 0 0 0 0 0 0 0 0 0 0 0 0 0 0 0 0 0 0 0 0 0 0 0 0 0 0 0 0 0 0 0 0 0 0 0 0 0 0 0 0 0 0 0 0 0 0 0 0 0 0 0 0 0 0 0 0 0 0 0 0 0 0 0 0 0 0 0 0 0 0 0 0 0 0 0 0 0 0
0 0 0 0 0 0 0 0 0 0 0 0 0 0 0 0 0 0 0 0 0 0 0 0 0 0 0 0 0 0 0 0 0 0 0 0 0 0 0 0 0 0 0 0 0 0 0 0 0 0 0 0 0 0 0 0 0 0 0 0 0 0 0 0 0 0 0 0 0 0 0 0 0 0 0 0 0 0 0 0 0 0 0 0 0 0 0 0 0 0 0 0 0 0 0 0 0 0 0 0 0 0 0 0 0 0 0 0 0 0 0 0 0 0 0 0 0 0 0 0 0
0 0 0 0 0 0 0 0 0 0 0 0 0 0 0 0 0 0 0 0 0 0 0 0 0 0 0 0 0 0 0 0 0 0 0 0 0 0 0 0 0 0 0 0 0 0 0 0 0 0 0 0 0 0 0 0 0 0 0 0 0 0 0 0 0 0 0 0 0 0 0 0 0 0 0 0 0 0 0 0 0 0 0 0 0 0 0 0 0 0 0 0 0 0 0 0 0 0 0 0 0 0 0 0 0 0 0 0 0 0 0 0 0 0 0 0 0 0 0 0 0
0 0 0 0 0 0 0 0 0 0 0 0 0 0 0 0 0 0 0 0 0 0 0 0 0 0 0 0 0 0 0 0 0 0 0 0 0 0 0 0 0 0 0 0 0 0 0 0 0 0 0 0 0 0 0 0 0 0 0 0 0 0 0 0 0 0 0 0 0 0 0 0 0 0 0 0 0 0 0 0 0 0 0 0 0 0 0 0 0 0 0 0 0 0 0 0 0 0 0 0 0 0 0 0 0 0 0 0 0 0 0 0 0 0 0 0 0 0 0 0 0
0 0 0 0 0 0 0 0 0 0 0 0 0 0 0 0 0 0 0 0 0 0 0 0 0 0 0 0 0 0 0 0 0 0 0 0 0 0 0 0 0 0 0 0 0 0 0 0 0 0 0 0 0 0 0 0 0 0 0 0 0 0 0 0 0 0 0 0 0 0 0 0 0 0 0 0 0 0 0 0 0 0 0 0 0 0 0 0 0 0 0 0 0 0 0 0 0 0 0 0 0 0 0 0 0 0 0 0 0 0 0 0 0 0 0 0 0 0 0 0 0
0 0 0 0 0 0 0 0 0 0 0 0 0 0 0 0 0 0 0 0 0 0 0 0 0 0 0 0 0 0 0 0 0 0 0 0 0 0 0 0 0 0 0 0 0 0 0 0 0 0 0 0 0 0 0 0 0 0 0 0 0 0 0 0 0 0 0 0 0 0 0 0 0 0 0 0 0 0 0 0 0 0 0 0 0 0 0 0 0 0 0 0 0 0 0 0 0 0 0 0 0 0 0 0 0 0 0 0 0 0 0 0 0 0 0 0 0 0 0 0 0
0 0 0 0 0 0 0 0 0 0 0 0 0 0 0 0 0 0 0 0 0 0 0 0 0 0 0 0 0 0 0 0 0 0 0 0 0 0 0 0 0 0 0 0 0 0 0 0 0 0 0 0 0 0 0 0 0 0 0 0 0 0 0 0 0 0 0 0 0 0 0 0 0 0 0 0 0 0 0 0 0 0 0 0 0 0 0 0 0 0 0 0 0 0 0 0 0 0 0 0 0 0 0 0 0 0 0 0 0 0 0 0 0 0 0 0 0 0 0 0 0
0 0 0 0 0 0 0 0 0 0 0 0 0 2.40351347991678e-11 6.3576737193755e-11 1.57027190786279e-10 3.62139950924286e-10 7.79835438739673e-10 1.56803029073606e-09 2.94395305553476e-09 5.16098105219824e-09 8.44809133614342e-09 1.29124867318926e-08 1.84283362409641e-08 2.4557679037409e-08 3.05571933311655e-08 3.55029594692626e-08 3.85159490143352e-08 3.90158974767818e-08 3.69034994838592e-08 3.25925584565259e-08 2.68778364305921e-08 2.0696414415493e-08 1.48806146033214e-08 9.99014007639931e-09 6.2624927810273e-09 3.66562345328293e-09 2.00342650257534e-09 1.02240727341607e-09 4.8719115827954e-10 2.16770319282154e-10 9.00585993728946e-11 0 0 0 0 0 0 0 0 0 0 0 0 0 0 0 0 0 0 0 0 0 0 0 0 0 0 0 0 0 0 0 0 0 0 0 0 0 0 0 0 0 0 0 0 0 0 0 0 0 0 0 0 0 0 0 0 0 0 0 0 0 0 0 0 0 0 0 0 0 0 0 0 0 0 0 0 0 0 0
0 0 0 0 0 0 0 0 0 0 0 0 0 1.53841362856516e-10 4.06788455314175e-10 1.0043592215191e-09 2.31544503202788e-09 4.98430754067929e-09 1.00554881479703e-08 1.89008294801421e-08 3.31934330685098e-08 5.44785940326706e-08 8.35899277990215e-08 1.20007746557156e-07 1.61260166852624e-07 2.03082224838869e-07 2.40078553660972e-07 2.67066590022386e-07 2.80563008564773e-07 2.79840805279565e-07 2.67106859855572e-07 2.467220806239e-07 2.2378946959549e-07 2.02657877021219e-07 1.85849107079322e-07 1.73688228906795e-07 1.64644751123095e-07 1.56181347435778e-07 1.4579099520139e-07 1.31881551565842e-07 1.14239700944173e-07 9.3966540842821e-08 7.27561298892246e-08 5.32332717180765e-08 3.65196307634986e-08 2.34618648172818e-08 1.41029240437125e-08 7.87088706723986e-09 4.14397240373408e-09 2.0372061561226e-09 9.35143063716167e-10 4.00816956183444e-10 1.60412817254537e-10 0 0 0 0 0 0 0 0 0 0 0 0 0 0 0 0 0 0 0 0 0 0 0 0 0 0 0 0 0 0 0 0 0 0 0 0 0 0 0 0 0 0 0 0 0 0 0 0 0 0 0 0 0 0 0 0 0 0 0 0 0 0 0 0 0 0 0 0
0 0 0 0 0 0 0 0 0 0 0 0 0 7.86607422993461e-10 2.07920527256216e-09 5.13170457796576e-09 1.18263540871537e-08 2.5448668264453e-08 5.13583799102468e-08 9.65288613425953e-08 1.69562103584754e-07 2.78381854130834e-07 4.27400464957522e-07 6.1426400726779e-07 8.26794473646975e-07 1.04387915637521e-06 1.23874746413243e-06 1.38566675286931e-06 1.46727684012255e-06 1.47971842182224e-06 1.43336533508363e-06 1.34886231474323e-06 1.25016345050022e-06 1.15730699362668e-06 1.08138353707433e-06 1.02298253453141e-06 9.74071878051408e-07 9.22275807046375e-07 8.55987229366121e-07 7.68648557614741e-07 6.60879506007966e-07 5.39920770076551e-07 4.15761189943615e-07 3.0267112113915e-07 2.06801102370025e-07 1.32425706238783e-07 7.93920621637674e-08 4.4192683696887e-08 2.32301836054174e-08 1.13644425007724e-08 5.21476857245831e-09 2.23432783101208e-09 8.93889225565946e-10 0 0 0 0 0 0 0 0 0 0 0 0 0 0 0 0 0 0 0 0 0 0 0 0 0 0 0 0 0 0 0 0 0 0 0 0 0 0 0 0 0 0 0 0 0 0 0 0 0 0 0 0 0 0 0 0 0 0 0 0 0 0 0 0 0 0 0 0
0 0 0 0 0 0 0 0 0 0 0 0 0 3.21293047291995e-09 8.53403852033276e-09 2.10595742348353e-08 4.85258154476635e-08 1.04405767672436e-07 2.10843258944307e-07 3.96361721032631e-07 6.96550536266635e-07 1.1442481036413e-06 1.75832265900321e-06 2.53045247835425e-06 3.41245394166146e-06 4.3201424982613e-06 5.14625077427048e-06 5.78724662709631e-06 6.17253871443352e-06 6.28472861935683e-06 6.16229925123431e-06 5.88377890933952e-06 5.54030472503437e-06 5.20744351651065e-06 4.92581814428698e-06 4.69540079807184e-06 4.48321394715925e-06 4.24044211329468e-06 3.92288171345743e-06 3.50808074769672e-06 3.00369465670632e-06 2.44472088421636e-06 1.87702533300489e-06 1.36260734864386e-06 9.28927688358324e-07 5.93772121859561e-07 3.55459273816038e-07 1.97513813050443e-07 1.03738098058896e-07 5.06430270770169e-08 2.32300629970218e-08 9.94961028076418e-09 3.97911695625799e-09 0 0 0 0 0 0 0 0 0 0 0 0 0 0 0 0 0 0 0 0 0 0 0 0 0 0 0 0 0 0 0 0 0 0 0 0 0 0 0 0 0 0 0 0 0 0 0 0 0 0 0 0 0 0 0 0 0 0 0 0 0 0 0 0 0 0 0 0
0 0 0 2.18204747242129e-11 5.8587799687513e-11 1.46884217168539e-10 3.4384920907579e-10 7.5159845413802e-10 1.53401172261728e-09 2.9234551155601e-09 5.20222502796724e-09 8.64384139889159e-09 1.34106366835276e-08 2.99109215881715e-08 5.42492389391242e-08 1.02201845735171e-07 1.9813226693142e-07 3.85270996286859e-07 7.35949448006499e-07 1.34326201457895e-06 2.32570942672584e-06 3.79360373270777e-06 5.81370904875139e-06 8.3663610188583e-06 1.13031098160249e-05 1.43598042347464e-05 1.71964763754591e-05 1.94821315348964e-05 2.09864862111607e-05 2.1642967554626e-05 2.15564275038572e-05 2.09535602011986e-05 2.00984804898663e-05 1.92077095701573e-05 1.83925204492687e-05 1.76439714778272e-05 1.68580013268558e-05 1.5888944192886e-05 1.46129743872601e-05 1.29808736785275e-05 1.10425380978832e-05 8.93537106705031e-06 6.82817888350883e-06 4.93550966492009e-06 3.35296449802132e-06 2.13715072898605e-06 1.27629278368176e-06 7.07454993403347e-07 3.71055469040205e-07 1.80585923493244e-07 8.26654627065665e-08 3.53935080682448e-08 1.41497273485906e-08 0 0 0 0 0 0 0 0 0 0 0 0 0 0 0 0 0 0 0 0 0 0 0 0 0 0 0 0 0 0 0 0 0 0 0 0 0 0 0 0 0 0 0 0 0 0 0 0 0 0 0 0 0 0 0 0 0 0 0 0 0 0 0 0 0 0 0 0
0 0 0 1.37694654439123e-10 3.69576119013904e-10 9.26223237101583e-10 2.16746651074723e-09 4.73602592792518e-09 9.66274899971054e-09 1.84082403987265e-08 3.27452875042368e-08 5.43889018591995e-08 8.44999126507653e-08 1.49857500110253e-07 2.39634357069612e-07 3.92085965845755e-07 6.68360459962551e-07 1.17955396902927e-06 2.11614271921687e-06 3.72341018407451e-06 6.32114579436551e-06 1.02097444251084e-05 1.55816684929404e-05 2.24087115640026e-05 3.03279861515512e-05 3.86771400733988e-05 4.65927647018403e-05 5.32247924659854e-05 5.79666647850938e-05 6.06112308346732e-05 6.1367429767202e-05 6.07361556827483e-05 5.93042914359246e-05 5.75438000156646e-05 5.56789420012258e-05 5.36603392385615e-05 5.12317785861299e-05 4.80629043361094e-05 4.3903177676009e-05 3.87072823332815e-05 3.26881534450678e-05 2.62774297658933e-05 1.99725196584544e-05 1.43660898989557e-05 9.72110987782572e-06 6.17609043738317e-06 3.67834210866078e-06 2.03344288196353e-06 1.06485467549993e-06 5.16228071920592e-07 2.35820175437235e-07 1.00937290962774e-07 4.03411033798191e-08 0 0 0 0 0 0 0 0 0 0 0 0 0 0 0 0 0 0 0 0 0 0 0 0 0 0 0 0 0 0 0 0 0 0 0 0 0 0 0 0 0 0 0 0 0 0 0 0 0 0 0 0 0 0 0 0 0 0 0 0 0 0 0 0 0 0 0 0
1.61459026827474e-10 4.20023930213791e-10 1.02025960016219e-09 3.00815769723362e-09 6.76304836752186e-09 1.43567155861845e-08 2.88082560698311e-08 5.46906202975718e-08 9.82872826941876e-08 1.67250985112487e-07 2.69519608039101e-07 4.10922497273893e-07 5.93200346864147e-07 8.65661348433851e-07 1.19729660126615e-06 1.65118232558736e-06 2.34199700633337e-06 3.49447122796482e-06 5.51250837168958e-06 8.92402460828825e-06 1.44399943306219e-05 2.27388945228093e-05 3.42882222191988e-05 4.91030783757993e-05 6.64949611030112e-05 8.51456586723389e-05 0.000103298922782954 0.000119192841925653 0.000131520514802667 0.000139737043377818 0.000144088105773811 0.00014536334284645 0.000144503677499244 0.000142238882229489 0.000138856350553547 0.00013418966494769 0.000127764788433557 0.000119058817462614 0.000107784850020701 9.41109276620899e-05 7.87314945149997e-05 6.27534891661056e-05 4.73602070987391e-05 3.38568805024215e-05 2.28055143504832e-05 1.44479117914172e-05 8.59957095250658e-06 4.76729547631543e-06 2.52055140688204e-06 1.24363200875145e-06 5.90332132667034e-07 2.72423066524479e-07 1.23828881989213e-07 2.26124384571622e-08 1.5028076659169e-08 9.32576263647866e-09 5.40368798962628e-09 2.92362134495812e-09 1.47698789123234e-09 6.96719069497021e-10 3.06876344303787e-10 1.2621009049136e-10 0 0 0 0 0 0 0 0 0 0 0 0 0 0 0 0 0 0 0 0 0 0 0 0 0 0 0 0 0 0 0 0 0 0 0 0 0 0 0 0 0 0 0 0 0 0 0 0 0 0 0 0 0 0 0 0 0 0 0
8.45767800786655e-10 2.19941244361787e-09 5.34056444767969e-09 1.49036665358152e-08 3.31311291278956e-08 6.94478484525879e-08 1.3743485749087e-07 2.57154193887515e-07 4.55108885589778e-07 7.62508659189329e-07 1.21028005566889e-06 1.81880122556345e-06 2.59104576561929e-06 3.58637507809273e-06 4.72099470490404e-06 6.03767209543009e-06 7.67599713760929e-06 9.97981381478076e-06 1.36349580357512e-05 1.95830015115186e-05 2.91536870282007e-05 4.36546033537515e-05 6.40698646829842e-05 9.06292697942645e-05 0.000122342677318808 0.000157113150621893 0.000192032771769616 0.000224084199849023 0.000250888238562291 0.000271197486105351 0.000284945482570763 0.000292863380188517 0.000295898346882729 0.000294729704248201 0.000289464286579103 0.00027972445363588 0.000264909879304838 0.000244593219827555 0.000218909712548095 0.000188810952681111 0.000156078556548421 0.000123048451090977 9.2012306267786e-05 6.52622246481714e-05 4.37181309925225e-05 2.762475357281e-05 1.64695951927759e-05 9.21317025186528e-06 4.97779053728e-06 2.55440264942887e-06 1.30203636936619e-06 6.76336505105414e-07 3.60437105967809e-07 1.3601893165672e-07 9.0364778868073e-08 5.6056241135027e-08 3.24693583974775e-08 1.75609656325383e-08 8.86845630821133e-09 4.18189014722694e-09 1.8412898603199e-09 7.57001351091404e-10 0 0 0 0 0 0 0 0 0 0 0 0 0 0 0 0 0 0 0 0 0 0 0 0 0 0 0 0 0 0 0 0 0 0 0 0 0 0 0 0 0 0 0 0 0 0 0 0 0 0 0 0 0 0 0 0 0 0 0
3.53914477923804e-09 9.20020886091268e-09 2.23317108536389e-08 5.96054407571718e-08 1.31220869662135e-07 2.72014266230552e-07 5.31619732056329e-07 9.81296003566766e-07 1.71139302691128e-06 2.82373645566256e-06 4.41322959806092e-06 6.53183243417868e-06 9.17105766510118e-06 1.23219179362969e-05 1.57535156815226e-05 1.93237669487376e-05 2.3054855569681e-05 2.73138639753767e-05 3.30517303143164e-05 4.17292370816617e-05 5.55354679459684e-05 7.67252335175429e-05 0.000107155241553634 0.000147626487629643 0.000197130172236518 0.000252957089788352 0.000311062939137669 0.000366997994564734 0.000416919436176877 0.000458271813091071 0.000489904864524611 0.000511622742328869 0.000523536673904523 0.00052563432861323 0.000517454963111039 0.000498426571526891 0.000468240743928244 0.000427324336320729 0.000377200972055349 0.000320599259181228 0.000261242641361806 0.000203278922729933 0.000150402691179727 0.000105841962037361 7.07044687754523e-05 4.48927461040957e-05 2.72300767368248e-05 1.58407752123881e-05 9.18088164265253e-06 5.27436209098136e-06 3.14155089993791e-06 1.96729916694332e-06 1.2558351207452e-06 7.08854596934027e-07 4.68976532081874e-07 2.90085200029419e-07 1.67730326897616e-07 9.06470229416661e-08 4.57832877794015e-08 2.15494690972853e-08 9.39536837115450e-09 3.87989443981915e-09 1.04722556248232e-10 0 0 0 0 0 0 0 0 0 0 0 0 0 0 0 0 0 0 0 0 0 0 0 0 0 0 0 0 0 0 0 0 0 0 0 0 0 0 0 0 0 0 0 0 0 0 0 0 0 0 0 0 0 0 0 0 0 0
1.18305211558453e-08 3.07430577565065e-08 7.45959410713802e-08 1.92113733396286e-07 4.19467586818661e-07 8.61242596094396e-07 1.66497446156193e-06 3.03640950671686e-06 5.22500199134039e-06 8.49811947552944e-06 1.30864540844454e-05 1.90808344431292e-05 2.6403384476751e-05 3.477659152615e-05 4.36114335531528e-05 5.22528874175673e-05 6.03227295198808e-05 6.80138672910697e-05 7.64579964137779e-05 8.77583075936556e-05 0.00010523895693837 0.000132515147648771 0.000172778150462244 0.000227913806585065 0.000297385198354809 0.000378232916754622 0.000465434665728355 0.000552931943052857 0.000634841743732183 0.000706349695492282 0.000764065007144415 0.000805688479225917 0.000829545812449931 0.000834447712957584 0.000819277083199894 0.000783690738280474 0.000728492448516499 0.000656054564025828 0.000570485772992512 0.000477374985551787 0.00038319192218827 0.000294274432994659 0.000215744914804029 0.000151303775234158 0.000101818885398951 6.62578946386493e-05 4.23278168793048e-05 2.7013653364406e-05 1.78773566164275e-05 1.21479579223958e-05 8.55102410828389e-06 6.15727824545942e-06 4.341883023391e-06 2.8389157284838e-06 1.87508742650013e-06 1.15852944982473e-06 6.6948542335053e-07 3.61766850642738e-07 1.82771395565198e-07 8.59979199160293e-08 3.73274340011544e-08 1.54506226148445e-08 6.49212963766759e-10 0 0 0 0 0 0 0 0 0 0 0 0 0 0 0 0 0 0 0 0 0 0 0 0 0 0 0 0 0 0 0 0 0 0 0 0 0 0 0 0 0 0 0 0 0 0 0 0 0 0 0 0 0 0 0 0 0 0
3.15913212089012e-08 8.2064400391015e-08 1.99052099994638e-07 4.98250945204548e-07 1.08045474706963e-06 2.20047776344773e-06 4.21450015827479e-06 7.60606677099946e-06 1.29334839020716e-05 2.07627711908926e-05 3.15371866816052e-05 4.53357037785193e-05 6.18596662540853e-05 8.02225590751006e-05 9.91472233649365e-05 0.000117068998795357 0.000132916042251174 0.000146569986156738 0.000159353410754293 0.000174247832216671 0.000196033464187091 0.000230133585972548 0.000281507571691844 0.000353607516600188 0.00044681946067184 0.000558198505397513 0.000681709600752944 0.000809168415093724 0.000931618510172637 0.00104058274122691 0.00112903429234648 0.00119150362900832 0.00122412156283855 0.00122491740492964 0.00119296310617493 0.00112932525414943 0.00103711980100912 0.000921716761731054 0.0007906697890084 0.000653018169494318 0.000518327327319334 0.000395131891175215 0.000289774877512162 0.000205773868866969 0.000143209048160728 9.93986626100077e-05 7.04031740682746e-05 5.17030112055143e-05 3.97252473035595e-05 3.10200157105517e-05 2.41648997442775e-05 1.85213295258874e-05 1.35521855799136e-05 9.28564164353285e-06 6.12044508201767e-06 3.77662833834832e-06 2.18119668729057e-06 1.17873217378677e-06 5.95909331689103e-07 2.8036501536134e-07 1.20980811110209e-07 5.02148575810935e-08 3.21508528375532e-09 0 0 0 0 0 0 0 0 0 0 0 0 0 0 0 0 0 0 0 0 0 0 0 0 0 0 0 0 0 0 0 0 0 0 0 0 0 0 0 0 0 0 0 0 0 0 0 0 0 0 0 0 0 0 0 0 0 0
6.73891638070303e-08 1.74993092332603e-07 4.2430357960736e-07 1.03841144834262e-06 2.2390910547349e-06 4.52968155607847e-06 8.60865299186432e-06 1.54015967121453e-05 2.59243932246343e-05 4.11491561537101e-05 6.17553441735599e-05 8.76662577045716e-05 0.00011813493731228 0.0001513209474727 0.000185000554977034 0.000216552044201662 0.000244226546931132 0.000267781383169267 0.000288975369542141 0.000311923120678876 0.00034296504735569 0.000389422319164547 0.000458052595227138 0.000554007599051503 0.000678796024802948 0.000829563702220997 0.000999000878533098 0.00117594467332282 0.00134691511065397 0.00149800617425902 0.00161706818574088 0.00169472517023171 0.00172531827334282 0.00170761470918415 0.00164292084147423 0.00153578431291743 0.00139319363688013 0.00122432883866065 0.00104039714990614 0.000853627004468678 0.000676313709902086 0.000518716407361078 0.000387965695871478 0.00028674469170986 0.000213760953610997 0.000163944868528033 0.000131109711036042 0.000108765713589831 9.20224275200041e-05 7.70107016730954e-05 6.25072274971682e-05 4.88588478330747e-05 3.61359510618126e-05 2.51087031176902e-05 1.65445055252329e-05 1.02249058299242e-05 5.9292900625974e-06 3.22738980741179e-06 1.65084871804492e-06 7.90172664667551e-07 3.48416523337495e-07 1.51504438520361e-07 2.34001384454093e-08 6.30996175881879e-09 3.51337479531164e-09 1.74560075036816e-09 8.70499944299486e-10 4.05338193071941e-10 1.76234632974752e-10 7.15467550440356e-11 0 0 0 0 0 0 0 0 0 0 0 0 0 0 0 0 0 0 0 0 0 0 0 0 0 0 0 0 0 0 0 0 0 0 0 0 0 0 0 0 0 0 0 0 0 0 0 0 0 0 0
1.14834057713783e-07 2.98088606063425e-07 7.22511880961909e-07 1.73711435012087e-06 3.72842891493037e-06 7.50143337199165e-06 1.41688456368854e-05 2.51740336599568e-05 4.20265318245555e-05 6.6092869017114e-05 9.82285653427537e-05 0.00013804371463891 0.00018422632059845 0.000233978031447873 0.00028433423784762 0.000332107695008413 0.000375480076218555 0.00041467392754553 0.000452193447692725 0.000493124082942714 0.000544688804982942 0.000615229095221922 0.0007125013909495 0.000842920909988082 0.00100912266287649 0.00120854501541751 0.00143259991294082 0.00166655798242055 0.00189117562239851 0.00208553647210952 0.00223108248791559 0.00231412416785363 0.00232805971646149 0.0022743540041928 0.00215914748339348 0.00199292149045531 0.0017882776545671 0.00155889063833058 0.00131946658464856 0.00108457258758207 0.000868266364021312 0.000681527255342842 0.000531385667300451 0.000418841237149774 0.000340419511781621 0.000287836720477829 0.000252000646859129 0.000224051787055544 0.000197900020222806 0.000169830614341962 0.00013958331262501 0.00010948076259503 8.11127133769592e-05 5.65822397638523e-05 3.73129924868218e-05 2.31424320455347e-05 1.35177197611234e-05 7.44747552248849e-06 3.88239457365336e-06 1.91055969423719e-06 8.74000397438117e-07 4.04882229703527e-07 1.06394391264535e-07 3.92465371656981e-08 2.19096735423958e-08 1.09731553367132e-08 5.47014932266198e-09 2.54619574536642e-09 1.10664759931215e-09 4.49109101166058e-10 0 0 0 0 0 0 0 0 0 0 0 0 0 0 0 0 0 0 0 0 0 0 0 0 0 0 0 0 0 0 0 0 0 0 0 0 0 0 0 0 0 0 0 0 0 0 0 0 0 0 0
1.56318262832473e-07 4.05628266992943e-07 9.82814727443755e-07 2.33033836135008e-06 4.9830153707975e-06 9.98271878187827e-06 1.87711210499126e-05 3.3182934476269e-05 5.50680575986522e-05 8.60247932156589e-05 0.00012701235623067 0.000177376072924303 0.000235533833211008 0.000298411717399514 0.000363247554236488 0.000427465864053244 0.000490210600285431 0.000552765474119938 0.000618217481782742 0.000691544185421984 0.00077903583921511 0.000888039531071556 0.00102571917384481 0.00119889993477029 0.00141141774257355 0.00166169531967915 0.00194065189531875 0.00223042836850397 0.00250594867131009 0.00273888332750526 0.00290386603012316 0.00298298361156396 0.00296939814695916 0.00286846747997904 0.00269286502531957 0.00246054615226509 0.0021908960794429 0.00190252785939712 0.00161349391160599 0.00133981956747467 0.00109616259791667 0.000892854803796175 0.000735398443584809 0.00062188859034932 0.000545574911818921 0.000494147983641007 0.000455129024997408 0.000417350620100778 0.000374199778739293 0.000323170781697902 0.000266166916796923 0.000208585246823715 0.000154628506966884 0.000108244656886976 7.17627883166969e-05 4.49719261031593e-05 2.67305495500636e-05 1.51288760572166e-05 8.20777180632869e-06 4.27469352958524e-06 2.11375273324439e-06 1.08127340695408e-06 4.29759921691508e-07 1.95243175987657e-07 1.09248167142805e-07 5.51031593290115e-08 2.74592063821438e-08 1.27768681887942e-08 5.55118625886245e-09 2.25201944550673e-09 0 0 0 0 0 0 0 0 0 0 0 0 0 0 0 0 0 0 0 0 0 0 0 0 0 0 0 0 0 0 0 0 0 0 0 0 0 0 0 0 0 0 0 0 0 0 0 0 0 0 0
1.6998362808474e-07 4.40929761337027e-07 1.0679641735336e-06 2.5054542722845e-06 5.3415629555332e-06 1.06704149990539e-05 2.0016814886835e-05 3.52868554873096e-05 5.83944335334296e-05 9.09423994714273e-05 0.000134036550842397 0.000187166031459426 0.000249273580433992 0.000318286615351311 0.000393034371827091 0.000472864449843451 0.00055867302462107 0.000652772588390338 0.000757825610368936 0.000876794725524664 0.00101259483745363 0.00116919565435775 0.00135148778700601 0.00156587490574006 0.00181764483782867 0.00210726113672374 0.00242668587362006 0.00275666924085402 0.00306808644403313 0.0033268916443076 0.00350223217713606 0.00357296886806662 0.0035323532291371 0.00338924934812735 0.00316232183714862 0.00287621409546323 0.00255645982187946 0.00222599011687419 0.00190564705141406 0.00161205515153387 0.00135941010485344 0.00115618358802161 0.00100506479132092 0.000900382692094497 0.00083150601698129 0.000782070706429373 0.000736513920079765 0.000682204411735705 0.000613149534744762 0.000529261019463762 0.000435662486853393 0.000341452733656232 0.000254088833352883 0.000179409615362574 0.00012066933246538 7.73996074021881e-05 4.76628873583603e-05 2.83767642949893e-05 1.64884769749378e-05 9.37840097916314e-06 5.17679328140245e-06 2.94510452098052e-06 1.50705733893238e-06 7.76775194811064e-07 4.35527760577826e-07 2.21044563340085e-07 1.10112125546865e-07 5.12171497536147e-08 2.22443960096364e-08 9.02091896759322e-09 0 0 0 0 0 0 0 0 0 0 0 0 0 0 0 0 0 0 0 0 0 0 0 0 0 0 0 0 0 0 0 0 0 0 0 0 0 0 0 0 0 0 0 0 0 0 0 0 0 0 0
1.47659989856653e-07 3.82885553043601e-07 9.27043423628042e-07 2.15958807889908e-06 4.59438748014384e-06 9.17592524850706e-06 1.72327016513292e-05 3.04017934479834e-05 5.04453002301702e-05 7.88200762399092e-05 0.000116966494162424 0.00016512783186154 0.00022368987655187 0.000292773910478976 0.000373803487769296 0.000468671354743605 0.000579950852752618 0.000710118345572678 0.000859946937620125 0.00102859774724983 0.00121385669060101 0.00141487029164443 0.00163336664908027 0.0018748271442229 0.00214611181716495 0.00245046374750857 0.0027824615535687 0.00312398589929911 0.00344526359164921 0.00371029917018723 0.00388595242317878 0.0039498919040401 0.00389560640060563 0.00373375381915658 0.00348620149551449 0.00318097552900866 0.00284671219321491 0.0025081274161943 0.0021869248581923 0.00189884625009845 0.0016565150903774 0.00146599182449251 0.00132713953174769 0.00123141394456302 0.00116553409479281 0.00111095166107462 0.00105074209476384 0.000972349414464727 0.000871445911758788 0.000750811686393562 0.000618692967242975 0.000487242424479259 0.000366622909841264 0.000263825666360304 0.000182684690530878 0.000122242929623293 7.98008017829759e-05 5.12042861024667e-05 3.2515214634624e-05 2.03933005272529e-05 1.24961053206096e-05 7.6954304879413e-06 4.46283803268469e-06 2.4712088608685e-06 1.38803883689443e-06 7.08339631468126e-07 3.527286014265e-07 1.64007898314909e-07 7.12055429116974e-08 2.88660787825502e-08 0 0 0 0 0 0 0 0 0 0 0 0 0 0 0 0 0 0 0 0 0 0 0 0 0 0 0 0 0 0 0 0 0 0 0 0 0 0 0 0 0 0 0 0 0 0 0 0 0 0 0
1.02465329139861e-07 2.65599291383876e-07 6.42838436781407e-07 1.49837314351677e-06 3.18640979031306e-06 6.4089079220651e-06 1.21401466045716e-05 2.15934391732162e-05 3.63564009915265e-05 5.77449021060199e-05 8.77439466004821e-05 0.000127776388124245 0.000180119307974366 0.000247427552936253 0.000333626032084698 0.000442656014507027 0.000577818851924924 0.000740572078923699 0.000928846821545299 0.00113752138099414 0.00135936841258454 0.00158906103969277 0.00182545894172022 0.00207290429107661 0.00233934414661324 0.00263050339559388 0.0029442601897641 0.00326581728221855 0.00356848082388001 0.00381879389168634 0.00398535591670082 0.0040471141032341 0.00399803902307562 0.00384861558776963 0.00362036089805725 0.003340422772015 0.00303618074614536 0.00273024650079944 0.00244188541045458 0.00218362410483781 0.00196515823286165 0.00179024398126986 0.00165741741335588 0.00155820405316124 0.00148002965186995 0.00140600613588253 0.00132088456167231 0.0012139717085747 0.00108302662278262 0.000932774168742592 0.000772855090123395 0.000616264310877617 0.000473934370451073 0.000352515414717201 0.000255681610482611 0.000181842891103057 0.000127887584618045 8.91852026268528e-05 6.16286104210414e-05 4.18399580526182e-05 2.75827582447749e-05 1.7803283338003e-05 1.09146679323875e-05 6.28596924207006e-06 3.53619292631902e-06 1.81326638275646e-06 9.0261920980925e-07 4.19539142211585e-07 1.82081302544821e-07 7.37875633129291e-08 0 0 0 0 0 0 0 0 0 0 0 0 0 0 0 0 0 0 0 0 0 0 0 0 0 0 0 0 0 0 0 0 0 0 0 0 0 0 0 0 0 0 0 0 0 0 0 0 0 0 0
5.68001405053692e-08 1.47178105885888e-07 3.56091789911979e-07 8.54073147141356e-07 1.82657812578591e-06 3.78323440973984e-06 7.35995279473352e-06 1.3437898942648e-05 2.35652700250979e-05 3.90502296044408e-05 6.25088611037161e-05 9.65400474482685e-05 0.000145024491155665 0.000212459895987609 0.0003041222791642 0.000424669029968207 0.000576868679145124 0.000760398530362812 0.00097057676708047 0.0011992516428345 0.00143625934562287 0.0016737729331178 0.00190899648712676 0.00214503357260835 0.00238972854264766 0.00264983563094424 0.00292583065851375 0.00320706053535503 0.00347231533639131 0.00369393530639811 0.00384534897683008 0.00390856290613558 0.00387824112821974 0.00376333437937378 0.00358240436166712 0.00335870338157134 0.00311505220920123 0.00286897084967662 0.00263450867439905 0.00241904605457362 0.0022282347729981 0.00206386972224089 0.00192490763948028 0.00180606966720737 0.00169911140118994 0.00159277142791553 0.00147659949191955 0.00134327725731501 0.00119253781195725 0.00102934288077523 0.000862195871629913 0.000702010166556917 0.000557890672202478 0.000434371114008678 0.000333938742832569 0.000254318057989565 0.000192443322372241 0.000144113582131423 0.000106056713721667 7.58498952335395e-05 5.22239389561131e-05 3.45850504745669e-05 2.17287413804155e-05 1.2783271929929e-05 7.20090095713988e-06 3.70800272111772e-06 1.8451294180645e-06 8.57311350868182e-07 3.71942037946988e-07 1.50673511772054e-07 0 0 0 0 0 0 0 0 0 0 0 0 0 0 0 0 0 0 0 0 0 0 0 0 0 0 0 0 0 0 0 0 0 0 0 0 0 0 0 0 0 0 0 0 0 0 0 0 0 0 0
2.51524471996944e-08 6.51505178872058e-08 1.57572509039164e-07 4.35616527017582e-07 9.57276080035822e-07 2.15788663662101e-06 4.46058225726748e-06 8.63394242438952e-06 1.63376764666456e-05 2.90357509314887e-05 4.98962218702981e-05 8.23457555613225e-05 0.00013109802039568 0.000201290945239739 0.00029806241849007 0.00042535830635521 0.000584505175312088 0.000773410073071059 0.000985998418254202 0.0012133891612028 0.00144541036539696 0.00167428127529082 0.00189699106990809 0.00211535477758812 0.00233567959710623 0.00256379785960088 0.00280107142531966 0.00304026972927046 0.00326593214234501 0.00345707025455898 0.00359287876468217 0.00365869565213916 0.00364964463007086 0.00357246497117099 0.00344179106774103 0.00327633069161979 0.00309383680711166 0.00290670456734668 0.0027237001749414 0.00254723116983893 0.0023789023488631 0.00221875710945648 0.00206657226571257 0.00192110103942037 0.0017797313592026 0.0016384433463026 0.00149323547058833 0.00134104861391996 0.00118351017374832 0.00102474894160118 0.000870413710653773 0.000727279014240835 0.000600653802833109 0.000491629729742971 0.00040050476485961 0.000324258927564966 0.000260072910912402 0.000204907372035777 0.000157068296762081 0.000115890581990176 8.17782538485475e-05 5.49373809442143e-05 3.49158301898803e-05 2.07816975328093e-05 1.17199437816072e-05 6.05726876161569e-06 3.01305777720017e-06 1.39946817655172e-06 6.0693690616178e-07 2.45781402239562e-07 0 0 0 0 0 0 0 0 0 0 0 0 0 0 0 0 0 0 0 0 0 0 0 0 0 0 0 0 0 0 0 0 0 0 0 0 0 0 0 0 0 0 0 0 0 0 0 0 0 0 0
8.89752972086764e-09 2.30383250005447e-08 5.57002706576171e-08 2.52067279098131e-07 5.92133019894055e-07 1.52350069459027e-06 3.39136341101454e-06 7.02405943095826e-06 1.42426903616335e-05 2.67464440917373e-05 4.80505748548069e-05 8.19609160654433e-05 0.000133241231252895 0.000206675002720103 0.000306248731909156 0.000434380558652298 0.000590779354359496 0.000772200318423338 0.000972581664527659 0.00118436177154905 0.00139956512852308 0.00161227902365719 0.00182021910253497 0.00202395874485975 0.00222732967707658 0.00243384679498552 0.00264410936736755 0.00285286306291078 0.00304903710464397 0.00321713093477143 0.00334104733429763 0.00340841363300471 0.00341411194100074 0.00336245226950016 0.00326448918040158 0.00313561388710006 0.00299045779492773 0.00283894728260554 0.00268722078186438 0.00253503667206408 0.00238116082281693 0.00222384770232251 0.0020624227736038 0.00189765198523126 0.00173078136607601 0.00156351358843917 0.00139785541152197 0.00123514762122687 0.0010791864308576 0.000933650525348321 0.000801417056333782 0.000684981886749966 0.00058548244570483 0.000500311279442136 0.000427093915102792 0.000362002155625266 0.000302262789241883 0.000246123389056434 0.000193442798594081 0.000145389086922961 0.00010405967881339 7.05015140095786e-05 4.50794440048969e-05 2.70056826570598e-05 1.52449589767196e-05 7.90445640898075e-06 3.93048778997015e-06 1.82492846767201e-06 7.91170694194802e-07 3.20272382222262e-07 0 0 0 0 0 0 0 0 0 0 0 0 0 0 0 0 0 0 0 0 0 0 0 0 0 0 0 0 0 0 0 0 0 0 0 0 0 0 0 0 0 0 0 0 0 0 0 0 0 0 0
2.51429952974964e-09 6.5079213271056e-09 1.57286890255177e-08 2.02024764713834e-07 5.05851200836192e-07 1.39875039646012e-06 3.22042323423583e-06 6.8873286251281e-06 1.42980550932985e-05 2.73136413001219e-05 4.9515331398033e-05 8.47134210586658e-05 0.000137246498782794 0.000211155126460753 0.000309124803278481 0.000432117713553345 0.000578730374970961 0.000745350589235743 0.000926731360307603 0.00111739500601104 0.00131205093181128 0.00150702407009405 0.00170092163827007 0.00189338558196679 0.00208591514241104 0.00227965138113332 0.00247383344500113 0.00266405716685193 0.0028418482209322 0.00299520594714578 0.00311089186154983 0.00317750066558437 0.00318907156974518 0.00314765316673853 0.00306164271466829 0.00294474260404482 0.00281081063403739 0.00267025540948244 0.00252970922414434 0.00238900701799352 0.00224569467399125 0.00209620587977594 0.00193775203969445 0.00177008933216305 0.0015951720409198 0.00141723479263327 0.00124235609641129 0.00107565406500709 0.000923345225696164 0.000789857775067937 0.000676717442466999 0.000583632402877428 0.000508763224069639 0.000446754389483717 0.000392981956775491 0.000342932587111647 0.000293549293012366 0.000243891602609122 0.000194581765529999 0.000147869420269259 0.000106740629472586 7.2705994982223e-05 4.66526998258932e-05 2.80500603121225e-05 1.58476908866049e-05 8.23996826678558e-06 4.09584778758312e-06 1.90102150631241e-06 8.23863387372575e-07 3.33386744330999e-07 0 0 0 0 0 0 0 0 0 0 0 0 0 0 0 0 0 0 0 0 0 0 0 0 0 0 0 0 0 0 0 0 0 0 0 0 0 0 0 0 0 0 0 0 0 0 0 0 0 0 0
5.67574592906944e-10 1.46856121171288e-09 3.54802043025087e-09 1.84553736614122e-07 4.74420300911636e-07 1.32678192167481e-06 3.06895699061525e-06 6.61405632857879e-06 1.37653298723613e-05 2.63520152093054e-05 4.77221468254395e-05 8.143938545715e-05 0.000131292794173956 0.000200713760710011 0.000291607125882837 0.000404154371748852 0.000536597801858447 0.000685473476227274 0.000846267973655346 0.00101494469823092 0.0011878631762708 0.0013627792556232 0.00153891099014213 0.00171569877499195 0.00189358436896561 0.00207263207569152 0.00225140789183213 0.00242605637463441 0.0025894070098204 0.00273128150804448 0.00283978696020393 0.00290370645699296 0.00291612470109251 0.00287720350934738 0.00279341476855439 0.00267753175243774 0.00254361181067327 0.00240378349633716 0.00226677590735529 0.00213414981337432 0.00200360787726038 0.001870212411013 0.00172852886265489 0.00157549942337464 0.00141143502218176 0.00124018992167268 0.0010693943867305 0.000906483959044713 0.000759583723795036 0.000634504107617999 0.000532883832076576 0.000453615937639729 0.000393836494821641 0.000347221532025959 0.000308184844680573 0.000272033594334275 0.000235392393341152 0.000197491350047746 0.000158725043654033 0.000121324774642852 8.80040872214694e-05 6.0136658498236e-05 3.86648531788023e-05 2.32857072846294e-05 1.31650997838674e-05 6.86179019443034e-06 3.40956937414388e-06 1.5819275137923e-06 6.85328163653361e-07 2.77227003829429e-07 0 0 0 0 0 0 0 0 0 0 0 0 0 0 0 0 0 0 0 0 0 0 0 0 0 0 0 0 0 0 0 0 0 0 0 0 0 0 0 0 0 0 0 0 0 0 0 0 0 0 0
0 0 0 1.49765266749515e-07 3.9103658135631e-07 1.10944028497012e-06 2.5726323660724e-06 5.5740377561527e-06 1.16538117804675e-05 2.24147623154305e-05 4.07427696468775e-05 6.98123570123164e-05 0.000112934944382393 0.000173211577047555 0.000252395229819766 0.000350559320745496 0.000466102584315161 0.000595791987334359 0.000735262047048708 0.000880699196663716 0.00102869714686991 0.00117742123974963 0.00132648507953378 0.00147606305372753 0.00162719051243911 0.00178057481500265 0.00193536420102897 0.00208854150618555 0.00223377217432639 0.00236190200470251 0.00246178149942138 0.00252237052862028 0.00253608871614065 0.00250146399702966 0.00242309166387647 0.002312280369256 0.00218255217101992 0.0020470772993841 0.00191655788116039 0.00179481755007722 0.00168089974414868 0.0015697885447045 0.00145456074258171 0.00132961197234756 0.00119294484306123 0.00104628991227846 0.000896294616176004 0.00075043050825624 0.000617057593778669 0.000502611188881963 0.00040939762595745 0.000336959443092555 0.000283219710573218 0.000242861754842745 0.000211014539536506 0.000183643285160417 0.000157466416298591 0.00013151948225942 0.000105395222873106 8.04898620465346e-05 5.84110090526098e-05 3.99330937943716e-05 2.56804727299161e-05 1.54488955360636e-05 8.73941615025227e-06 4.56465223939122e-06 2.26732417932741e-06 1.05158527101696e-06 4.55407649686979e-07 1.84153975992965e-07 0 0 0 0 0 0 0 0 0 0 0 0 0 0 0 0 0 0 0 0 0 0 0 0 0 0 0 0 0 0 0 0 0 0 0 0 0 0 0 0 0 0 0 0 0 0 0 0 0 0 0
0 0 0 1.01487700259358e-07 2.74621131160232e-07 8.09436835659359e-07 1.889358896859e-06 4.13100273315908e-06 8.73536765810715e-06 1.69908757493888e-05 3.12285158949592e-05 5.4160259147215e-05 8.86789948368894e-05 0.000137635151603807 0.000202865762050318 0.000284544241062103 0.000381273140502991 0.000489880269045655 0.000605750189478201 0.000724614485405313 0.000842696994816391 0.000958236006417532 0.00107137237438334 0.00118367558986515 0.0012977431193852 0.00141582609173866 0.0015383389421476 0.00166327230686018 0.00178513553403575 0.00189574944450981 0.00198492385396802 0.00204232244497145 0.00206017644631444 0.0020354854451005 0.00197056755187464 0.00187404571494341 0.00175743560853003 0.00163345317425762 0.00151382630244367 0.00140466880984847 0.0013074360063921 0.00121884844841089 0.00113263632552581 0.00104231767772461 0.000944175418613327 0.00083716114636431 0.00072486006250457 0.000612251029446447 0.000505609161309313 0.000410274540746527 0.000328850306925674 0.000262164199029915 0.000210059845385859 0.000169762782648484 0.000138524773744652 0.000113797515200628 9.29956516922672e-05 7.49674338699378e-05 5.85170050743848e-05 4.39456487653723e-05 3.15714294189668e-05 2.14455061620855e-05 1.37329510424557e-05 8.19097877510955e-06 4.63579766153948e-06 2.4256957246529e-06 1.2044425035959e-06 5.58419756449603e-07 2.41746629969161e-07 9.77203545555868e-08 0 0 0 0 0 0 0 0 0 0 0 0 0 0 0 0 0 0 0 0 0 0 0 0 0 0 0 0 0 0 0 0 0 0 0 0 0 0 0 0 0 0 0 0 0 0 0 0 0 0 0
0 0 0 5.49381567040998e-08 1.73559059894862e-07 5.44988201545698e-07 1.29318800992082e-06 2.87849006126585e-06 6.20214912893275e-06 1.2288383076308e-05 2.29787786093867e-05 4.05319515278166e-05 6.74220093875658e-05 0.000106107108893529 0.000158284482872699 0.000223943064421692 0.000301555717705889 0.000387774848850393 0.000477784324267709 0.000567092404519948 0.000652033279388652 0.000731440685388251 0.000806414745273861 0.000880066769911419 0.000956434183346862 0.0010389294696199 0.00112882379868995 0.00122473543461028 0.00132201721038666 0.0014137282831313 0.00149123296265585 0.001545601131296 0.00156939957691317 0.0015582550819959 0.0015119136328968 0.00143532470108781 0.00133690401775353 0.0012277047596959 0.0011195467010054 0.00102065981675492 0.000935547875611401 0.000864072764918898 0.000802426297963057 0.000744994015878511 0.000687311712079238 0.000625705348722847 0.000559712547165007 0.000490202696422084 0.000419677786066031 0.000350951958454997 0.000286263974515284 0.000227679240218174 0.000177201894283624 0.000135164071941993 0.000101500885387622 7.55281694150794e-05 5.57351625278501e-05 4.09668003974068e-05 2.95872613898738e-05 2.09781520965309e-05 1.44786220286913e-05 9.56956889131151e-06 6.01702935920063e-06 3.47044282770785e-06 1.96487900083359e-06 1.02972987941048e-06 5.11112958286615e-07 2.36883832392909e-07 1.02512990094166e-07 4.14235517459825e-08 0 0 0 0 0 0 0 0 0 0 0 0 0 0 0 0 0 0 0 0 0 0 0 0 0 0 0 0 0 0 0 0 0 0 0 0 0 0 0 0 0 0 0 0 0 0 0 0 0 0 0
0 0 0 2.37570833624744e-08 1.26130551257164e-07 4.0493875077671e-07 9.81438336850624e-07 2.23001078312995e-06 4.8701467374495e-06 9.80184755900405e-06 1.85554480009036e-05 3.30426073252554e-05 5.53326281223296e-05 8.73242129675112e-05 0.000130175926599709 0.00018322227770262 0.000244321354565572 0.000309679549152036 0.00037446042697358 0.000434532000491098 0.00048719402395208 0.000532678527630479 0.000573522437022123 0.000614240930291979 0.000659707289755155 0.000713616917375923 0.000777270745462795 0.000849357728721221 0.000925948553249755 0.00100147587571384 0.00106917501095819 0.00112180957767647 0.00115250237871965 0.0011556777543658 0.00112860807649879 0.00107241169308412 0.000992254636597375 0.000897129530190726 0.000798392454681932 0.000705967401562054 0.000627209869129045 0.000565326923245452 0.000519502572962798 0.000485854153659455 0.000459940426222109 0.000436279916446139 0.000410916006554492 0.00038081703443443 0.000344712355041451 0.000302707269424042 0.000256297698740238 0.000208273611075932 0.000162140089209218 0.000120690272270226 8.60187825403893e-05 5.89899380026423e-05 3.91025625348399e-05 2.53597915527162e-05 1.60765498684655e-05 1.01054300718215e-05 6.30112625855532e-06 3.84931974283647e-06 2.28516671780957e-06 1.17497122661051e-06 6.65431818252864e-07 3.49195527099408e-07 1.73263098237587e-07 8.02728036688267e-08 3.47260782224163e-08 1.40271034001541e-08 0 0 0 0 0 0 0 0 0 0 0 0 0 0 0 0 0 0 0 0 0 0 0 0 0 0 0 0 0 0 0 0 0 0 0 0 0 0 0 0 0 0 0 0 0 0 0 0 0 0 0
0 0 0 8.20673716886924e-09 1.27167825219443e-07 3.81787720218565e-07 9.36424960991116e-07 2.14881201096293e-06 4.67852535380814e-06 9.43797593215044e-06 1.78420173932979e-05 3.16195147694758e-05 5.25307570716753e-05 8.1911677552931e-05 0.000120166614023724 0.000165715905983985 0.000215477207034246 0.000264981935409274 0.00030936079247996 0.000345071997345198 0.000370723591246295 0.000388219180410801 0.000401632295744029 0.000416610203391156 0.000438422531953573 0.000470582977348311 0.000514070888639029 0.000567496608428981 0.000627594823045448 0.000690085205991159 0.000749892031719356 0.000801232042650759 0.000837733898788545 0.000852950041204555 0.000842326559584381 0.000803970283011556 0.000740469917242887 0.000658930379712013 0.000569810967343522 0.000483762973661737 0.000409780940954288 0.00035329458199608 0.0003157046629118 0.000294752777712445 0.000286489651866717 0.000284890246532369 0.0002842574411443 0.000279437478682475 0.000266924019779071 0.000245089837609066 0.000214717297640618 0.000178605351364107 0.000140581736982038 0.000104444859975767 7.3207511433298e-05 4.84770421404825e-05 3.03742147714743e-05 1.8138765275683e-05 1.03308797835117e-05 5.707100583807e-06 3.08861271891775e-06 1.64303421455475e-06 8.62492646714622e-07 3.17868328935753e-07 1.80059611495098e-07 9.45959177301465e-08 4.69195270436427e-08 2.17300041001452e-08 9.39703712389089e-09 3.79443422277334e-09 0 0 0 0 0 0 0 0 0 0 0 0 0 0 0 0 0 0 0 0 0 0 0 0 0 0 0 0 0 0 0 0 0 0 0 0 0 0 0 0 0 0 0 0 0 0 0 0 0 0 0
0 0 0 2.26467712511728e-09 1.4435923416344e-07 4.03073692795401e-07 9.89755521561781e-07 2.27097202600692e-06 4.89910949048323e-06 9.83453416218165e-06 1.84612226455451e-05 3.24149146070003e-05 5.32417331763685e-05 8.18510158330389e-05 0.000117992404319237 0.000159351911924067 0.000202054855202817 0.000241078130666614 0.000271522669381589 0.000290310311850343 0.000297028750338479 0.000294717832467313 0.000288441296920629 0.000284421183006561 0.000288015567008592 0.000302539053643356 0.000328836670355316 0.000365700209716806 0.000410588150345812 0.000460310102414136 0.000511073496475101 0.000558208914890679 0.00059596085229107 0.000617779851768218 0.00061846699183926 0.000594600794836201 0.00054716154950865 0.000481560711297426 0.000406687825156961 0.000332402099730416 0.000267479039108562 0.000217781668869503 0.000185593485860252 0.00016974953607984 0.000167105233739546 0.000172381488915299 0.000180121257545921 0.000185197945094777 0.000183810522597616 0.000173901441430649 0.000155774752855545 0.000131633313279889 0.000104569083052655 7.79517069099471e-05 5.44906298214968e-05 3.57213623774321e-05 2.19609383502781e-05 1.26974911400503e-05 6.89673214231581e-06 3.55213245018763e-06 1.74508456605036e-06 8.22663266049477e-07 3.75802980909642e-07 6.77889993157185e-08 3.85508871936925e-08 2.04707843433971e-08 1.01498480532744e-08 4.69904441748235e-09 2.03134884435233e-09 8.19944438168884e-10 0 0 0 0 0 0 0 0 0 0 0 0 0 0 0 0 0 0 0 0 0 0 0 0 0 0 0 0 0 0 0 0 0 0 0 0 0 0 0 0 0 0 0 0 0 0 0 0 0 0 0
0 0 0 4.99229715046876e-10 1.45905784820723e-07 3.9242600469706e-07 9.62123101757802e-07 2.20312765873646e-06 4.72320217061215e-06 9.44219313731384e-06 1.76352031164366e-05 3.07758244718347e-05 5.01871707655381e-05 7.64934770051198e-05 0.000109099921919252 0.000145499098623354 0.000181680471226951 0.000212696684923875 0.000233968039863888 0.000242818334335088 0.000239266680365816 0.000226526033967135 0.000209624289430286 0.000194439925793655 0.000185904909188611 0.000187047015527759 0.000198761833507906 0.000220269544985233 0.000249799171683881 0.000285089289217983 0.000323366523231712 0.00036101029054381 0.00039331397087546 0.000414678540864183 0.000420547376255124 0.000407482451442787 0.00037569206888583 0.000328961880007202 0.000273912658622965 0.000218189732439086 0.000168719468657231 0.000130285566776962 0.000104958135103496 9.21737860619298e-05 8.97484108179433e-05 9.39192045184063e-05 0.000100693733900873 0.000106308369318396 0.000107902206853745 0.000103843260145074 9.4191084413796e-05 8.03221784372911e-05 6.41682092330438e-05 4.79685812685798e-05 3.35328534463396e-05 2.19126041426957e-05 1.33770425401741e-05 7.63230026260396e-06 4.06071511144572e-06 2.02059813045599e-06 9.39801824042421e-07 4.08147905470836e-07 1.65509837553719e-07 0 0 0 0 0 0 0 0 0 0 0 0 0 0 0 0 0 0 0 0 0 0 0 0 0 0 0 0 0 0 0 0 0 0 0 0 0 0 0 0 0 0 0 0 0 0 0 0 0 0 0 0 0 0 0 0 0 0
0 0 0 0 1.20616357676148e-07 3.19305941523768e-07 7.81961737742924e-07 1.78823150867915e-06 3.82217033966672e-06 7.62435855854932e-06 1.42038948068351e-05 2.47140818180061e-05 4.01633559762708e-05 6.09674845567159e-05 8.65116870907035e-05 0.000114684533552047 0.000142144467837342 0.000164851267275005 0.000179132940679028 0.000182878819279831 0.000176179580689391 0.000161613997381451 0.000143200013304178 0.000125554228893599 0.000112551033128342 0.000106621719306985 0.000108621634136482 0.000118183806089114 0.000134224701933643 0.000155280981293089 0.000179496060753249 0.000204387528177348 0.000226698039673774 0.000242519428614413 0.00024871130162442 0.000242742234317297 0.000224556568110684 0.000196444667628978 0.000162545644415445 0.000127721657195085 9.63934383761097e-05 7.1639599272794e-05 5.48343019539776e-05 4.57195117576609e-05 4.30141621530203e-05 4.45343953997773e-05 4.79641888683473e-05 5.1146224543938e-05 5.24354881601635e-05 5.08680195717745e-05 4.6421310384429e-05 3.97795406223487e-05 3.18847665391366e-05 2.38897462714198e-05 1.67263524976876e-05 1.09411461416552e-05 6.68438470310897e-06 3.8149629847678e-06 2.03157733575757e-06 1.01112745736185e-06 4.70117120653603e-07 2.04094444346512e-07 8.27334719543279e-08 0 0 0 0 0 0 0 0 0 0 0 0 0 0 0 0 0 0 0 0 0 0 0 0 0 0 0 0 0 0 0 0 0 0 0 0 0 0 0 0 0 0 0 0 0 0 0 0 0 0 0 0 0 0 0 0 0 0
0 0 0 0 8.03616338492312e-08 2.11323486459412e-07 5.17043280721514e-07 1.18125702810211e-06 2.52085649708736e-06 5.02220278108753e-06 9.34326028923819e-06 1.62318286261889e-05 2.63335730769281e-05 3.98966478499745e-05 5.64745099776861e-05 7.46580474055622e-05 9.22178836541751e-05 0.000106479909693257 0.000115025391229111 0.000116455930876801 0.000110819979926143 9.9756640119544e-05 8.58555780657938e-05 7.20777644105046e-05 6.09284616967474e-05 5.40183685958974e-05 5.19830920401301e-05 5.46957161683989e-05 6.15713677722275e-05 7.17710083023185e-05 8.42139266036736e-05 9.74691488498497e-05 0.000109693303330749 0.00011869597146907 0.00012277650929726 0.00012049970106358 0.000111790185427905 9.78080234182037e-05 8.0675815498621e-05 6.28984441040498e-05 4.67479208893955e-05 3.38042385793465e-05 2.47759221768818e-05 1.95536141393216e-05 1.75153063462109e-05 1.76279685547716e-05 1.88088737226678e-05 2.00662314999637e-05 2.06480344195546e-05 2.01045395882411e-05 1.84039511513198e-05 1.58162491600108e-05 1.27015393552492e-05 9.52882069541964e-06 6.67713392382465e-06 4.36984808264732e-06 2.67059537673228e-06 1.52428493221813e-06 8.12028342082708e-07 4.04194338740629e-07 1.87859956263078e-07 8.1527318669887e-08 3.3036729939833e-08 0 0 0 0 0 0 0 0 0 0 0 0 0 0 0 0 0 0 0 0 0 0 0 0 0 0 0 0 0 0 0 0 0 0 0 0 0 0 0 0 0 0 0 0 0 0 0 0 0 0 0 0 0 0 0 0 0 0
0 0 0 0 4.27710263136155e-08 1.12161263578562e-07 2.74266292829363e-07 6.26227402360369e-07 1.33529668705174e-06 2.65838123526848e-06 4.94190449957484e-06 8.57850471795823e-06 1.3905040779447e-05 2.10465323200284e-05 2.97553933496053e-05 3.92830777611293e-05 4.84426297266012e-05 5.5815307826719e-05 6.01184773730094e-05 6.06030844633077e-05 5.72825518070635e-05 5.09926595295435e-05 4.30759187513258e-05 3.50641520799282e-05 2.82625188663455e-05 2.35235082428672e-05 2.12046834194373e-05 2.12731246523429e-05 2.34573642707345e-05 2.73531120041181e-05 3.24429571664351e-05 3.80593735109128e-05 4.33659660278552e-05 4.73813380674387e-05 4.93760540251586e-05 4.87025911983042e-05 4.53140406375329e-05 3.96849058358187e-05 3.2692469242645e-05 2.5374673926395e-05 1.86713390540544e-05 1.32349396573259e-05 9.35876249216231e-06 7.00456487911344e-06 5.92620539274699e-06 5.72630186899378e-06 5.99369476243213e-06 6.35883107080366e-06 6.54418187381122e-06 6.38093178419438e-06 5.85047034007531e-06 5.03765751141555e-06 4.05057652740652e-06 3.04109506735461e-06 2.13190625416795e-06 1.39550424608095e-06 8.52941356674892e-07 4.86779336870916e-07 2.59400045907877e-07 1.29072259943305e-07 5.99681611079446e-08 2.60155792889914e-08 1.05383161109526e-08 0 0 0 0 0 0 0 0 0 0 0 0 0 0 0 0 0 0 0 0 0 0 0 0 0 0 0 0 0 0 0 0 0 0 0 0 0 0 0 0 0 0 0 0 0 0 0 0 0 0 0 0 0 0 0 0 0 0
0 0 0 0 1.81848176515194e-08 4.75992082004258e-08 1.16336356476723e-07 2.65494873414485e-07 5.65746365520262e-07 1.12567328038066e-06 2.09135565117112e-06 3.6280092248494e-06 5.87670408508403e-06 8.88841277290244e-06 1.2555130611471e-05 1.65592169193235e-05 2.0396623327966e-05 2.34665049050027e-05 2.52261142376548e-05 2.53568070599384e-05 2.38618627817004e-05 2.10864063671124e-05 1.7591060017811e-05 1.4013199865029e-05 1.08971594433168e-05 8.59989006483137e-06 7.27315459370137e-06 6.90609819801199e-06 7.38824377358411e-06 8.55591613813332e-06 1.02062947931288e-05 1.20891523272126e-05 1.39026318874736e-05 1.52981536321404e-05 1.60314191192105e-05 1.58719098342349e-05 1.48019660584685e-05 1.29786593561187e-05 1.06925915869781e-05 8.28712365719006e-06 6.07164223219215e-06 4.25957861732324e-06 2.94585553304876e-06 2.11801628609939e-06 1.69700800936063e-06 1.55948206133304e-06 1.58018191987217e-06 1.64901312609919e-06 1.68438084312809e-06 1.63612305658822e-06 1.49717304051539e-06 1.28878085706537e-06 1.03588395646092e-06 7.77442160880123e-07 5.44816212290047e-07 3.56497844268845e-07 2.17815481871566e-07 1.2426405866168e-07 6.61953183293994e-08 3.29256204467963e-08 1.52920465640583e-08 6.63165932217393e-09 2.68536766726567e-09 0 0 0 0 0 0 0 0 0 0 0 0 0 0 0 0 0 0 0 0 0 0 0 0 0 0 0 0 0 0 0 0 0 0 0 0 0 0 0 0 0 0 0 0 0 0 0 0 0 0 0 0 0 0 0 0 0 0
0 0 0 0 6.17627457494206e-09 1.61607383798435e-08 3.94839648136786e-08 9.00752060980189e-08 1.91873379322008e-07 3.81635825162082e-07 7.08775178218895e-07 1.22911583877678e-06 1.99022456439026e-06 3.00909778529696e-06 4.24863204160005e-06 5.60124608146023e-06 6.89595458208343e-06 7.92912919434998e-06 8.51667681029492e-06 8.54975240737153e-06 8.02824873331487e-06 7.06628841452239e-06 5.85149661852816e-06 4.59689070566449e-06 3.48490992207672e-06 2.63559051315393e-06 2.10034081236367e-06 1.87584371989068e-06 1.92515328931606e-06 2.19411518426645e-06 2.61791200208403e-06 3.12038192917711e-06 3.6135481205953e-06 3.99774800907227e-06 4.20797691057421e-06 4.17834379143531e-06 3.90380239908344e-06 3.42625232363732e-06 2.82316426919807e-06 2.18583017038253e-06 1.59621987634227e-06 1.11061161023678e-06 7.53852444314588e-07 5.22724856739992e-07 3.96721237409279e-07 3.44764908216808e-07 3.35791700238472e-07 3.43040420751974e-07 3.4695061559268e-07 3.35332377325671e-07 3.06081425302002e-07 2.63383085066555e-07 2.11623424281077e-07 1.58768574781857e-07 1.1122189923666e-07 7.27513437273946e-08 4.44341302064292e-08 2.5340623662716e-08 1.34940671441384e-08 6.70954988479716e-09 3.11507750979651e-09 1.35042130247087e-09 5.46631500322223e-10 0 0 0 0 0 0 0 0 0 0 0 0 0 0 0 0 0 0 0 0 0 0 0 0 0 0 0 0 0 0 0 0 0 0 0 0 0 0 0 0 0 0 0 0 0 0 0 0 0 0 0 0 0 0 0 0 0 0
0 0 0 0 1.6757244436837e-09 4.38309654045192e-09 1.0704944493404e-08 2.44125280279903e-08 5.19835628439448e-08 1.03358043656421e-07 1.9188784737046e-07 3.32640873992182e-07 5.38429327154337e-07 8.13779513844443e-07 1.14844380693657e-06 1.51334413973199e-06 1.86204683477023e-06 2.13928404912216e-06 2.29493958704752e-06 2.29897687668912e-06 2.15057523675455e-06 1.87942418852711e-06 1.53532194517201e-06 1.1751820057207e-06 8.48484591727148e-07 5.88834877331832e-07 4.12129527268438e-07 3.19808176131096e-07 3.03911110305514e-07 3.51085013142797e-07 4.44402567754716e-07 5.6369503998748e-07 6.86062960371789e-07 7.86202108035062e-07 8.48420436907829e-07 8.56414171351902e-07 8.08633138369196e-07 7.14184847471979e-07 5.90003932449365e-07 4.55906251575046e-07 3.29504448860849e-07 2.2274016119297e-07 1.40822345845333e-07 8.3265054829225e-08 4.60418496626503e-08 2.38078784566085e-08 1.15118327949244e-08 5.20476313144422e-09 2.20022085149513e-09 6.7561886861434e-10 0 0 0 0 0 0 0 0 0 0 0 0 0 0 0 0 0 0 0 0 0 0 0 0 0 0 0 0 0 0 0 0 0 0 0 0 0 0 0 0 0 0 0 0 0 0 0 0 0 0 0 0 0 0 0 0 0 0 0 0 0 0 0 0 0 0 0 0 0 0 0
0 0 0 0 3.63192590539054e-10 9.49640522811105e-10 2.31849652180221e-09 5.28540913190291e-09 1.12506010439993e-08 2.23613381983309e-08 4.14996856763071e-08 7.19145515133803e-08 1.16362675192257e-07 1.75806759790486e-07 2.48017539132129e-07 3.26703788108273e-07 4.01837902228335e-07 4.61500926807258e-07 4.94901999984905e-07 4.95553778586701e-07 4.63326698862071e-07 4.04490953909919e-07 3.2972756228191e-07 2.5097279190052e-07 1.78370481146562e-07 1.18370716781299e-07 7.33483794162537e-08 4.24386656072859e-08 2.2927561597058e-08 1.15658876570475e-08 5.44784850324397e-09 2.39605082546904e-09 9.8399293917384e-10 0 0 0 0 0 0 0 0 0 0 0 0 0 0 0 0 0 0 0 0 0 0 0 0 0 0 0 0 0 0 0 0 0 0 0 0 0 0 0 0 0 0 0 0 0 0 0 0 0 0 0 0 0 0 0 0 0 0 0 0 0 0 0 0 0 0 0 0 0 0 0 0 0 0 0 0 0 0 0 0 0 0 0 0 0 0 0 0
0 0 0 0 0 0 0 0 0 0 0 0 0 0 0 0 0 0 0 0 0 0 0 0 0 0 0 0 0 0 0 0 0 0 0 0 0 0 0 0 0 0 0 0 0 0 0 0 0 0 0 0 0 0 0 0 0 0 0 0 0 0 0 0 0 0 0 0 0 0 0 0 0 0 0 0 0 0 0 0 0 0 0 0 0 0 0 0 0 0 0 0 0 0 0 0 0 0 0 0 0 0 0 0 0 0 0 0 0 0 0 0 0 0 0 0 0 0 0 0 0
0 0 0 0 0 0 0 0 0 0 0 0 0 0 0 0 0 0 0 0 0 0 0 0 0 0 0 0 0 0 0 0 0 0 0 0 0 0 0 0 0 0 0 0 0 0 0 0 0 0 0 0 0 0 0 0 0 0 0 0 0 0 0 0 0 0 0 0 0 0 0 0 0 0 0 0 0 0 0 0 0 0 0 0 0 0 0 0 0 0 0 0 0 0 0 0 0 0 0 0 0 0 0 0 0 0 0 0 0 0 0 0 0 0 0 0 0 0 0 0 0
0 0 0 0 0 0 0 0 0 0 0 0 0 0 0 0 0 0 0 0 0 0 0 0 0 0 0 0 0 0 0 0 0 0 0 0 0 0 0 0 0 0 0 0 0 0 0 0 0 0 0 0 0 0 0 0 0 0 0 0 0 0 0 0 0 0 0 0 0 0 0 0 0 0 0 0 0 0 0 0 0 0 0 0 0 0 0 0 0 0 0 0 0 0 0 0 0 0 0 0 0 0 0 0 0 0 0 0 0 0 0 0 0 0 0 0 0 0 0 0 0
0 0 0 0 0 0 0 0 0 0 0 0 0 0 0 0 0 0 0 0 0 0 0 0 0 0 0 0 0 0 0 0 0 0 0 0 0 0 0 0 0 0 0 0 0 0 0 0 0 0 0 0 0 0 0 0 0 0 0 0 0 0 0 0 0 0 0 0 0 0 0 0 0 0 0 0 0 0 0 0 0 0 0 0 0 0 0 0 0 0 0 0 0 0 0 0 0 0 0 0 0 0 0 0 0 0 0 0 0 0 0 0 0 0 0 0 0 0 0 0 0
0 0 0 0 0 0 0 0 0 0 0 0 0 0 0 0 0 0 0 0 0 0 0 0 0 0 0 0 0 0 0 0 0 0 0 0 0 0 0 0 0 0 0 0 0 0 0 0 0 0 0 0 0 0 0 0 0 0 0 0 0 0 0 0 0 0 0 0 0 0 0 0 0 0 0 0 0 0 0 0 0 0 0 0 0 0 0 0 0 0 0 0 0 0 0 0 0 0 0 0 0 0 0 0 0 0 0 0 0 0 0 0 0 0 0 0 0 0 0 0 0
0 0 0 0 0 0 0 0 0 0 0 0 0 0 0 0 0 0 0 0 0 0 0 0 0 0 0 0 0 0 0 0 0 0 0 0 0 0 0 0 0 0 0 0 0 0 0 0 0 0 0 0 0 0 0 0 0 0 0 0 0 0 0 0 0 0 0 0 0 0 0 0 0 0 0 0 0 0 0 0 0 0 0 0 0 0 0 0 0 0 0 0 0 0 0 0 0 0 0 0 0 0 0 0 0 0 0 0 0 0 0 0 0 0 0 0 0 0 0 0 0
0 0 0 0 0 0 0 0 0 0 0 0 0 0 0 0 0 0 0 0 0 0 0 0 0 0 0 0 0 0 0 0 0 0 0 0 0 0 0 0 0 0 0 0 0 0 0 0 0 0 0 0 0 0 0 0 0 0 0 0 0 0 0 0 0 0 0 0 0 0 0 0 0 0 0 0 0 0 0 0 0 0 0 0 0 0 0 0 0 0 0 0 0 0 0 0 0 0 0 0 0 0 0 0 0 0 0 0 0 0 0 0 0 0 0 0 0 0 0 0 0
0 0 0 0 0 0 0 0 0 0 0 0 0 0 0 0 0 0 0 0 0 0 0 0 0 0 0 0 0 0 0 0 0 0 0 0 0 0 0 0 0 0 0 0 0 0 0 0 0 0 0 0 0 0 0 0 0 0 0 0 0 0 0 0 0 0 0 0 0 0 0 0 0 0 0 0 0 0 0 0 0 0 0 0 0 0 0 0 0 0 0 0 0 0 0 0 0 0 0 0 0 0 0 0 0 0 0 0 0 0 0 0 0 0 0 0 0 0 0 0 0
0 0 0 0 0 0 0 0 0 0 0 0 0 0 0 0 0 0 0 0 0 0 0 0 0 0 0 0 0 0 0 0 0 0 0 0 0 0 0 0 0 0 0 0 0 0 0 0 0 0 0 0 0 0 0 0 0 0 0 0 0 0 0 0 0 0 0 0 0 0 0 0 0 0 0 0 0 0 0 0 0 0 0 0 0 0 0 0 0 0 0 0 0 0 0 0 0 0 0 0 0 0 0 0 0 0 0 0 0 0 0 0 0 0 0 0 0 0 0 0 0
0 0 0 0 0 0 0 0 0 0 0 0 0 0 0 0 0 0 0 0 0 0 0 0 0 0 0 0 0 0 0 0 0 0 0 0 0 0 0 0 0 0 0 0 0 0 0 0 0 0 0 0 0 0 0 0 0 0 0 0 0 0 0 0 0 0 0 0 0 0 0 0 0 0 0 0 0 0 0 0 0 0 0 0 0 0 0 0 0 0 0 0 0 0 0 0 0 0 0 0 0 0 0 0 0 0 0 0 0 0 0 0 0 0 0 0 0 0 0 0 0
0 0 0 0 0 0 0 0 0 0 0 0 0 0 0 0 0 0 0 0 0 0 0 0 0 0 0 0 0 0 0 0 0 0 0 0 0 0 0 0 0 0 0 0 0 0 0 0 0 0 0 0 0 0 0 0 0 0 0 0 0 0 0 0 0 0 0 0 0 0 0 0 0 0 0 0 0 0 0 0 0 0 0 0 0 0 0 0 0 0 0 0 0 0 0 0 0 0 0 0 0 0 0 0 0 0 0 0 0 0 0 0 0 0 0 0 0 0 0 0 0
0 0 0 0 0 0 0 0 0 0 0 0 0 0 0 0 0 0 0 0 0 0 0 0 0 0 0 0 0 0 0 0 0 0 0 0 0 0 0 0 0 0 0 0 0 0 0 0 0 0 0 0 0 0 0 0 0 0 0 0 0 0 0 0 0 0 0 0 0 0 0 0 0 0 0 0 0 0 0 0 0 0 0 0 0 0 0 0 0 0 0 0 0 0 0 0 0 0 0 0 0 0 0 0 0 0 0 0 0 0 0 0 0 0 0 0 0 0 0 0 0
0 0 0 0 0 0 0 0 0 0 0 0 0 0 0 0 0 0 0 0 0 0 0 0 0 0 0 0 0 0 0 0 0 0 0 0 0 0 0 0 0 0 0 0 0 0 0 0 0 0 0 0 0 0 0 0 0 0 0 0 0 0 0 0 0 0 0 0 0 0 0 0 0 0 0 0 0 0 0 0 0 0 0 0 0 0 0 0 0 0 0 0 0 0 0 0 0 0 0 0 0 0 0 0 0 0 0 0 0 0 0 0 0 0 0 0 0 0 0 0 0
0 0 0 0 0 0 0 0 0 0 0 0 0 0 0 0 0 0 0 0 0 0 0 0 0 0 0 0 0 0 0 0 0 0 0 0 0 0 0 0 0 0 0 0 0 0 0 0 0 0 0 0 0 0 0 0 0 0 0 0 0 0 0 0 0 0 0 0 0 0 0 0 0 0 0 0 0 0 0 0 0 0 0 0 0 0 0 0 0 0 0 0 0 0 0 0 0 0 0 0 0 0 0 0 0 0 0 0 0 0 0 0 0 0 0 0 0 0 0 0 0
0 0 0 0 0 0 0 0 0 0 0 0 0 0 0 0 0 0 0 0 0 0 0 0 0 0 0 0 0 0 0 0 0 0 0 0 0 0 0 0 0 0 0 0 0 0 0 0 0 0 0 0 0 0 0 0 0 0 0 0 0 0 0 0 0 0 0 0 0 0 0 0 0 0 0 0 0 0 0 0 0 0 0 0 0 0 0 0 0 0 0 0 0 0 0 0 0 0 0 0 0 0 0 0 0 0 0 0 0 0 0 0 0 0 0 0 0 0 0 0 0
0 0 0 0 0 0 0 0 0 0 0 0 0 0 0 0 0 0 0 0 0 0 0 0 0 0 0 0 0 0 0 0 0 0 0 0 0 0 0 0 0 0 0 0 0 0 0 0 0 0 0 0 0 0 0 0 0 0 0 0 0 0 0 0 0 0 0 0 0 0 0 0 0 0 0 0 0 0 0 0 0 0 0 0 0 0 0 0 0 0 0 0 0 0 0 0 0 0 0 0 0 0 0 0 0 0 0 0 0 0 0 0 0 0 0 0 0 0 0 0 0
0 0 0 0 0 0 0 0 0 0 0 0 0 0 0 0 0 0 0 0 0 0 0 0 0 0 0 0 0 0 0 0 0 0 0 0 0 0 0 0 0 0 0 0 0 0 0 0 0 0 0 0 0 0 0 0 0 0 0 0 0 0 0 0 0 0 0 0 0 0 0 0 0 0 0 0 0 0 0 0 0 0 0 0 0 0 0 0 0 0 0 0 0 0 0 0 0 0 0 0 0 0 0 0 0 0 0 0 0 0 0 0 0 0 0 0 0 0 0 0 0
0 0 0 0 0 0 0 0 0 0 0 0 0 0 0 0 0 0 0 0 0 0 0 0 0 0 0 0 0 0 0 0 0 0 0 0 0 0 0 0 0 0 0 0 0 0 0 0 0 0 0 0 0 0 0 0 0 0 0 0 0 0 0 0 0 0 0 0 0 0 0 0 0 0 0 0 0 0 0 0 0 0 0 0 0 0 0 0 0 0 0 0 0 0 0 0 0 0 0 0 0 0 0 0 0 0 0 0 0 0 0 0 0 0 0 0 0 0 0 0 0
0 0 0 0 0 0 0 0 0 0 0 0 0 0 0 0 0 0 0 0 0 0 0 0 0 0 0 0 0 0 0 0 0 0 0 0 0 0 0 0 0 0 0 0 0 0 0 0 0 0 0 0 0 0 0 0 0 0 0 0 0 0 0 0 0 0 0 0 0 0 0 0 0 0 0 0 0 0 0 0 0 0 0 0 0 0 0 0 0 0 0 0 0 0 0 0 0 0 0 0 0 0 0 0 0 0 0 0 0 0 0 0 0 0 0 0 0 0 0 0 0
0 0 0 0 0 0 0 0 0 0 0 0 0 0 0 0 0 0 0 0 0 0 0 0 0 0 0 0 0 0 0 0 0 0 0 0 0 0 0 0 0 0 0 0 0 0 0 0 0 0 0 0 0 0 0 0 0 0 0 0 0 0 0 0 0 0 0 0 0 0 0 0 0 0 0 0 0 0 0 0 0 0 0 0 0 0 0 0 0 0 0 0 0 0 0 0 0 0 0 0 0 0 0 0 0 0 0 0 0 0 0 0 0 0 0 0 0 0 0 0 0
0 0 0 0 0 0 0 0 0 0 0 0 0 0 0 0 0 0 0 0 0 0 0 0 0 0 0 0 0 0 0 0 0 0 0 0 0 0 0 0 0 0 0 0 0 0 0 0 0 0 0 0 0 0 0 0 0 0 0 0 0 0 0 0 0 0 0 0 0 0 0 0 0 0 0 0 0 0 0 0 0 0 0 0 0 0 0 0 0 0 0 0 0 0 0 0 0 0 0 0 0 0 0 0 0 0 0 0 0 0 0 0 0 0 0 0 0 0 0 0 0
0 0 0 0 0 0 0 0 0 0 0 0 0 0 0 0 0 0 0 0 0 0 0 0 0 0 0 0 0 0 0 0 0 0 0 0 0 0 0 0 0 0 0 0 0 0 0 0 0 0 0 0 0 0 0 0 0 0 0 0 0 0 0 0 0 0 0 0 0 0 0 0 0 0 0 0 0 0 0 0 0 0 0 0 0 0 0 0 0 0 0 0 0 0 0 0 0 0 0 0 0 0 0 0 0 0 0 0 0 0 0 0 0 0 0 0 0 0 0 0 0
0 0 0 0 0 0 0 0 0 0 0 0 0 0 0 0 0 0 0 0 0 0 0 0 0 0 0 0 0 0 0 0 0 0 0 0 0 0 0 0 0 0 0 0 0 0 0 0 0 0 0 0 0 0 0 0 0 0 0 0 0 0 0 0 0 0 0 0 0 0 0 0 0 0 0 0 0 0 0 0 0 0 0 0 0 0 0 0 0 0 0 0 0 0 0 0 0 0 0 0 0 0 0 0 0 0 0 0 0 0 0 0 0 0 0 0 0 0 0 0 0
0 0 0 0 0 0 0 0 0 0 0 0 0 0 0 0 0 0 0 0 0 0 0 0 0 0 0 0 0 0 0 0 0 0 0 0 0 0 0 0 0 0 0 0 0 0 0 0 0 0 0 0 0 0 0 0 0 0 0 0 0 0 0 0 0 0 0 0 0 0 0 0 0 0 0 0 0 0 0 0 0 0 0 0 0 0 0 0 0 0 0 0 0 0 0 0 0 0 0 0 0 0 0 0 0 0 0 0 0 0 0 0 0 0 0 0 0 0 0 0 0
0 0 0 0 0 0 0 0 0 0 0 0 0 0 0 0 0 0 0 0 0 0 0 0 0 0 0 0 0 0 0 0 0 0 0 0 0 0 0 0 0 0 0 0 0 0 0 0 0 0 0 0 0 0 0 0 0 0 0 0 0 0 0 0 0 0 0 0 0 0 0 0 0 0 0 0 0 0 0 0 0 0 0 0 0 0 0 0 0 0 0 0 0 0 0 0 0 0 0 0 0 0 0 0 0 0 0 0 0 0 0 0 0 0 0 0 0 0 0 0 0
0 0 0 0 0 0 0 0 0 0 0 0 0 0 0 0 0 0 0 0 0 0 0 0 0 0 0 0 0 0 0 0 0 0 0 0 0 0 0 0 0 0 0 0 0 0 0 0 0 0 0 0 0 0 0 0 0 0 0 0 0 0 0 0 0 0 0 0 0 0 0 0 0 0 0 0 0 0 0 0 0 0 0 0 0 0 0 0 0 0 0 0 0 0 0 0 0 0 0 0 0 0 0 0 0 0 0 0 0 0 0 0 0 0 0 0 0 0 0 0 0
0 0 0 0 0 0 0 0 0 0 0 0 0 0 0 0 0 0 0 0 0 0 0 0 0 0 0 0 0 0 0 0 0 0 0 0 0 0 0 0 0 0 0 0 0 0 0 0 0 0 0 0 0 0 0 0 0 0 0 0 0 0 0 0 0 0 0 0 0 0 0 0 0 0 0 0 0 0 0 0 0 0 0 0 0 0 0 0 0 0 0 0 0 0 0 0 0 0 0 0 0 0 0 0 0 0 0 0 0 0 0 0 0 0 0 0 0 0 0 0 0
0 0 0 0 0 0 0 0 0 0 0 0 0 0 0 0 0 0 0 0 0 0 0 0 0 0 0 0 0 0 0 0 0 0 0 0 0 0 0 0 0 0 0 0 0 0 0 0 0 0 0 0 0 0 0 0 0 0 0 0 0 0 0 0 0 0 0 0 0 0 0 0 0 0 0 0 0 0 0 0 0 0 0 0 0 0 0 0 0 0 0 0 0 0 0 0 0 0 0 0 0 0 0 0 0 0 0 0 0 0 0 0 0 0 0 0 0 0 0 0 0
0 0 0 0 0 0 0 0 0 0 0 0 0 0 0 0 0 0 0 0 0 0 0 0 0 0 0 0 0 0 0 0 0 0 0 0 0 0 0 0 0 0 0 0 0 0 0 0 0 0 0 0 0 0 0 0 0 0 0 0 0 0 0 0 0 0 0 0 0 0 0 0 0 0 0 0 0 0 0 0 0 0 0 0 0 0 0 0 0 0 0 0 0 0 0 0 0 0 0 0 0 0 0 0 0 0 0 0 0 0 0 0 0 0 0 0 0 0 0 0 0
0 0 0 0 0 0 0 0 0 0 0 0 0 0 0 0 0 0 0 0 0 0 0 0 0 0 0 0 0 0 0 0 0 0 0 0 0 0 0 0 0 0 0 0 0 0 0 0 0 0 0 0 0 0 0 0 0 0 0 0 0 0 0 0 0 0 0 0 0 0 0 0 0 0 0 0 0 0 0 0 0 0 0 0 0 0 0 0 0 0 0 0 0 0 0 0 0 0 0 0 0 0 0 0 0 0 0 0 0 0 0 0 0 0 0 0 0 0 0 0 0
0 0 0 0 0 0 0 0 0 0 0 0 0 0 0 0 0 0 0 0 0 0 0 0 0 0 0 0 0 0 0 0 0 0 0 0 0 0 0 0 0 0 0 0 0 0 0 0 0 0 0 0 0 0 0 0 0 0 0 0 0 0 0 0 0 0 0 0 0 0 0 0 0 0 0 0 0 0 0 0 0 0 0 0 0 0 0 0 0 0 0 0 0 0 0 0 0 0 0 0 0 0 0 0 0 0 0 0 0 0 0 0 0 0 0 0 0 0 0 0 0
0 0 0 0 0 0 0 0 0 0 0 0 0 0 0 0 0 0 0 0 0 0 0 0 0 0 0 0 0 0 0 0 0 0 0 0 0 0 0 0 0 0 0 0 0 0 0 0 0 0 0 0 0 0 0 0 0 0 0 0 0 0 0 0 0 0 0 0 0 0 0 0 0 0 0 0 0 0 0 0 0 0 0 0 0 0 0 0 0 0 0 0 0 0 0 0 0 0 0 0 0 0 0 0 0 0 0 0 0 0 0 0 0 0 0 0 0 0 0 0 0
0 0 0 0 0 0 0 0 0 0 0 0 0 0 0 0 0 0 0 0 0 0 0 0 0 0 0 0 0 0 0 0 0 0 0 0 0 0 0 0 0 0 0 0 0 0 0 0 0 0 0 0 0 0 0 0 0 0 0 0 0 0 0 0 0 0 0 0 0 0 0 0 0 0 0 0 0 0 0 0 0 0 0 0 0 0 0 0 0 0 0 0 0 0 0 0 0 0 0 0 0 0 0 0 0 0 0 0 0 0 0 0 0 0 0 0 0 0 0 0 0
0 0 0 0 0 0 0 0 0 0 0 0 0 0 0 0 0 0 0 0 0 0 0 0 0 0 0 0 0 0 0 0 0 0 0 0 0 0 0 0 0 0 0 0 0 0 0 0 0 0 0 0 0 0 0 0 0 0 0 0 0 0 0 0 0 0 0 0 0 0 0 0 0 0 0 0 0 0 0 0 0 0 0 0 0 0 0 0 0 0 0 0 0 0 0 0 0 0 0 0 0 0 0 0 0 0 0 0 0 0 0 0 0 0 0 0 0 0 0 0 0
0 0 0 0 0 0 0 0 0 0 0 0 0 0 0 0 0 0 0 0 0 0 0 0 0 0 0 0 0 0 0 0 0 0 0 0 0 0 0 0 0 0 0 0 0 0 0 0 0 0 0 0 0 0 0 0 0 0 0 0 0 0 0 0 0 0 0 0 0 0 0 0 0 0 0 0 0 0 0 0 0 0 0 0 0 0 0 0 0 0 0 0 0 0 0 0 0 0 0 0 0 0 0 0 0 0 0 0 0 0 0 0 0 0 0 0 0 0 0 0 0
0 0 0 0 0 0 0 0 0 0 0 0 0 0 0 0 0 0 0 0 0 0 0 0 0 0 0 0 0 0 0 0 0 0 0 0 0 0 0 0 0 0 0 0 0 0 0 0 0 0 0 0 0 0 0 0 0 0 0 0 0 0 0 0 0 0 0 0 0 0 0 0 0 0 0 0 0 0 0 0 0 0 0 0 0 0 0 0 0 0 0 0 0 0 0 0 0 0 0 0 0 0 0 0 0 0 0 0 0 0 0 0 0 0 0 0 0 0 0 0 0
0 0 0 0 0 0 0 0 0 0 0 0 0 0 0 0 0 0 0 0 0 0 0 0 0 0 0 0 0 0 0 0 0 0 0 0 0 0 0 0 0 0 0 0 0 0 0 0 0 0 0 0 0 0 0 0 0 0 0 0 0 0 0 0 0 0 0 0 0 0 0 0 0 0 0 0 0 0 0 0 0 0 0 0 0 0 0 0 0 0 0 0 0 0 0 0 0 0 0 0 0 0 0 0 0 0 0 0 0 0 0 0 0 0 0 0 0 0 0 0 0
0 0 0 0 0 0 0 0 0 0 0 0 0 0 0 0 0 0 0 0 0 0 0 0 0 0 0 0 0 0 0 0 0 0 0 0 0 0 0 0 0 0 0 0 0 0 0 0 0 0 0 0 0 0 0 0 0 0 0 0 0 0 0 0 0 0 0 0 0 0 0 0 0 0 0 0 0 0 0 0 0 0 0 0 0 0 0 0 0 0 0 0 0 0 0 0 0 0 0 0 0 0 0 0 0 0 0 0 0 0 0 0 0 0 0 0 0 0 0 0 0
0 0 0 0 0 0 0 0 0 0 0 0 0 0 0 0 0 0 0 0 0 0 0 0 0 0 0 0 0 0 0 0 0 0 0 0 0 0 0 0 0 0 0 0 0 0 0 0 0 0 0 0 0 0 0 0 0 0 0 0 0 0 0 0 0 0 0 0 0 0 0 0 0 0 0 0 0 0 0 0 0 0 0 0 0 0 0 0 0 0 0 0 0 0 0 0 0 0 0 0 0 0 0 0 0 0 0 0 0 0 0 0 0 0 0 0 0 0 0 0 0
0 0 0 0 0 0 0 0 0 0 0 0 0 0 0 0 0 0 0 0 0 0 0 0 0 0 0 0 0 0 0 0 0 0 0 0 0 0 0 0 0 0 0 0 0 0 0 0 0 0 0 0 0 0 0 0 0 0 0 0 0 0 0 0 0 0 0 0 0 0 0 0 0 0 0 0 0 0 0 0 0 0 0 0 0 0 0 0 0 0 0 0 0 0 0 0 0 0 0 0 0 0 0 0 0 0 0 0 0 0 0 0 0 0 0 0 0 0 0 0 0
0 0 0 0 0 0 0 0 0 0 0 0 0 0 0 0 0 0 0 0 0 0 0 0 0 0 0 0 0 0 0 0 0 0 0 0 0 0 0 0 0 0 0 0 0 0 0 0 0 0 0 0 0 0 0 0 0 0 0 0 0 0 0 0 0 0 0 0 0 0 0 0 0 0 0 0 0 0 0 0 0 0 0 0 0 0 0 0 0 0 0 0 0 0 0 0 0 0 0 0 0 0 0 0 0 0 0 0 0 0 0 0 0 0 0 0 0 0 0 0 0
0 0 0 0 0 0 0 0 0 0 0 0 0 0 0 0 0 0 0 0 0 0 0 0 0 0 0 0 0 0 0 0 0 0 0 0 0 0 0 0 0 0 0 0 0 0 0 0 0 0 0 0 0 0 0 0 0 0 0 0 0 0 0 0 0 0 0 0 0 0 0 0 0 0 0 0 0 0 0 0 0 0 0 0 0 0 0 0 0 0 0 0 0 0 0 0 0 0 0 0 0 0 0 0 0 0 0 0 0 0 0 0 0 0 0 0 0 0 0 0 0
0 0 0 0 0 0 0 0 0 0 0 0 0 0 0 0 0 0 0 0 0 0 0 0 0 0 0 0 0 0 0 0 0 0 0 0 0 0 0 0 0 0 0 0 0 0 0 0 0 0 0 0 0 0 0 0 0 0 0 0 0 0 0 0 0 0 0 0 0 0 0 0 0 0 0 0 0 0 0 0 0 0 0 0 0 0 0 0 0 0 0 0 0 0 0 0 0 0 0 0 0 0 0 0 0 0 0 0 0 0 0 0 0 0 0 0 0 0 0 0 0
0 0 0 0 0 0 0 0 0 0 0 0 0 0 0 0 0 0 0 0 0 0 0 0 0 0 0 0 0 0 0 0 0 0 0 0 0 0 0 0 0 0 0 0 0 0 0 0 0 0 0 0 0 0 0 0 0 0 0 0 0 0 0 0 0 0 0 0 0 0 0 0 0 0 0 0 0 0 0 0 0 0 0 0 0 0 0 0 0 0 0 0 0 0 0 0 0 0 0 0 0 0 0 0 0 0 0 0 0 0 0 0 0 0 0 0 0 0 0 0 0
0 0 0 0 0 0 0 0 0 0 0 0 0 0 0 0 0 0 0 0 0 0 0 0 0 0 0 0 0 0 0 0 0 0 0 0 0 0 0 0 0 0 0 0 0 0 0 0 0 0 0 0 0 0 0 0 0 0 0 0 0 0 0 0 0 0 0 0 0 0 0 0 0 0 0 0 0 0 0 0 0 0 0 0 0 0 0 0 0 0 0 0 0 0 0 0 0 0 0 0 0 0 0 0 0 0 0 0 0 0 0 0 0 0 0 0 0 0 0 0 0
0 0 0 0 0 0 0 0 0 0 0 0 0 0 0 0 0 0 0 0 0 0 0 0 0 0 0 0 0 0 0 0 0 0 0 0 0 0 0 0 0 0 0 0 0 0 0 0 0 0 0 0 0 0 0 0 0 0 0 0 0 0 0 0 0 0 0 0 0 0 0 0 0 0 0 0 0 0 0 0 0 0 0 0 0 0 0 0 0 0 0 0 0 0 0 0 0 0 0 0 0 0 0 0 0 0 0 0 0 0 0 0 0 0 0 0 0 0 0 0 0
0 0 0 0 0 0 0 0 0 0 0 0 0 0 0 0 0 0 0 0 0 0 0 0 0 0 0 0 0 0 0 0 0 0 0 0 0 0 0 0 0 0 0 0 0 0 0 0 0 0 0 0 0 0 0 0 0 0 0 0 0 0 0 0 0 0 0 0 0 0 0 0 0 0 0 0 0 0 0 0 0 0 0 0 0 0 0 0 0 0 0 0 0 0 0 0 0 0 0 0 0 0 0 0 0 0 0 0 0 0 0 0 0 0 0 0 0 0 0 0 0
0 0 0 0 0 0 0 0 0 0 0 0 0 0 0 0 0 0 0 0 0 0 0 0 0 0 0 0 0 0 0 0 0 0 0 0 0 0 0 0 0 0 0 0 0 0 0 0 0 0 0 0 0 0 0 0 0 0 0 0 0 0 0 0 0 0 0 0 0 0 0 0 0 0 0 0 0 0 0 0 0 0 0 0 0 0 0 0 0 0 0 0 0 0 0 0 0 0 0 0 0 0 0 0 0 0 0 0 0 0 0 0 0 0 0 0 0 0 0 0 0
0 0 0 0 0 0 0 0 0 0 0 0 0 0 0 0 0 0 0 0 0 0 0 0 0 0 0 0 0 0 0 0 0 0 0 0 0 0 0 0 0 0 0 0 0 0 0 0 0 0 0 0 0 0 0 0 0 0 0 0 0 0 0 0 0 0 0 0 0 0 0 0 0 0 0 0 0 0 0 0 0 0 0 0 0 0 0 0 0 0 0 0 0 0 0 0 0 0 0 0 0 0 0 0 0 0 0 0 0 0 0 0 0 0 0 0 0 0 0 0 0
0 0 0 0 0 0 0 0 0 0 0 0 0 0 0 0 0 0 0 0 0 0 0 0 0 0 0 0 0 0 0 0 0 0 0 0 0 0 0 0 0 0 0 0 0 0 0 0 0 0 0 0 0 0 0 0 0 0 0 0 0 0 0 0 0 0 0 0 0 0 0 0 0 0 0 0 0 0 0 0 0 0 0 0 0 0 0 0 0 0 0 0 0 0 0 0 0 0 0 0 0 0 0 0 0 0 0 0 0 0 0 0 0 0 0 0 0 0 0 0 0
0 0 0 0 0 0 0 0 0 0 0 0 0 0 0 0 0 0 0 0 0 0 0 0 0 0 0 0 0 0 0 0 0 0 0 0 0 0 0 0 0 0 0 0 0 0 0 0 0 0 0 0 0 0 0 0 0 0 0 0 0 0 0 0 0 0 0 0 0 0 0 0 0 0 0 0 0 0 0 0 0 0 0 0 0 0 0 0 0 0 0 0 0 0 0 0 0 0 0 0 0 0 0 0 0 0 0 0 0 0 0 0 0 0 0 0 0 0 0 0 0
0 0 0 0 0 0 0 0 0 0 0 0 0 0 0 0 0 0 0 0 0 0 0 0 0 0 0 0 0 0 0 0 0 0 0 0 0 0 0 0 0 0 0 0 0 0 0 0 0 0 0 0 0 0 0 0 0 0 0 0 0 0 0 0 0 0 0 0 0 0 0 0 0 0 0 0 0 0 0 0 0 0 0 0 0 0 0 0 0 0 0 0 0 0 0 0 0 0 0 0 0 0 0 0 0 0 0 0 0 0 0 0 0 0 0 0 0 0 0 0 0
0 0 0 0 0 0 0 0 0 0 0 0 0 0 0 0 0 0 0 0 0 0 0 0 0 0 0 0 0 0 0 0 0 0 0 0 0 0 0 0 0 0 0 0 0 0 0 0 0 0 0 0 0 0 0 0 0 0 0 0 0 0 0 0 0 0 0 0 0 0 0 0 0 0 0 0 0 0 0 0 0 0 0 0 0 0 0 0 0 0 0 0 0 0 0 0 0 0 0 0 0 0 0 0 0 0 0 0 0 0 0 0 0 0 0 0 0 0 0 0 0
0 0 0 0 0 0 0 0 0 0 0 0 0 0 0 0 0 0 0 0 0 0 0 0 0 0 0 0 0 0 0 0 0 0 0 0 0 0 0 0 0 0 0 0 0 0 0 0 0 0 0 0 0 0 0 0 0 0 0 0 0 0 0 0 0 0 0 0 0 0 0 0 0 0 0 0 0 0 0 0 0 0 0 0 0 0 0 0 0 0 0 0 0 0 0 0 0 0 0 0 0 0 0 0 0 0 0 0 0 0 0 0 0 0 0 0 0 0 0 0 0
0 0 0 0 0 0 0 0 0 0 0 0 0 0 0 0 0 0 0 0 0 0 0 0 0 0 0 0 0 0 0 0 0 0 0 0 0 0 0 0 0 0 0 0 0 0 0 0 0 0 0 0 0 0 0 0 0 0 0 0 0 0 0 0 0 0 0 0 0 0 0 0 0 0 0 0 0 0 0 0 0 0 0 0 0 0 0 0 0 0 0 0 0 0 0 0 0 0 0 0 0 0 0 0 0 0 0 0 0 0 0 0 0 0 0 0 0 0 0 0 0
0 0 0 0 0 0 0 0 0 0 0 0 0 0 0 0 0 0 0 0 0 0 0 0 0 0 0 0 0 0 0 0 0 0 0 0 0 0 0 0 0 0 0 0 0 0 0 0 0 0 0 0 0 0 0 0 0 0 0 0 0 0 0 0 0 0 0 0 0 0 0 0 0 0 0 0 0 0 0 0 0 0 0 0 0 0 0 0 0 0 0 0 0 0 0 0 0 0 0 0 0 0 0 0 0 0 0 0 0 0 0 0 0 0 0 0 0 0 0 0 0
0 0 0 0 0 0 0 0 0 0 0 0 0 0 0 0 0 0 0 0 0 0 0 0 0 0 0 0 0 0 0 0 0 0 0 0 0 0 0 0 0 0 0 0 0 0 0 0 0 0 0 0 0 0 0 0 0 0 0 0 0 0 0 0 0 0 0 0 0 0 0 0 0 0 0 0 0 0 0 0 0 0 0 0 0 0 0 0 0 0 0 0 0 0 0 0 0 0 0 0 0 0 0 0 0 0 0 0 0 0 0 0 0 0 0 0 0 0 0 0 0
0 0 0 0 0 0 0 0 0 0 0 0 0 0 0 0 0 0 0 0 0 0 0 0 0 0 0 0 0 0 0 0 0 0 0 0 0 0 0 0 0 0 0 0 0 0 0 0 0 0 0 0 0 0 0 0 0 0 0 0 0 0 0 0 0 0 0 0 0 0 0 0 0 0 0 0 0 0 0 0 0 0 0 0 0 0 0 0 0 0 0 0 0 0 0 0 0 0 0 0 0 0 0 0 0 0 0 0 0 0 0 0 0 0 0 0 0 0 0 0 0
0 0 0 0 0 0 0 0 0 0 0 0 0 0 0 0 0 0 0 0 0 0 0 0 0 0 0 0 0 0 0 0 0 0 0 0 0 0 0 0 0 0 0 0 0 0 0 0 0 0 0 0 0 0 0 0 0 0 0 0 0 0 0 0 0 0 0 0 0 0 0 0 0 0 0 0 0 0 0 0 0 0 0 0 0 0 0 0 0 0 0 0 0 0 0 0 0 0 0 0 0 0 0 0 0 0 0 0 0 0 0 0 0 0 0 0 0 0 0 0 0
0 0 0 0 0 0 0 0 0 0 0 0 0 0 0 0 0 0 0 0 0 0 0 0 0 0 0 0 0 0 0 0 0 0 0 0 0 0 0 0 0 0 0 0 0 0 0 0 0 0 0 0 0 0 0 0 0 0 0 0 0 0 0 0 0 0 0 0 0 0 0 0 0 0 0 0 0 0 0 0 0 0 0 0 0 0 0 0 0 0 0 0 0 0 0 0 0 0 0 0 0 0 0 0 0 0 0 0 0 0 0 0 0 0 0 0 0 0 0 0 0
0 0 0 0 0 0 0 0 0 0 0 0 0 0 0 0 0 0 0 0 0 0 0 0 0 0 0 0 0 0 0 0 0 0 0 0 0 0 0 0 0 0 0 0 0 0 0 0 0 0 0 0 0 0 0 0 0 0 0 0 0 0 0 0 0 0 0 0 0 0 0 0 0 0 0 0 0 0 0 0 0 0 0 0 0 0 0 0 0 0 0 0 0 0 0 0 0 0 0 0 0 0 0 0 0 0 0 0 0 0 0 0 0 0 0 0 0 0 0 0 0
0 0 0 0 0 0 0 0 0 0 0 0 0 0 0 0 0 0 0 0 0 0 0 0 0 0 0 0 0 0 0 0 0 0 0 0 0 0 0 0 0 0 0 0 0 0 0 0 0 0 0 0 0 0 0 0 0 0 0 0 0 0 0 0 0 0 0 0 0 0 0 0 0 0 0 0 0 0 0 0 0 0 0 0 0 0 0 0 0 0 0 0 0 0 0 0 0 0 0 0 0 0 0 0 0 0 0 0 0 0 0 0 0 0 0 0 0 0 0 0 0
0 0 0 0 0 0 0 0 0 0 0 0 0 0 0 0 0 0 0 0 0 0 0 0 0 0 0 0 0 0 0 0 0 0 0 0 0 0 0 0 0 0 0 0 0 0 0 0 0 0 0 0 0 0 0 0 0 0 0 0 0 0 0 0 0 0 0 0 0 0 0 0 0 0 0 0 0 0 0 0 0 0 0 0 0 0 0 0 0 0 0 0 0 0 0 0 0 0 0 0 0 0 0 0 0 0 0 0 0 0 0 0 0 0 0 0 0 0 0 0 0
0 0 0 0 0 0 0 0 0 0 0 0 0 0 0 0 0 0 0 0 0 0 0 0 0 0 0 0 0 0 0 0 0 0 0 0 0 0 0 0 0 0 0 0 0 0 0 0 0 0 0 0 0 0 0 0 0 0 0 0 0 0 0 0 0 0 0 0 0 0 0 0 0 0 0 0 0 0 0 0 0 0 0 0 0 0 0 0 0 0 0 0 0 0 0 0 0 0 0 0 0 0 0 0 0 0 0 0 0 0 0 0 0 0 0 0 0 0 0 0 0
0 0 0 0 0 0 0 0 0 0 0 0 0 0 0 0 0 0 0 0 0 0 0 0 0 0 0 0 0 0 0 0 0 0 0 0 0 0 0 0 0 0 0 0 0 0 0 0 0 0 0 0 0 0 0 0 0 0 0 0 0 0 0 0 0 0 0 0 0 0 0 0 0 0 0 0 0 0 0 0 0 0 0 0 0 0 0 0 0 0 0 0 0 0 0 0 0 0 0 0 0 0 0 0 0 0 0 0 0 0 0 0 0 0 0 0 0 0 0 0 0
0 0 0 0 0 0 0 0 0 0 0 0 0 0 0 0 0 0 0 0 0 0 0 0 0 0 0 0 0 0 0 0 0 0 0 0 0 0 0 0 0 0 0 0 0 0 0 0 0 0 0 0 0 0 0 0 0 0 0 0 0 0 0 0 0 0 0 0 0 0 0 0 0 0 0 0 0 0 0 0 0 0 0 0 0 0 0 0 0 0 0 0 0 0 0 0 0 0 0 0 0 0 0 0 0 0 0 0 0 0 0 0 0 0 0 0 0 0 0 0 0
