0 0 0 0 0 0 0 0 0 0 0 0 0 0 0 0 0 0 0 0 0 0 0 0 0 0 0 0 0 0 0 0 0 0 0 0 0 0 0 0 0 0 0 0 0 0 0 0 0 0 0 0 0 0 0 0 0 0 0 0 0 0 0 0 0 0 0 0 0 0 0 0 0 0 0 0 0 0 0 0 0 0 0 0 0 0 0 0 0 0 0 0 0 0 0 0 0 0 0 0 0 0 0 0 0 0 0 0 0 0 0 0 0 0 0 0 0 0 0 0 0
0 0 0 0 0 0 0 0 0 0 0 0 0 0 0 0 0 0 0 0 0 0 0 0 0 0 0 0 0 0 0 0 0 0 0 0 0 0 0 0 0 0 0 0 0 0 0 0 0 0 0 0 0 0 0 0 0 0 0 0 0 0 0 0 0 0 0 0 0 0 0 0 0 0 0 0 0 0 0 0 0 0 0 0 0 0 0 0 0 0 0 0 0 0 0 0 0 0 0 0 0 0 0 0 0 0 0 0 0 0 0 0 0 0 0 0 0 0 0 0 0
0 0 0 0 0 0 0 0 0 0 0 0 0 0 0 0 0 0 0 0 0 0 0 0 0 0 0 0 0 0 0 0 0 0 0 0 0 0 0 0 0 0 0 0 0 0 0 0 0 0 0 0 0 0 0 0 0 0 0 0 0 0 0 0 0 0 0 0 0 0 0 0 0 0 0 0 0 0 0 0 0 0 0 0 0 0 0 0 0 0 0 0 0 0 0 0 0 0 0 0 0 0 0 0 0 0 0 0 0 0 0 0 0 0 0 0 0 0 0 0 0
0 0 0 0 0 0 0 0 0 0 0 0 0 0 0 0 0 0 0 0 0 0 0 0 0 0 0 0 0 0 0 0 0 0 0 0 0 0 0 0 0 0 0 0 0 0 0 0 0 0 0 0 0 0 0 0 0 0 0 0 0 0 0 0 0 0 0 0 0 0 0 0 0 0 0 0 0 0 0 0 0 0 0 0 0 0 0 0 0 0 0 0 0 0 0 0 0 0 0 0 0 0 0 0 0 0 0 0 0 0 0 0 0 0 0 0 0 0 0 0 0
0 0 0 0 0 0 0 0 0 0 0 0 0 0 0 0 0 0 0 0 0 0 0 0 0 0 0 0 0 0 0 0 0 0 0 0 0 0 0 0 0 0 0 0 0 0 0 0 0 0 0 0 0 0 0 0 0 0 0 0 0 0 0 0 0 0 0 0 0 0 0 0 0 0 0 0 0 0 0 0 0 0 0 0 0 0 0 0 0 0 0 0 0 0 0 0 0 0 0 0 0 0 0 0 0 0 0 0 0 0 0 0 0 0 0 0 0 0 0 0 0
0 0 0 0 0 0 0 0 0 0 0 0 0 0 0 0 0 0 0 0 0 0 0 0 0 0 0 0 0 0 0 0 0 0 0 0 0 0 0 0 0 0 0 0 0 0 0 0 0 0 0 0 0 0 0 0 0 0 0 0 0 0 0 0 0 0 0 0 0 0 0 0 0 0 0 0 0 0 0 0 0 0 0 0 0 0 0 0 0 0 0 0 0 0 0 0 0 0 0 0 0 0 0 0 0 0 0 0 0 0 0 0 0 0 0 0 0 0 0 0 0
0 0 0 0 0 0 0 0 0 0 0 0 0 0 0 0 0 0 0 0 0 0 0 0 0 0 0 0 0 0 0 0 0 0 0 0 0 0 0 0 0 0 0 0 0 0 0 0 0 0 0 0 0 0 0 0 0 0 0 0 0 0 0 0 0 0 0 0 0 0 0 0 0 0 0 0 0 0 0 0 0 0 0 0 0 0 0 0 0 0 0 0 0 0 0 0 0 0 0 0 0 0 0 0 0 0 0 0 0 0 0 0 0 0 0 0 0 0 0 0 0
0 0 0 0 0 0 0 0 0 0 0 0 0 0 0 0 0 0 0 0 0 0 0 0 0 0 0 0 0 0 0 0 0 0 0 0 0 0 0 0 0 0 0 0 0 0 0 0 0 0 0 0 0 0 0 0 0 0 0 0 0 0 0 0 0 0 0 0 0 0 0 0 0 0 0 0 0 0 0 0 0 0 0 0 0 0 0 0 0 0 0 0 0 0 0 0 0 0 0 0 0 0 0 0 0 0 0 0 0 0 0 0 0 0 0 0 0 0 0 0 0
0 0 0 0 0 0 0 0 0 0 0 0 0 0 0 0 0 0 0 0 0 0 0 0 0 0 0 0 0 0 0 0 0 0 0 0 0 0 0 0 0 0 0 0 0 0 0 0 0 0 0 0 0 0 0 0 0 0 0 0 0 0 0 0 0 0 0 0 0 0 0 0 0 0 0 0 0 0 0 0 0 0 0 0 0 0 0 0 0 0 0 0 0 0 0 0 0 0 0 0 0 0 0 0 0 0 0 0 0 0 0 0 0 0 0 0 0 0 0 0 0
0 0 0 0 0 0 0 0 0 0 0 0 0 0 0 0 0 0 0 0 0 0 0 0 0 0 0 0 0 0 0 0 0 0 0 0 0 0 0 0 0 0 0 0 0 0 0 0 0 0 0 0 0 0 0 0 0 0 0 0 0 0 0 0 0 0 0 0 0 0 0 0 0 0 0 0 0 0 0 0 0 0 0 0 0 0 0 0 0 0 0 0 0 0 0 0 0 0 0 0 0 0 0 0 0 0 0 0 0 0 0 0 0 0 0 0 0 0 0 0 0
0 0 0 0 0 0 0 0 0 0 0 0 0 0 0 0 0 0 0 0 0 0 0 0 0 0 0 0 0 0 0 0 0 0 0 0 0 0 0 0 0 0 0 0 0 0 0 0 0 0 0 0 0 0 0 0 0 0 0 0 0 0 0 0 0 0 0 0 0 0 0 0 0 0 0 0 0 0 0 0 0 0 0 0 0 0 0 0 0 0 0 0 0 0 0 0 0 0 0 0 0 0 0 0 0 0 0 0 0 0 0 0 0 0 0 0 0 0 0 0 0
0 0 0 0 0 0 0 0 0 0 0 0 0 0 0 0 0 0 0 0 0 0 0 0 0 0 0 0 0 0 0 0 0 0 0 0 0 0 0 0 0 0 0 0 0 0 0 0 0 0 0 0 0 0 0 0 0 0 0 0 0 0 0 0 0 0 0 0 0 0 0 0 0 0 0 0 0 0 0 0 0 0 0 0 0 0 0 0 0 0 0 0 0 0 0 0 0 0 0 0 0 0 0 0 0 0 0 0 0 0 0 0 0 0 0 0 0 0 0 0 0
4.10603751238848e-09 6.21634264007618e-09 8.52668195235601e-09 1.05963982283425e-08 1.19308000285988e-08 1.21706549421518e-08 1.12484173225819e-08 9.41893889158973e-09 7.14571393157829e-09 4.91159287033446e-09 3.05866689451343e-09 1.72573891566325e-09 8.82167574520171e-10 4.08564074824776e-10 1.71436128241699e-10 6.51744854882367e-11 2.24484293784212e-11 7.00531063342923e-12 1.98062347771837e-12 5.07352185541017e-13 0 0 0 0 0 0 0 0 0 0 0 0 0 0 0 0 0 0 0 0 0 0 0 0 0 0 0 0 0 0 0 0 0 0 0 0 0 0 0 0 0 0 0 0 0 0 0 0 0 0 0 0 0 0 0 0 0 0 0 0 0 0 0 0 0 0 0 0 0 0 0 0 0 0 0 0 0 0 0 0 0 0 0 0 0 0 0 0 0 0 0 0 0 0 0 0 0 0 0 0 0
2.75727441739549e-08 4.38886342262416e-08 6.34208639618885e-08 8.32443811919362e-08 9.93140629810033e-08 1.07784043147694e-07 1.0651554933372e-07 9.59599028204758e-08 7.89157210532466e-08 5.93305170865287e-08 4.08433082629421e-08 2.57861711511542e-08 1.49530504054383e-08 7.97452376461031e-09 3.91480677172568e-09 1.76987396218773e-09 7.36833858633273e-10 2.82317451450689e-10 9.94490170776041e-11 3.2164008142773e-11 7.71550187742477e-12 2.18810589042037e-12 5.62219076037019e-13 1.30880789700618e-13 0 0 0 0 0 0 0 0 0 0 0 0 0 0 0 0 0 0 0 0 0 0 0 0 0 0 0 0 0 0 0 0 0 0 0 0 0 0 0 0 0 0 0 0 0 0 0 0 0 0 0 0 0 0 0 0 0 0 0 0 0 0 0 0 0 0 0 0 0 0 0 0 0 0 0 0 0 0 0 0 0 0 0 0 0 0 0 0 0 0 0 0 0 0 0 0 0
1.53062995570723e-07 2.48544418776079e-07 3.69374000227833e-07 5.01208797344132e-07 6.20257278252279e-07 6.99874451184008e-07 7.20328261307567e-07 6.76814242679374e-07 5.81234942502341e-07 4.56872389510875e-07 3.29210266243284e-07 2.17802724291434e-07 1.32489115980808e-07 7.418451392459e-08 3.82619371693222e-08 1.81811539644221e-08 7.95643587321882e-09 3.20398837412518e-09 1.18573774121855e-09 4.02672509862793e-10 1.04969081507426e-10 3.07579724686746e-11 8.2498746836598e-12 2.0047955387954e-12 0 0 0 0 0 0 0 0 0 0 0 0 0 0 0 0 0 0 0 0 0 0 0 0 0 0 0 0 0 0 0 0 0 0 0 0 0 0 0 0 0 0 0 0 0 0 0 0 0 0 0 0 0 0 0 0 0 0 0 0 0 0 0 0 0 0 0 0 0 0 0 0 0 0 0 0 0 0 0 0 0 0 0 0 0 0 0 0 0 0 0 0 0 0 0 0 0
6.01116241568001e-07 9.91592356370157e-07 1.51105178690448e-06 2.11600180276894e-06 2.71450429403073e-06 3.18522900180317e-06 3.41739551537951e-06 3.35371342852515e-06 3.01327235529639e-06 2.48190703042168e-06 1.87667648818971e-06 1.30455938176181e-06 8.34712623242104e-07 4.92017554552733e-07 2.67273789408993e-07 1.3377941509145e-07 6.16550485433774e-08 2.61339983535393e-08 1.01730753689331e-08 3.63063436253254e-09 1.02258729472205e-09 3.11858145903353e-10 8.73170684095133e-11 2.21500284196752e-11 0 0 0 1.98901804388e-10 4.71161287461461e-10 1.01119185913746e-09 1.96621324407298e-09 3.46386340433034e-09 5.52871223356182e-09 7.99503375747102e-09 1.0474895661212e-08 1.24340382054844e-08 1.33723512938895e-08 1.30297608439835e-08 1.15026577966706e-08 9.20011048487361e-09 6.66685445054061e-09 4.37705488703984e-09 2.60361100882916e-09 1.40314739286735e-09 6.85115157481817e-10 3.03079767966901e-10 1.21474020003901e-10 4.41105984468227e-11 1.45122778095895e-11 4.32574889003952e-12 1.16820783414284e-12 2.85832765685619e-13 0 0 0 0 0 0 0 0 0 0 0 0 0 0 0 0 0 0 0 0 0 0 0 0 0 0 0 0 0 0 0 0 0 0 0 0 0 0 0 0 0 0 0 0 0 0 0 0 0 0 0 0 0 0 0 0 0 0 0 0 0 0 0 0 0 0 0 0 0
1.86574051335335e-06 3.06044735719191e-06 4.7062151873393e-06 6.7247763373116e-06 8.87330968966351e-06 1.0769749788032e-05 1.20000402226723e-05 1.22678747529418e-05 1.15106497964954e-05 9.92239087510742e-06 7.86934877618086e-06 5.75233327166424e-06 3.88459375749723e-06 2.43212940578298e-06 1.42076735062056e-06 7.83793339888731e-07 4.17366204954213e-07 2.21834669095317e-07 1.2202127318184e-07 7.06143052732044e-08 4.1283455070501e-08 2.48377717842612e-08 1.42315637926541e-08 7.58788425227567e-09 3.67772728968839e-09 1.65710456098569e-09 6.77827233583709e-10 1.3103190962313e-09 2.70261445935254e-09 5.89072672713306e-09 1.19115291238359e-08 2.18938068554649e-08 3.64757017169153e-08 5.50620501426171e-08 7.53067989323861e-08 9.3314489634658e-08 1.04760381340692e-07 1.06556057616695e-07 9.819566264887e-08 8.19859728221521e-08 6.20183048017246e-08 4.25043438101014e-08 2.63924573495609e-08 1.48477083699596e-08 7.5678430571153e-09 3.49476431998744e-09 1.46216625606399e-09 5.54253837545214e-10 1.90350380093815e-10 5.92286557160451e-11 1.66971785408492e-11 4.2646892766243e-12 0 0 0 0 0 0 0 0 0 0 0 0 0 0 0 0 0 0 0 0 0 0 0 0 0 0 0 0 0 0 0 0 0 0 0 0 0 0 0 0 0 0 0 0 0 0 0 0 0 0 0 0 0 0 0 0 0 0 0 0 0 0 0 0 0 0 0 0 0
4.86294122324424e-06 7.73434304325677e-06 1.17209062889286e-05 1.67575252495898e-05 2.23994183550065e-05 2.7799047752322e-05 3.18897356130393e-05 3.37344171898346e-05 3.28771948509103e-05 2.9529227364549e-05 2.44694489299277e-05 1.87426412322873e-05 1.33109607575497e-05 8.81325605641158e-06 5.49657344050889e-06 3.29069128873084e-06 1.9491429838923e-06 1.18455656321639e-06 7.55738465264429e-07 5.01909862238057e-07 3.31211242178601e-07 2.16070007038623e-07 1.33989316647229e-07 7.99712994111011e-08 4.91312646655835e-08 3.56087783089509e-08 3.27318774260786e-08 3.95539835749373e-08 5.08698499894806e-08 6.99489880167357e-08 1.01705566163498e-07 1.52705458054534e-07 2.28126902603288e-07 3.27536479439141e-07 4.41199782477008e-07 5.49637612357368e-07 6.28153320579953e-07 6.55557411074726e-07 6.23157447381426e-07 5.38636974606859e-07 4.23038562573448e-07 3.01909390398069e-07 1.96121302368351e-07 1.16630929906085e-07 6.45207063952455e-08 3.45459287117741e-08 1.93505823175726e-08 1.24123147180532e-08 9.24955711190769e-09 7.391441187391e-09 5.8087245325158e-09 4.27493448643611e-09 2.87475083041596e-09 1.77048333985494e-09 9.87908150740954e-10 4.99429717557721e-10 2.28752200477282e-10 9.49268933665862e-11 3.56899832103873e-11 1.21572824566643e-11 3.75197346451457e-12 1.04909809217362e-12 2.65769735462746e-13 0 0 0 0 0 0 0 0 0 0 0 0 0 0 0 0 0 0 0 0 0 0 0 0 0 0 0 0 0 0 0 0 0 0 0 0 0 0 0 0 0 0 0 0 0 0 0 0 0 0 0 0 0 0 0 0 0 0
1.09525815620149e-05 1.67187932539602e-05 2.45137815688688e-05 3.43352069448636e-05 4.55698177339335e-05 5.68333489327779e-05 6.61627554899395e-05 7.15731039577182e-05 7.17553112599514e-05 6.6619000199221e-05 5.7314107559681e-05 4.57928361437603e-05 3.41331400904075e-05 2.39453943333965e-05 1.60707059626642e-05 1.06012040729672e-05 7.11800713950037e-06 4.99991798714234e-06 3.66991452751861e-06 2.73307946971438e-06 1.97555821529048e-06 1.36822487788294e-06 8.8866197849435e-07 5.48048619750717e-07 3.40142931894047e-07 2.40978447760086e-07 2.15126524005313e-07 2.42593763906814e-07 2.95668734659301e-07 3.75827881324652e-07 4.96997588750051e-07 6.85070045726345e-07 9.6680773062769e-07 1.35243766863953e-06 1.8173804752868e-06 2.294185559122e-06 2.68314020720823e-06 2.88360771688732e-06 2.83443115063516e-06 2.54052472738513e-06 2.07324755012461e-06 1.54000888602804e-06 1.04319829404418e-06 6.49009403495913e-07 3.78264996208633e-07 2.16618864659271e-07 1.32813159555982e-07 9.45463600217401e-08 7.72050831975525e-08 6.6082466043383e-08 5.48036248342483e-08 4.22764435793292e-08 2.97463799222863e-08 1.91239747995378e-08 1.11392331189188e-08 5.87848630522729e-09 2.8106632587294e-09 1.21754552886406e-09 4.77853412342978e-10 1.69917167938637e-10 5.47410241137051e-11 1.59779722683405e-11 4.22535785162962e-12 0 0 0 0 0 0 0 0 0 0 0 0 0 0 0 0 0 0 0 0 0 0 0 0 0 0 0 0 0 0 0 0 0 0 0 0 0 0 0 0 0 0 0 0 0 0 0 0 0 0 0 0 0 0 0 0 0 0
2.10095537113377e-05 3.1159056593442e-05 4.42527389311036e-05 6.02079463470434e-05 7.81967053080096e-05 9.6348796416276e-05 0.000111891945767146 0.00012181185012921 0.00012382799144455 0.000117354176726918 0.000103740986185431 8.58159145446692e-05 6.69184604614098e-05 4.98956544652979e-05 3.64441626216598e-05 2.69542871274784e-05 2.07904264955573e-05 1.68201882520043e-05 1.39235878071235e-05 1.13610232111803e-05 8.82306205361987e-06 6.44623812659194e-06 4.38874525963557e-06 2.8218651447837e-06 1.8025070016123e-06 1.27489736609253e-06 1.10759103554902e-06 1.18556194014651e-06 1.38637311211159e-06 1.66640041995034e-06 2.0370296881556e-06 2.56375707865738e-06 3.33650526312116e-06 4.41655196845556e-06 5.77356101463728e-06 7.24746795896603e-06 8.55803829770222e-06 9.38100793978282e-06 9.46968888606747e-06 8.75782504721136e-06 7.39969332686648e-06 5.70648446588632e-06 4.02462901618869e-06 2.61829838797835e-06 1.61002795795599e-06 9.90074695574406e-07 6.67336927234849e-07 5.26618719029837e-07 4.68575111960951e-07 4.27653618960719e-07 3.73458712299174e-07 3.01713970191341e-07 2.22012819828236e-07 1.48995962871786e-07 9.05949599138665e-08 4.99075971737459e-08 2.49093487282987e-08 1.12639618872341e-08 4.61480186760831e-09 1.71296320764671e-09 5.76071112846869e-10 1.75524299683048e-10 4.84542067068757e-11 0 0 0 0 0 0 0 0 0 0 0 0 0 0 0 0 0 0 0 0 0 0 0 0 0 0 0 0 0 0 0 0 0 0 0 0 0 0 0 0 0 0 0 0 0 0 0 0 0 0 0 0 0 0 0 0 0 0
3.34536880814725e-05 4.9147018335566e-05 6.87070262576668e-05 9.16541255202211e-05 0.000116648747468279 0.000141198782766056 0.000161851802575606 0.000174928274703565 0.000177639040155679 0.000169308811938974 0.000151712632143271 0.000128567034824512 0.000104330920825986 8.28688254820717e-05 6.64870499294768e-05 5.55931626105129e-05 4.89873488787718e-05 4.46383436298608e-05 4.0531541315127e-05 3.54387726714337e-05 2.91084009088983e-05 2.2268762117723e-05 1.58175452220339e-05 1.05670657021678e-05 6.93406854265904e-06 4.90708988719778e-06 4.16011768943823e-06 4.30065037883276e-06 4.91634819553753e-06 5.75390247717169e-06 6.72386210742828e-06 7.90858524612417e-06 9.50808937724855e-06 1.17155384100239e-05 1.45535169497472e-05 1.77669808843905e-05 2.08019478420859e-05 2.29348767933657e-05 2.35260750489091e-05 2.22723158029915e-05 1.93688633331563e-05 1.5440837635152e-05 1.13053475385968e-05 7.68096493401472e-06 4.98783047180153e-06 3.30564693760498e-06 2.45662643630064e-06 2.14263509665352e-06 2.06525927564215e-06 2.00192205647298e-06 1.83762344696728e-06 1.55372352041386e-06 1.19517639032553e-06 8.37299553441153e-07 5.3145047746111e-07 3.05617227367308e-07 1.59230386415423e-07 7.51635276295752e-08 3.21455934534225e-08 1.24557197748076e-08 4.37269612904781e-09 1.39079414879906e-09 4.007831917572e-10 0 0 0 0 0 0 0 0 0 0 0 0 0 0 0 0 0 0 0 0 0 0 0 0 0 0 0 0 0 0 0 0 0 0 0 0 0 0 0 0 0 0 0 0 0 0 0 0 0 0 0 0 0 0 0 0 0 0
4.45528048278809e-05 6.53927909882196e-05 9.1177786370968e-05 0.000121011429523089 0.000152876615445948 0.000183416936297338 0.000208328713696417 0.00022330423982379 0.000225364754081473 0.000214256057907744 0.000192727239269366 0.000165778582162305 0.000139106130827804 0.000117407408529175 0.000103183951640239 9.63054262189915e-05 9.4367755086054e-05 9.37710068491067e-05 9.09639703699694e-05 8.38099196139518e-05 7.21117900266729e-05 5.76039114880287e-05 4.27400025437539e-05 2.98306266287102e-05 2.03320513661339e-05 1.46202386935618e-05 1.21899208145662e-05 1.21552513415742e-05 1.35073527958193e-05 1.54560743438711e-05 1.75509611026766e-05 1.97298432776722e-05 2.22721609417042e-05 2.55730995833692e-05 2.98073997708445e-05 3.47200075480257e-05 3.95265754968611e-05 4.30812381944013e-05 4.42645002354332e-05 4.24020075526141e-05 3.760750255111e-05 3.07756682825242e-05 2.32743830738653e-05 1.64652211673088e-05 1.12888666112474e-05 8.08309399195842e-06 6.62866212647137e-06 6.36028081178463e-06 6.60305146973831e-06 6.77492241321186e-06 6.52757723807593e-06 5.77293459361101e-06 4.64083339964879e-06 3.39388590442505e-06 2.24870034250591e-06 1.34989199456018e-06 7.34174921375878e-07 3.61770505586937e-07 1.61510163244598e-07 6.53280422121739e-08 2.39404615059733e-08 7.94874346491959e-09 2.39109885540176e-09 0 0 0 0 0 0 0 0 0 0 0 0 0 0 0 0 0 0 0 0 0 0 0 0 0 0 0 0 0 0 0 0 0 0 0 0 0 0 0 0 0 0 0 0 0 0 0 0 0 0 0 0 0 0 0 0 0 0
5.26081487522994e-05 7.67850421902096e-05 0.000106901519264241 0.000142113880898191 0.000180173256799007 0.000217121615068293 0.000247760357273727 0.000266814719286246 0.000270652671158327 0.000258992187449782 0.000235324998417463 0.000205970915784687 0.000178116359803666 0.000157615999254141 0.000147437454416349 0.000147053054173848 0.000152822514423571 0.000159324251051283 0.000160972124714163 0.000154056820736196 0.000137876685962093 0.000114872994121364 8.93050429967585e-05 6.5598290192748e-05 4.70092853344894e-05 3.49096232557537e-05 2.89398853715549e-05 2.77357808503935e-05 2.95153018449599e-05 3.26551863254604e-05 3.60317505720496e-05 3.91450735555568e-05 4.21780000596179e-05 4.56830205929743e-05 5.00357131716691e-05 5.51300460320846e-05 6.01519960895831e-05 6.37641673439222e-05 6.45863138581262e-05 6.17041078599883e-05 5.51234191655502e-05 4.58310165634653e-05 3.55141528734961e-05 2.60177820152004e-05 1.87884802850015e-05 1.45357062076211e-05 1.31242837185452e-05 1.37650393872022e-05 1.53036483058024e-05 1.657006393967e-05 1.67370964925323e-05 1.54756643568696e-05 1.29980045856442e-05 9.9226304303454e-06 6.86296677029138e-06 4.30061876076358e-06 2.44165050324912e-06 1.25594129166595e-06 5.85313154109431e-07 2.47138540421326e-07 9.454221179807e-08 3.27675617897538e-08 1.02895310870875e-08 0 0 0 0 0 0 0 0 0 0 0 0 0 0 0 0 0 0 0 0 0 0 0 0 0 0 0 0 0 0 0 0 0 0 0 0 0 0 0 0 0 0 0 0 0 0 0 0 0 0 0 0 0 0 0 0 0 0
5.84903384740495e-05 8.49215435865196e-05 0.000118155682419787 0.000157856927600661 0.000202203122958947 0.000247328833180469 0.000287567254153544 0.000316566375058614 0.000329317055383978 0.000324236652866195 0.000304128731494 0.000275469330942281 0.000246411397831105 0.000224204469050914 0.000213171494760768 0.000213678170428887 0.000222238502493818 0.000232743381376627 0.000238186574647317 0.000233116505221542 0.000215480983623395 0.000187181572555538 0.000153196997362216 0.000119501487442288 9.11869100575081e-05 7.1022485773079e-05 5.93299666383984e-05 5.46904964581127e-05 5.48171243186647e-05 5.73699458494367e-05 6.05430126227193e-05 6.32388459988357e-05 6.53360737695639e-05 6.73485247541243e-05 6.974621471093e-05 7.2632792131005e-05 7.53735502343134e-05 7.67574024598436e-05 7.55165511589703e-05 7.08368316213743e-05 6.27742547441248e-05 5.22908019483487e-05 4.10246512990557e-05 3.0831500772147e-05 2.3295233455768e-05 1.93784200515332e-05 1.91241904410499e-05 2.17289637180533e-05 2.57109635497721e-05 2.92891620917487e-05 3.09781407986924e-05 2.99326435587243e-05 2.62597870743553e-05 2.0925587583765e-05 1.51080195176268e-05 9.88269524789077e-06 5.85704639344989e-06 3.14496708888409e-06 1.52998344910295e-06 6.74359269846601e-07 2.69295451812416e-07 9.74315907452676e-08 3.19377013692861e-08 0 0 0 0 0 0 0 0 0 0 0 0 0 0 0 0 0 0 0 0 0 0 0 0 0 0 0 0 0 0 0 0 0 0 0 0 0 0 0 0 0 0 0 0 0 0 0 0 0 0 0 0 0 0 0 0 0 0
6.01345733011161e-05 8.87026804105383e-05 0.000125589969088797 0.000171222502615214 0.000224526320381521 0.000282104398010742 0.000338134283062688 0.00038522204999876 0.000416545888085337 0.00042816860307077 0.000420656995122649 0.000398919531418959 0.000370666448129904 0.000343916120544236 0.000324737764065058 0.000315773539806158 0.000315782490214387 0.000320244868952809 0.0003227047858892 0.00031699783064883 0.000299516708071514 0.000270326711665915 0.000233233729717883 0.000193998854264696 0.000158454069911222 0.000130407338472916 0.000111148558300973 9.98044672552303e-05 9.42691179134031e-05 9.21478723465233e-05 9.1459171387389e-05 9.07536090864048e-05 8.95700744751508e-05 8.81116767816166e-05 8.66448330709268e-05 8.53063924138576e-05 8.36898225738608e-05 8.09165020442314e-05 7.61126642539083e-05 6.88435826580647e-05 5.93851883835629e-05 4.86625905356774e-05 3.80254811546653e-05 2.88994309392801e-05 2.25282288396343e-05 1.98088481451147e-05 2.09106107902127e-05 2.52580884555645e-05 3.14559207438949e-05 3.74978791233817e-05 4.14325627417449e-05 4.17934042339489e-05 3.82784142086394e-05 3.1834928721601e-05 2.39907629772426e-05 1.63811540590325e-05 1.01342302733415e-05 5.68036401421072e-06 2.88466377792803e-06 1.3272483868132e-06 5.53276595086601e-07 2.08961116227311e-07 7.15025858258816e-08 0 0 0 0 0 0 0 0 0 0 0 0 0 0 0 0 0 0 0 0 0 0 0 0 0 0 0 0 0 0 0 0 0 0 0 0 0 0 0 0 0 0 0 0 0 0 0 0 0 0 0 0 0 0 0 0 0 0
5.37058436822294e-05 8.30368404350871e-05 0.000123234672776367 0.000175926002572755 0.000241060980234405 0.000315777528765684 0.000393978281862179 0.000466955249828223 0.000525695156284617 0.000563415704299631 0.000577781824480406 0.000571229818571046 0.00054990463159281 0.000521493393306349 0.000493074425261032 0.000469553962098343 0.000452846868079753 0.000441732145801683 0.000432454340532197 0.000420062155971781 0.000400441680995661 0.000371747419680151 0.000335470656601607 0.000295434651647128 0.00025659849041869 0.000222679102512455 0.000195530455556981 0.000175068921369492 0.000160039356182238 0.000148922502546091 0.000140418706477502 0.00013333129907567 0.000127004186276453 0.00012101321377943 0.000114912747025823 0.000108346869573337 0.000100904715979608 9.20827371182906e-05 8.16414026051754e-05 6.98263958322023e-05 5.73685525063266e-05 4.52919015928159e-05 3.46409096502502e-05 2.62012080036482e-05 2.05347906341195e-05 1.8097437801728e-05 1.89666760820584e-05 2.28468639584443e-05 2.88122971513162e-05 3.52392552751251e-05 4.0300106258215e-05 4.22518235405998e-05 4.03172644644313e-05 3.49624305174421e-05 2.74891397497703e-05 1.9588643949897e-05 1.26488527962258e-05 7.40055618074371e-06 3.9229582823977e-06 1.88418308488448e-06 8.19908897506991e-07 3.23251974146853e-07 1.15464867155975e-07 0 0 0 0 0 0 0 0 0 0 0 0 0 0 0 0 0 0 0 0 0 0 0 0 0 0 0 0 0 0 0 0 0 0 0 0 0 0 0 0 0 0 0 0 0 0 0 0 0 0 0 0 0 0 0 0 0 0
4.17619708937701e-05 6.95356213038062e-05 0.000110855782825334 0.000169048039057651 0.000245541661348218 0.000338277081835799 0.000440842861437115 0.000542893356675559 0.000632778068135535 0.000700623340247571 0.000741296811447768 0.000755175647944079 0.000747188940001487 0.000724537748746624 0.00069443289457232 0.000662625251385102 0.000632817440037401 0.000606406121130029 0.000582720882779938 0.000559392027461571 0.000533560929667265 0.000503017571148979 0.000467720854870558 0.000429347383010854 0.00039105181916592 0.000355223708149601 0.000323102365302374 0.000294729266231752 0.000269657384419707 0.000247866897649471 0.000229660862302687 0.000214965343377154 0.000203317468406655 0.00019343173391656 0.000183500667323924 0.000171806238082683 0.000157325055130756 0.000139720150785986 0.000119608937326849 9.84328831934782e-05 7.79583667181764e-05 5.9848820678481e-05 4.51654820317794e-05 3.41326014094591e-05 2.64629860632095e-05 2.17993864147239e-05 1.97889488253112e-05 2.01774413330708e-05 2.25615845141094e-05 2.60603333751812e-05 2.95061861422324e-05 3.14450723577503e-05 3.09275759151673e-05 2.78231428216371e-05 2.27683015986606e-05 1.69130126991077e-05 1.13928706688655e-05 6.95605188123713e-06 3.84806387600229e-06 1.92931904472307e-06 8.76393039841576e-07 3.60684028994383e-07 1.34489380345487e-07 0 0 0 0 0 0 0 0 0 0 0 0 0 0 0 0 0 0 0 0 0 0 0 0 0 0 0 0 0 0 0 0 0 0 0 0 0 0 0 0 0 0 0 0 0 0 0 0 0 0 0 0 0 0 0 0 0 0
3.29970296145233e-05 5.88496968282991e-05 0.00010007475866173 0.000161648375245405 0.000246626092540919 0.000354084583542532 0.000477629080143714 0.000605474379667352 0.000723284738423929 0.000818060789879125 0.000882135293798624 0.000914734776494176 0.000921053368123498 0.000909254000288513 0.000887265489490789 0.000860735236637509 0.000832796456556206 0.000804484485300544 0.000775760657101246 0.000745842309619011 0.000713757359568184 0.000678793457365699 0.000641623548781727 0.000603591844440777 0.000566893065600406 0.000532559761801733 0.000500170203082741 0.000468505963891513 0.000436680985117316 0.000405605316038344 0.000377481019899487 0.000354216887540869 0.000336440436224679 0.00032244080226421 0.000308869054961377 0.00029195375288366 0.000269293668015271 0.000240205476952306 0.000206058221487103 0.000169808884682032 0.00013483005683618 0.000104173152443238 7.95085158706181e-05 6.0930743239895e-05 4.74113927026926e-05 3.75653253966588e-05 3.02946299404036e-05 2.49894639270624e-05 2.15171320659022e-05 1.96613537638471e-05 1.90371775686693e-05 1.87669209694896e-05 1.80668658489715e-05 1.64211876095373e-05 1.38047056875141e-05 1.06235858109809e-05 7.44327957273101e-06 4.73589329297668e-06 2.73064067610362e-06 1.42916643306575e-06 6.77694880514974e-07 2.91151810966464e-07 1.13328174454101e-07 1.20066078597182e-10 3.85073794778784e-11 1.11892426181736e-11 2.94571349718223e-12 0 0 0 0 0 0 0 0 0 0 0 0 0 0 0 0 0 0 0 0 0 0 0 0 0 0 0 0 0 0 0 0 0 0 0 0 0 0 0 0 0 0 0 0 0 0 0 0 0 0 0 0 0 0
3.39477783631369e-05 6.00745707025476e-05 0.000102227622507558 0.000166277476074368 0.00025642740679528 0.000372922830470358 0.000509960681684231 0.00065532173931232 0.000792976090454926 0.000907521695669511 0.000989071160365202 0.00103596225283173 0.00105435118759157 0.00105471873028733 0.00104732906873889 0.0010385988155607 0.00103034330592604 0.00102063373004255 0.00100639014236446 0.00098504726014437 0.000955582722967678 0.000918769947853662 0.000877583625572037 0.000835498360437341 0.000796139188617911 0.000761172372634678 0.000729186347259465 0.000697123753026489 0.00066204696492839 0.000623823048548561 0.000585258354680639 0.000550058931018332 0.000520848848875704 0.000496886406321992 0.000474426750885294 0.000448214242295401 0.000414401683226439 0.000371584998303477 0.000321390392209583 0.000267859993099424 0.000215680555218557 0.000169314446356186 0.000131232896604282 0.000101869293395345 7.98827714756035e-05 6.30779701323372e-05 4.95949185515815e-05 3.81890475277464e-05 2.8663117351154e-05 2.11186373083071e-05 1.57545067306048e-05 1.21775839263342e-05 9.88864230970689e-06 8.20347898988185e-06 6.6799806514196e-06 5.16742175762785e-06 3.70990774482376e-06 2.44225219879881e-06 1.45824165266582e-06 7.96797060606743e-07 3.94460184995236e-07 1.76933630483051e-07 7.19038689559082e-08 1.26915197912777e-09 4.24843557044752e-10 1.28865946611743e-10 3.54144407579926e-11 0 0 0 0 0 0 0 0 0 0 0 0 0 0 0 0 0 0 0 0 0 0 0 0 0 0 0 0 0 0 0 0 0 0 0 0 0 0 0 0 0 0 0 0 0 0 0 0 0 0 0 0 0 0
4.55523878533901e-05 7.47878331663742e-05 0.000119414972902205 0.000185050366185356 0.000276211845213855 0.000394146696102172 0.00053444739772676 0.000686207961442617 0.000833850989287136 0.000961376542090526 0.00105739326882494 0.00111876528289174 0.0011512255315099 0.00116652352616334 0.001177459368884 0.00119271566018344 0.0012145431741851 0.00123868403248539 0.00125769149271299 0.00126429589048179 0.00125403366646138 0.00122656269738627 0.00118605169899696 0.00113864729258679 0.00109118387425601 0.00104858870284099 0.00101102060861481 0.000975195437220446 0.00093612547291205 0.000890937486598776 0.000840597420772805 0.000788700020358964 0.000739435562370037 0.000694255674175598 0.000651077566755067 0.000605302870963173 0.000552972127542355 0.000492421069482462 0.000425248413070226 0.000355730959331053 0.000288768225817357 0.000229149304558532 0.000179422830356217 0.000140217177842174 0.000110229966231986 8.70107211445819e-05 6.83246902078297e-05 5.23779530469226e-05 3.86879857432101e-05 2.72652473807444e-05 1.85416265312824e-05 1.23371185658283e-05 8.38081935042846e-06 5.92248508681581e-06 4.33302739779649e-06 3.19942474124145e-06 2.28523906679744e-06 1.53326956054796e-06 9.35540669973114e-07 5.33990942945031e-07 2.76193169431699e-07 1.2950028400173e-07 5.50162963561707e-08 9.67649837587317e-09 3.38083618496807e-09 1.07049752085275e-09 3.07100335980774e-10 0 0 0 0 0 0 0 0 0 0 0 0 0 0 0 0 0 0 0 0 0 0 0 0 0 0 0 0 0 0 0 0 0 0 0 0 0 0 0 0 0 0 0 0 0 0 0 0 0 0 0 0 0 0
6.42089360920132e-05 9.83714888432736e-05 0.00014620992508562 0.000212008882375469 0.000299769514259214 0.000411534812909315 0.000545144917651269 0.000692920537970227 0.000842273552638114 0.000978888589879054 0.00109094694635652 0.00117301315322584 0.00122769765973432 0.00126458024723281 0.0012965057937647 0.00133443711577769 0.00138363463961575 0.00144148644444896 0.00149933180672575 0.00154604318569783 0.0015719197191896 0.00157196280591864 0.0015476155787538 0.00150474168641922 0.00145216149158785 0.00139865968979243 0.00134841458551827 0.00130102419320448 0.00125193822625649 0.00119631382296016 0.00113196912686502 0.00106011863636178 0.000984544490668579 0.000908518190331887 0.00083279929903645 0.000755690221663036 0.000675133697084103 0.000590386752480053 0.000503367727689927 0.000418142661195881 0.000339018486004287 0.000269895274587599 0.000212399994570704 0.000166555226532583 0.000130915347842443 0.000103086829697802 8.08898493049304e-05 6.23967207279892e-05 4.68908365517735e-05 3.40771776725725e-05 2.42535605780477e-05 1.71610777195759e-05 1.25604520360903e-05 9.60310710009496e-06 7.55407905914665e-06 5.93411993664262e-06 4.47320263934386e-06 3.1511499011559e-06 2.02325934823224e-06 1.20513793622638e-06 6.50801478403048e-07 3.18937922028067e-07 1.41650501146725e-07 5.32225938500101e-08 1.94056967152785e-08 6.41421013208545e-09 1.92083568395886e-09 0 0 0 0 0 0 0 0 0 0 0 0 0 0 0 0 0 0 0 0 0 0 0 0 0 0 0 0 0 0 0 0 0 0 0 0 0 0 0 0 0 0 0 0 0 0 0 0 0 0 0 0 0 0
8.25418579320571e-05 0.000121363876888965 0.000172041757703567 0.00023720617156016 0.000319877737837831 0.00042251065988559 0.000545280648522268 0.000684501998814024 0.000832031565913466 0.000976862541057146 0.00110788409956336 0.00121724512317499 0.0013026059804019 0.00136810211988734 0.00142303141639433 0.00147865709720251 0.00154414006386636 0.00162262722322231 0.00170978558114405 0.00179531208952606 0.001866027480849 0.00191057446317457 0.00192332546395414 0.00190477057390354 0.00186155276756423 0.00180387832221302 0.00174024926780258 0.00167548041148615 0.00160880523730584 0.00153646606024436 0.00145444185665833 0.00136109381949003 0.00125798594932208 0.00114856588149044 0.00103577048108098 0.000921415711336823 0.000806510461731046 0.000692228285897274 0.000581418172087087 0.000478095235572843 0.000386094548937128 0.000308098933979634 0.000244510802449502 0.000193982474908341 0.00015431742381862 0.00012286701475191 9.75040696654081e-05 7.65463923887715e-05 5.9365819744665e-05 4.55936009738829e-05 3.53141429254729e-05 2.81066493425439e-05 2.3534434008804e-05 2.04623112227837e-05 1.78845876595462e-05 1.51872151572809e-05 1.21636541825607e-05 9.01599534768977e-06 6.10241384028677e-06 3.78573875589783e-06 2.1308179079316e-06 1.08940180105994e-06 5.04930984735321e-07 2.11208552271127e-07 8.03423205512247e-08 2.77211167035646e-08 8.6658298739929e-09 0 0 0 0 0 0 0 0 0 0 0 0 0 0 0 0 0 0 0 0 0 0 0 0 0 0 0 0 0 0 0 0 0 0 0 0 0 0 0 0 0 0 0 0 0 0 0 0 0 0 0 0 0 0
9.18337783877157e-05 0.000132177029045745 0.000183303312572264 0.000247097114571048 0.000326083859210714 0.000422906818713434 0.000539135497385283 0.000673788760668928 0.000822202898831195 0.000976418529307688 0.00112661075272148 0.00126353841324513 0.00138069449546228 0.00147649893361874 0.00155510185955555 0.0016258620764051 0.00170030823385097 0.00178802961166622 0.00189201819330148 0.00200709002816386 0.00212022242840723 0.00221506878666007 0.00227749461545202 0.00229936189788904 0.00228136230068271 0.0022318109060126 0.00216186762198035 0.00208156903218629 0.00199544070344412 0.00190324810903143 0.00180146112812512 0.00168691114648387 0.00155872374340689 0.00141923790771223 0.00127210046504463 0.00112166299545623 0.000971895926443304 0.000826333825001023 0.000689328667653284 0.000565399521724532 0.000458574848803691 0.000370703879581954 0.000301177881389934 0.000246807862017616 0.000203856436434117 0.000168649172243079 0.000138710371895359 0.000112757603768847 9.07279005634161e-05 7.28039290285671e-05 5.92421822623402e-05 4.97585075558002e-05 4.37398495338395e-05 3.96562952161246e-05 3.59662526114967e-05 3.15947595525412e-05 2.62011380964528e-05 2.01436484712594e-05 1.41996894602156e-05 9.15440278820127e-06 5.362160218303e-06 2.85683379814035e-06 1.38080961436113e-06 6.05082716873513e-07 2.39977595770793e-07 8.64317457222199e-08 2.8204054372886e-08 1.15204521936749e-12 0 0 0 0 0 0 0 0 0 0 0 0 0 0 0 0 0 0 0 0 0 0 0 0 0 0 0 0 0 0 0 0 0 0 0 0 0 0 0 0 0 0 0 0 0 0 0 0 0 0 0 0 0
8.67329823534161e-05 0.000123490645389689 0.000170267046495792 0.000229540719814518 0.000304597444391674 0.000398815973135133 0.000514459045375934 0.000651297858351198 0.000805617095606401 0.000970411794299321 0.00113646186881865 0.00129424518229268 0.00143565870926542 0.00155621655282201 0.0016566369613211 0.00174404553974363 0.00183018138891366 0.00192832321733941 0.00204700670442537 0.00218623285925799 0.00233503001433449 0.00247465357611023 0.00258454911820676 0.0026488981295772 0.00266213684862434 0.00262942019199532 0.00256292201546956 0.00247635389522583 0.00237857179103195 0.00227265420660165 0.00215628019502988 0.00202569904394516 0.00187825431560986 0.00171490203300245 0.0015391335240532 0.00135659351888855 0.00117365165967404 0.00099644562165331 0.000831547472140175 0.000685005188221335 0.000561971055047842 0.000464170679387543 0.000390107172767295 0.000334248061064484 0.000290185261081306 0.000252048666678447 0.000216325796683756 0.000182114228519746 0.000150470980572414 0.000122934240532869 0.000100624414455197 8.39002473402546e-05 7.2309704487178e-05 6.41760063295912e-05 5.74781711297406e-05 5.05003313504266e-05 4.2424533590839e-05 3.33711946098449e-05 2.42541886484198e-05 1.61794862445691e-05 9.83374824013773e-06 5.4488897060775e-06 2.74310140999492e-06 1.2529092322397e-06 5.17394523952816e-07 1.94495867888915e-07 6.62437957339749e-08 1.44344363444853e-11 0 0 0 0 0 0 0 0 0 0 0 0 0 0 0 0 0 0 0 0 0 0 0 0 0 0 0 0 0 0 0 0 0 0 0 0 0 0 0 0 0 0 0 0 0 0 0 0 0 0 0 0 0
6.85081088100034e-05 9.74331350004521e-05 0.000135099452428036 0.000184953665263465 0.00025167041979977 0.000340033359146127 0.00045329913335914 0.000591515095910081 0.000750578254190542 0.000922779972497059 0.00109835812945261 0.00126769812188773 0.00142298317246129 0.00155981987952481 0.00167840772395476 0.00178485617280803 0.00188997052304683 0.00200734366375326 0.00214709635427455 0.00231143610009841 0.00249093264042956 0.00266636022723441 0.00281424947796522 0.00291459883573508 0.00295784497040633 0.00294650630933515 0.00289267015712746 0.00281177821546303 0.00271509873955703 0.00260742082075825 0.00248692501189653 0.00234918928886585 0.00219033195953893 0.0020102823035862 0.00181246775769772 0.00160319237930039 0.00139063372842624 0.00118323329149783 0.000989952378870414 0.00081917975999623 0.000678095600375681 0.000569536134956877 0.000491765469670091 0.000437071623484998 0.000395507213066003 0.000357669687846605 0.000317795479904261 0.000274768600244682 0.000230929824930877 0.000189817582550796 0.000154161699646253 0.000125413121740698 0.000103661766086623 8.75056260091083e-05 7.49029943336664e-05 6.38225725032874e-05 5.29379972514187e-05 4.17892163099515e-05 3.0866763191254e-05 2.11126636051502e-05 1.32296826817769e-05 7.58823376582744e-06 3.96701034639943e-06 1.88443902390893e-06 8.07770356809006e-07 3.16731258177008e-07 1.12536635998935e-07 1.30448819486108e-10 0 0 0 0 0 0 0 0 0 0 0 0 0 0 0 0 0 0 0 0 0 0 0 0 0 0 0 0 0 0 0 0 0 0 0 0 0 0 0 0 0 0 0 0 0 0 0 0 0 0 0 0 0
4.48480783692409e-05 6.49209879897361e-05 9.21938488198539e-05 0.000130441083878258 0.000184999363773332 0.000261611824500698 0.000364619174690185 0.000494898910153837 0.000648621949967392 0.000817896867669185 0.000992672642991627 0.00116351507701603 0.0013235489543307 0.00146969558491715 0.00160305259160584 0.00172933029188748 0.00185764750756253 0.0019993987184196 0.002163093026914 0.00235047676874346 0.00255296136509501 0.002752548478882 0.00292652209456928 0.00305468020898732 0.00312616445458491 0.00314137618069309 0.00311060450517933 0.00304811469816738 0.00296493901844016 0.00286573195209697 0.00274853534252484 0.00260857230160181 0.0024419458764299 0.00224906160877987 0.00203469658965136 0.00180642646794539 0.00157372810247115 0.0013458473085321 0.0011322266644166 0.000942103385545816 0.000783957134934915 0.000662675227013827 0.000578020710001487 0.000522336857353552 0.000483486239201419 0.000448582995447969 0.000408540485104894 0.000360579670604563 0.000307294904607808 0.000253939612496667 0.000205177879262101 0.000163826654745463 0.000130766381333591 0.00010506060434393 8.5000970972253e-05 6.87200124506187e-05 5.47546565610841e-05 4.22146887189019e-05 3.09364395242103e-05 2.12970431590912e-05 1.35601090692543e-05 7.95593940479314e-06 4.28301139104049e-06 2.10163895906793e-06 9.2774748651773e-07 3.78271283285935e-07 1.39842172917069e-07 8.50335865099923e-10 0 0 0 0 0 0 0 0 0 0 0 0 0 0 0 0 0 0 0 0 0 0 0 0 0 0 0 0 0 0 0 0 0 0 0 0 0 0 0 0 0 0 0 0 0 0 0 0 0 0 0 0 0
2.52171099531115e-05 3.85991409612813e-05 5.818074168114e-05 8.74547172726002e-05 0.000131284577843279 0.000195061402006196 0.000283197079123194 0.000397145777460751 0.000534057178722858 0.000687312744674192 0.000848259588846613 0.00100909772236046 0.00116480234759771 0.00131402441812013 0.00145869786861965 0.00160342830216073 0.00175429664905436 0.00191841851166149 0.00210058046220473 0.00230072194195101 0.00251119975943595 0.00271715837775018 0.00289999844324159 0.00304301826105423 0.00313684392316605 0.00318063574007444 0.00318138485401079 0.00314894068152128 0.0030906153739794 0.00300829629358114 0.00289878133395669 0.00275735791746194 0.0025817136133994 0.00237515410772687 0.00214637306670081 0.00190645307357188 0.00166675836366428 0.00143603495420079 0.00122118409799246 0.00102834408390952 0.000863799184102252 0.000733050356043517 0.000638326364937675 0.000575199133321034 0.000533172590030618 0.000498627175167321 0.000460040062500934 0.000411943264431611 0.000355428424728081 0.000295950170754981 0.000239468378056377 0.000190022189682501 0.000149376058946561 0.000116967833581612 9.13264601333221e-05 7.07626521010675e-05 5.3930800764419e-05 3.99368747117998e-05 2.83239680564048e-05 1.9096690050878e-05 1.20302675494896e-05 7.03255181750148e-06 3.81180006015632e-06 1.89258850237886e-06 8.4309471577717e-07 3.52662333526945e-07 1.34074920616084e-07 3.99807429966065e-09 0 0 0 0 0 0 0 0 0 0 0 0 0 0 0 0 0 0 0 0 0 0 0 0 0 0 0 0 0 0 0 0 0 0 0 0 0 0 0 0 0 0 0 0 0 0 0 0 0 0 0 0 0
1.4060060786891e-05 2.39326098279435e-05 3.96975510486609e-05 6.44370323575193e-05 0.000102009014325767 0.000156523444660538 0.000231259349600621 0.000327180770117587 0.000442012339472175 0.000570882538688042 0.000707808101590498 0.000848215451871612 0.000990318447656356 0.00113525390853687 0.00128578081892757 0.00144466794959487 0.00161365626208796 0.00179393868255671 0.00198513420085361 0.00218470244135817 0.00238624610241904 0.00257943136221668 0.00275176146388792 0.0028921516711062 0.00299455349752112 0.00305821502063096 0.0030871200958564 0.00308592273610368 0.00305665969579846 0.00299682025236836 0.0029007882005619 0.00276339469292991 0.00258383306622647 0.00236874633184191 0.00213137742903714 0.00188770148488565 0.00165216837115816 0.0014337074783682 0.00123607842668825 0.00105991390321086 0.000905932247859324 0.000776917985846085 0.000675984242196569 0.000602847932999905 0.000551763445034576 0.000512026613261165 0.000472552146449473 0.000425933319449417 0.000370925047832101 0.000311555468458891 0.000253790551635353 0.000202271884634922 0.000159541528456521 0.000125325259468983 9.81393234721701e-05 7.60814070027651e-05 5.77226086920617e-05 4.22854473457043e-05 2.9471827088031e-05 1.94598105433866e-05 1.19960019544769e-05 6.8417935211701e-06 3.62868927180011e-06 1.76237406073928e-06 7.69420902425927e-07 3.18864961964288e-07 1.20602523086997e-07 1.3558799684363e-08 0 0 0 0 0 0 0 0 0 0 0 0 0 0 0 0 0 0 0 0 0 0 0 0 0 0 0 0 0 0 0 0 0 0 0 0 0 0 0 0 0 0 0 0 0 0 0 0 0 0 0 0 0
9.19916572206528e-06 1.74385510105321e-05 3.13633728425705e-05 5.36850438030494e-05 8.73125744956521e-05 0.000135012969495909 0.000198615294455439 0.000278084310247562 0.000371226437636431 0.000474603744468912 0.000584952502357808 0.000701197937127895 0.000825190812548834 0.000960818707471975 0.00111176508878706 0.00127896685892915 0.00145961908029624 0.00164857175153963 0.0018397589498718 0.00202787068304201 0.00220792523413495 0.00237481469147246 0.00252284142953472 0.00264678857163374 0.00274363009789443 0.00281250465537622 0.00285467350648747 0.00287083201895165 0.00285946963496199 0.00281564562002215 0.00273290942081745 0.00260629653967587 0.00243583043880291 0.00222941860346987 0.002001641008201 0.00177059888341825 0.00155239410131932 0.00135669316834647 0.0011859240997103 0.00103684745457647 0.000905097181870406 0.000789099786109513 0.000690514088986744 0.000611462417648541 0.000551011350302818 0.000503173612101557 0.000459947351688136 0.000413891688794282 0.000361993380537135 0.000306185931918689 0.000251302762675055 0.000201799381164354 0.000160713997244728 0.000128158151562472 0.0001026890568957 8.20185450388326e-05 6.43102932180782e-05 4.86134677186819e-05 3.47902221051438e-05 2.34012553895699e-05 1.46092327708411e-05 8.37304950332688e-06 4.42222055742974e-06 2.12046072673585e-06 9.21133988443461e-07 3.73962692933335e-07 1.38274754709848e-07 3.31666531101087e-08 0 0 0 0 0 0 0 0 0 0 0 0 0 0 0 0 0 0 0 0 0 0 0 0 0 0 0 0 0 0 0 0 0 0 0 0 0 0 0 0 0 0 0 0 0 0 0 0 0 0 0 0 0
6.6337660120877e-06 1.34055677995594e-05 2.52009015485732e-05 4.43244091268483e-05 7.2955615832009e-05 0.000112888570384299 0.000164911988914218 0.00022834632600017 0.000301248237785386 0.000381488030552199 0.000468129997763693 0.000562885775854327 0.000670334302396545 0.000796242513060052 0.000944727608158246 0.00111513520704604 0.00130092040331127 0.001491560349665 0.00167583871434198 0.00184560428705534 0.00199696632141696 0.00212998454876731 0.00224608982064722 0.00234621289423831 0.00242990486062132 0.0024950593950845 0.00253898948199979 0.00255827911711999 0.00254915610289968 0.0025070569311236 0.00242799082184842 0.0023099659939578 0.002155207539035 0.00197202480357868 0.00177322707532176 0.00157463894270886 0.00139004071104198 0.0012278544341207 0.00108974635585338 0.000971172588004831 0.00086568029263971 0.000768554889146438 0.00067927330194379 0.00060035897955182 0.000533888394195333 0.000478339985930209 0.000429864034298067 0.000382790761956312 0.000333583171598906 0.000282361927296035 0.00023220348877018 0.000186646213946643 0.000148735431075715 0.00011905718508581 9.65529556873228e-05 7.89020200233949e-05 6.39047276520892e-05 5.01844202500389e-05 3.74059066867498e-05 2.61535982301104e-05 1.69506174761099e-05 1.00640959151953e-05 5.46892380940829e-06 2.68696676512554e-06 1.2062840456262e-06 4.97269636922124e-07 1.86006677146239e-07 5.8518350052023e-08 0 0 0 0 0 0 0 0 0 0 0 0 0 0 0 0 0 0 0 0 0 0 0 0 0 0 0 0 0 0 0 0 0 0 0 0 0 0 0 0 0 0 0 0 0 0 0 0 0 0 0 0 0
4.61087303218158e-06 9.720777834433e-06 1.88648207266306e-05 3.39297796238211e-05 5.65810660471477e-05 8.79943398072821e-05 0.000128327792270601 0.000176586034687942 0.00023114439797594 0.000290892374200553 0.000356599620653866 0.000431885219051342 0.000522996751462155 0.000636730203477132 0.000777343845742968 0.000943276801558869 0.00112585911183529 0.00131122326167639 0.00148435876482373 0.00163419362856526 0.00175649645786883 0.0018545612969325 0.00193588813871809 0.00200800252986579 0.00207453104975051 0.00213345970826739 0.00217840615538761 0.00220095041466077 0.00219362239242496 0.00215135202724504 0.00207259614290494 0.00195926517027923 0.00181737680229437 0.00165696643220986 0.00148970621968268 0.00132836241181843 0.00118269608543235 0.00105800784147 0.000954340954867208 0.000866633891252116 0.000788299365458059 0.000713167384663339 0.000638791836577254 0.000566709890192372 0.000499883747434812 0.000439886688736772 0.000386659184854829 0.000337464651683093 0.000289661511748189 0.000242539790744672 0.000197532118496167 0.000156829209958891 0.000122850864536958 9.63900304479802e-05 7.69218224261537e-05 6.25714374240372e-05 5.11951643679144e-05 4.11456616578162e-05 3.16959633845062e-05 2.29957544656961e-05 1.55143085144547e-05 9.60431925449708e-06 5.4244565040056e-06 2.77195659453586e-06 1.30089122574216e-06 5.56030252917159e-07 2.15392248390536e-07 7.44719141430768e-08 0 0 0 0 0 0 0 0 0 0 0 0 0 0 0 0 0 0 0 0 0 0 0 0 0 0 0 0 0 0 0 0 0 0 0 0 0 0 0 0 0 0 0 0 0 0 0 0 0 0 0 0 0
3.09137715209535e-06 6.81502640908036e-06 1.37252568849711e-05 2.54360526911903e-05 4.33756695256697e-05 6.84359891840909e-05 0.000100413761357581 0.000137966555620731 0.000179268042751992 0.000223205156129692 0.00027088696521438 0.000326506053759445 0.000396941953232362 0.00048971126659371 0.000609835039974251 0.000756558413081271 0.000921786702492341 0.0010914368804915 0.00124918283897219 0.0013816779204606 0.00148258893066736 0.001554649652825 0.00160742508993847 0.00165286248324801 0.00169953899418025 0.0017489070202124 0.00179485119830676 0.00182630375306571 0.00183169405906285 0.0018026321980702 0.00173609248901814 0.00163447542929615 0.00150580331430099 0.00136203696206082 0.00121577618396126 0.00107926084082582 0.000960478633147959 0.00086266474400297 0.000784607790417607 0.000721064491501042 0.000665981228677915 0.0006128158925162 0.000557595656342976 0.000499878679428245 0.000441481976929339 0.000384886051779251 0.000332157860551709 0.000283357444532653 0.000237630670648223 0.000194625200114335 0.000155001569017837 0.000119843739792574 9.06492451313464e-05 6.79959790954539e-05 5.16545579830798e-05 4.02981384976462e-05 3.21900678650234e-05 2.58029405199072e-05 2.02051164875364e-05 1.50616360372199e-05 1.05243309964462e-05 6.77993866914685e-06 3.97810645416866e-06 2.1201092304815e-06 1.04022278631862e-06 4.63324729642154e-07 1.86972479317583e-07 6.83601458707798e-08 0 0 0 0 0 0 0 0 0 0 0 0 0 0 0 0 0 0 0 0 0 0 0 0 0 0 0 0 0 0 0 0 0 0 0 0 0 0 0 0 0 0 0 0 0 0 0 0 0 0 0 0 0
2.07441484134079e-06 4.79830447437035e-06 1.00815167659981e-05 1.94036692803572e-05 3.41835576161675e-05 5.53657222306723e-05 8.27832180560814e-05 0.000114955397304754 0.000149625395843902 0.000184850377310253 0.000220641284892558 0.000260029172623379 0.000308930082087778 0.000374648261563393 0.000463112750789933 0.000575818707317819 0.000707971559338916 0.000848851699923835 0.000984402693098571 0.00110138148683517 0.00119134048226337 0.00125341136921514 0.0012939471293743 0.00132387459839807 0.0013536266984987 0.00138892902391021 0.0014282020174051 0.00146322593388957 0.00148230181337625 0.00147434889219628 0.00143225780158287 0.00135455245199741 0.00124681556683755 0.00112023712461211 0.000988211395009142 0.000864163381527835 0.000757171312973772 0.000670832703256804 0.000604192316047623 0.000552588312183279 0.000510944942937667 0.000473433477067095 0.000435667763407196 0.000395528482822835 0.000352824232298999 0.000308922640774601 0.000265684035100923 0.000224253315959444 0.000185050309182096 0.000148474229245893 0.000115305927536645 8.62838720458993e-05 6.23774300425847e-05 4.39375828140123e-05 3.08207102656119e-05 2.20627078641329e-05 1.63721931256266e-05 1.25424379959752e-05 9.69916653490496e-06 7.29456265705051e-06 5.22637842910974e-06 3.48939063920034e-06 2.12043822317518e-06 1.17980760981813e-06 6.05465817335268e-07 2.81514749134456e-07 1.18589370919257e-07 4.52609291273908e-08 0 0 0 0 0 0 0 0 0 0 0 0 0 0 0 0 0 0 0 0 0 0 0 0 0 0 0 0 0 0 0 0 0 0 0 0 0 0 0 0 0 0 0 0 0 0 0 0 0 0 0 0 0
1.27432917390873e-06 3.09503000805338e-06 6.79614036703655e-06 1.36521868083148e-05 2.50371284746974e-05 4.20731555083521e-05 6.50467071665771e-05 9.29907382595817e-05 0.0001239293882475 0.000155554346573471 0.00018663388315325 0.000218125351312009 0.000253443808302463 0.00029784343088907 0.000356621835267503 0.000432848655082666 0.000525647882294992 0.00062967367519615 0.000736203563213891 0.000835441484115666 0.000919234337550791 0.000983346156569607 0.00102825660488766 0.00105886628272831 0.00108190146521337 0.00110371301975978 0.00112730810033692 0.00115107962503096 0.00116890577031567 0.00117202272147773 0.00115165039742947 0.00110176396443464 0.00102223244206188 0.000919579483092169 0.000805100148886246 0.000692243584630902 0.000591927498324198 0.00050975527232838 0.000446321181003556 0.000398166183942138 0.000361153226629211 0.000330691115485111 0.000303202685185636 0.000276444198155227 0.0002492417238156 0.00022153944586248 0.000193677314237793 0.000165910199811132 0.00013838227361874 0.000111491430595982 8.61916687392959e-05 6.34298488979015e-05 4.43199621515988e-05 2.94297093498875e-05 1.88548559745819e-05 1.19202894429298e-05 7.68300053342758e-06 5.19601554177387e-06 3.71027241045362e-06 2.68659344099213e-06 1.9176332732296e-06 1.30838126789465e-06 8.17299510831439e-07 4.74495473334422e-07 2.54192607307442e-07 1.23374909130223e-07 5.42530131802861e-08 2.16149367649437e-08 0 0 0 0 0 0 0 0 0 0 0 0 0 0 0 0 0 0 0 0 0 0 0 0 0 0 0 0 0 0 0 0 0 0 0 0 0 0 0 0 0 0 0 0 0 0 0 0 0 0 0 0 0
6.36029219018025e-07 1.6246930507261e-06 3.73064959924643e-06 7.85157728116563e-06 1.50801293265885e-05 2.65204262459373e-05 4.29421580058338e-05 6.43242003418282e-05 8.98624088983154e-05 0.000118099187568002 0.000147707621375941 0.000178209609834044 0.000210321427692152 0.000246034631930148 0.000288010214707749 0.000338598356459972 0.000398909035637263 0.000468083929382014 0.000543263024227602 0.000620095224018734 0.000693671381848233 0.000759387157919758 0.00081356689991752 0.000854427994414276 0.000881813164226798 0.000897987529736241 0.000906491099121647 0.000910889830537026 0.000912642877986355 0.000909902069532222 0.000897393620091783 0.000868202385704299 0.000817172998349085 0.000744130755809546 0.000654762605185057 0.000559324525318092 0.000468893648261588 0.000391299215677352 0.000329711281827823 0.000282744862454601 0.000247166197874102 0.000219229058838677 0.000196094220052165 0.000176152164149505 0.000158579233782862 0.000142954670573725 0.000128648445370907 0.00011459737651832 9.97856390228497e-05 8.37207007042729e-05 6.68838426205941e-05 5.02576967208902e-05 3.52757707889046e-05 2.29927412901227e-05 1.39924314282742e-05 7.99478249645596e-06 4.39028969228388e-06 2.41083575285851e-06 1.39377167320833e-06 8.54945987778842e-07 5.51073953314997e-07 3.58176266995256e-07 2.27222505766383e-07 1.37645803175614e-07 7.69743840544481e-08 3.89998160255246e-08 1.7902429910711e-08 7.44551072802592e-09 0 0 0 0 0 0 0 0 0 0 0 0 0 0 0 0 0 0 0 0 0 0 0 0 0 0 0 0 0 0 0 0 0 0 0 0 0 0 0 0 0 0 0 0 0 0 0 0 0 0 0 0 0
2.40069211478063e-07 6.51658107282516e-07 1.57008647356214e-06 3.48698437902455e-06 7.08065034276823e-06 1.31858723944633e-05 2.27161935508233e-05 3.63625834184398e-05 5.45525448056097e-05 7.72336417323032e-05 0.00010401279284225 0.000134294837937096 0.000167330437900274 0.000202494376823414 0.000239450830033627 0.000278309916171207 0.000319668913833271 0.000364326673987328 0.000412915985912573 0.000465457306415969 0.000521023328631889 0.000577305697480175 0.000630394087948861 0.000675530409100444 0.000707705917829697 0.000724207208239248 0.000725676173479232 0.000716409478828069 0.000702210159930031 0.00068766170078465 0.000673404955231533 0.00065561587775536 0.00062780394885283 0.000584697351850259 0.000525363472009104 0.000454253731035809 0.000379732855553184 0.000310327460068886 0.000251862494674084 0.000206051172108818 0.000171465537560002 0.000145234056545899 0.00012465443970152 0.000108141962204117 9.5187595891944e-05 8.55614638441701e-05 7.87160979878168e-05 7.32204421840304e-05 6.74311830414096e-05 6.0051460045735e-05 5.07292400361965e-05 4.00011495236257e-05 2.91809380528277e-05 1.9516702454416e-05 1.19916760118923e-05 6.72935533780713e-06 3.47562977292886e-06 1.67437785889321e-06 7.74159385177894e-07 3.53453028976638e-07 1.65798865907455e-07 7.03144585322682e-08 4.46993624497381e-08 2.88007564751595e-08 1.68127807316695e-08 8.8921809336888e-09 4.2609861311743e-09 1.8498863090395e-09 0 0 0 0 0 0 0 0 0 0 0 0 0 0 0 0 0 0 0 0 0 0 0 0 0 0 0 0 0 0 0 0 0 0 0 0 0 0 0 0 0 0 0 0 0 0 0 0 0 0 0 0 0
6.62895724145561e-08 1.9778872698775e-07 5.05359180423801e-07 1.20344045755303e-06 2.63316441467457e-06 5.30307893097488e-06 9.95778152820344e-06 1.74662162137364e-05 2.88329604973326e-05 4.49299189857109e-05 6.62869779123473e-05 9.28630010026655e-05 0.000123785601895702 0.00015750699165231 0.00019215821112252 0.000226190819198626 0.00025891030598716 0.000290623013125859 0.000322409852347713 0.000355605376041357 0.000391215325727595 0.000429121325137483 0.000467430271633077 0.000502478645838874 0.000529099365911287 0.000542886512424997 0.00054208484700862 0.000529076705467136 0.000509478136831512 0.000489878997564485 0.000474497348582216 0.000463119169393229 0.000451033209085236 0.000431675124373804 0.000400136002830487 0.000355583464833333 0.000302050083926465 0.000246325883703118 0.000195104904159714 0.000152671988809654 0.000120040023927771 9.59444123025084e-05 7.81028160476061e-05 6.46100459958832e-05 5.46201249880937e-05 4.77396521807431e-05 4.37109124993775e-05 4.15330122343169e-05 3.9862242026701e-05 3.74131874320021e-05 3.3370477679972e-05 2.77221328815043e-05 2.12322197710632e-05 1.48299559964577e-05 9.48132053447432e-06 5.49654389074812e-06 2.89799077426238e-06 1.390541342751e-06 6.07292800813848e-07 2.39779810507106e-07 8.31324222577986e-08 1.90091790797359e-09 0 0 0 0 0 0 0 0 0 0 0 0 0 0 0 0 0 0 0 0 0 0 0 0 0 0 0 0 0 0 0 0 0 0 0 0 0 0 0 0 0 0 0 0 0 0 0 0 0 0 0 0 0 0 0 0 0 0 0
1.33734906078413e-08 4.80361949832467e-08 1.33194657122368e-07 3.49475548044466e-07 8.47541367268432e-07 1.89572322298396e-06 3.9700724609853e-06 7.75399074100585e-06 1.4186029091767e-05 2.42887502946605e-05 3.89052197316906e-05 5.83999992142979e-05 8.23147881062923e-05 0.000109394325731969 0.000137853968362392 0.000165999390282937 0.00019272165866035 0.000217685217448854 0.000241166446095822 0.000263713841810236 0.000285869643585969 0.000307785979631068 0.000328888393210264 0.000347606788806143 0.000361202439869056 0.000366847658499585 0.000362956315006634 0.000350587411527854 0.00033343138280751 0.000316584076449621 0.000304169879408486 0.000297311526953427 0.000293450573124707 0.000287454578602962 0.000274231136896899 0.000250826322595835 0.000218020277206283 0.000179756021641897 0.000141286965926561 0.000107238253418151 8.00007519996618e-05 5.98908958893272e-05 4.56355480187099e-05 3.55508056958784e-05 2.84998876728841e-05 2.37343230905631e-05 2.09894092081941e-05 1.97104165375533e-05 1.91556511169263e-05 1.858427926444e-05 1.72838807022114e-05 1.50189265499349e-05 1.20402898749243e-05 8.78176193264977e-06 5.86973529053473e-06 3.55323257118451e-06 1.95283843105297e-06 9.74203181341688e-07 4.4079596391456e-07 1.80700367123935e-07 6.61097402159496e-08 0 0 0 0 0 0 0 0 0 0 0 0 0 0 0 0 0 0 0 0 0 0 0 0 0 0 0 0 0 0 0 0 0 0 0 0 0 0 0 0 0 0 0 0 0 0 0 0 0 0 0 0 0 0 0 0 0 0 0 0
1.94868392666927e-09 1.0324200175738e-08 3.20638034702089e-08 9.48918768176922e-08 2.59205670170843e-07 6.48994448584302e-07 1.51108217282696e-06 3.24626606978422e-06 6.45543738715531e-06 1.18692481765802e-05 2.01687861431681e-05 3.17693799065803e-05 4.65562827630092e-05 6.38614475839094e-05 8.26197404506565e-05 0.000101810838779894 0.000120770018605808 0.000139251126746091 0.000157196337649162 0.000174428117810106 0.000190537916977424 0.00020489764839745 0.000216800270546987 0.000225436894601208 0.000229759166017829 0.000228791077066183 0.000222195493741062 0.000210992524067219 0.000197669788070075 0.000185454029813159 0.000176987378975997 0.000172995293243192 0.000171970107710547 0.000170554218784555 0.000165282415912041 0.000153739244046803 0.000135663251877171 0.000112990408491439 8.87921001171947e-05 6.63111690637999e-05 4.76222442997779e-05 3.3578877812221e-05 2.3768052419782e-05 1.71626160788157e-05 1.28295072382213e-05 9.98786859889289e-06 8.3197248818656e-06 7.48764391443218e-06 7.14216015932156e-06 7.02230384225304e-06 6.72221261758864e-06 6.06505361339363e-06 5.07046117333947e-06 3.85331541666121e-06 2.69535844701551e-06 1.70694615238181e-06 9.80796528129253e-07 5.1126299463969e-07 2.41458716081976e-07 1.03317645940746e-07 4.00533831904439e-08 0 0 0 0 0 0 0 0 0 0 0 0 0 0 0 0 0 0 0 0 0 0 0 0 0 0 0 0 0 0 0 0 0 0 0 0 0 0 0 0 0 0 0 0 0 0 0 0 0 0 0 0 0 0 0 0 0 0 0 0
2.04565170105736e-10 2.16450390908367e-09 7.56764462319216e-09 2.49299649996002e-08 7.5135286459688e-08 2.05628845350845e-07 5.1771742750366e-07 1.19059887064703e-06 2.51005999767663e-06 4.85264316643277e-06 8.60312641046819e-06 1.40431045900785e-05 2.12030805522198e-05 2.98313905034959e-05 3.94653253609102e-05 4.96905262449315e-05 6.03242252719581e-05 7.1435756252672e-05 8.3140168093323e-05 9.5308169275141e-05 0.000107420828809183 0.000118611712612198 0.000127903228668372 0.000134370753060951 0.000137212545558539 0.000135911520898779 0.000130518347172115 0.00012197280438348 0.00011215400477106 0.000103278252037361 9.70984234104509e-05 9.40139056651524e-05 9.30499544345508e-05 9.20781910365873e-05 8.90598443971009e-05 8.26715738833402e-05 7.2745872154147e-05 6.03637759734844e-05 4.70852075603102e-05 3.46725219772542e-05 2.42178508259884e-05 1.62837609747777e-05 1.0757625774532e-05 7.1403384791347e-06 4.8881478502493e-06 3.47265859627166e-06 2.66622558213776e-06 2.24330879485926e-06 2.0351906923395e-06 1.99413645579686e-06 1.94216364738798e-06 1.80717592890494e-06 1.56997479308321e-06 1.23907633172729e-06 9.06601938739795e-07 6.00991477420658e-07 3.60955007512866e-07 1.96413311001145e-07 9.68326573393577e-08 4.32519678465464e-08 1.75034226857694e-08 0 0 0 0 0 0 0 0 0 0 0 0 0 0 0 0 0 0 0 0 0 0 0 0 0 0 0 0 0 0 0 0 0 0 0 0 0 0 0 0 0 0 0 0 0 0 0 0 0 0 0 0 0 0 0 0 0 0 0 0
0 3.76366392978046e-10 1.48356981499512e-09 5.38935297110284e-09 1.76861733195929e-08 5.2209397815851e-08 1.40349246610103e-07 3.41959999837427e-07 7.58410422521102e-07 1.53367599654015e-06 2.82874231914267e-06 4.77992045599646e-06 7.43653437712892e-06 1.07382562670471e-05 1.45353375295499e-05 1.87063828121588e-05 2.32579071790208e-05 2.83554150989678e-05 3.42264043217701e-05 4.09807728668368e-05 4.84643077262231e-05 5.62106171750661e-05 6.35259869010138e-05 6.95922951276065e-05 7.35772826717948e-05 7.47935337137508e-05 7.2949958549338e-05 6.84112547759938e-05 6.23132451228595e-05 5.61643682727818e-05 5.13226505556774e-05 4.8322807884049e-05 4.67977921057248e-05 4.55703006175871e-05 4.34724397575488e-05 3.97966112318379e-05 3.44596620172022e-05 2.80911995095176e-05 2.14608541651959e-05 1.54649937273595e-05 1.05054687594911e-05 6.78982577845457e-06 4.23436791000222e-06 2.59868154671549e-06 1.61799794787297e-06 1.01906991543855e-06 7.09015960023109e-07 5.46241828073108e-07 4.52497075675717e-07 4.32233518678459e-07 4.19699792939515e-07 3.97102647670834e-07 3.55344056799508e-07 2.89151210603911e-07 2.20849287737424e-07 1.52826996775275e-07 9.58158248172697e-08 5.44261349363255e-08 2.80098532482444e-08 1.30601228050218e-08 5.51717520438017e-09 0 0 0 0 0 0 0 0 0 0 0 0 0 0 0 0 0 0 0 0 0 0 0 0 0 0 0 0 0 0 0 0 0 0 0 0 0 0 0 0 0 0 0 0 0 0 0 0 0 0 0 0 0 0 0 0 0 0 0 0
0 6.69960338089148e-11 2.75598605365172e-10 1.03744276028979e-09 3.53451647777392e-09 1.08592327357149e-08 3.03393792481958e-08 7.68011182105732e-08 1.7672330321758e-07 3.70313478369096e-07 7.06457616594944e-07 1.23193122769354e-06 1.9726239283983e-06 2.92355004539016e-06 4.05086739162045e-06 5.3301953453629e-06 6.78755731457601e-06 8.52518242226344e-06 1.07012212722231e-05 1.34646417148223e-05 1.68775501455845e-05 2.08550523611627e-05 2.5146548672106e-05 2.93365884923027e-05 3.28740451054866e-05 3.51605037600092e-05 3.57271960985617e-05 3.44511603838273e-05 3.17259700985591e-05 2.83215921768339e-05 2.51222328868161e-05 2.26965837877444e-05 2.11308173728415e-05 1.99877182793828e-05 1.86998297581244e-05 1.68762590789165e-05 1.43933554139449e-05 1.15152876442691e-05 8.56679186488827e-06 6.00538922850944e-06 3.94214564813185e-06 2.44021264514763e-06 1.4371524611888e-06 8.15535441160822e-07 4.56057776784753e-07 2.33798528301653e-07 1.35172675987237e-07 8.02145745599195e-08 4.06326919895203e-08 2.47311894503418e-08 1.3637899960923e-08 6.81370119560531e-09 3.08426550094406e-09 0 0 0 0 0 0 0 0 0 0 0 0 0 0 0 0 0 0 0 0 0 0 0 0 0 0 0 0 0 0 0 0 0 0 0 0 0 0 0 0 0 0 0 0 0 0 0 0 0 0 0 0 0 0 0 0 0 0 0 0 0 0 0 0 0 0 0 0
0 8.62800651966168e-12 3.70502201626886e-11 1.4414653566996e-10 5.10422936147834e-10 1.63225825467095e-09 4.74083183002414e-09 1.24704969518382e-08 2.97802221690173e-08 6.4682304886902e-08 1.27684891226135e-07 2.29906643506527e-07 3.79155850824302e-07 5.77270061605768e-07 8.19683201319502e-07 1.10442593944625e-06 1.44399439794786e-06 1.87638558760273e-06 2.46580255145112e-06 3.28938341399563e-06 4.41400006027915e-06 5.86917734789013e-06 7.62235972172424e-06 9.55504883056929e-06 1.14492535348999e-05 1.30056061798227e-05 1.39154042975899e-05 1.39754545928861e-05 1.32092345551575e-05 1.186388587107e-05 1.03356526916028e-05 8.97698516785947e-06 7.96866127473206e-06 7.24721305308456e-06 6.62021150035906e-06 5.9140415503691e-06 5.02022323664603e-06 3.99484647288814e-06 2.9238763991633e-06 2.0164467698784e-06 1.28806024021886e-06 7.64719658296168e-07 4.23302148570508e-07 2.18876090768428e-07 1.0574183092623e-07 3.48899746499922e-08 1.44090912539176e-08 5.58562109272605e-09 0 0 0 0 0 0 0 0 0 0 0 0 0 0 0 0 0 0 0 0 0 0 0 0 0 0 0 0 0 0 0 0 0 0 0 0 0 0 0 0 0 0 0 0 0 0 0 0 0 0 0 0 0 0 0 0 0 0 0 0 0 0 0 0 0 0 0 0 0 0 0 0 0
0 8.01460007665513e-13 3.59264735918152e-12 1.45908439532078e-11 5.36882592341328e-11 1.78982809394726e-10 5.41456875424273e-10 1.48305776686242e-09 3.68421309570172e-09 8.31547790053886e-09 1.70323430506477e-08 3.175676801112e-08 5.40882340604001e-08 8.47950137756594e-08 1.23561321190936e-07 1.70497112006654e-07 2.28645209690488e-07 3.07127570433619e-07 4.23059448551104e-07 6.00807807840214e-07 8.68193232661999e-07 1.24967378753299e-06 1.75672782186755e-06 2.37512753568867e-06 3.05245044577356e-06 3.69444800496867e-06 4.18117018908478e-06 4.40477423698486e-06 4.32005976074033e-06 3.9650848781781e-06 3.45357300747571e-06 2.92103462825341e-06 2.46932594178947e-06 2.12486160519365e-06 1.85396313976851e-06 1.60803804843299e-06 1.33949126386693e-06 1.04773879896346e-06 7.40836434698037e-07 4.94807188612523e-07 2.99421344245292e-07 1.64158206623779e-07 8.15409054981142e-08 3.66962384143391e-08 1.4962379140531e-08 0 0 0 0 0 0 0 0 0 0 0 0 0 0 0 0 0 0 0 0 0 0 0 0 0 0 0 0 0 0 0 0 0 0 0 0 0 0 0 0 0 0 0 0 0 0 0 0 0 0 0 0 0 0 0 0 0 0 0 0 0 0 0 0 0 0 0 0 0 0 0 0 0 0 0 0
0 0 0 0 0 0 0 0 0 1.57509967571413e-12 6.65574258649283e-12 2.54810945847154e-11 8.83838123743191e-11 2.94498427993302e-10 8.60184503543098e-10 2.30031310472348e-09 5.65286057954865e-09 1.28221605802935e-08 2.6977653371414e-08 5.29063844410258e-08 9.71021456293988e-08 1.67161154275274e-07 2.6993030670632e-07 4.07968741242189e-07 5.74929240807757e-07 7.52124865206545e-07 9.0969250412521e-07 1.0145019139908e-06 1.04285242001731e-06 9.9154951307434e-07 8.80227645118398e-07 7.42529099078759e-07 6.10942923667016e-07 5.04165070810541e-07 4.22653862951999e-07 3.58967454004912e-07 2.99518780179152e-07 2.38569491789429e-07 1.71221515009672e-07 1.19378030296162e-07 7.54090674540361e-08 4.31574542874475e-08 2.23779941572033e-08 1.05128285296961e-08 4.47456780459128e-09 0 0 0 0 0 0 0 0 0 0 0 0 0 0 0 0 0 0 0 0 0 0 0 0 0 0 0 0 0 0 0 0 0 0 0 0 0 0 0 0 0 0 0 0 0 0 0 0 0 0 0 0 0 0 0 0 0 0 0 0 0 0 0 0 0 0 0 0 0 0 0 0 0 0 0 0
0 0 0 0 0 0 0 0 0 0 0 0 0 1.61805528681029e-12 6.99638239614432e-12 2.74085971563494e-11 9.72821510752839e-11 3.12833036474032e-10 9.11433827154305e-10 2.40586228352387e-09 5.75372992210832e-09 1.2466980174855e-08 2.44740674798758e-08 4.35295447608999e-08 7.01447521815193e-08 1.02409284767909e-07 1.3546171468821e-07 1.62340504816933e-07 1.76266711993222e-07 1.73399085457209e-07 1.54545509118071e-07 1.24795539941365e-07 9.13008513221945e-08 6.05178760588098e-08 3.63434051804585e-08 1.97742783023301e-08 9.74784817047017e-09 4.35361437069879e-09 0 0 0 0 0 0 0 0 0 0 0 0 0 0 0 0 0 0 0 0 0 0 0 0 0 0 0 0 0 0 0 0 0 0 0 0 0 0 0 0 0 0 0 0 0 0 0 0 0 0 0 0 0 0 0 0 0 0 0 0 0 0 0 0 0 0 0 0 0 0 0 0 0 0 0 0 0 0 0 0 0 0 0
0 0 0 0 0 0 0 0 0 0 0 0 0 0 0 0 0 0 0 0 0 0 0 0 0 0 0 0 0 0 0 0 0 0 0 0 0 0 0 0 0 0 0 0 0 0 0 0 0 0 0 0 0 0 0 0 0 0 0 0 0 0 0 0 0 0 0 0 0 0 0 0 0 0 0 0 0 0 0 0 0 0 0 0 0 0 0 0 0 0 0 0 0 0 0 0 0 0 0 0 0 0 0 0 0 0 0 0 0 0 0 0 0 0 0 0 0 0 0 0 0
0 0 0 0 0 0 0 0 0 0 0 0 0 0 0 0 0 0 0 0 0 0 0 0 0 0 0 0 0 0 0 0 0 0 0 0 0 0 0 0 0 0 0 0 0 0 0 0 0 0 0 0 0 0 0 0 0 0 0 0 0 0 0 0 0 0 0 0 0 0 0 0 0 0 0 0 0 0 0 0 0 0 0 0 0 0 0 0 0 0 0 0 0 0 0 0 0 0 0 0 0 0 0 0 0 0 0 0 0 0 0 0 0 0 0 0 0 0 0 0 0
0 0 0 0 0 0 0 0 0 0 0 0 0 0 0 0 0 0 0 0 0 0 0 0 0 0 0 0 0 0 0 0 0 0 0 0 0 0 0 0 0 0 0 0 0 0 0 0 0 0 0 0 0 0 0 0 0 0 0 0 0 0 0 0 0 0 0 0 0 0 0 0 0 0 0 0 0 0 0 0 0 0 0 0 0 0 0 0 0 0 0 0 0 0 0 0 0 0 0 0 0 0 0 0 0 0 0 0 0 0 0 0 0 0 0 0 0 0 0 0 0
0 0 0 0 0 0 0 0 0 0 0 0 0 0 0 0 0 0 0 0 0 0 0 0 0 0 0 0 0 0 0 0 0 0 0 0 0 0 0 0 0 0 0 0 0 0 0 0 0 0 0 0 0 0 0 0 0 0 0 0 0 0 0 0 0 0 0 0 0 0 0 0 0 0 0 0 0 0 0 0 0 0 0 0 0 0 0 0 0 0 0 0 0 0 0 0 0 0 0 0 0 0 0 0 0 0 0 0 0 0 0 0 0 0 0 0 0 0 0 0 0
0 0 0 0 0 0 0 0 0 0 0 0 0 0 0 0 0 0 0 0 0 0 0 0 0 0 0 0 0 0 0 0 0 0 0 0 0 0 0 0 0 0 0 0 0 0 0 0 0 0 0 0 0 0 0 0 0 0 0 0 0 0 0 0 0 0 0 0 0 0 0 0 0 0 0 0 0 0 0 0 0 0 0 0 0 0 0 0 0 0 0 0 0 0 0 0 0 0 0 0 0 0 0 0 0 0 0 0 0 0 0 0 0 0 0 0 0 0 0 0 0
0 0 0 0 0 0 0 0 0 0 0 0 0 0 0 0 0 0 0 0 0 0 0 0 0 0 0 0 0 0 0 0 0 0 0 0 0 0 0 0 0 0 0 0 0 0 0 0 0 0 0 0 0 0 0 0 0 0 0 0 0 0 0 0 0 0 0 0 0 0 0 0 0 0 0 0 0 0 0 0 0 0 0 0 0 0 0 0 0 0 0 0 0 0 0 0 0 0 0 0 0 0 0 0 0 0 0 0 0 0 0 0 0 0 0 0 0 0 0 0 0
0 0 0 0 0 0 0 0 0 0 0 0 0 0 0 0 0 0 0 0 0 0 0 0 0 0 0 0 0 0 0 0 0 0 0 0 0 0 0 0 0 0 0 0 0 0 0 0 0 0 0 0 0 0 0 0 0 0 0 0 0 0 0 0 0 0 0 0 0 0 0 0 0 0 0 0 0 0 0 0 0 0 0 0 0 0 0 0 0 0 0 0 0 0 0 0 0 0 0 0 0 0 0 0 0 0 0 0 0 0 0 0 0 0 0 0 0 0 0 0 0
0 0 0 0 0 0 0 0 0 0 0 0 0 0 0 0 0 0 0 0 0 0 0 0 0 0 0 0 0 0 0 0 0 0 0 0 0 0 0 0 0 0 0 0 0 0 0 0 0 0 0 0 0 0 0 0 0 0 0 0 0 0 0 0 0 0 0 0 0 0 0 0 0 0 0 0 0 0 0 0 0 0 0 0 0 0 0 0 0 0 0 0 0 0 0 0 0 0 0 0 0 0 0 0 0 0 0 0 0 0 0 0 0 0 0 0 0 0 0 0 0
0 0 0 0 0 0 0 0 0 0 0 0 0 0 0 0 0 0 0 0 0 0 0 0 0 0 0 0 0 0 0 0 0 0 0 0 0 0 0 0 0 0 0 0 0 0 0 0 0 0 0 0 0 0 0 0 0 0 0 0 0 0 0 0 0 0 0 0 0 0 0 0 0 0 0 0 0 0 0 0 0 0 0 0 0 0 0 0 0 0 0 0 0 0 0 0 0 0 0 0 0 0 0 0 0 0 0 0 0 0 0 0 0 0 0 0 0 0 0 0 0
0 0 0 0 0 0 0 0 0 0 0 0 0 0 0 0 0 0 0 0 0 0 0 0 0 0 0 0 0 0 0 0 0 0 0 0 0 0 0 0 0 0 0 0 0 0 0 0 0 0 0 0 0 0 0 0 0 0 0 0 0 0 0 0 0 0 0 0 0 0 0 0 0 0 0 0 0 0 0 0 0 0 0 0 0 0 0 0 0 0 0 0 0 0 0 0 0 0 0 0 0 0 0 0 0 0 0 0 0 0 0 0 0 0 0 0 0 0 0 0 0
0 0 0 0 0 0 0 0 0 0 0 0 0 0 0 0 0 0 0 0 0 0 0 0 0 0 0 0 0 0 0 0 0 0 0 0 0 0 0 0 0 0 0 0 0 0 0 0 0 0 0 0 0 0 0 0 0 0 0 0 0 0 0 0 0 0 0 0 0 0 0 0 0 0 0 0 0 0 0 0 0 0 0 0 0 0 0 0 0 0 0 0 0 0 0 0 0 0 0 0 0 0 0 0 0 0 0 0 0 0 0 0 0 0 0 0 0 0 0 0 0
0 0 0 0 0 0 0 0 0 0 0 0 0 0 0 0 0 0 0 0 0 0 0 0 0 0 0 0 0 0 0 0 0 0 0 0 0 0 0 0 0 0 0 0 0 0 0 0 0 0 0 0 0 0 0 0 0 0 0 0 0 0 0 0 0 0 0 0 0 0 0 0 0 0 0 0 0 0 0 0 0 0 0 0 0 0 0 0 0 0 0 0 0 0 0 0 0 0 0 0 0 0 0 0 0 0 0 0 0 0 0 0 0 0 0 0 0 0 0 0 0
0 0 0 0 0 0 0 0 0 0 0 0 0 0 0 0 0 0 0 0 0 0 0 0 0 0 0 0 0 0 0 0 0 0 0 0 0 0 0 0 0 0 0 0 0 0 0 0 0 0 0 0 0 0 0 0 0 0 0 0 0 0 0 0 0 0 0 0 0 0 0 0 0 0 0 0 0 0 0 0 0 0 0 0 0 0 0 0 0 0 0 0 0 0 0 0 0 0 0 0 0 0 0 0 0 0 0 0 0 0 0 0 0 0 0 0 0 0 0 0 0
0 0 0 0 0 0 0 0 0 0 0 0 0 0 0 0 0 0 0 0 0 0 0 0 0 0 0 0 0 0 0 0 0 0 0 0 0 0 0 0 0 0 0 0 0 0 0 0 0 0 0 0 0 0 0 0 0 0 0 0 0 0 0 0 0 0 0 0 0 0 0 0 0 0 0 0 0 0 0 0 0 0 0 0 0 0 0 0 0 0 0 0 0 0 0 0 0 0 0 0 0 0 0 0 0 0 0 0 0 0 0 0 0 0 0 0 0 0 0 0 0
0 0 0 0 0 0 0 0 0 0 0 0 0 0 0 0 0 0 0 0 0 0 0 0 0 0 0 0 0 0 0 0 0 0 0 0 0 0 0 0 0 0 0 0 0 0 0 0 0 0 0 0 0 0 0 0 0 0 0 0 0 0 0 0 0 0 0 0 0 0 0 0 0 0 0 0 0 0 0 0 0 0 0 0 0 0 0 0 0 0 0 0 0 0 0 0 0 0 0 0 0 0 0 0 0 0 0 0 0 0 0 0 0 0 0 0 0 0 0 0 0
0 0 0 0 0 0 0 0 0 0 0 0 0 0 0 0 0 0 0 0 0 0 0 0 0 0 0 0 0 0 0 0 0 0 0 0 0 0 0 0 0 0 0 0 0 0 0 0 0 0 0 0 0 0 0 0 0 0 0 0 0 0 0 0 0 0 0 0 0 0 0 0 0 0 0 0 0 0 0 0 0 0 0 0 0 0 0 0 0 0 0 0 0 0 0 0 0 0 0 0 0 0 0 0 0 0 0 0 0 0 0 0 0 0 0 0 0 0 0 0 0
0 0 0 0 0 0 0 0 0 0 0 0 0 0 0 0 0 0 0 0 0 0 0 0 0 0 0 0 0 0 0 0 0 0 0 0 0 0 0 0 0 0 0 0 0 0 0 0 0 0 0 0 0 0 0 0 0 0 0 0 0 0 0 0 0 0 0 0 0 0 0 0 0 0 0 0 0 0 0 0 0 0 0 0 0 0 0 0 0 0 0 0 0 0 0 0 0 0 0 0 0 0 0 0 0 0 0 0 0 0 0 0 0 0 0 0 0 0 0 0 0
0 0 0 0 0 0 0 0 0 0 0 0 0 0 0 0 0 0 0 0 0 0 0 0 0 0 0 0 0 0 0 0 0 0 0 0 0 0 0 0 0 0 0 0 0 0 0 0 0 0 0 0 0 0 0 0 0 0 0 0 0 0 0 0 0 0 0 0 0 0 0 0 0 0 0 0 0 0 0 0 0 0 0 0 0 0 0 0 0 0 0 0 0 0 0 0 0 0 0 0 0 0 0 0 0 0 0 0 0 0 0 0 0 0 0 0 0 0 0 0 0
0 0 0 0 0 0 0 0 0 0 0 0 0 0 0 0 0 0 0 0 0 0 0 0 0 0 0 0 0 0 0 0 0 0 0 0 0 0 0 0 0 0 0 0 0 0 0 0 0 0 0 0 0 0 0 0 0 0 0 0 0 0 0 0 0 0 0 0 0 0 0 0 0 0 0 0 0 0 0 0 0 0 0 0 0 0 0 0 0 0 0 0 0 0 0 0 0 0 0 0 0 0 0 0 0 0 0 0 0 0 0 0 0 0 0 0 0 0 0 0 0
0 0 0 0 0 0 0 0 0 0 0 0 0 0 0 0 0 0 0 0 0 0 0 0 0 0 0 0 0 0 0 0 0 0 0 0 0 0 0 0 0 0 0 0 0 0 0 0 0 0 0 0 0 0 0 0 0 0 0 0 0 0 0 0 0 0 0 0 0 0 0 0 0 0 0 0 0 0 0 0 0 0 0 0 0 0 0 0 0 0 0 0 0 0 0 0 0 0 0 0 0 0 0 0 0 0 0 0 0 0 0 0 0 0 0 0 0 0 0 0 0
0 0 0 0 0 0 0 0 0 0 0 0 0 0 0 0 0 0 0 0 0 0 0 0 0 0 0 0 0 0 0 0 0 0 0 0 0 0 0 0 0 0 0 0 0 0 0 0 0 0 0 0 0 0 0 0 0 0 0 0 0 0 0 0 0 0 0 0 0 0 0 0 0 0 0 0 0 0 0 0 0 0 0 0 0 0 0 0 0 0 0 0 0 0 0 0 0 0 0 0 0 0 0 0 0 0 0 0 0 0 0 0 0 0 0 0 0 0 0 0 0
0 0 0 0 0 0 0 0 0 0 0 0 0 0 0 0 0 0 0 0 0 0 0 0 0 0 0 0 0 0 0 0 0 0 0 0 0 0 0 0 0 0 0 0 0 0 0 0 0 0 0 0 0 0 0 0 0 0 0 0 0 0 0 0 0 0 0 0 0 0 0 0 0 0 0 0 0 0 0 0 0 0 0 0 0 0 0 0 0 0 0 0 0 0 0 0 0 0 0 0 0 0 0 0 0 0 0 0 0 0 0 0 0 0 0 0 0 0 0 0 0
0 0 0 0 0 0 0 0 0 0 0 0 0 0 0 0 0 0 0 0 0 0 0 0 0 0 0 0 0 0 0 0 0 0 0 0 0 0 0 0 0 0 0 0 0 0 0 0 0 0 0 0 0 0 0 0 0 0 0 0 0 0 0 0 0 0 0 0 0 0 0 0 0 0 0 0 0 0 0 0 0 0 0 0 0 0 0 0 0 0 0 0 0 0 0 0 0 0 0 0 0 0 0 0 0 0 0 0 0 0 0 0 0 0 0 0 0 0 0 0 0
0 0 0 0 0 0 0 0 0 0 0 0 0 0 0 0 0 0 0 0 0 0 0 0 0 0 0 0 0 0 0 0 0 0 0 0 0 0 0 0 0 0 0 0 0 0 0 0 0 0 0 0 0 0 0 0 0 0 0 0 0 0 0 0 0 0 0 0 0 0 0 0 0 0 0 0 0 0 0 0 0 0 0 0 0 0 0 0 0 0 0 0 0 0 0 0 0 0 0 0 0 0 0 0 0 0 0 0 0 0 0 0 0 0 0 0 0 0 0 0 0
0 0 0 0 0 0 0 0 0 0 0 0 0 0 0 0 0 0 0 0 0 0 0 0 0 0 0 0 0 0 0 0 0 0 0 0 0 0 0 0 0 0 0 0 0 0 0 0 0 0 0 0 0 0 0 0 0 0 0 0 0 0 0 0 0 0 0 0 0 0 0 0 0 0 0 0 0 0 0 0 0 0 0 0 0 0 0 0 0 0 0 0 0 0 0 0 0 0 0 0 0 0 0 0 0 0 0 0 0 0 0 0 0 0 0 0 0 0 0 0 0
0 0 0 0 0 0 0 0 0 0 0 0 0 0 0 0 0 0 0 0 0 0 0 0 0 0 0 0 0 0 0 0 0 0 0 0 0 0 0 0 0 0 0 0 0 0 0 0 0 0 0 0 0 0 0 0 0 0 0 0 0 0 0 0 0 0 0 0 0 0 0 0 0 0 0 0 0 0 0 0 0 0 0 0 0 0 0 0 0 0 0 0 0 0 0 0 0 0 0 0 0 0 0 0 0 0 0 0 0 0 0 0 0 0 0 0 0 0 0 0 0
0 0 0 0 0 0 0 0 0 0 0 0 0 0 0 0 0 0 0 0 0 0 0 0 0 0 0 0 0 0 0 0 0 0 0 0 0 0 0 0 0 0 0 0 0 0 0 0 0 0 0 0 0 0 0 0 0 0 0 0 0 0 0 0 0 0 0 0 0 0 0 0 0 0 0 0 0 0 0 0 0 0 0 0 0 0 0 0 0 0 0 0 0 0 0 0 0 0 0 0 0 0 0 0 0 0 0 0 0 0 0 0 0 0 0 0 0 0 0 0 0
0 0 0 0 0 0 0 0 0 0 0 0 0 0 0 0 0 0 0 0 0 0 0 0 0 0 0 0 0 0 0 0 0 0 0 0 0 0 0 0 0 0 0 0 0 0 0 0 0 0 0 0 0 0 0 0 0 0 0 0 0 0 0 0 0 0 0 0 0 0 0 0 0 0 0 0 0 0 0 0 0 0 0 0 0 0 0 0 0 0 0 0 0 0 0 0 0 0 0 0 0 0 0 0 0 0 0 0 0 0 0 0 0 0 0 0 0 0 0 0 0
0 0 0 0 0 0 0 0 0 0 0 0 0 0 0 0 0 0 0 0 0 0 0 0 0 0 0 0 0 0 0 0 0 0 0 0 0 0 0 0 0 0 0 0 0 0 0 0 0 0 0 0 0 0 0 0 0 0 0 0 0 0 0 0 0 0 0 0 0 0 0 0 0 0 0 0 0 0 0 0 0 0 0 0 0 0 0 0 0 0 0 0 0 0 0 0 0 0 0 0 0 0 0 0 0 0 0 0 0 0 0 0 0 0 0 0 0 0 0 0 0
0 0 0 0 0 0 0 0 0 0 0 0 0 0 0 0 0 0 0 0 0 0 0 0 0 0 0 0 0 0 0 0 0 0 0 0 0 0 0 0 0 0 0 0 0 0 0 0 0 0 0 0 0 0 0 0 0 0 0 0 0 0 0 0 0 0 0 0 0 0 0 0 0 0 0 0 0 0 0 0 0 0 0 0 0 0 0 0 0 0 0 0 0 0 0 0 0 0 0 0 0 0 0 0 0 0 0 0 0 0 0 0 0 0 0 0 0 0 0 0 0
0 0 0 0 0 0 0 0 0 0 0 0 0 0 0 0 0 0 0 0 0 0 0 0 0 0 0 0 0 0 0 0 0 0 0 0 0 0 0 0 0 0 0 0 0 0 0 0 0 0 0 0 0 0 0 0 0 0 0 0 0 0 0 0 0 0 0 0 0 0 0 0 0 0 0 0 0 0 0 0 0 0 0 0 0 0 0 0 0 0 0 0 0 0 0 0 0 0 0 0 0 0 0 0 0 0 0 0 0 0 0 0 0 0 0 0 0 0 0 0 0
0 0 0 0 0 0 0 0 0 0 0 0 0 0 0 0 0 0 0 0 0 0 0 0 0 0 0 0 0 0 0 0 0 0 0 0 0 0 0 0 0 0 0 0 0 0 0 0 0 0 0 0 0 0 0 0 0 0 0 0 0 0 0 0 0 0 0 0 0 0 0 0 0 0 0 0 0 0 0 0 0 0 0 0 0 0 0 0 0 0 0 0 0 0 0 0 0 0 0 0 0 0 0 0 0 0 0 0 0 0 0 0 0 0 0 0 0 0 0 0 0
0 0 0 0 0 0 0 0 0 0 0 0 0 0 0 0 0 0 0 0 0 0 0 0 0 0 0 0 0 0 0 0 0 0 0 0 0 0 0 0 0 0 0 0 0 0 0 0 0 0 0 0 0 0 0 0 0 0 0 0 0 0 0 0 0 0 0 0 0 0 0 0 0 0 0 0 0 0 0 0 0 0 0 0 0 0 0 0 0 0 0 0 0 0 0 0 0 0 0 0 0 0 0 0 0 0 0 0 0 0 0 0 0 0 0 0 0 0 0 0 0
0 0 0 0 0 0 0 0 0 0 0 0 0 0 0 0 0 0 0 0 0 0 0 0 0 0 0 0 0 0 0 0 0 0 0 0 0 0 0 0 0 0 0 0 0 0 0 0 0 0 0 0 0 0 0 0 0 0 0 0 0 0 0 0 0 0 0 0 0 0 0 0 0 0 0 0 0 0 0 0 0 0 0 0 0 0 0 0 0 0 0 0 0 0 0 0 0 0 0 0 0 0 0 0 0 0 0 0 0 0 0 0 0 0 0 0 0 0 0 0 0
0 0 0 0 0 0 0 0 0 0 0 0 0 0 0 0 0 0 0 0 0 0 0 0 0 0 0 0 0 0 0 0 0 0 0 0 0 0 0 0 0 0 0 0 0 0 0 0 0 0 0 0 0 0 0 0 0 0 0 0 0 0 0 0 0 0 0 0 0 0 0 0 0 0 0 0 0 0 0 0 0 0 0 0 0 0 0 0 0 0 0 0 0 0 0 0 0 0 0 0 0 0 0 0 0 0 0 0 0 0 0 0 0 0 0 0 0 0 0 0 0
0 0 0 0 0 0 0 0 0 0 0 0 0 0 0 0 0 0 0 0 0 0 0 0 0 0 0 0 0 0 0 0 0 0 0 0 0 0 0 0 0 0 0 0 0 0 0 0 0 0 0 0 0 0 0 0 0 0 0 0 0 0 0 0 0 0 0 0 0 0 0 0 0 0 0 0 0 0 0 0 0 0 0 0 0 0 0 0 0 0 0 0 0 0 0 0 0 0 0 0 0 0 0 0 0 0 0 0 0 0 0 0 0 0 0 0 0 0 0 0 0
0 0 0 0 0 0 0 0 0 0 0 0 0 0 0 0 0 0 0 0 0 0 0 0 0 0 0 0 0 0 0 0 0 0 0 0 0 0 0 0 0 0 0 0 0 0 0 0 0 0 0 0 0 0 0 0 0 0 0 0 0 0 0 0 0 0 0 0 0 0 0 0 0 0 0 0 0 0 0 0 0 0 0 0 0 0 0 0 0 0 0 0 0 0 0 0 0 0 0 0 0 0 0 0 0 0 0 0 0 0 0 0 0 0 0 0 0 0 0 0 0
0 0 0 0 0 0 0 0 0 0 0 0 0 0 0 0 0 0 0 0 0 0 0 0 0 0 0 0 0 0 0 0 0 0 0 0 0 0 0 0 0 0 0 0 0 0 0 0 0 0 0 0 0 0 0 0 0 0 0 0 0 0 0 0 0 0 0 0 0 0 0 0 0 0 0 0 0 0 0 0 0 0 0 0 0 0 0 0 0 0 0 0 0 0 0 0 0 0 0 0 0 0 0 0 0 0 0 0 0 0 0 0 0 0 0 0 0 0 0 0 0
0 0 0 0 0 0 0 0 0 0 0 0 0 0 0 0 0 0 0 0 0 0 0 0 0 0 0 0 0 0 0 0 0 0 0 0 0 0 0 0 0 0 0 0 0 0 0 0 0 0 0 0 0 0 0 0 0 0 0 0 0 0 0 0 0 0 0 0 0 0 0 0 0 0 0 0 0 0 0 0 0 0 0 0 0 0 0 0 0 0 0 0 0 0 0 0 0 0 0 0 0 0 0 0 0 0 0 0 0 0 0 0 0 0 0 0 0 0 0 0 0
0 0 0 0 0 0 0 0 0 0 0 0 0 0 0 0 0 0 0 0 0 0 0 0 0 0 0 0 0 0 0 0 0 0 0 0 0 0 0 0 0 0 0 0 0 0 0 0 0 0 0 0 0 0 0 0 0 0 0 0 0 0 0 0 0 0 0 0 0 0 0 0 0 0 0 0 0 0 0 0 0 0 0 0 0 0 0 0 0 0 0 0 0 0 0 0 0 0 0 0 0 0 0 0 0 0 0 0 0 0 0 0 0 0 0 0 0 0 0 0 0
0 0 0 0 0 0 0 0 0 0 0 0 0 0 0 0 0 0 0 0 0 0 0 0 0 0 0 0 0 0 0 0 0 0 0 0 0 0 0 0 0 0 0 0 0 0 0 0 0 0 0 0 0 0 0 0 0 0 0 0 0 0 0 0 0 0 0 0 0 0 0 0 0 0 0 0 0 0 0 0 0 0 0 0 0 0 0 0 0 0 0 0 0 0 0 0 0 0 0 0 0 0 0 0 0 0 0 0 0 0 0 0 0 0 0 0 0 0 0 0 0
0 0 0 0 0 0 0 0 0 0 0 0 0 0 0 0 0 0 0 0 0 0 0 0 0 0 0 0 0 0 0 0 0 0 0 0 0 0 0 0 0 0 0 0 0 0 0 0 0 0 0 0 0 0 0 0 0 0 0 0 0 0 0 0 0 0 0 0 0 0 0 0 0 0 0 0 0 0 0 0 0 0 0 0 0 0 0 0 0 0 0 0 0 0 0 0 0 0 0 0 0 0 0 0 0 0 0 0 0 0 0 0 0 0 0 0 0 0 0 0 0
0 0 0 0 0 0 0 0 0 0 0 0 0 0 0 0 0 0 0 0 0 0 0 0 0 0 0 0 0 0 0 0 0 0 0 0 0 0 0 0 0 0 0 0 0 0 0 0 0 0 0 0 0 0 0 0 0 0 0 0 0 0 0 0 0 0 0 0 0 0 0 0 0 0 0 0 0 0 0 0 0 0 0 0 0 0 0 0 0 0 0 0 0 0 0 0 0 0 0 0 0 0 0 0 0 0 0 0 0 0 0 0 0 0 0 0 0 0 0 0 0
0 0 0 0 0 0 0 0 0 0 0 0 0 0 0 0 0 0 0 0 0 0 0 0 0 0 0 0 0 0 0 0 0 0 0 0 0 0 0 0 0 0 0 0 0 0 0 0 0 0 0 0 0 0 0 0 0 0 0 0 0 0 0 0 0 0 0 0 0 0 0 0 0 0 0 0 0 0 0 0 0 0 0 0 0 0 0 0 0 0 0 0 0 0 0 0 0 0 0 0 0 0 0 0 0 0 0 0 0 0 0 0 0 0 0 0 0 0 0 0 0
0 0 0 0 0 0 0 0 0 0 0 0 0 0 0 0 0 0 0 0 0 0 0 0 0 0 0 0 0 0 0 0 0 0 0 0 0 0 0 0 0 0 0 0 0 0 0 0 0 0 0 0 0 0 0 0 0 0 0 0 0 0 0 0 0 0 0 0 0 0 0 0 0 0 0 0 0 0 0 0 0 0 0 0 0 0 0 0 0 0 0 0 0 0 0 0 0 0 0 0 0 0 0 0 0 0 0 0 0 0 0 0 0 0 0 0 0 0 0 0 0
0 0 0 0 0 0 0 0 0 0 0 0 0 0 0 0 0 0 0 0 0 0 0 0 0 0 0 0 0 0 0 0 0 0 0 0 0 0 0 0 0 0 0 0 0 0 0 0 0 0 0 0 0 0 0 0 0 0 0 0 0 0 0 0 0 0 0 0 0 0 0 0 0 0 0 0 0 0 0 0 0 0 0 0 0 0 0 0 0 0 0 0 0 0 0 0 0 0 0 0 0 0 0 0 0 0 0 0 0 0 0 0 0 0 0 0 0 0 0 0 0
0 0 0 0 0 0 0 0 0 0 0 0 0 0 0 0 0 0 0 0 0 0 0 0 0 0 0 0 0 0 0 0 0 0 0 0 0 0 0 0 0 0 0 0 0 0 0 0 0 0 0 0 0 0 0 0 0 0 0 0 0 0 0 0 0 0 0 0 0 0 0 0 0 0 0 0 0 0 0 0 0 0 0 0 0 0 0 0 0 0 0 0 0 0 0 0 0 0 0 0 0 0 0 0 0 0 0 0 0 0 0 0 0 0 0 0 0 0 0 0 0
0 0 0 0 0 0 0 0 0 0 0 0 0 0 0 0 0 0 0 0 0 0 0 0 0 0 0 0 0 0 0 0 0 0 0 0 0 0 0 0 0 0 0 0 0 0 0 0 0 0 0 0 0 0 0 0 0 0 0 0 0 0 0 0 0 0 0 0 0 0 0 0 0 0 0 0 0 0 0 0 0 0 0 0 0 0 0 0 0 0 0 0 0 0 0 0 0 0 0 0 0 0 0 0 0 0 0 0 0 0 0 0 0 0 0 0 0 0 0 0 0
0 0 0 0 0 0 0 0 0 0 0 0 0 0 0 0 0 0 0 0 0 0 0 0 0 0 0 0 0 0 0 0 0 0 0 0 0 0 0 0 0 0 0 0 0 0 0 0 0 0 0 0 0 0 0 0 0 0 0 0 0 0 0 0 0 0 0 0 0 0 0 0 0 0 0 0 0 0 0 0 0 0 0 0 0 0 0 0 0 0 0 0 0 0 0 0 0 0 0 0 0 0 0 0 0 0 0 0 0 0 0 0 0 0 0 0 0 0 0 0 0
0 0 0 0 0 0 0 0 0 0 0 0 0 0 0 0 0 0 0 0 0 0 0 0 0 0 0 0 0 0 0 0 0 0 0 0 0 0 0 0 0 0 0 0 0 0 0 0 0 0 0 0 0 0 0 0 0 0 0 0 0 0 0 0 0 0 0 0 0 0 0 0 0 0 0 0 0 0 0 0 0 0 0 0 0 0 0 0 0 0 0 0 0 0 0 0 0 0 0 0 0 0 0 0 0 0 0 0 0 0 0 0 0 0 0 0 0 0 0 0 0
0 0 0 0 0 0 0 0 0 0 0 0 0 0 0 0 0 0 0 0 0 0 0 0 0 0 0 0 0 0 0 0 0 0 0 0 0 0 0 0 0 0 0 0 0 0 0 0 0 0 0 0 0 0 0 0 0 0 0 0 0 0 0 0 0 0 0 0 0 0 0 0 0 0 0 0 0 0 0 0 0 0 0 0 0 0 0 0 0 0 0 0 0 0 0 0 0 0 0 0 0 0 0 0 0 0 0 0 0 0 0 0 0 0 0 0 0 0 0 0 0
0 0 0 0 0 0 0 0 0 0 0 0 0 0 0 0 0 0 0 0 0 0 0 0 0 0 0 0 0 0 0 0 0 0 0 0 0 0 0 0 0 0 0 0 0 0 0 0 0 0 0 0 0 0 0 0 0 0 0 0 0 0 0 0 0 0 0 0 0 0 0 0 0 0 0 0 0 0 0 0 0 0 0 0 0 0 0 0 0 0 0 0 0 0 0 0 0 0 0 0 0 0 0 0 0 0 0 0 0 0 0 0 0 0 0 0 0 0 0 0 0
0 0 0 0 0 0 0 0 0 0 0 0 0 0 0 0 0 0 0 0 0 0 0 0 0 0 0 0 0 0 0 0 0 0 0 0 0 0 0 0 0 0 0 0 0 0 0 0 0 0 0 0 0 0 0 0 0 0 0 0 0 0 0 0 0 0 0 0 0 0 0 0 0 0 0 0 0 0 0 0 0 0 0 0 0 0 0 0 0 0 0 0 0 0 0 0 0 0 0 0 0 0 0 0 0 0 0 0 0 0 0 0 0 0 0 0 0 0 0 0 0
0 0 0 0 0 0 0 0 0 0 0 0 0 0 0 0 0 0 0 0 0 0 0 0 0 0 0 0 0 0 0 0 0 0 0 0 0 0 0 0 0 0 0 0 0 0 0 0 0 0 0 0 0 0 0 0 0 0 0 0 0 0 0 0 0 0 0 0 0 0 0 0 0 0 0 0 0 0 0 0 0 0 0 0 0 0 0 0 0 0 0 0 0 0 0 0 0 0 0 0 0 0 0 0 0 0 0 0 0 0 0 0 0 0 0 0 0 0 0 0 0
0 0 0 0 0 0 0 0 0 0 0 0 0 0 0 0 0 0 0 0 0 0 0 0 0 0 0 0 0 0 0 0 0 0 0 0 0 0 0 0 0 0 0 0 0 0 0 0 0 0 0 0 0 0 0 0 0 0 0 0 0 0 0 0 0 0 0 0 0 0 0 0 0 0 0 0 0 0 0 0 0 0 0 0 0 0 0 0 0 0 0 0 0 0 0 0 0 0 0 0 0 0 0 0 0 0 0 0 0 0 0 0 0 0 0 0 0 0 0 0 0
0 0 0 0 0 0 0 0 0 0 0 0 0 0 0 0 0 0 0 0 0 0 0 0 0 0 0 0 0 0 0 0 0 0 0 0 0 0 0 0 0 0 0 0 0 0 0 0 0 0 0 0 0 0 0 0 0 0 0 0 0 0 0 0 0 0 0 0 0 0 0 0 0 0 0 0 0 0 0 0 0 0 0 0 0 0 0 0 0 0 0 0 0 0 0 0 0 0 0 0 0 0 0 0 0 0 0 0 0 0 0 0 0 0 0 0 0 0 0 0 0
0 0 0 0 0 0 0 0 0 0 0 0 0 0 0 0 0 0 0 0 0 0 0 0 0 0 0 0 0 0 0 0 0 0 0 0 0 0 0 0 0 0 0 0 0 0 0 0 0 0 0 0 0 0 0 0 0 0 0 0 0 0 0 0 0 0 0 0 0 0 0 0 0 0 0 0 0 0 0 0 0 0 0 0 0 0 0 0 0 0 0 0 0 0 0 0 0 0 0 0 0 0 0 0 0 0 0 0 0 0 0 0 0 0 0 0 0 0 0 0 0
0 0 0 0 0 0 0 0 0 0 0 0 0 0 0 0 0 0 0 0 0 0 0 0 0 0 0 0 0 0 0 0 0 0 0 0 0 0 0 0 0 0 0 0 0 0 0 0 0 0 0 0 0 0 0 0 0 0 0 0 0 0 0 0 0 0 0 0 0 0 0 0 0 0 0 0 0 0 0 0 0 0 0 0 0 0 0 0 0 0 0 0 0 0 0 0 0 0 0 0 0 0 0 0 0 0 0 0 0 0 0 0 0 0 0 0 0 0 0 0 0
0 0 0 0 0 0 0 0 0 0 0 0 0 0 0 0 0 0 0 0 0 0 0 0 0 0 0 0 0 0 0 0 0 0 0 0 0 0 0 0 0 0 0 0 0 0 0 0 0 0 0 0 0 0 0 0 0 0 0 0 0 0 0 0 0 0 0 0 0 0 0 0 0 0 0 0 0 0 0 0 0 0 0 0 0 0 0 0 0 0 0 0 0 0 0 0 0 0 0 0 0 0 0 0 0 0 0 0 0 0 0 0 0 0 0 0 0 0 0 0 0
0 0 0 0 0 0 0 0 0 0 0 0 0 0 0 0 0 0 0 0 0 0 0 0 0 0 0 0 0 0 0 0 0 0 0 0 0 0 0 0 0 0 0 0 0 0 0 0 0 0 0 0 0 0 0 0 0 0 0 0 0 0 0 0 0 0 0 0 0 0 0 0 0 0 0 0 0 0 0 0 0 0 0 0 0 0 0 0 0 0 0 0 0 0 0 0 0 0 0 0 0 0 0 0 0 0 0 0 0 0 0 0 0 0 0 0 0 0 0 0 0
0 0 0 0 0 0 0 0 0 0 0 0 0 0 0 0 0 0 0 0 0 0 0 0 0 0 0 0 0 0 0 0 0 0 0 0 0 0 0 0 0 0 0 0 0 0 0 0 0 0 0 0 0 0 0 0 0 0 0 0 0 0 0 0 0 0 0 0 0 0 0 0 0 0 0 0 0 0 0 0 0 0 0 0 0 0 0 0 0 0 0 0 0 0 0 0 0 0 0 0 0 0 0 0 0 0 0 0 0 0 0 0 0 0 0 0 0 0 0 0 0
0 0 0 0 0 0 0 0 0 0 0 0 0 0 0 0 0 0 0 0 0 0 0 0 0 0 0 0 0 0 0 0 0 0 0 0 0 0 0 0 0 0 0 0 0 0 0 0 0 0 0 0 0 0 0 0 0 0 0 0 0 0 0 0 0 0 0 0 0 0 0 0 0 0 0 0 0 0 0 0 0 0 0 0 0 0 0 0 0 0 0 0 0 0 0 0 0 0 0 0 0 0 0 0 0 0 0 0 0 0 0 0 0 0 0 0 0 0 0 0 0
0 0 0 0 0 0 0 0 0 0 0 0 0 0 0 0 0 0 0 0 0 0 0 0 0 0 0 0 0 0 0 0 0 0 0 0 0 0 0 0 0 0 0 0 0 0 0 0 0 0 0 0 0 0 0 0 0 0 0 0 0 0 0 0 0 0 0 0 0 0 0 0 0 0 0 0 0 0 0 0 0 0 0 0 0 0 0 0 0 0 0 0 0 0 0 0 0 0 0 0 0 0 0 0 0 0 0 0 0 0 0 0 0 0 0 0 0 0 0 0 0
0 0 0 0 0 0 0 0 0 0 0 0 0 0 0 0 0 0 0 0 0 0 0 0 0 0 0 0 0 0 0 0 0 0 0 0 0 0 0 0 0 0 0 0 0 0 0 0 0 0 0 0 0 0 0 0 0 0 0 0 0 0 0 0 0 0 0 0 0 0 0 0 0 0 0 0 0 0 0 0 0 0 0 0 0 0 0 0 0 0 0 0 0 0 0 0 0 0 0 0 0 0 0 0 0 0 0 0 0 0 0 0 0 0 0 0 0 0 0 0 0
0 0 0 0 0 0 0 0 0 0 0 0 0 0 0 0 0 0 0 0 0 0 0 0 0 0 0 0 0 0 0 0 0 0 0 0 0 0 0 0 0 0 0 0 0 0 0 0 0 0 0 0 0 0 0 0 0 0 0 0 0 0 0 0 0 0 0 0 0 0 0 0 0 0 0 0 0 0 0 0 0 0 0 0 0 0 0 0 0 0 0 0 0 0 0 0 0 0 0 0 0 0 0 0 0 0 0 0 0 0 0 0 0 0 0 0 0 0 0 0 0
