0 0 0 0 0 0 0 0 0 0 0 0 0 0 0 0 0 0 0 0 0 0 0 0 0 0 0 0 0 0 0 0 0 0 0 0 0 0 0 0 0 0 0 0 0 0 0 0 0 0 0 0 0 0 0 0 0 0 0 0 0 0 0 0 0 0 0 0 0 0 0 0 0 0 0 0 0 0 0 0 0 0 0 0 0 0 0 0 0 0 0 0 0 0 0 0 0 0 0 0 0 0 0 0 0 0 0 0 0 0 0 0 0 0 0 0 0 0 0 0 0
0 0 0 0 0 0 0 0 0 0 0 0 0 0 0 0 0 0 0 0 0 0 0 0 0 0 0 0 0 0 0 0 0 0 0 0 0 0 0 0 0 0 0 0 0 0 0 0 0 0 0 0 0 0 0 0 0 0 0 0 0 0 0 0 0 0 0 0 0 0 0 0 0 0 0 0 0 0 0 0 0 0 0 0 0 0 0 0 0 0 0 0 0 0 0 0 0 0 0 0 0 0 0 0 0 0 0 0 0 0 0 0 0 0 0 0 0 0 0 0 0
0 0 0 0 0 0 0 0 0 0 0 0 0 0 0 0 0 0 0 0 0 0 0 0 0 0 0 0 0 0 0 0 0 0 0 0 0 0 0 0 0 0 0 0 0 0 0 0 0 0 0 0 0 0 0 0 0 0 0 0 0 0 0 0 0 0 0 0 0 0 0 0 0 0 0 0 0 0 0 0 0 0 0 0 0 0 0 0 0 0 0 0 0 0 0 0 0 0 0 0 0 0 0 0 0 0 0 0 0 0 0 0 0 0 0 0 0 0 0 0 0
0 0 0 0 0 0 0 0 0 0 0 0 0 0 0 0 0 0 0 0 0 0 0 0 0 0 0 0 0 0 0 0 0 0 0 0 0 0 0 0 0 0 0 0 0 0 0 0 0 0 0 0 0 0 0 0 0 0 0 0 0 0 0 0 0 0 0 0 0 0 0 0 0 0 0 0 0 0 0 0 0 0 0 0 0 0 0 0 0 0 0 0 0 0 0 0 0 0 0 0 0 0 0 0 0 0 0 0 0 0 0 0 0 0 0 0 0 0 0 0 0
0 0 0 0 0 0 0 0 0 0 0 0 0 0 0 0 0 0 0 0 0 0 0 0 0 0 0 0 0 0 0 0 0 0 0 0 0 0 0 0 0 0 0 0 0 0 0 0 0 0 0 0 0 0 0 0 0 0 0 0 0 0 0 0 0 0 0 0 0 0 0 0 0 0 0 0 0 0 0 0 0 0 0 0 0 0 0 0 0 0 0 0 0 0 0 0 0 0 0 0 0 0 0 0 0 0 0 0 0 0 0 0 0 0 0 0 0 0 0 0 0
0 0 0 0 0 3.162376814584e-11 8.94042074683105e-11 2.2273816426823e-10 4.89016656845667e-10 9.46117349423159e-10 1.61309036991773e-09 2.42362112033359e-09 3.20895107940659e-09 3.74415485151947e-09 3.84978827743944e-09 3.48828714354627e-09 2.78535110011932e-09 1.95992748918179e-09 1.21532490984598e-09 6.64105585150704e-10 3.19796866315613e-10 1.35707425875234e-10 5.07487511868073e-11 1.6723972491042e-11 4.85675132393192e-12 1.24292415407054e-12 2.80308150818219e-13 0 0 0 0 0 0 0 0 0 0 0 0 0 0 0 0 0 0 0 0 0 0 0 0 0 0 0 0 0 0 0 0 0 0 0 0 0 0 0 0 0 0 0 0 0 0 0 0 0 0 0 0 0 0 0 0 0 0 0 0 0 0 0 0 0 0 0 0 0 0 0 0 0 0 0 0 0 0 0 0 0 0 0 0 0 0 0 0 0 0 0 0 0 0
0 0 0 0 0 1.70350536552813e-10 5.01483573890999e-10 1.30095494619247e-09 2.9741313091361e-09 5.99170412005039e-09 1.06373369720207e-08 1.66420879609054e-08 2.29443123899711e-08 2.78762672079493e-08 2.98460270660004e-08 2.8159878464077e-08 2.34135550936159e-08 1.7155219729297e-08 1.10768824346299e-08 6.30276544806778e-09 3.16036382967107e-09 1.39648204972416e-09 5.43783431063172e-10 1.86598832198892e-10 5.64266425725114e-11 1.50366758230838e-11 3.53111450936881e-12 0 0 0 0 0 0 0 0 0 0 0 0 0 0 0 0 0 0 0 0 0 0 0 0 0 0 0 0 0 0 0 0 0 0 0 0 0 0 0 0 0 0 0 0 0 0 0 0 0 0 0 0 0 0 0 0 0 0 0 0 0 0 0 0 0 0 0 0 0 0 0 0 0 0 0 0 0 0 0 0 0 0 0 0 0 0 0 0 0 0 0 0 0 0
0 0 0 0 0 6.88719845665912e-10 2.11117711719319e-09 5.70294364936253e-09 1.35758124210825e-08 2.84790117539446e-08 5.26473285479965e-08 8.57669766094765e-08 1.23127822995605e-07 1.55770293665716e-07 1.7366224634145e-07 1.70615517592442e-07 1.4771478936355e-07 1.12699442826917e-07 7.57725488354578e-08 4.48946263673893e-08 2.34406237869023e-08 1.07854012224291e-08 4.37316420485942e-09 1.56259921402083e-09 4.92030195950007e-10 1.36530049899741e-10 3.33854380919013e-11 0 0 0 0 0 0 0 0 0 0 0 0 0 0 0 0 0 0 0 0 0 0 0 0 0 0 0 0 0 0 0 0 0 0 0 0 0 0 0 0 0 0 0 0 0 0 0 0 0 0 0 0 0 0 0 0 0 0 0 0 0 0 0 0 0 0 0 0 0 0 0 0 0 0 0 0 0 0 0 0 0 0 0 0 0 0 0 0 0 0 0 0 0 0
0 0 0 0 0 2.08982967773627e-09 6.67055287203448e-09 1.87631222079188e-08 4.65093983564239e-08 1.01594143601899e-07 1.95564023538518e-07 3.31742865684904e-07 4.95914215723694e-07 6.53286767691854e-07 7.58391581337039e-07 7.75845924320208e-07 6.99438929329484e-07 5.55669367538147e-07 3.8902315294465e-07 2.40008587288542e-07 1.30487962473303e-07 6.25181987617587e-08 2.63957983462559e-08 9.82099488244182e-09 3.22009367264711e-09 9.30408917450419e-10 2.36903545706145e-10 0 0 0 0 0 0 0 0 0 0 0 0 0 0 0 0 0 0 0 0 0 0 0 0 0 0 0 0 0 0 0 0 0 0 0 0 0 0 0 0 0 0 0 0 0 0 0 0 0 0 0 0 0 0 0 0 0 0 0 0 0 0 0 0 0 0 0 0 0 0 0 0 0 0 0 0 0 0 0 0 0 0 0 0 0 0 0 0 0 0 0 0 0 0
0 0 0 0 0 4.7593581810578e-09 1.5818605481093e-08 4.63319242077593e-08 1.19587233063596e-07 2.72007974061132e-07 5.45218761538982e-07 9.63057651326279e-07 1.49908451450106e-06 2.05632752016906e-06 2.48571192349688e-06 2.64790037561054e-06 2.48567774966722e-06 2.05627097934251e-06 1.49902268663509e-06 9.63004691545822e-07 5.45181283944328e-07 2.71985537266424e-07 1.19575724853011e-07 4.63268286435137e-08 1.58166483060178e-08 4.75870389995496e-09 1.26169750783153e-09 0 0 0 0 0 0 0 0 0 0 0 0 0 0 0 0 0 0 0 0 0 0 0 0 0 0 0 0 0 0 0 0 0 0 0 0 0 0 0 0 0 0 0 0 0 0 0 0 0 0 0 0 0 0 0 0 0 0 0 0 0 0 0 0 0 0 0 0 0 0 0 0 0 0 0 0 0 0 0 0 0 0 0 0 0 0 0 0 0 0 0 0 0 0
0 0 0 0 0 8.13495381024022e-09 2.81542369859083e-08 8.59360055574138e-08 2.30979084583509e-07 5.47096768585714e-07 1.14195702107363e-06 2.10053347142885e-06 3.40489577193008e-06 4.86376458695379e-06 6.12260057592981e-06 6.79194447389139e-06 6.63968250768071e-06 5.71999526044581e-06 4.34249562021765e-06 2.9052177000934e-06 1.71282805642083e-06 8.8990754033104e-07 4.07448093916917e-07 1.64397894329076e-07 5.84543797404649e-08 1.83161848363428e-08 5.05766970282815e-09 3.75720040539006e-12 8.61070257132748e-13 0 0 0 0 0 0 0 0 0 0 0 0 0 0 0 0 0 0 0 0 0 0 0 0 0 0 0 0 0 0 0 0 0 0 0 0 0 0 0 0 0 0 0 0 0 0 0 0 0 0 0 0 0 0 0 0 0 0 0 0 0 0 0 0 0 0 0 0 0 0 0 0 0 0 0 0 0 0 0 0 0 0 0 0 0 0 0 0 0 0 0 0
2.5036077155239e-08 2.64306928685075e-08 2.4589129424014e-08 2.01590515537183e-08 1.45642919501424e-08 1.97085147727482e-08 4.281113272479e-08 1.22338581987146e-07 3.36363603719625e-07 8.2738587284908e-07 1.79778737179757e-06 3.44372452393399e-06 5.81356859238733e-06 8.64889885777742e-06 1.13391276408885e-05 1.31008466265333e-05 1.33389122584269e-05 1.19686018154747e-05 9.46387567191413e-06 6.59474395540454e-06 4.04977506537893e-06 2.19163745591902e-06 1.04523086324323e-06 4.39301151958822e-07 1.62712168683943e-07 5.3111226638989e-08 1.52778533951767e-08 4.01210123593652e-11 9.57447515629528e-12 0 0 0 0 0 0 0 0 0 0 0 0 0 0 0 0 0 0 0 0 0 0 0 0 0 0 0 0 0 0 0 0 0 0 0 0 0 0 0 0 0 0 0 0 0 0 0 0 0 0 0 0 0 0 0 0 0 0 0 0 0 0 0 0 0 0 0 0 0 0 0 0 0 0 0 0 0 0 0 0 0 0 0 0 0 0 0 0 0 0 0 0
1.42991589804676e-07 1.57188810533587e-07 1.5227376937469e-07 1.2999328149366e-07 9.77932892176455e-08 7.48799362069724e-08 7.55811567206845e-08 1.45362682987716e-07 3.75866007846443e-07 9.46709173105783e-07 2.13726877263101e-06 4.2635778803415e-06 7.49881566620025e-06 1.16240094047787e-05 1.5879933966012e-05 1.91194550235259e-05 2.02884660437715e-05 1.89755722164755e-05 1.56444192355759e-05 1.13718749155108e-05 7.29093949556671e-06 4.1261153041714e-06 2.06411042597847e-06 9.15268777747563e-07 3.6158132692538e-07 1.28436033348741e-07 4.16546905237445e-08 3.63142224036379e-09 1.57705895275372e-09 5.96781659937795e-10 2.09631285893835e-10 6.48916872607008e-11 1.77016753918919e-11 4.25531796082438e-12 9.01450737400565e-13 0 0 0 0 0 0 0 0 0 0 0 0 0 0 0 0 0 0 0 0 0 0 0 0 0 0 0 0 0 0 0 0 0 0 0 0 0 0 0 0 0 0 0 0 0 0 0 0 0 0 0 0 0 0 0 0 0 0 0 0 0 0 0 0 0 0 0 0 0 0 0 0 0 0 0 0 0 0 0 0 0 0 0 0 0 0
6.12948393828146e-07 7.01623150206882e-07 7.07744082717881e-07 6.29130763048716e-07 4.92830905065323e-07 3.47471063686656e-07 2.35332939867186e-07 2.11793812184527e-07 3.59081983887976e-07 8.43754207105048e-07 1.94962347599884e-06 4.04512196260339e-06 7.41965563832457e-06 1.20006373606134e-05 1.71103111804082e-05 2.15055959469364e-05 2.38304251941718e-05 2.32861305828287e-05 2.00739614419514e-05 1.52788141037734e-05 1.02832890111804e-05 6.13779862731932e-06 3.26635642247251e-06 1.56479050983399e-06 6.86056037990481e-07 2.82808429641899e-07 1.14695328462856e-07 3.42180232747467e-08 2.3814671469687e-08 2.0668250040427e-08 2.06896492588095e-08 2.04905259597061e-08 1.86422084916804e-08 1.51482521723533e-08 1.0892680527963e-08 6.90953562799782e-09 3.86554958591602e-09 1.90575020253494e-09 8.2796702073643e-10 3.16995020563048e-10 1.06950835087869e-10 3.17986188810453e-11 8.33152828485548e-12 1.92368264301264e-12 0 0 0 0 0 0 0 0 0 0 0 0 0 0 0 0 0 0 0 0 0 0 0 0 0 0 0 0 0 0 0 0 0 0 0 0 0 0 0 0 0 0 0 0 0 0 0 0 0 0 0 0 0 0 0 0 0 0 0 0 0 0 0 0 0 0 0 0 0 0 0 0 0 0 0 0 0
1.97305762381406e-06 2.35277379249664e-06 2.47326170480328e-06 2.29265173430747e-06 1.87524720500616e-06 1.35877073072692e-06 8.82707134454421e-07 5.57262483291379e-07 4.56441914435728e-07 6.91114001259762e-07 1.46784062529033e-06 3.10442070829494e-06 5.92725689978834e-06 1.00252006395485e-05 1.49726283037109e-05 1.97359354884439e-05 2.29637900913423e-05 2.36030046520251e-05 2.14613594159253e-05 1.73102365413859e-05 1.2447631321474e-05 8.05109303450158e-06 4.75320950821702e-06 2.61701456551077e-06 1.37960823399464e-06 7.14481939907095e-07 3.73418181009535e-07 1.87557779098386e-07 1.34460047031701e-07 1.19865203756805e-07 1.23754572932509e-07 1.27153504014467e-07 1.20313190739217e-07 1.01761040137924e-07 7.61855294929624e-08 5.03191452212183e-08 2.93132862617066e-08 1.50483228873269e-08 6.80775677545852e-09 2.71401534534007e-09 9.53482890966282e-10 2.9519285963419e-10 8.0536199187407e-11 1.93628262843732e-11 0 0 0 0 0 0 0 0 0 0 0 0 0 0 0 0 0 0 0 0 0 0 0 0 0 0 0 0 0 0 0 0 0 0 0 0 0 0 0 0 0 0 0 0 0 0 0 0 0 0 0 0 0 0 0 0 0 0 0 0 0 0 0 0 0 0 0 0 0 0 0 0 0 0 0 0 0
4.76676671135805e-06 5.92139123837861e-06 6.48677830550975e-06 6.27039724864359e-06 5.3548397468039e-06 4.04976754272045e-06 2.72777089148568e-06 1.67573670312261e-06 1.02385164190509e-06 8.29691870185469e-07 1.18059680652268e-06 2.27362765812711e-06 4.39244967424748e-06 7.72835918145991e-06 1.21204711016302e-05 1.68617959270105e-05 2.07885720197732e-05 2.27442085593926e-05 2.21583352392863e-05 1.93490131018804e-05 1.5312862911653e-05 1.11703862705086e-05 7.67730796953702e-06 5.07690921217621e-06 3.26906035952686e-06 2.05101961553937e-06 1.26060897415284e-06 7.74886700936066e-07 5.73091468727285e-07 5.25673682266619e-07 5.60327126338395e-07 5.97452766376184e-07 5.87953619799328e-07 5.1759773381797e-07 4.03430832527682e-07 2.77422176158661e-07 1.68269036337653e-07 8.99414622046615e-08 4.23651139690416e-08 1.75852890012687e-08 6.43255240630648e-09 2.0735277165394e-09 5.89018644471009e-10 1.47448690809631e-10 2.56134138445512e-13 0 0 0 0 0 0 0 0 0 0 0 0 0 0 0 0 0 0 0 0 0 0 0 0 0 0 0 0 0 0 0 0 0 0 0 0 0 0 0 0 0 0 0 0 0 0 0 0 0 0 0 0 0 0 0 0 0 0 0 0 0 0 0 0 0 0 0 0 0 0 0 0 0 0 0 0
8.64785420956487e-06 1.11958415185512e-05 1.27914547358958e-05 1.29122381886724e-05 1.15425264164167e-05 9.17274814913087e-06 6.53196058972263e-06 4.2457930295603e-06 2.63366944580017e-06 1.76935307591462e-06 1.64043628492837e-06 2.30694014894962e-06 3.96422467315918e-06 6.83183575004583e-06 1.09331926960063e-05 1.58487647098542e-05 2.06206821192453e-05 2.40584542676377e-05 2.52723894938149e-05 2.41241867878081e-05 2.12374039432368e-05 1.75689669180694e-05 1.39024227561423e-05 1.06121562397549e-05 7.78428515282868e-06 5.43587250631038e-06 3.62860046255933e-06 2.41771058353337e-06 1.83990030761134e-06 1.73329509405215e-06 1.90598364004271e-06 2.1083810157431e-06 2.15776032828944e-06 1.97706077926388e-06 1.60427213640526e-06 1.14857241787534e-06 7.25355938483746e-07 4.03679820252666e-07 1.97977566724018e-07 8.55633916153934e-08 3.25876512213069e-08 1.09373265934747e-08 3.23491107908965e-09 8.43153317381093e-10 3.13552823417979e-12 0 0 0 0 0 0 0 0 0 0 0 0 0 0 0 0 0 0 0 0 0 0 0 0 0 0 0 0 0 0 0 0 0 0 0 0 0 0 0 0 0 0 0 0 0 0 0 0 0 0 0 0 0 0 0 0 0 0 0 0 0 0 0 0 0 0 0 0 0 0 0 0 0 0 0 0
1.17875182494913e-05 1.59182097987336e-05 1.89972513440051e-05 2.0081391468157e-05 1.88833358206574e-05 1.5906742331871e-05 1.21614031641245e-05 8.63668238943032e-06 5.93964585626896e-06 4.27529506382265e-06 3.63261315671494e-06 3.9886337418349e-06 5.43238426204687e-06 8.11501826479842e-06 1.21092509671789e-05 1.72055486142023e-05 2.26836654123645e-05 2.74708872910532e-05 3.05289599530421e-05 3.13396760700533e-05 3.00871701697787e-05 2.73957939315754e-05 2.38881812125513e-05 1.99345618558156e-05 1.57712515650649e-05 1.17149188322634e-05 8.22273560016566e-06 5.73167465035198e-06 4.48708618956755e-06 4.34709145517275e-06 4.93710206883527e-06 5.66846957841401e-06 6.03353140534412e-06 5.75352977458843e-06 4.86002102126226e-06 3.62234449569797e-06 2.38163165788549e-06 1.37992950799278e-06 7.04589646351266e-07 3.17038713675751e-07 1.25714306068556e-07 4.39291896504962e-08 1.35274992780333e-08 3.67094153622772e-09 3.36342338679532e-11 1.00340429767494e-12 0 0 0 0 0 0 0 0 0 0 0 0 0 0 0 0 0 0 0 0 0 0 0 0 0 0 0 0 0 0 0 0 0 0 0 0 0 0 0 0 0 0 0 0 0 0 0 0 0 0 0 0 0 0 0 0 0 0 0 0 0 0 0 0 0 0 0 0 0 0 0 0 0 0 0
1.20842675724884e-05 1.70511708047706e-05 2.13206329050475e-05 2.3726187733865e-05 2.36826238553439e-05 2.14569857172341e-05 1.79950089568312e-05 1.43577620736233e-05 1.13116872050056e-05 9.23932619680109e-06 8.29889642824724e-06 8.56149351212506e-06 1.00778897371188e-05 1.28232743526981e-05 1.6686463422934e-05 2.14851489292505e-05 2.67670846496932e-05 3.18743908363054e-05 3.60257631473173e-05 3.85926938364494e-05 3.93076561725378e-05 3.82221237779896e-05 3.54993888499548e-05 3.1297984278611e-05 2.59218039380915e-05 2.00131289212808e-05 1.45286026741388e-05 1.04444736498631e-05 8.39103405934405e-06 8.36561207057675e-06 9.82523790234916e-06 1.17148146677191e-05 1.29691568694515e-05 1.28691972851956e-05 1.13138367046611e-05 8.77685403332874e-06 6.00647928581547e-06 3.62250623620727e-06 1.92532866870292e-06 9.01790979804126e-07 3.72229713983111e-07 1.35400210844332e-07 4.34040168103122e-08 1.22614553988227e-08 2.44815813050719e-10 9.90606088892111e-12 0 0 0 0 0 0 0 0 0 0 0 0 0 0 0 0 0 0 0 0 0 0 0 0 0 0 0 0 0 0 0 0 0 0 0 0 0 0 0 0 0 0 0 0 0 0 0 0 0 0 0 0 0 0 0 0 0 0 0 0 0 0 0 0 0 0 0 0 0 0 0 0 0 0 0
9.33939989052904e-06 1.38162520521491e-05 1.82070324390626e-05 2.15411300821198e-05 2.31829182588662e-05 2.3098535537915e-05 2.18159709535905e-05 1.99937810012886e-05 1.81739582210631e-05 1.67655698947969e-05 1.62043444124488e-05 1.69183509823999e-05 1.91459500633208e-05 2.26852912002473e-05 2.69689535458072e-05 3.14507417178244e-05 3.57325630931887e-05 3.97238182022756e-05 4.33627137809921e-05 4.6393653925234e-05 4.8319064768858e-05 4.85330649279861e-05 4.65185024015025e-05 4.20793680794596e-05 3.55545181742659e-05 2.79192896043227e-05 2.060256624943e-05 1.50796677882005e-05 1.23812211211041e-05 1.27265383792195e-05 1.54965232519936e-05 1.92035210500449e-05 2.21056450742622e-05 2.28102528318623e-05 2.08560143626734e-05 1.68286072188718e-05 1.19799523029092e-05 7.51647359385307e-06 4.15640807643228e-06 2.02563421142384e-06 8.70036409781152e-07 3.29338795871297e-07 1.09868590020555e-07 3.23017513995656e-08 1.36131284381741e-09 7.33998601631356e-11 0 0 0 0 0 0 0 0 0 0 0 0 0 0 0 0 0 0 0 0 0 0 0 0 0 0 0 0 0 0 0 0 0 0 0 0 0 0 0 0 0 0 0 0 0 0 0 0 0 0 0 0 0 0 0 0 0 0 0 0 0 0 0 0 0 0 0 0 0 0 0 0 0 0 0
5.47129284312756e-06 8.54372368811202e-06 1.19983788748155e-05 1.53516978698027e-05 1.82380161378316e-05 2.05237836012497e-05 2.22918675139303e-05 2.35717313233012e-05 2.4362001273012e-05 2.48393726330986e-05 2.5641235121035e-05 2.76968558720155e-05 3.16989142424922e-05 3.74354632216526e-05 4.37581237872687e-05 4.92991652739009e-05 5.31955315374946e-05 5.56450948231318e-05 5.74608255102689e-05 5.92225850512313e-05 6.06538427935754e-05 6.07092521357922e-05 5.81873708989003e-05 5.25172975158846e-05 4.41291692752902e-05 3.44134341012466e-05 2.52506584582238e-05 1.84727540040953e-05 1.53395666394738e-05 1.62290814621126e-05 2.04987371707409e-05 2.63789418930483e-05 3.15165220245048e-05 3.37524239758795e-05 3.20397042638982e-05 2.68516789201173e-05 1.9861172110174e-05 1.29533441635074e-05 7.44890970577605e-06 3.77692514931875e-06 1.68862463010097e-06 6.65742349361388e-07 2.31475598198906e-07 7.09903505168638e-08 6.07886764224492e-09 4.96627998329013e-10 2.50202804601123e-11 6.28168706207798e-12 1.38980144425164e-12 0 0 0 0 0 0 0 0 0 0 0 0 0 0 0 0 0 0 0 0 0 0 0 0 0 0 0 0 0 0 0 0 0 0 0 0 0 0 0 0 0 0 0 0 0 0 0 0 0 0 0 0 0 0 0 0 0 0 0 0 0 0 0 0 0 0 0 0 0 0 0 0
2.4787905637812e-06 4.14807083106534e-06 6.34238278802393e-06 9.01621002594655e-06 1.21584333593443e-05 1.57473880700923e-05 1.96752413837143e-05 2.35641625709799e-05 2.69677576165986e-05 2.97786339571939e-05 3.26921750123333e-05 3.70416619155901e-05 4.40386862014588e-05 5.36430193564812e-05 6.42171676841432e-05 7.33247874888265e-05 7.90827811972446e-05 8.13552284205084e-05 8.15190497524054e-05 8.11538229917598e-05 8.067659193084e-05 7.9053056128333e-05 7.45970952862917e-05 6.63713460002358e-05 5.48915251441806e-05 4.20443031265312e-05 3.02676205959193e-05 2.17743625657574e-05 1.79629720473478e-05 1.92618956512495e-05 2.4949797493759e-05 3.30509350477362e-05 4.06974105348994e-05 4.49793161305229e-05 4.41254016585947e-05 3.82718515138175e-05 2.93321538282012e-05 1.98475971060714e-05 1.18565270937432e-05 6.25345903993777e-06 2.9125591321469e-06 1.19827567385674e-06 4.35682977069618e-07 1.40086105172064e-07 2.14005622309544e-08 2.48261215742478e-09 2.28991990247054e-10 5.98650405966691e-11 1.37917256329868e-11 0 0 0 0 0 0 0 0 0 0 0 0 0 0 0 0 0 0 0 0 0 0 0 0 0 0 0 0 0 0 0 0 0 0 0 0 0 0 0 0 0 0 0 0 0 0 0 0 0 0 0 0 0 0 0 0 0 0 0 0 0 0 0 0 0 0 0 0 0 0 0 0
9.61965364384714e-07 1.7922895067498e-06 3.1038067181506e-06 5.05609899001233e-06 7.82719572148293e-06 1.15015275227614e-05 1.59726816001729e-05 2.08195754285897e-05 2.55586869964878e-05 3.007435458396e-05 3.51494222978043e-05 4.23521952881364e-05 5.32510894605938e-05 6.80161901337687e-05 8.47177943182434e-05 9.99325837340061e-05 0.000110474674300024 0.000115238189880239 0.000115510181126316 0.00011358919707977 0.000110812519471306 0.000106659099274873 9.93637874927676e-05 8.77177651907843e-05 7.22119265384681e-05 5.51366324280866e-05 3.95605547073794e-05 2.82654848258769e-05 2.29462730008053e-05 2.41316197975945e-05 3.09624589955965e-05 4.11927140068717e-05 5.14103041990978e-05 5.79466786593531e-05 5.82321990370857e-05 5.19340245604326e-05 4.10595133413653e-05 2.87524595874764e-05 1.78342678386423e-05 9.80178360264632e-06 4.77711341692538e-06 2.06797632381877e-06 7.98541181677366e-07 2.79110766893404e-07 7.38298797327029e-08 2.33144360141998e-08 1.54292946591544e-08 1.36199999903569e-08 1.11702966182047e-08 8.18263436939376e-09 5.33121355523827e-09 3.06091557673783e-09 1.54870592974522e-09 6.90524208648687e-10 2.71319616401699e-10 9.39454644468083e-11 2.86657150301666e-11 7.70800661031364e-12 1.82647493034262e-12 3.8139736709963e-13 0 0 0 0 0 0 0 0 0 0 0 0 0 0 0 0 0 0 0 0 0 0 0 0 0 0 0 0 0 0 0 0 0 0 0 0 0 0 0 0 0 0 0 0 0 0 0 0 0 0 0 0 0 0 0 0 0 0 0 0 0
4.81285285348473e-07 1.05058253150876e-06 2.10145500266466e-06 3.85176424069568e-06 6.50261433129135e-06 1.0109499336391e-05 1.45316583975222e-05 1.94117656117938e-05 2.44773726570055e-05 2.98830386731308e-05 3.6656483873505e-05 4.65485170341661e-05 6.13313643419197e-05 8.14020234555918e-05 0.000104848972049952 0.000127706317474179 0.000145651205801316 0.000156218301059901 0.000159759727351545 0.00015844850766023 0.000154182174104622 0.000147188426613963 0.000136201856229873 0.000120201821976409 9.97928861044332e-05 7.75519518275646e-05 5.70739319352741e-05 4.17671042012004e-05 3.38180830516751e-05 3.40184534881218e-05 4.13925492052248e-05 5.33271882813425e-05 6.57665933569567e-05 7.42684477366259e-05 7.54800151261714e-05 6.85947972922492e-05 5.56269926781327e-05 4.02175037130914e-05 2.593248696408e-05 1.49286636546484e-05 7.68832814641302e-06 3.55722140669685e-06 1.49552503932206e-06 5.93200781189769e-07 2.33955592381241e-07 1.21044738634345e-07 9.9792305667963e-08 9.22811826755362e-08 7.87227432858026e-08 5.99559947706151e-08 4.05936682810649e-08 2.42403901829009e-08 1.27622162066186e-08 5.92283319216051e-09 2.42269146251134e-09 8.73376815765333e-10 2.77442624940732e-10 7.76821702222027e-11 1.91673402897996e-11 4.16768315188864e-12 0 0 0 0 0 0 0 0 0 0 0 0 0 0 0 0 0 0 0 0 0 0 0 0 0 0 0 0 0 0 0 0 0 0 0 0 0 0 0 0 0 0 0 0 0 0 0 0 0 0 0 0 0 0 0 0 0 0 0 0 0
4.42197318969054e-07 1.07642823619341e-06 2.3320076446475e-06 4.51202112105667e-06 7.8610049059596e-06 1.23921597637051e-05 1.78603907537183e-05 2.38341235533928e-05 3.01022367683044e-05 3.69669906597271e-05 4.55999321903566e-05 5.78055245168062e-05 7.54430604785488e-05 9.92544095626363e-05 0.000127888686390614 0.000157751333418246 0.000184205568579111 0.000203606240969346 0.000214653158513089 0.000218082941241233 0.000215147770328094 0.00020628646615926 0.000191028031872737 0.000169266447849545 0.000142390149990861 0.000113553889554028 8.68542734069624e-05 6.6213156606105e-05 5.43041077475789e-05 5.22422674345051e-05 5.89673109665328e-05 7.14481273371563e-05 8.49374762959732e-05 9.42937895236369e-05 9.55632601121117e-05 8.76175940663795e-05 7.24489307796243e-05 5.39826627461653e-05 3.62842652495653e-05 2.20437925006632e-05 1.21484193433043e-05 6.12095761958649e-06 2.88248281463618e-06 1.35640946572872e-06 7.34609017189303e-07 5.30093656732919e-07 4.95647753716579e-07 4.76711843894783e-07 4.21031326404266e-07 3.32289214783072e-07 2.3328060146106e-07 1.44650325886468e-07 7.91540147495626e-08 3.82041966072174e-08 1.62588955188643e-08 6.09990511677617e-09 2.01680314550315e-09 5.87583815204114e-10 1.50966015945656e-10 3.4180695949676e-11 0 0 0 0 0 0 0 0 0 0 0 0 0 0 0 0 0 0 0 0 0 0 0 0 0 0 0 0 0 0 0 0 0 0 0 0 0 0 0 0 0 0 0 0 0 0 0 0 0 0 0 0 0 0 0 0 0 0 0 0 0
4.70132353384775e-07 1.21878445659654e-06 2.77931012872424e-06 5.63797221047167e-06 1.02529613065787e-05 1.68199347977212e-05 2.51620393595142e-05 3.47483432117705e-05 4.51309203095844e-05 5.6240031288186e-05 6.87754875710966e-05 8.40355991847421e-05 0.000103593965757807 0.00012854853740824 0.000158699151785577 0.000192019155159975 0.000224995531213362 0.000253825443052488 0.000275589771634771 0.000288559158649919 0.000291764333878117 0.000284473773274828 0.000266422180303359 0.000238658422393332 0.000204059397016344 0.000167026078124741 0.000132494142035618 0.000104930251921995 8.7418650786573e-05 8.13412670752099e-05 8.55566386956313e-05 9.66380985986042e-05 0.000109201820276408 0.00011757300484734 0.000117493854491741 0.000107749251758634 9.03414074738375e-05 6.92264052472426e-05 4.85728705991903e-05 3.12909965363656e-05 1.85944907777433e-05 1.03123449296906e-05 5.52038269510943e-06 3.11463396046114e-06 2.13292829500777e-06 1.86428946702593e-06 1.87419350398421e-06 1.86177678617898e-06 1.69654891264677e-06 1.38492424451487e-06 1.00725425242607e-06 6.48217330640128e-07 3.68569567217694e-07 1.84980498893581e-07 8.18995225527355e-08 3.19760082871263e-08 1.10026236690576e-08 3.33570397652508e-09 8.92412691297916e-10 2.10395434243569e-10 0 0 0 0 0 0 0 0 0 0 0 0 0 0 0 0 0 0 0 0 0 0 0 0 0 0 0 0 0 0 0 0 0 0 0 0 0 0 0 0 0 0 0 0 0 0 0 0 0 0 0 0 0 0 0 0 0 0 0 0 0
4.42032025269012e-07 1.20096558387672e-06 2.86816040315501e-06 6.13929424642352e-06 1.18237831720719e-05 2.06185593400027e-05 3.28413923883495e-05 4.81987967845581e-05 6.59880830483451e-05 8.52799145677865e-05 0.0001054210788211 0.000126230494899532 0.000148225948457955 0.000172510602164202 0.000200248145740559 0.000231829298182434 0.000266209574331714 0.000300881412294516 0.000332319358961997 0.000356498039650129 0.000369517218098263 0.000368231602848807 0.000351371513262757 0.000320404215818192 0.000279554038289926 0.000234750414798183 0.000192119379810968 0.000156885792263161 0.000132583963628903 0.00012084751497508 0.000120521607069828 0.000127947439830089 0.000137324733329215 0.000142702372964276 0.000139820665097757 0.000127544703389203 0.000107915886115649 8.47202873176008e-05 6.18754139944794e-05 4.2175709339735e-05 2.69913675259672e-05 1.64978370788017e-05 1.00771068244244e-05 6.75019833496077e-06 5.47429448976746e-06 5.31353419879501e-06 5.53963417612379e-06 5.60681374915269e-06 5.22387607677544e-06 4.38382844192264e-06 3.28998162894958e-06 2.19163710661346e-06 1.29256601201245e-06 6.73789586326675e-07 3.10113544067905e-07 1.25936784132793e-07 4.50772419737846e-08 1.42126278266093e-08 3.95932803406195e-09 9.71988046704894e-10 0 0 0 0 0 0 0 0 0 0 0 0 0 0 0 0 0 0 0 0 0 0 0 0 0 0 0 0 0 0 0 0 0 0 0 0 0 0 0 0 0 0 0 0 0 0 0 0 0 0 0 0 0 0 0 0 0 0 0 0 0
3.9377701920063e-07 1.06308347385028e-06 2.58614917296181e-06 5.7764094995146e-06 1.1763418875233e-05 2.18957923171695e-05 3.737003059969e-05 5.86730377113839e-05 8.52704561166198e-05 0.000115403679415055 0.000146570423143591 0.00017626788068477 0.00020308055503565 0.000227429900342246 0.000251450523346158 0.000277917875537871 0.000308651434062901 0.00034332256425829 0.000379050414332979 0.000410797407573361 0.000432570348898826 0.000438874155129071 0.000426718330015586 0.000396878295581224 0.000353911308292019 0.000304714621586906 0.000256456993092314 0.000215163931473334 0.000184821524479422 0.000167267911604632 0.000161395229052807 0.000163550937791593 0.000167908794905831 0.000168640659866507 0.000161815461761669 0.000146476877727359 0.00012468292557554 9.990636802354e-05 7.56067179085243e-05 5.42701711161925e-05 3.72803849978452e-05 2.51173566187055e-05 1.74873601487493e-05 1.35814805412193e-05 1.23023207920143e-05 1.25029702846294e-05 1.31084662479316e-05 1.32754270432385e-05 1.24799548642652e-05 1.0665998148324e-05 8.20857922083802e-06 5.63805356447606e-06 3.44130126771466e-06 1.86134086792894e-06 8.90521159077406e-07 3.76435734643789e-07 1.40337695501452e-07 4.60843874651665e-08 1.34099701115557e-08 3.44107860157903e-09 1.96276123429838e-11 4.78925250579186e-12 1.02981766293028e-12 0 0 0 0 0 0 0 0 0 0 0 0 0 0 0 0 0 0 0 0 0 0 0 0 0 0 0 0 0 0 0 0 0 0 0 0 0 0 0 0 0 0 0 0 0 0 0 0 0 0 0 0 0 0 0 0 0 0
4.80251068754742e-07 1.12496262165123e-06 2.50731645242904e-06 5.39939244681238e-06 1.10421550332903e-05 2.12523213535726e-05 3.81102552558322e-05 6.32271947364843e-05 9.68812468702283e-05 0.00013721791050091 0.000180390933451001 0.00022162374184727 0.000257137811655031 0.00028585872393424 0.000309849775392146 0.000333212249244066 0.000359814517768653 0.000391299613360641 0.000426091788320092 0.000459595595962764 0.000485445910180419 0.000497068654524741 0.000489999341505661 0.000463623018508847 0.000421736131011361 0.000371381550795934 0.000320473542441628 0.000275830929997777 0.000241814223545349 0.000220170624148613 0.000209552869472623 0.000206247829735456 0.000204710939948761 0.000199706086652142 0.000188063440587513 0.000169200880281896 0.000145163447734316 0.000118958919695087 9.34311656009789e-05 7.06809072694782e-05 5.2091105404871e-05 3.84776342677445e-05 2.98742130041747e-05 2.55924584605841e-05 2.4380557319223e-05 2.48183280036076e-05 2.54822775720576e-05 2.53054288883738e-05 2.35950588941662e-05 2.02585644847353e-05 1.58298867551452e-05 1.11347092646002e-05 7.00395256274022e-06 3.92191736941831e-06 1.94902664838768e-06 8.58027186187137e-07 3.33581207199922e-07 1.14239733926366e-07 3.48596174038153e-08 9.3939761827251e-09 1.79799879469256e-10 4.56834112209795e-11 1.02286894386452e-11 0 0 0 0 0 0 0 0 0 0 0 0 0 0 0 0 0 0 0 0 0 0 0 0 0 0 0 0 0 0 0 0 0 0 0 0 0 0 0 0 0 0 0 0 0 0 0 0 0 0 0 0 0 0 0 0 0 0
8.45495117009895e-07 1.73001664972064e-06 3.33903518818263e-06 6.27393565859861e-06 1.16183138973625e-05 2.12272239343213e-05 3.76442712960937e-05 6.34788122768268e-05 0.000100250982384639 0.000147065692291171 0.000200161383363224 0.000253736282072641 0.000302173056698984 0.000342399216766143 0.000374978276662709 0.000403421635953033 0.000431835563852998 0.000462715366477689 0.000495762142637788 0.000527887861802111 0.000554074495801738 0.000568265867005163 0.000565214945098052 0.000542565055383819 0.000502454056958486 0.000451432455306508 0.000398216980177228 0.000350871575374484 0.000314426393305108 0.000290273645777474 0.000276207057339388 0.000267856989087795 0.000259852335928088 0.000247864111458368 0.000230003761170639 0.000206533685038952 0.000179619581141566 0.000151630713506258 0.000124471859055389 9.95796837796204e-05 7.82694068257237e-05 6.18444012825004e-05 5.09084719540951e-05 4.50444920343596e-05 4.27998302850439e-05 4.23406796441587e-05 4.1837742843584e-05 4.01021216861762e-05 3.64862926130275e-05 3.09988711457942e-05 2.43006473457202e-05 1.73648019187129e-05 1.12102735063429e-05 6.49495492730131e-06 3.3611071005588e-06 1.549220545044e-06 6.32830384620194e-07 2.28010663047331e-07 7.39470442750205e-08 2.12516663407921e-08 1.237259896717e-09 3.27285909948359e-10 7.6251580947873e-11 0 0 0 0 0 0 0 0 0 0 0 0 0 0 0 0 0 0 0 0 0 0 0 0 0 0 0 0 0 0 0 0 0 0 0 0 0 0 0 0 0 0 0 0 0 0 0 0 0 0 0 0 0 0 0 0 0 0
1.4721689419551e-06 2.93683845111178e-06 5.35925863696487e-06 9.16405054879995e-06 1.51102044261615e-05 2.46703805548125e-05 4.02513504549061e-05 6.49169392292927e-05 0.000101320651403424 0.000150175551213186 0.000209245858773637 0.000273514706303291 0.000336974108700765 0.000394952156096474 0.000445603410706514 0.000489901837216985 0.000529936336718085 0.00056727666139271 0.000602180969110757 0.000633526363565059 0.000659021034470226 0.000674759543890448 0.000675785571598223 0.000658068006581436 0.000621298779932703 0.000570616681763784 0.000515166262086618 0.000464519452185544 0.000424904954609235 0.000397604288600192 0.000379362316995602 0.000364676181022773 0.000348011505719157 0.000325989634874565 0.000298443910073696 0.000267237313931842 0.000235232356556815 0.000204262002907354 0.000174879482522173 0.000147097752591101 0.000121529751974245 9.97768978164928e-05 8.3351860293535e-05 7.26917175109456e-05 6.65981676120527e-05 6.29530287268995e-05 5.94631318427375e-05 5.4732115295741e-05 4.8234751703232e-05 4.0188651507217e-05 3.13625187613742e-05 2.26779334605174e-05 1.50446093464792e-05 9.08182990489686e-06 4.95592264449536e-06 2.43602289916564e-06 1.07151774179093e-06 4.1948002270854e-07 1.50903885183328e-07 4.90024424681223e-08 8.16319846420965e-09 2.56758262635872e-09 7.5085551145406e-10 1.15172122730262e-10 3.60523855728937e-11 9.94518762182331e-12 2.41759913892506e-12 5.17902421696276e-13 0 0 0 0 0 0 0 0 0 0 0 0 0 0 0 0 0 0 0 0 0 0 0 0 0 0 0 0 0 0 0 0 0 0 0 0 0 0 0 0 0 0 0 0 0 0 0 0 0 0 0 0 0
2.07824867335367e-06 4.2603452794067e-06 7.88049557788096e-06 1.33477370957892e-05 2.11709261289822e-05 3.22933848092831e-05 4.85343048742213e-05 7.27099971246321e-05 0.000107942496599906 0.000156304096226389 0.000217553975959592 0.00028866578957131 0.000364825393564533 0.000441126157738539 0.000513891678079161 0.000581021131377733 0.000641143333889564 0.000693054971515374 0.000735984468421371 0.000769964402591787 0.000795747940188288 0.00081293436936338 0.000818680930975682 0.000808660683355108 0.000780289003764951 0.000736166812421795 0.000684068092330253 0.000633543297158596 0.000591391116888044 0.000559078200108078 0.000533115309206091 0.000507626593967767 0.000477235810032539 0.000439561855096345 0.000396237686272749 0.000351317105953061 0.000309301735261197 0.000272265367244599 0.000239540267046993 0.00020893537759362 0.000179077950906578 0.000150769167294135 0.000126127143327013 0.000106993954932989 9.34197787941354e-05 8.37878436680482e-05 7.56538943936686e-05 6.72331914440881e-05 5.78173119800561e-05 4.75869115709284e-05 3.7259440212138e-05 2.75519285817214e-05 1.90639983219877e-05 1.22293079033602e-05 7.20721244776991e-06 3.88260692911768e-06 1.8972596155218e-06 8.37338358306787e-07 3.45361937940522e-07 1.31103966242921e-07 3.93611591891498e-08 1.40070654973954e-08 4.67173980051023e-09 1.06480660610993e-09 3.47077322628874e-10 9.96951608257357e-11 2.52356360798827e-11 5.62920119707553e-12 0 0 0 0 0 0 0 0 0 0 0 0 0 0 0 0 0 0 0 0 0 0 0 0 0 0 0 0 0 0 0 0 0 0 0 0 0 0 0 0 0 0 0 0 0 0 0 0 0 0 0 0 0
2.27604436058314e-06 4.89029608229749e-06 9.45015695189777e-06 1.66005799800422e-05 2.69306617867923e-05 4.11212691139508e-05 6.03677047790241e-05 8.67129410031592e-05 0.000122817748856786 0.000171069170592918 0.000232480857833856 0.000305944955891945 0.000388603446799518 0.000476819834509825 0.000566941364571948 0.000655345868069603 0.000737885529766004 0.00081001108751656 0.000868211950317884 0.000911444735449236 0.000941782403380222 0.000962103249994377 0.000973286412923854 0.00097332624969473 0.000959404958651315 0.000931582899847161 0.000894025441818528 0.000853001340067799 0.000813292461654799 0.000775828143342251 0.00073802694189175 0.000695679682161187 0.000645135033479943 0.000585564607388416 0.00052009059696894 0.000454742297543912 0.000396184879214848 0.000347884088135503 0.000309044002352739 0.000275457299125271 0.000242778716235285 0.0002093766220061 0.000176613614201685 0.000147390783446976 0.00012374648271687 0.000105720139347555 9.15985093348624e-05 7.93668224530534e-05 6.77286154571194e-05 5.62644910168543e-05 4.5226372504368e-05 3.49601776843649e-05 2.57266025111985e-05 1.78223026295978e-05 1.14852099636698e-05 6.84461182819819e-06 3.74975172272868e-06 1.88867539243868e-06 8.98141186351645e-07 4.00069214590056e-07 1.63125425303679e-07 6.6291613079917e-08 2.50598901389938e-08 7.47029730688744e-09 2.53510429899481e-09 7.58135850740328e-10 1.99798158363291e-10 4.64011943826363e-11 0 0 0 0 0 0 0 0 0 0 0 0 0 0 0 0 0 0 0 0 0 0 0 0 0 0 0 0 0 0 0 0 0 0 0 0 0 0 0 0 0 0 0 0 0 0 0 0 0 0 0 0 0
1.93572199592135e-06 4.40800769049079e-06 9.04358387632725e-06 1.68625870384047e-05 2.88991043175613e-05 4.61105162509417e-05 6.9520764949148e-05 0.000100406002338416 0.000140343024767219 0.000190857655748586 0.00025285610829995 0.00032605384911587 0.00040913623075863 0.000500318341566042 0.000597620071727491 0.000698309897415678 0.000797946794560748 0.000890197077198831 0.000968681849525614 0.00102936063712103 0.00107267938297398 0.00110235924424538 0.00112247776349158 0.00113498658201936 0.00113949178064106 0.00113512692910695 0.00112183469097101 0.00110007946346501 0.00106972648121457 0.0010295772285737 0.000978325595723547 0.000915292732210712 0.000840538475438861 0.000755828780925464 0.000665447747608291 0.000576405592081741 0.000496959737331059 0.00043254227887566 0.000383663780684536 0.000345490829169649 0.000311038462231741 0.000275270779669007 0.000237034625298603 0.000198874354741016 0.000164480552660395 0.000136262470870319 0.00011435040471466 9.72374278172971e-05 8.30947479771663e-05 7.05081716803198e-05 5.87952112189613e-05 4.77032903013246e-05 3.71769146726788e-05 2.74972439450685e-05 1.90871382524083e-05 1.23989948482036e-05 7.53057294652492e-06 4.29552039574882e-06 2.33633378241003e-06 1.20308842663348e-06 5.83812655286486e-07 2.66801796965532e-07 1.11539643854876e-07 3.93170268885634e-08 1.38908603389505e-08 4.32490481255016e-09 1.18659735530436e-09 2.86912910289227e-10 0 0 0 0 0 0 0 0 0 0 0 0 0 0 0 0 0 0 0 0 0 0 0 0 0 0 0 0 0 0 0 0 0 0 0 0 0 0 0 0 0 0 0 0 0 0 0 0 0 0 0 0 0
1.30813679294959e-06 3.17736588240335e-06 6.98910738242026e-06 1.40105912264308e-05 2.57850649367714e-05 4.39212924410611e-05 6.99124414227176e-05 0.000104904673417753 0.000149650305141383 0.000204435281963267 0.000269099216346657 0.000342924093838204 0.000424978144872578 0.00051463993550303 0.000611734996591961 0.000715600330151626 0.000823613050343954 0.00093011762826936 0.00102773018298338 0.00110980966955107 0.00117369243389629 0.00122125447940836 0.00125725102591507 0.00128653435125217 0.00131189291083987 0.00133312032053406 0.0013471336640944 0.0013486244665687 0.00133164726365174 0.00129192257722924 0.00122901388033901 0.00114622627755153 0.00104828843817847 0.000940329126051313 0.000827704415007507 0.000717354929571792 0.000617803394147395 0.00053597015033732 0.000474406299522989 0.000429331111295862 0.000392633830336319 0.000356242013052123 0.000315409146712129 0.000270619432300832 0.000225874774547312 0.000185756465084749 0.000153044993617659 0.000127870664593996 0.000108626697927586 9.30763519847156e-05 7.93587559643506e-05 6.63479707571889e-05 5.36053899599386e-05 4.14181252220327e-05 3.04013596651628e-05 2.1256743648584e-05 1.42070710727867e-05 9.10762328291318e-06 5.60424201314226e-06 3.26330294470157e-06 1.77861187363542e-06 8.90484528791931e-07 4.01580758887018e-07 1.57386501976919e-07 5.78720775022168e-08 1.87535485442861e-08 5.35494692427128e-09 1.34771371944637e-09 8.35098703979861e-13 0 0 0 0 0 0 0 0 0 0 0 0 0 0 0 0 0 0 0 0 0 0 0 0 0 0 0 0 0 0 0 0 0 0 0 0 0 0 0 0 0 0 0 0 0 0 0 0 0 0 0 0
7.84193845638491e-07 1.98162856949641e-06 4.60860547282045e-06 9.86335392249809e-06 1.94718075343234e-05 3.55584251001116e-05 6.03773520774357e-05 9.57469171000537e-05 0.000142635095426217 0.000200915481103899 0.000269564084364161 0.000346907024848059 0.000431354724930875 0.000522161183059005 0.000619762901118815 0.000724836485074507 0.000836648171243398 0.000951368002479518 0.00106260720007967 0.00116328943565263 0.00124882358117358 0.00131872681747304 0.00137636097726185 0.00142699443619684 0.00147503548750873 0.0015209728186826 0.0015600572304676 0.00158292575905671 0.00157909644112105 0.00154170847448243 0.0014708753219754 0.00137323952666844 0.00125775499254175 0.00113275704391812 0.00100451795479767 0.000879188495905345 0.000764299176354714 0.000667228022324822 0.000592397234340076 0.000538211881727863 0.00049722964021534 0.000459707862266649 0.000417423391399798 0.00036772385705847 0.000313317971716083 0.000259927821003819 0.000213007110342579 0.000175276765945526 0.000146527369843705 0.000124515443000102 0.000106405303943226 8.99707698655104e-05 7.41407331072899e-05 5.90188464655421e-05 4.531157807238e-05 3.38043437399373e-05 2.4614637388509e-05 1.74378330041832e-05 1.1862169335705e-05 7.58285164149028e-06 4.48115957255039e-06 2.40039109746881e-06 1.1469322353175e-06 4.82834902915601e-07 1.84696767255687e-07 6.22680590070978e-08 1.84954011525843e-08 4.8435818824439e-09 8.36259983818354e-12 0 0 0 0 0 0 0 0 0 0 0 0 0 0 0 0 0 0 0 0 0 0 0 0 0 0 0 0 0 0 0 0 0 0 0 0 0 0 0 0 0 0 0 0 0 0 0 0 0 0 0 0
6.25921441702339e-07 1.4506003564333e-06 3.21308221556709e-06 6.78220897044996e-06 1.36290523486135e-05 2.58937411355961e-05 4.63342187843706e-05 7.7782759460113e-05 0.00012239347842526 0.000180963069217728 0.000252680803889748 0.00033531523492892 0.000426269200560135 0.000523737802462291 0.000627508060382826 0.000738254281901329 0.000855922219152151 0.000977980351677957 0.00109956441168299 0.00121478271306812 0.00131907268620382 0.00141077116164035 0.00149142808379393 0.00156499521606978 0.00163560398553144 0.00170368659218606 0.00176361849350434 0.00180370105943394 0.00181064117715579 0.00177601940665298 0.0017005613661251 0.0015935974027028 0.00146752099017761 0.00133316834451685 0.00119718194344452 0.00106414826614553 0.000939532121626623 0.000830101470617265 0.000741608877794065 0.00067525582394033 0.00062583371367686 0.000583738374587725 0.00053847706017348 0.000484247562291101 0.000421343248833628 0.000355144306335314 0.000292712524123142 0.00023932601777351 0.000196964247186789 0.00016451210506798 0.000139019584282539 0.000117393331050443 9.77148758465463e-05 7.9520594241064e-05 6.3342549551799e-05 4.98312325266631e-05 3.88122636137745e-05 2.96150814558399e-05 2.16529259007987e-05 1.47868993289969e-05 9.25745670587295e-06 5.22002834292813e-06 2.6134734386442e-06 1.16007815098598e-06 4.61165145503301e-07 1.61603882132817e-07 4.98731966365815e-08 1.35808798638419e-08 6.28512652523783e-11 0 0 0 0 0 0 0 0 0 0 0 0 0 0 0 0 0 0 0 0 0 0 0 0 0 0 0 0 0 0 0 0 0 0 0 0 0 0 0 0 0 0 0 0 0 0 0 0 0 0 0 0
9.07140247165421e-07 1.84819824099525e-06 3.53195233587852e-06 6.44869571426128e-06 1.15739512768849e-05 2.06167529688477e-05 3.63434373150825e-05 6.23810290562793e-05 0.000102346142881245 0.000158779849829683 0.000232038694015428 0.000320002611283358 0.000419178988766699 0.000526364022726314 0.000640128638886147 0.000760565427384743 0.000887649847336028 0.00101957479573012 0.00115268353617278 0.00128247261075729 0.00140507993999862 0.00151827669946152 0.0016217012359135 0.00171705992847033 0.00180715079192728 0.00189222026506196 0.00196689728475079 0.00201889405358552 0.00203346786691379 0.00200102880517167 0.00192258601349575 0.00180960649910675 0.00167762504346493 0.00153974810510594 0.00140256616260526 0.00126821632849342 0.00113883893154863 0.0010192963334982 0.000915904518481161 0.00083293881050212 0.000768754257515957 0.000715912594586674 0.000663632344450723 0.000603897952160506 0.000534272757809222 0.000458407569729506 0.000383166613072604 0.00031509680232647 0.00025799481843976 0.000212501657227111 0.000176726355564853 0.000147687840030163 0.000122992593941627 0.000101435242807085 8.3007249326999e-05 6.78724657055957e-05 5.54083226801626e-05 4.44465884862006e-05 3.41232225102131e-05 2.44028432324041e-05 1.59434401992823e-05 9.36277343406872e-06 4.87679448043178e-06 2.25816484496855e-06 9.31133272358179e-07 3.38590940577921e-07 1.08328366269705e-07 3.06368899313108e-08 3.54532405312428e-10 0 0 0 0 0 0 0 0 0 0 0 0 0 0 0 0 0 0 0 0 0 0 0 0 0 0 0 0 0 0 0 0 0 0 0 0 0 0 0 0 0 0 0 0 0 0 0 0 0 0 0 0
1.49289396981271e-06 2.99356592770778e-06 5.44505420906516e-06 9.09928803792006e-06 1.44493818396415e-05 2.25707693788667e-05 3.58032661650627e-05 5.80488699726211e-05 9.40419674672198e-05 0.000148111214023359 0.00022218401793582 0.000314775972375049 0.000421761859131626 0.000538497838437069 0.000662151031416518 0.000792243981739116 0.000929060196986364 0.00107186615932145 0.00121835330966623 0.00136523641338138 0.00150899673832403 0.00164631011267657 0.00177407074559141 0.00189054017103746 0.00199615514362558 0.0020910923523073 0.00217192295201762 0.0022284074442003 0.00224638905007119 0.0022153502771538 0.0021353208005501 0.00201824571940004 0.00188202438334347 0.00174233504953469 0.00160641292408207 0.00147422972831951 0.00134386647695495 0.00121673094828058 0.00109819583178235 0.00099491346779474 0.000909464233702819 0.000838529999029835 0.000773523934646945 0.000705913028132255 0.000631045547340621 0.000550015783256033 0.000467851937003744 0.000390604099505309 0.00032251237588304 0.000265415695306011 0.000218870651243496 0.000180988057584011 0.000149856530404014 0.000124050188689155 0.000103040962711342 8.62690291246533e-05 7.25266191693091e-05 6.00454871214458e-05 4.7611160049457e-05 3.5168513195961e-05 2.37338097004691e-05 1.44039185185781e-05 7.76370410654159e-06 3.72388913557635e-06 1.58839093504514e-06 5.97959190671547e-07 1.97661049476327e-07 5.79661567657945e-08 1.50095285954722e-09 0 0 0 0 0 0 0 0 0 0 0 0 0 0 0 0 0 0 0 0 0 0 0 0 0 0 0 0 0 0 0 0 0 0 0 0 0 0 0 0 0 0 0 0 0 0 0 0 0 0 0 0
2.03740785646382e-06 4.22742631419515e-06 7.86825363666748e-06 1.32185448891913e-05 2.05018790175238e-05 3.01992493734206e-05 4.39254765209015e-05 6.5191135007257e-05 9.9074707970079e-05 0.00015112458546636 0.000224851553263108 0.000319995201792649 0.000432533607846092 0.000556827417904648 0.000688592809066235 0.000826527738444829 0.000971261948480958 0.0011234977230786 0.00128270602044754 0.00144695567087101 0.00161285765805416 0.00177555410117398 0.0019286016722971 0.00206589638085583 0.00218437377896399 0.00228355843450694 0.00236280813055825 0.00241649594599539 0.00243401795300952 0.00240533148259429 0.00232836447255328 0.00221249293167005 0.00207510374207281 0.00193345559489221 0.00179661679102659 0.00166474340085 0.00153342380987815 0.00140032052463174 0.00126810827334301 0.00114363555348221 0.00103272447218411 0.000937041509017485 0.000852532273340385 0.00077249544795682 0.000691557979216993 0.000608384642180595 0.000525371068366346 0.000446771499402633 0.000375788104145481 0.000313986767097938 0.000261300602923956 0.000216698244056865 0.000179291232792539 0.000148356388256741 0.000123610282268533 0.000104234088350621 8.86613163064066e-05 7.45494198483707e-05 6.02571139396564e-05 4.55084198445565e-05 3.14895410478454e-05 1.96390967651155e-05 1.09092324956295e-05 5.39637104968174e-06 2.37482919086605e-06 9.23539756576135e-07 3.14301443759318e-07 9.54459146372282e-08 4.77091048692659e-09 3.76117981829625e-13 0 0 0 0 0 0 0 0 0 0 0 0 0 0 0 0 0 0 0 0 0 0 0 0 0 0 0 0 0 0 0 0 0 0 0 0 0 0 0 0 0 0 0 0 0 0 0 0 0 0 0
2.19207636292056e-06 4.76778399769232e-06 9.29050707339494e-06 1.62747914521276e-05 2.6048877842497e-05 3.88449940900362e-05 5.55779871192547e-05 7.88151928450472e-05 0.00011294654280103 0.000163569779212328 0.000235186840293655 0.000329175630110487 0.000442897910580457 0.000571093580514001 0.000708661840431771 0.000853027165061657 0.00100422201472578 0.00116354943913502 0.0013319207429856 0.00150882231187552 0.00169129845765017 0.00187346924640087 0.00204629491635894 0.00219998916194375 0.00232811389156503 0.00242904759069655 0.00250438297213075 0.00255363314973503 0.00257155255397242 0.00255048545500158 0.00248647213314909 0.00238374185492108 0.00225487501826392 0.00211514847923084 0.00197491430962088 0.00183722620169371 0.00169922035860256 0.00155751104449877 0.0014121710740741 0.00126792289843623 0.00113114860883799 0.00100709862783963 0.00089696471187111 0.000798016986056902 0.000706516614067758 0.000620162588135404 0.000539124938415086 0.000465445439703486 0.000400315027003013 0.000343516853936819 0.000293470953132501 0.000248492836151721 0.000208069907093953 0.000172587925863551 0.000143006046839834 0.00011941908334919 0.000100767518535758 8.4568197702687e-05 6.87854392092835e-05 5.2655776199396e-05 3.71518904644958e-05 2.37243586754035e-05 1.35471488065205e-05 6.89719908046975e-06 3.12773916859073e-06 1.25540689454122e-06 4.38969252270339e-07 1.37983370861841e-07 1.13929412319387e-08 4.48774264282809e-12 0 0 0 0 0 0 0 0 0 0 0 0 0 0 0 0 0 0 0 0 0 0 0 0 0 0 0 0 0 0 0 0 0 0 0 0 0 0 0 0 0 0 0 0 0 0 0 0 0 0 0
1.92303025493707e-06 4.38108961154654e-06 8.99068391833512e-06 1.66359865052531e-05 2.81156515085526e-05 4.39906715976125e-05 6.49991174531159e-05 9.28103112461941e-05 0.000130429514049504 0.000182136632521287 0.000252036850919381 0.000342550548653051 0.000453151868064055 0.00058060945776479 0.000720515808529245 0.000869250991359235 0.00102509765201476 0.00118815819916295 0.00135938380520259 0.00153925211938073 0.00172583617726335 0.00191357905829573 0.00209270478613211 0.00225181301399858 0.00238272862217237 0.0024832282020445 0.00255635865472641 0.00260542461851119 0.00262984500799947 0.00262491167906309 0.00258572607788816 0.00251090504196469 0.00240524790446493 0.00227765966986979 0.00213683623386175 0.00198915523926302 0.00183714284419072 0.00168112191596372 0.00152159340037849 0.00136094735001928 0.00120345297163682 0.00105457031635766 0.000918623058385061 0.000796977448357958 0.000689362505253504 0.00059488771908426 0.000513245039884729 0.000445059415599304 0.000389467199173548 0.000343756257244588 0.000303464629112186 0.000264713690949065 0.000226065445542175 0.000188511921521728 0.000154563446262262 0.000126141723593869 0.000103656856413214 8.52471574886451e-05 6.87742808702401e-05 5.28638804753021e-05 3.78249033165794e-05 2.46579780064895e-05 1.44495656969837e-05 7.56615761802464e-06 3.53557812649503e-06 1.46519360429322e-06 5.2633491116412e-07 1.71314311641257e-07 2.05243483099291e-08 4.0188425638373e-11 0 0 0 0 0 0 0 0 0 0 0 0 0 0 0 0 0 0 0 0 0 0 0 0 0 0 0 0 0 0 0 0 0 0 0 0 0 0 0 0 0 0 0 0 0 0 0 0 0 0 0
1.60745572967731e-06 3.68191102635944e-06 7.76375329905109e-06 1.49955948301607e-05 2.67179463131945e-05 4.42048094178316e-05 6.86786941844827e-05 0.000101563887769161 0.000144682663888317 0.000200410947411394 0.000271153283412424 0.000358916421671249 0.000464576794900182 0.000587437940266724 0.000725152350708745 0.000874151916944435 0.00103083598466389 0.00119276914350453 0.00135931759842309 0.0015310776106949 0.00170759980501708 0.00188521078998944 0.00205552127924453 0.00220762862014746 0.00233313458896058 0.00242973901436414 0.00250129362336748 0.00255330733864282 0.00258825199794045 0.00260382918624026 0.00259504733363007 0.00255632814844117 0.00248465977316734 0.00238037161802318 0.00224735649771599 0.00209321901289047 0.00192674842140721 0.00175536996504678 0.00158386690591028 0.0014144436588109 0.00124845681091575 0.00108834760909831 0.00093754412328619 0.000798769392910187 0.000674654943064157 0.000567256949014861 0.000478113454800595 0.000408578787084009 0.000357219359414388 0.000319654753415723 0.000288725224654631 0.000257944372703263 0.00022402939446437 0.000187575319654771 0.000151903502955632 0.000120486811641175 9.53054563195838e-05 7.55897939560511e-05 5.95295901297588e-05 4.53772538729777e-05 3.26484858625691e-05 2.16111106970512e-05 1.29548078313565e-05 6.96322408718656e-06 3.35095811554054e-06 1.43373693500922e-06 5.29449870132839e-07 1.7837539083565e-07 2.84391740678581e-08 2.7294703716908e-10 6.82303622199543e-13 1.44686719936263e-13 0 0 0 0 0 0 0 0 0 0 0 0 0 0 0 0 0 0 0 0 0 0 0 0 0 0 0 0 0 0 0 0 0 0 0 0 0 0 0 0 0 0 0 0 0 0 0 0 0
1.75357729179475e-06 3.65510501316373e-06 7.26481330165084e-06 1.37156614516035e-05 2.45792056086148e-05 4.16706242660059e-05 6.68505026880985e-05 0.000101853401581313 0.000148083056592854 0.000206612798854357 0.000278131930426633 0.000363392290671925 0.000463395657294682 0.000579068045684745 0.000710199150431018 0.00085423929789114 0.00100661115241756 0.00116241191426344 0.0013186423315866 0.00147513694674531 0.00163287963346342 0.00179115754925226 0.00194466082157488 0.00208436926633944 0.00220189696036027 0.00229385363706665 0.00236323512640085 0.00241617356786246 0.00245727758027503 0.00248680046980011 0.00250099677531915 0.00249266641771376 0.00245350933228642 0.00237648082613076 0.00225977398678297 0.00210974603654149 0.00193922098175357 0.00176219271309874 0.00158888915977894 0.00142334155482423 0.00126502936555268 0.0011124519494384 0.00096524539908876 0.000823948290591161 0.000691278232371423 0.000571382841951131 0.00046871451362247 0.000387619905030169 0.000328767077039092 0.000288558075439148 0.000259100709064981 0.00023230793636761 0.000202982481721911 0.000170341394561561 0.000137086817667198 0.00010682584826152 8.20748049570936e-05 6.28744676074578e-05 4.79983988939487e-05 3.58581335501788e-05 2.56105243834286e-05 1.70109440504967e-05 1.03350545438942e-05 5.66038515287367e-06 2.79002479397981e-06 1.22714169504471e-06 4.65608269493275e-07 1.61504503305278e-07 3.29501252932547e-08 1.39569326120988e-09 8.30290545505746e-12 1.83336929284595e-12 0 0 0 0 0 0 0 0 0 0 0 0 0 0 0 0 0 0 0 0 0 0 0 0 0 0 0 0 0 0 0 0 0 0 0 0 0 0 0 0 0 0 0 0 0 0 0 0 0
2.61438557263697e-06 4.89404086202062e-06 8.67905769436523e-06 1.4821816005385e-05 2.46472636013774e-05 3.99317473147899e-05 6.27154947305574e-05 9.49900211171176e-05 0.000138248348295509 0.000193288145327066 0.000260224133642681 0.000339150761995258 0.000430845274819596 0.00053679693291341 0.000657985960024773 0.00079290114684076 0.000936869436899279 0.0010835127754148 0.00122777387192284 0.0013683091964244 0.00150704873015849 0.00164638098059273 0.00178483672602627 0.00191593095089428 0.00203082474466516 0.00212308264066202 0.00219212875469368 0.00224251109556788 0.00228019491528625 0.00230882774083199 0.00232801464054186 0.00233222105252541 0.00231185245527355 0.00225616628299149 0.00215935009398255 0.00202537226732311 0.00186762220989857 0.00170275994015966 0.00154372446169467 0.00139582862197707 0.00125773229956319 0.00112543944284245 0.000995323374611087 0.000864832219824672 0.000734572372839997 0.000608420035107249 0.000492456266591523 0.000394310202338299 0.000318585444016048 0.000265081562144063 0.000227940259404773 0.000199406433908847 0.0001730888594574 0.000146301840541536 0.000119753785950038 9.5494501808102e-05 7.50490076274299e-05 5.84172717773152e-05 4.4852640511952e-05 3.34318955456845e-05 2.37293047002477e-05 1.56772570666835e-05 9.53077290818073e-06 5.25101611575434e-06 2.61531573690618e-06 1.16741799654904e-06 4.54360578639282e-07 1.59717271772534e-07 4.10894973928923e-08 5.44928161785913e-09 7.58318605438364e-11 1.74357421591037e-11 0 0 0 0 0 0 0 0 0 0 0 0 0 0 0 0 0 0 0 0 0 0 0 0 0 0 0 0 0 0 0 0 0 0 0 0 0 0 0 0 0 0 0 0 0 0 0 0 0
3.87757166848738e-06 6.99656381956742e-06 1.16396791781375e-05 1.82369624260967e-05 2.75194074083084e-05 4.06956324269948e-05 5.94274866449252e-05 8.55901968434832e-05 0.000120781815784037 0.000166055034259445 0.000221908261908776 0.000288770251244695 0.000367700924010549 0.000460499615596057 0.00056864532273989 0.000691340717381394 0.0008243022255591 0.000960765647762403 0.00109448580546608 0.00122302855667155 0.00134856132456779 0.00147564373912659 0.00160601206731016 0.00173545244204271 0.00185436731422403 0.00195234496610055 0.00202364047859007 0.002069492673597 0.00209613855816072 0.00211067104575351 0.00211732562416635 0.00211471245552764 0.00209570136437559 0.00205010802762096 0.00197115251215189 0.00186082420430776 0.00173038102848449 0.00159468810912341 0.00146500741422324 0.00134520927589239 0.00123273662448669 0.00112274741489958 0.00101106811304478 0.000894547451844743 0.000772591866980703 0.000647694416328892 0.000525317112653918 0.00041421883393514 0.000322124661354304 0.000252901209865649 0.00020445002930739 0.000171119803626432 0.000146510120136243 0.000126331677353798 0.000108855045086688 9.36806545679717e-05 8.03062782737587e-05 6.78268280651591e-05 5.55149520155964e-05 4.32149807061531e-05 3.1480117587363e-05 2.11383101439633e-05 1.30096676024462e-05 7.26336162116242e-06 3.66344320502916e-06 1.6594620937019e-06 6.66138666785308e-07 2.37029801019392e-07 7.10605512938395e-08 1.65738367480366e-08 5.2031289911048e-10 1.24451497315298e-10 0 0 0 0 0 0 0 0 0 0 0 0 0 0 0 0 0 0 0 0 0 0 0 0 0 0 0 0 0 0 0 0 0 0 0 0 0 0 0 0 0 0 0 0 0 0 0 0 0
4.71464979071223e-06 8.56506392719058e-06 1.40967903479705e-05 2.13793060895444e-05 3.05165035635497e-05 4.1985232812076e-05 5.6843180970817e-05 7.66375661190793e-05 0.00010293925438572 0.000136994498795798 0.000179691728674618 0.000231883235166624 0.000295032577501954 0.000371307751873191 0.000462716014977029 0.000569407018276304 0.000688180569087101 0.000813023849331011 0.000937558783250078 0.00105861157426314 0.00117780287490333 0.00130012144538104 0.00142858291620387 0.00155997587941251 0.00168388303360894 0.00178677630639258 0.00185875983913459 0.00189814878674207 0.00191100296600006 0.00190687164046495 0.00189379313851026 0.00187441259449992 0.00184542528299021 0.00179986173369389 0.00173270500231167 0.0016454414976939 0.00154657166785846 0.00144696281448049 0.00135360435751537 0.00126676044836143 0.0011814517477625 0.00109206712331888 0.000995360483480139 0.000890231157964171 0.00077757745272947 0.00065969471437514 0.000540516854912452 0.000427362420390061 0.000328405832343511 0.000249935728643748 0.000193329138060292 0.000155685806348582 0.000131665441654001 0.000116356457182352 0.000106389669349715 9.94202809696136e-05 9.30687205633557e-05 8.52238994181539e-05 7.45748301328857e-05 6.12286860620004e-05 4.65488684160746e-05 3.24397415198272e-05 2.06443690249641e-05 1.19164380092342e-05 6.20817921121507e-06 2.9085385255826e-06 1.21729608355671e-06 4.49134518312812e-07 1.44689712630428e-07 4.07393177715746e-08 2.68027067537742e-09 6.66697792812995e-10 0 0 0 0 0 0 0 0 0 0 0 0 0 0 0 0 0 0 0 0 0 0 0 0 0 0 0 0 0 0 0 0 0 0 0 0 0 0 0 0 0 0 0 0 0 0 0 0 0
4.45455153660721e-06 8.30076747302308e-06 1.38882264377434e-05 2.11470958144017e-05 2.98280654280382e-05 3.9894208674186e-05 5.1917888616665e-05 6.71328473933756e-05 8.70082522563772e-05 0.000112734687958419 0.000145084561377604 0.000184660459191914 0.000232686571094678 0.000291334955535802 0.000363212540726003 0.000449920240477522 0.000550296040411063 0.000660314902194463 0.00077460657766815 0.00088971658924955 0.00100601734809193 0.00112703520150715 0.00125482645965412 0.00138571837016621 0.00150878001863195 0.00160938735378433 0.00167617998811868 0.00170649598946304 0.0017066471446028 0.0016875244975461 0.00165900502122438 0.00162559720978371 0.00158633340579245 0.00153722767399854 0.00147584365955369 0.00140448419002604 0.00133001613633102 0.00126001056493307 0.00119784602823265 0.00114069932284682 0.00108127008540758 0.00101264641085894 0.000931754164045209 0.000839441701919434 0.000739118454246847 0.000634243059681828 0.00052778617109284 0.000424549961976419 0.00033094039600716 0.000253382959329621 0.000195221331835785 0.000155811737539059 0.000131327059389569 0.000117177506129526 0.000109669944489768 0.000105968729740749 0.000103127036656594 9.84623381372839e-05 8.98914123685789e-05 7.70130182013869e-05 6.10967288258463e-05 4.44746330003059e-05 2.95705406015933e-05 1.78565036184991e-05 9.73909896984255e-06 4.78563216712299e-06 2.10692952226809e-06 8.19654428978726e-07 2.80260509431055e-07 8.53070508589785e-08 1.03797601546169e-08 2.68056974632999e-09 0 0 0 0 0 0 0 0 0 0 0 0 0 0 0 0 0 0 0 0 0 0 0 0 0 0 0 0 0 0 0 0 0 0 0 0 0 0 0 0 0 0 0 0 0 0 0 0 0
3.27944328155275e-06 6.33340075787765e-06 1.09348245530845e-05 1.70777861082861e-05 2.45075574873671e-05 3.30352245249791e-05 4.29854407725921e-05 5.53418137437479e-05 7.14101800803622e-05 9.21756940697729e-05 0.000118006021879883 0.000148802803443216 0.000184950322480406 0.000228042643107816 0.000280909074187192 0.000346536464484313 0.000426196641369746 0.000518600203549328 0.000620249650665066 0.000727825296701167 0.000840001090591617 0.000957492472372373 0.00107992212120806 0.00120257667106512 0.00131511156861212 0.00140431890998877 0.00146008378191623 0.0014803460718059 0.00147161555041768 0.0014448887211973 0.00141017275342505 0.00137200367912461 0.00132976496398266 0.00128065206339057 0.00122359854903151 0.00116161901895689 0.00110089204053606 0.00104735130925831 0.00100300906857765 0.000964370580417384 0.000923928158768155 0.000874319807449822 0.000811948518091089 0.000737865860021477 0.000656472754140977 0.000571862700336571 0.00048634549491076 0.000402334821081602 0.000323775029917723 0.000255897857777693 0.000202700296802072 0.00016497508029095 0.000140290746662486 0.000124752967124157 0.00011510218083456 0.000109189475979466 0.000104980454126475 0.000100463989951067 9.33998070165288e-05 8.25911750555064e-05 6.82870525838271e-05 5.21615876423133e-05 3.65298931139772e-05 2.32980062129575e-05 1.34367340955347e-05 6.99288667884029e-06 3.26326077030427e-06 1.34984881860493e-06 4.91882879221023e-07 1.59062542297625e-07 3.02853232661517e-08 8.08899206184158e-09 0 0 0 0 0 0 0 0 0 0 0 0 0 0 0 0 0 0 0 0 0 0 0 0 0 0 0 0 0 0 0 0 0 0 0 0 0 0 0 0 0 0 0 0 0 0 0 0 0
2.00379710540832e-06 4.05674691924757e-06 7.32696291906349e-06 1.19291555654906e-05 1.77544250542133e-05 2.46411527690629e-05 3.27546837226801e-05 4.27940560016168e-05 5.58205540837641e-05 7.26507573847919e-05 9.34471761502175e-05 0.000117680220742614 0.000144990009289389 0.000176152737386984 0.00021360877020914 0.000260920375157952 0.000321160349070393 0.000395556951848086 0.000482765672968671 0.000579993275177226 0.000684310941339594 0.000793274248775081 0.000903652720069146 0.00100988508924446 0.0011035065876709 0.00117487698675929 0.00121710849788657 0.0012294327135244 0.00121762295654935 0.00119104380588002 0.00115830086006007 0.00112320599470862 0.00108495355120317 0.00104103721318567 0.000990549192000162 0.000936350919603415 0.000883817568013878 0.000837904997573878 0.00080044936972453 0.000768894142993321 0.000737580700139782 0.000700500225411509 0.000654402652225716 0.000599888804909375 0.000540735830101249 0.000480263299055342 0.000419651909377672 0.000359201374280089 0.000300529340768849 0.000247310063564611 0.000203515812908489 0.000170846852368203 0.000148023665487272 0.000131841345359654 0.00011941735198997 0.000109398335626488 0.000101166989900007 9.42251581542864e-05 8.71461713975671e-05 7.84588366088188e-05 6.72731084450603e-05 5.39560164801965e-05 3.99432023129808e-05 2.70227828850161e-05 1.65421766784647e-05 9.14198168237409e-06 4.5259167008418e-06 1.98861633411994e-06 7.72449703052265e-07 2.64718848433573e-07 6.6902568091899e-08 1.83202295015227e-08 0 0 0 0 0 0 0 0 0 0 0 0 0 0 0 0 0 0 0 0 0 0 0 0 0 0 0 0 0 0 0 0 0 0 0 0 0 0 0 0 0 0 0 0 0 0 0 0 0
1.21034297138222e-06 2.60838478463389e-06 5.00140783174171e-06 8.59571540636509e-06 1.33784143147654e-05 1.91382036494826e-05 2.57359306151726e-05 3.34007036869419e-05 4.28168296857223e-05 5.47500505934041e-05 6.96174500875621e-05 8.71773954061058e-05 0.000106983600862295 0.000129226121272041 0.000155503574708437 0.000188877927884393 0.000232907219192574 0.000290300633944105 0.000361560048440634 0.000444868876676343 0.000536591329343589 0.000632068229269085 0.000725871698091849 0.000811977393848802 0.000884124480890051 0.000936768280847238 0.000966882735733595 0.000975251728268749 0.000966340971364803 0.000946626206719043 0.000921965337455285 0.000894862663548964 0.00086445811952377 0.000828823779366027 0.000787261922300498 0.000742336924997157 0.000698465418863483 0.00065958051168806 0.00062707498099582 0.000598992509836695 0.000571491650007964 0.000540523148010716 0.000504200737587785 0.000463418756796685 0.000421396207577511 0.000380537967511551 0.000340975013398984 0.000301423463876651 0.000261558696796626 0.000223423715143674 0.000190434710815789 0.00016476930021437 0.000146067094514947 0.000131804181147186 0.000119221818972433 0.000107216257655792 9.60281639343328e-05 8.64810071457335e-05 7.8371684362561e-05 7.06798400139745e-05 6.20229933058447e-05 5.17056610302413e-05 4.01265719514936e-05 2.85673941909489e-05 1.84106422282955e-05 1.07106139128808e-05 5.57506883902525e-06 2.57399133586545e-06 1.05526696748522e-06 3.80607682865893e-07 1.13108133084398e-07 3.11412910605529e-08 0 0 0 0 0 0 0 0 0 0 0 0 0 0 0 0 0 0 0 0 0 0 0 0 0 0 0 0 0 0 0 0 0 0 0 0 0 0 0 0 0 0 0 0 0 0 0 0 0
8.64881088368819e-07 1.98979353780774e-06 4.05487682114283e-06 7.34586410333737e-06 1.18974714513897e-05 1.73689647004075e-05 2.31878905459815e-05 2.89368888861685e-05 3.47419893497719e-05 4.12784620838141e-05 4.94467200488306e-05 5.98170564154224e-05 7.2500881006554e-05 8.75446065419811e-05 0.000105627538842295 0.000128586161632432 0.000159243978370674 0.000200554589658725 0.000254199827475319 0.00031966544613046 0.000393891022659407 0.000471802587733392 0.000547278355261364 0.000614388940853856 0.000668468365351403 0.000706810139337495 0.000729147960335779 0.000737434905704117 0.000735056393579512 0.000725850954055501 0.000712795331729902 0.000696758099741028 0.000676636194179598 0.000651112246802435 0.000620006028745765 0.000585935608920437 0.000552780100611055 0.000523795734371944 0.000499745395129362 0.000478456243936109 0.00045647482878461 0.000430553480715369 0.000399672691661781 0.000365352545755094 0.000331057422521817 0.000299440449919619 0.000270837283968637 0.000243662263197661 0.00021647599881629 0.000189817059278167 0.000165992081473379 0.000147018586871105 0.000133041128879017 0.000122193216765272 0.000111862894901711 0.000100847254255526 8.95206350370589e-05 7.92603763018144e-05 7.06873315718153e-05 6.3407531362616e-05 5.61475396891892e-05 4.78078532158619e-05 3.81713283057789e-05 2.8056908338672e-05 1.86870624535757e-05 1.12404109214303e-05 6.05035225434895e-06 2.88604402693876e-06 1.22935935118904e-06 4.61137214934078e-07 1.4961996981474e-07 3.97293555645853e-08 0 0 0 0 0 0 0 0 0 0 0 0 0 0 0 0 0 0 0 0 0 0 0 0 0 0 0 0 0 0 0 0 0 0 0 0 0 0 0 0 0 0 0 0 0 0 0 0 0
6.61779815988667e-07 1.60438065267412e-06 3.43438304400161e-06 6.50070625886183e-06 1.09126920574951e-05 1.63035874182687e-05 2.18359535612814e-05 2.65765264181789e-05 3.00745913251535e-05 3.27326601902167e-05 3.5703951348236e-05 4.02672417960071e-05 4.72213498562873e-05 5.67414781011205e-05 6.8784103113682e-05 8.38207271084501e-05 0.000103332491432364 0.000129638618512297 0.000164891957973794 0.000209888493508858 0.000263103348323069 0.000320719134471137 0.000377546512258718 0.000428505058894153 0.000469919367489442 0.000500212375425902 0.000519921735481179 0.000530983927351962 0.000535770959185045 0.000536422560809222 0.00053415714383582 0.000528889534614636 0.000519408368343944 0.00050473340707868 0.000484925892301614 0.000462403893809407 0.000440638683018546 0.000422644654828189 0.000409081044501366 0.000397755457604148 0.00038493019947633 0.000366914372743851 0.000342104883284764 0.000311678951020103 0.00027919963963213 0.00024832141266783 0.000220924278562604 0.000196710503415164 0.000174436958040631 0.000153763609907692 0.000135708008093348 0.000121532702011246 0.000111330762843907 0.000103679008369114 9.62373868700709e-05 8.77163293339697e-05 7.83184152670914e-05 6.94127052579328e-05 6.18682807248523e-05 5.56322276864367e-05 4.96607154050316e-05 4.28273077385128e-05 3.47185845746725e-05 2.59282950803779e-05 1.75477269088727e-05 1.0721782669871e-05 5.867249938366e-06 2.84224337254029e-06 1.23651035374339e-06 4.75192186685194e-07 1.61076532072866e-07 3.80413245973014e-08 0 0 0 0 0 0 0 0 0 0 0 0 0 0 0 0 0 0 0 0 0 0 0 0 0 0 0 0 0 0 0 0 0 0 0 0 0 0 0 0 0 0 0 0 0 0 0 0 0
4.39419004725223e-07 1.11295329360603e-06 2.48579429202052e-06 4.89862541591524e-06 8.53816833533446e-06 1.31730457687567e-05 1.80657233186952e-05 2.22145280045414e-05 2.48991573944337e-05 2.62069951015272e-05 2.71410703473407e-05 2.91204214748746e-05 3.32090316583613e-05 3.96189918984985e-05 4.78102370110136e-05 5.71960933553556e-05 6.79945222891511e-05 8.16133062061706e-05 0.000100172559692912 0.000125442935446689 0.000157622478587399 0.00019489141026518 0.000233917661349182 0.000271056177394013 0.00030348756719567 0.000329880962369241 0.000350307849168915 0.000365596547565732 0.000376663233725424 0.000384233397354649 0.000388671905595843 0.000389964620072396 0.000387613850203497 0.000381295197837015 0.000371185186838044 0.000358919245615758 0.000347019214357119 0.000337977202170548 0.000332706319129089 0.000329790637897374 0.000325968947009215 0.000317304017862809 0.000301023044813062 0.000276786182275138 0.000247028732346077 0.000215659803765246 0.000186105248168148 0.00016009616960446 0.000137715615562616 0.000118714730328106 0.000103235956758154 9.1676151912519e-05 8.37722613941842e-05 7.83200465651705e-05 7.33075799396338e-05 6.74549204145449e-05 6.07243604972968e-05 5.42256841345793e-05 4.87723770050387e-05 4.44292697567449e-05 4.03446645567536e-05 3.54432738202838e-05 2.92368186805144e-05 2.21624312987083e-05 1.51890410833808e-05 9.37046678119517e-06 5.17415741192841e-06 2.52367315437294e-06 1.10812959019782e-06 4.30863058470184e-07 1.48689475210742e-07 2.73381387803042e-08 0 0 0 0 0 0 0 0 0 0 0 0 0 0 0 0 0 0 0 0 0 0 0 0 0 0 0 0 0 0 0 0 0 0 0 0 0 0 0 0 0 0 0 0 0 0 0 0 0
2.2839681284314e-07 6.02768151211191e-07 1.40218664950582e-06 2.87575508872448e-06 5.21939559202138e-06 8.37024219336845e-06 1.19152687388426e-05 1.51849591707993e-05 1.76152471983432e-05 1.91855098857422e-05 2.05907938525677e-05 2.29161241214156e-05 2.69625970242773e-05 3.26870087904484e-05 3.91600752652748e-05 4.51647739841006e-05 5.01209654127225e-05 5.47221904669068e-05 6.08300114488078e-05 7.06746726822463e-05 8.56801821722166e-05 0.000105765147066682 0.000129430983321556 0.000154530932456457 0.000179129080603733 0.000202094301290627 0.000222993191125854 0.000241541023052597 0.000257188378925978 0.000269164947709492 0.000276948397750345 0.000280650823258912 0.000280786420832913 0.000278127134968862 0.000273357828575295 0.000267425641768339 0.000261657725823233 0.000257538345146537 0.000255984230960357 0.000256603173987219 0.000257508660263615 0.000255611439376172 0.000247800779916682 0.000232225588801436 0.000209328811768752 0.000181828553451665 0.000153364428485874 0.000127017903442744 0.000104382155928833 8.5984405909631e-05 7.17615717188487e-05 6.15886435218805e-05 5.4927993766133e-05 5.0755778634907e-05 4.74569814398169e-05 4.38756791498454e-05 3.97212550568153e-05 3.56957324678191e-05 3.24162544410448e-05 3.00146209072492e-05 2.79103271069646e-05 2.51923700121402e-05 2.13407178584212e-05 1.65676166942706e-05 1.15926864034724e-05 7.27019937288713e-06 4.07285749889205e-06 2.00993814547131e-06 8.91254893703031e-07 3.49832510131991e-07 1.21996183766446e-07 1.47452269106287e-08 0 0 0 0 0 0 0 0 0 0 0 0 0 0 0 0 0 0 0 0 0 0 0 0 0 0 0 0 0 0 0 0 0 0 0 0 0 0 0 0 0 0 0 0 0 0 0 0 0
8.99767307867847e-08 2.47313880617605e-07 5.99089738087084e-07 1.27943279179479e-06 2.4268777083719e-06 4.06700935744153e-06 6.07336750316717e-06 8.18489041712453e-06 1.01899846361761e-05 1.21778463028387e-05 1.46425950036919e-05 1.82551645990379e-05 2.3356830765243e-05 2.95086671911084e-05 3.54734468646311e-05 3.9756136101171e-05 4.14714958478318e-05 4.0977361188391e-05 3.98855422708236e-05 4.04494031967234e-05 4.4581387467965e-05 5.31490258877741e-05 6.58250215643072e-05 8.15023426790379e-05 9.89050463572707e-05 0.000117150565960939 0.000135725218790499 0.000154013163061674 0.000170868333398596 0.000184615058987911 0.000193849081742044 0.00019823279695823 0.000198558004035195 0.000196283209859888 0.000192724378927476 0.000188736080870747 0.000184983486614017 0.000182081263495282 0.000180614678100848 0.000180707067821513 0.0001817374173279 0.000182020777493753 0.000179281479302634 0.000171322638062197 0.000157114843269465 0.000137596946229797 0.000115259756027648 9.30776509330152e-05 7.33316388975828e-05 5.72651771267302e-05 4.50347047964267e-05 3.64149954772134e-05 3.08400625075766e-05 2.75187052728319e-05 2.53108123779791e-05 2.33409302295331e-05 2.11839317681472e-05 1.91202399055953e-05 1.74862663214173e-05 1.64216106936083e-05 1.56511996193725e-05 1.45714805256252e-05 1.27575850195272e-05 1.02268977470113e-05 7.37416953860182e-06 4.74857250962838e-06 2.72724013681462e-06 1.37733069445732e-06 6.2232388001398e-07 2.48555162584551e-07 8.7892268979299e-08 5.96902200134288e-09 0 0 0 0 0 0 0 0 0 0 0 0 0 0 0 0 0 0 0 0 0 0 0 0 0 0 0 0 0 0 0 0 0 0 0 0 0 0 0 0 0 0 0 0 0 0 0 0 0
2.67282706793519e-08 7.64931986050284e-08 1.92921051091589e-07 4.30157388591865e-07 8.58638139057611e-07 1.51649585011589e-06 2.4135176015531e-06 3.53626327124372e-06 4.93308549813958e-06 6.82433699146889e-06 9.62164319597261e-06 1.37383810324348e-05 1.92138538879043e-05 2.53848671603398e-05 3.09174011718496e-05 3.4305115098273e-05 3.46439355976931e-05 3.21782857299622e-05 2.83014865891576e-05 2.50391501782852e-05 2.42623399088905e-05 2.71022871190242e-05 3.37205475579302e-05 4.34848658899299e-05 5.53797157096252e-05 6.85589381240247e-05 8.25247917786213e-05 9.68863658858821e-05 0.000110852739591175 0.000122957180028216 0.000131626530057203 0.000136013591059317 0.00013642440352309 0.000134076237588496 0.000130367824262919 0.000126286514125891 0.000122474754662479 0.000119284619454247 0.000116997873096621 0.000115655315879334 0.000115050065778984 0.000114440816210394 0.00011275356179473 0.000108578615041484 0.000100776734341676 8.92171617906589e-05 7.4970160035026e-05 5.9881376285166e-05 4.58330051436659e-05 3.41557274761693e-05 2.52168553721005e-05 1.89132244090023e-05 1.48264183538818e-05 1.24091946658248e-05 1.09609245158133e-05 9.94929168924409e-06 8.99876982862164e-06 8.13521663910584e-06 7.4607923570775e-06 7.06425426684458e-06 6.87401580151875e-06 6.5940539151959e-06 5.97790652667487e-06 4.96868193103965e-06 3.71293926832079e-06 2.47243867044713e-06 1.46779258744335e-06 7.65785460551162e-07 3.56024233729341e-07 1.46130108077952e-07 5.29679077975449e-08 1.81352731944124e-09 0 0 0 0 0 0 0 0 0 0 0 0 0 0 0 0 0 0 0 0 0 0 0 0 0 0 0 0 0 0 0 0 0 0 0 0 0 0 0 0 0 0 0 0 0 0 0 0 0
5.95933427337817e-09 1.77581392182005e-08 4.66325864446237e-08 1.11648855994742e-07 2.40397873029055e-07 4.61508626846176e-07 8.19165506446478e-07 1.38349470871781e-06 2.29045302642116e-06 3.77955710387779e-06 6.17131150127959e-06 9.72101737583908e-06 1.43610226496779e-05 1.94782726125156e-05 2.39505872223447e-05 2.65333102005771e-05 2.64678593947997e-05 2.39186493019281e-05 1.99779885870007e-05 1.62627554720524e-05 1.43226463333814e-05 1.51970207149024e-05 1.91826037232546e-05 2.58493517308793e-05 3.42635081148082e-05 4.34620405873639e-05 5.28086023337524e-05 6.20887534612106e-05 7.10930530188666e-05 7.91861361287556e-05 8.53941458966097e-05 8.88983700202597e-05 8.95214490574465e-05 8.77982374008797e-05 8.46408481061213e-05 8.09206533831292e-05 7.73910173350994e-05 7.45270291260751e-05 7.25213791151726e-05 7.11086212572892e-05 6.98029397698638e-05 6.80033842007744e-05 6.53702925415208e-05 6.15528503473991e-05 5.62620345915911e-05 4.94166414397206e-05 4.13517476854947e-05 3.27732146076909e-05 2.46301247101247e-05 1.77452127553758e-05 1.24195177773074e-05 8.64411146747775e-06 6.18426231782785e-06 4.71604362657004e-06 3.86134623658643e-06 3.36329381518358e-06 2.98924848294748e-06 2.69388088722726e-06 2.46845618233152e-06 2.34182967496859e-06 2.31410259880094e-06 2.27689187675065e-06 2.13134060028487e-06 1.83449275764329e-06 1.42043777226585e-06 9.78284756589237e-07 6.00880614957993e-07 3.24163412857476e-07 1.55279024090767e-07 6.55471672689963e-08 2.43830146913256e-08 0 0 0 0 0 0 0 0 0 0 0 0 0 0 0 0 0 0 0 0 0 0 0 0 0 0 0 0 0 0 0 0 0 0 0 0 0 0 0 0 0 0 0 0 0 0 0 0 0 0
9.97289541277528e-10 3.09449539143268e-09 8.46156614724987e-09 2.80924984329733e-08 7.24033423523774e-08 1.69626678603176e-07 3.74528560082478e-07 7.81641066019457e-07 1.53753356796552e-06 2.83212027342358e-06 4.84688885702535e-06 7.64896373161822e-06 1.10580575690401e-05 1.4564938288172e-05 1.74026052458541e-05 1.87988429987793e-05 1.83341299192092e-05 1.61874947058931e-05 1.31243249064916e-05 1.02414205820409e-05 8.60677225489929e-06 8.98571147509718e-06 1.16632740817498e-05 1.63745935699506e-05 2.23639524110427e-05 2.86931909841018e-05 3.46073937744867e-05 3.9868631275789e-05 4.45577410458329e-05 4.87336536279928e-05 5.21924988180916e-05 5.45533565935416e-05 5.55281718397407e-05 5.50945228600952e-05 5.3493712635504e-05 5.11614680915912e-05 4.87307064162663e-05 4.6818270052815e-05 4.57590205492986e-05 4.52249044531121e-05 4.44381129170141e-05 4.25544589939188e-05 3.93234174538274e-05 3.49578772733757e-05 2.99847941295741e-05 2.48678127684822e-05 1.99235943747048e-05 1.52985619327965e-05 1.11970489478832e-05 7.82783672282618e-06 5.24908635510271e-06 3.43035806426768e-06 2.24938228408336e-06 1.54800846743171e-06 1.14055264689805e-06 9.24797112085703e-07 7.89942157379772e-07 7.04277556272e-07 6.41416325683738e-07 6.05108783662909e-07 6.04364669950441e-07 6.08056601753097e-07 5.87627297625682e-07 5.25018198438045e-07 4.22936000936494e-07 3.0306646012545e-07 1.94037149848067e-07 1.09205446578375e-07 5.44705752854337e-08 2.39426359912712e-08 9.27415396420373e-09 0 0 0 0 0 0 0 0 0 0 0 0 0 0 0 0 0 0 0 0 0 0 0 0 0 0 0 0 0 0 0 0 0 0 0 0 0 0 0 0 0 0 0 0 0 0 0 0 0 0
1.25260455174377e-10 4.04716981419953e-10 1.15234151103157e-09 1.4812454887036e-08 4.84952765548768e-08 1.41049102592264e-07 3.68815275557842e-07 8.63859940231418e-07 1.80894124237286e-06 3.38510041554708e-06 5.66578947875084e-06 8.49781536223964e-06 1.14509059125139e-05 1.3904130185218e-05 1.52587677102224e-05 1.5173022368998e-05 1.37032210250932e-05 1.12807183966233e-05 8.56063800665644e-06 6.23420615836714e-06 4.87947226572721e-06 4.88817050122548e-06 6.41219026998321e-06 9.30425666837009e-06 1.30864752532648e-05 1.70796756892451e-05 2.06325202823368e-05 2.34719120550743e-05 2.56952792269626e-05 2.76290203869872e-05 2.9543297745449e-05 3.14955517800679e-05 3.33243441199882e-05 3.47103634950661e-05 3.52939535553037e-05 3.48818450713465e-05 3.36875180851699e-05 3.2291773900836e-05 3.13131055400261e-05 3.0815592729872e-05 3.02433912861503e-05 2.87373234749768e-05 2.5866613613673e-05 2.17937966910091e-05 1.72250685348598e-05 1.29066383403947e-05 9.31819196528026e-06 6.52491324321495e-06 4.43979402884268e-06 2.92801450842634e-06 1.85808577047546e-06 1.13755496554458e-06 6.79589241485277e-07 4.21346329761088e-07 2.72229305810431e-07 1.9829689418468e-07 1.56967080762831e-07 1.36703149441807e-07 1.22532632844768e-07 1.13960897200781e-07 1.1525827209231e-07 1.19044653989437e-07 1.19444483972192e-07 1.1136134149167e-07 9.37099706824758e-08 7.0048326045942e-08 4.68489233248814e-08 2.76117419167711e-08 1.43410296710698e-08 6.56385836318256e-09 2.6474660881501e-09 0 0 0 0 0 0 0 0 0 0 0 0 0 0 0 0 0 0 0 0 0 0 0 0 0 0 0 0 0 0 0 0 0 0 0 0 0 0 0 0 0 0 0 0 0 0 0 0 0 0
0 0 0 1.38463185340013e-08 4.9730109186456e-08 1.56787253463139e-07 4.3597030768039e-07 1.06953916887473e-06 2.31585838911664e-06 4.42841727251481e-06 7.48404266406399e-06 1.11896023125827e-05 1.48204925977514e-05 1.74193207662563e-05 1.82089605630113e-05 1.6975528300587e-05 1.41636055393069e-05 1.06290927512083e-05 7.24496017122323e-06 4.61672627152033e-06 3.0205456965386e-06 2.50264676200494e-06 2.98927136241203e-06 4.31967896296314e-06 6.21570398256059e-06 8.29885326978579e-06 1.0173989965931e-05 1.16357377035166e-05 1.27506386769441e-05 1.38527035124679e-05 1.53698364271175e-05 1.76170849455106e-05 2.06050607500394e-05 2.39179242918817e-05 2.67680462948207e-05 2.83220847558536e-05 2.81837892295658e-05 2.66609533415735e-05 2.45870580698868e-05 2.26583515235846e-05 2.10199044060836e-05 1.92541523173454e-05 1.69114598382469e-05 1.38607549596922e-05 1.04645100927032e-05 7.27124248650327e-06 4.71459587123149e-06 2.8956621416968e-06 1.72665846319611e-06 1.01306044617608e-06 5.84992537527429e-07 3.29713358848191e-07 1.73064403632277e-07 9.41759158332735e-08 4.60966224038719e-08 2.14773182546733e-08 8.19568301469704e-09 3.5726675107996e-09 1.37243690036182e-09 0 0 0 0 0 0 0 0 0 0 0 0 0 0 0 0 0 0 0 0 0 0 0 0 0 0 0 0 0 0 0 0 0 0 0 0 0 0 0 0 0 0 0 0 0 0 0 0 0 0 0 0 0 0 0 0 0 0 0 0 0 0
0 0 0 1.20704086971198e-08 4.49201315274647e-08 1.47199064822328e-07 4.25145045715317e-07 1.08234365628332e-06 2.42899934255901e-06 4.80591307159198e-06 8.38458857133653e-06 1.29015396262172e-05 1.75140363712429e-05 2.09842162377107e-05 2.22024422592312e-05 2.07601879885091e-05 1.71723976004959e-05 1.25859440197265e-05 8.19967878068065e-06 4.79607611241255e-06 2.61887338872166e-06 1.53861730177264e-06 1.2899976863204e-06 1.61704899914858e-06 2.29811480684886e-06 3.12674861626632e-06 3.93058160521492e-06 4.60216096327129e-06 5.20711243228733e-06 6.01301996031891e-06 7.42930638000076e-06 9.85682203211213e-06 1.34497738690958e-05 1.78695849762355e-05 2.22084554668622e-05 2.52620118938089e-05 2.61073720336735e-05 2.46236362247253e-05 2.15689818304761e-05 1.80464698451114e-05 1.4888021094105e-05 1.23083569687411e-05 1.0099517821458e-05 7.97528262726031e-06 5.884152643103e-06 3.9776374243872e-06 2.45407285884709e-06 1.37772295816126e-06 7.23920850815412e-07 3.59256471756263e-07 1.71100272939755e-07 7.84398894128159e-08 2.76593862910759e-08 1.2684062572681e-08 4.66260322422116e-09 1.47291301914152e-09 0 0 0 0 0 0 0 0 0 0 0 0 0 0 0 0 0 0 0 0 0 0 0 0 0 0 0 0 0 0 0 0 0 0 0 0 0 0 0 0 0 0 0 0 0 0 0 0 0 0 0 0 0 0 0 0 0 0 0 0 0 0 0 0 0
0 0 0 7.89730362371317e-09 3.05722928081052e-08 1.04279357245222e-07 3.13455990327802e-07 8.30363898214272e-07 1.9385718311515e-06 3.98866632220888e-06 7.2330371286158e-06 1.1560620155112e-05 1.62868367615278e-05 2.02267180079591e-05 2.2146203793003e-05 2.13810838767303e-05 1.82061530006239e-05 1.36780106590856e-05 9.07325415256297e-06 5.32603868980835e-06 2.79198294833039e-06 1.3619473048735e-06 7.24169741192953e-07 5.71709261481285e-07 6.8202685602114e-07 9.02578158976722e-07 1.17539010942071e-06 1.43915183076164e-06 1.75277708166019e-06 2.29786683117332e-06 3.3818222784536e-06 5.36384343398684e-06 8.47173197714606e-06 1.25500509121214e-05 1.68953371440895e-05 2.03821778520918e-05 2.19323319653928e-05 2.1080063361355e-05 1.8243319569523e-05 1.44438711018341e-05 1.07433583901099e-05 7.7595682060947e-06 5.58805526061938e-06 4.01157811331106e-06 2.79913997392563e-06 1.83420524024932e-06 1.10033970120853e-06 5.81895378264913e-07 2.81912463487962e-07 1.20358282961142e-07 4.52824616637276e-08 1.50133085668854e-08 0 0 0 0 0 0 0 0 0 0 0 0 0 0 0 0 0 0 0 0 0 0 0 0 0 0 0 0 0 0 0 0 0 0 0 0 0 0 0 0 0 0 0 0 0 0 0 0 0 0 0 0 0 0 0 0 0 0 0 0 0 0 0 0 0 0 0 0 0
0 0 0 3.87797405086131e-09 1.56290647277001e-08 5.55058598132441e-08 1.73716154159719e-07 4.79113366676204e-07 1.16448714639615e-06 2.49420223225628e-06 4.70795416322637e-06 7.8314207881037e-06 1.14805417796068e-05 1.48321986132058e-05 1.68881008448491e-05 1.69474000771928e-05 1.49897191274488e-05 1.16865101212081e-05 8.03233282997642e-06 4.86915650105257e-06 2.60793285220341e-06 1.24462141080682e-06 5.50972528437753e-07 2.65335330230978e-07 1.91270366284326e-07 1.98101421134395e-07 2.71496936668777e-07 3.59858771915336e-07 5.01707809060442e-07 7.97912223587885e-07 1.42956501981083e-06 2.63569211904147e-06 4.61563418793669e-06 7.35902877952494e-06 1.04891769443784e-05 1.32694224123125e-05 1.48633262237484e-05 1.47452563087704e-05 1.29956379191602e-05 1.02431672733349e-05 7.31561793738577e-06 4.84064653824775e-06 3.06426267917238e-06 1.91492395780213e-06 1.19701091424023e-06 7.3666269762485e-07 4.3270857527407e-07 2.22786379269525e-07 1.12389792726531e-07 4.99640280001588e-08 1.95740346947542e-08 6.75764856579054e-09 0 0 0 0 0 0 0 0 0 0 0 0 0 0 0 0 0 0 0 0 0 0 0 0 0 0 0 0 0 0 0 0 0 0 0 0 0 0 0 0 0 0 0 0 0 0 0 0 0 0 0 0 0 0 0 0 0 0 0 0 0 0 0 0 0 0 0 0 0
0 0 0 1.42922355476394e-09 5.9975508575042e-09 2.2178902487354e-08 7.22767309789062e-08 2.07562689514203e-07 5.25281874657586e-07 1.17146111958736e-06 2.30226695888679e-06 3.98727160830195e-06 6.08538833655206e-06 8.18451809380681e-06 9.70041423706056e-06 1.01316418430319e-05 9.32528152974932e-06 7.56375799057145e-06 5.40644565346577e-06 3.40572974658998e-06 1.89131388090756e-06 9.27345418458521e-07 4.0461050134537e-07 1.63173450233482e-07 7.08700620893792e-08 3.18525943327038e-08 4.61836917024157e-08 6.79229008060779e-08 1.14286467881715e-07 2.28674649491678e-07 4.93860993475585e-07 1.03054430058264e-06 1.96030509648695e-06 3.32396740737076e-06 4.98616097159293e-06 6.60121451471056e-06 7.70923806636887e-06 7.94480086649424e-06 7.23446614651618e-06 5.83576749518555e-06 4.19224036666837e-06 2.70912762948671e-06 1.60343960044946e-06 8.93834345583991e-07 4.85344703207652e-07 2.62906303960491e-07 1.41710072803664e-07 6.4017920986176e-08 3.36285906725503e-08 1.5567114000448e-08 6.35038246770226e-09 2.28288480371013e-09 0 0 0 0 0 0 0 0 0 0 0 0 0 0 0 0 0 0 0 0 0 0 0 0 0 0 0 0 0 0 0 0 0 0 0 0 0 0 0 0 0 0 0 0 0 0 0 0 0 0 0 0 0 0 0 0 0 0 0 0 0 0 0 0 0 0 0 0 0
0 0 0 3.95334426002317e-10 1.72745711625931e-09 6.65184702567237e-09 2.25719754443966e-08 6.74977386542204e-08 1.77869389720152e-07 4.13052775513442e-07 8.45283151296444e-07 1.52437289528311e-06 2.4225489519682e-06 3.39270612554065e-06 4.18708967426149e-06 4.55376504828985e-06 4.36436751463145e-06 3.68607652809735e-06 2.74346685998438e-06 1.79939880315194e-06 1.04003384876899e-06 5.29736452225995e-07 2.37774118983761e-07 9.40506154012594e-08 3.27831771088345e-08 3.40953362750149e-10 1.46651014992237e-09 5.55862665995865e-09 1.85670230609351e-08 5.4652711826452e-08 1.41766499727537e-07 3.24063738830492e-07 6.52807147901066e-07 1.15889099353586e-06 1.81307160702984e-06 2.49991661657909e-06 3.03824313567709e-06 3.25540366209359e-06 3.07662730895338e-06 2.56711700196267e-06 1.89476191953675e-06 1.24187656065045e-06 7.28261719759061e-07 3.87471208544104e-07 1.91458806007796e-07 9.07415159412971e-08 4.25424973575968e-08 1.38065032659697e-08 7.55195975493361e-09 3.64022285249708e-09 1.54628169419942e-09 5.78817422695591e-10 0 0 0 0 0 0 0 0 0 0 0 0 0 0 0 0 0 0 0 0 0 0 0 0 0 0 0 0 0 0 0 0 0 0 0 0 0 0 0 0 0 0 0 0 0 0 0 0 0 0 0 0 0 0 0 0 0 0 0 0 0 0 0 0 0 0 0 0 0
0 0 0 8.20726218410031e-11 3.7343052363282e-10 1.49731666338512e-09 5.29065984216508e-09 1.64739733799177e-08 4.52042447611624e-08 1.09308117148957e-07 2.32925988517848e-07 4.37397019024744e-07 7.238124157278e-07 1.05552512595757e-06 1.35644897315455e-06 1.53613959795158e-06 1.53302855909503e-06 1.34822428153993e-06 1.04487991583211e-06 7.13613333982074e-07 4.29488825773189e-07 2.27789194943713e-07 1.06464963188258e-07 4.38503066448035e-08 1.59158889066463e-08 6.47320827733233e-11 2.89920244196601e-10 1.144273501031e-09 3.97991207374948e-09 1.21985848744679e-08 3.29486606103971e-08 7.84257021040344e-08 1.64502083862105e-07 3.04072209708931e-07 4.95306918630653e-07 7.10991480104145e-07 8.99387270773896e-07 1.00258548909023e-06 9.84891593191991e-07 8.52604821360689e-07 6.50428370094899e-07 4.37263780649865e-07 2.59047778875286e-07 1.35241063816184e-07 6.22199448158006e-08 2.52256870041792e-08 9.01257147345804e-09 0 0 0 0 0 0 0 0 0 0 0 0 0 0 0 0 0 0 0 0 0 0 0 0 0 0 0 0 0 0 0 0 0 0 0 0 0 0 0 0 0 0 0 0 0 0 0 0 0 0 0 0 0 0 0 0 0 0 0 0 0 0 0 0 0 0 0 0 0 0 0 0 0 0
0 0 0 1.27879574682016e-11 6.05872939105792e-11 2.52961405532272e-10 9.30720572888437e-10 3.01770442564541e-09 8.6223654038393e-09 2.17104330135462e-08 4.81729103930015e-08 9.4195384424614e-08 1.62311278417637e-07 2.46467756477789e-07 3.29810033159263e-07 3.8891970927846e-07 4.04155394160339e-07 3.70108572717819e-07 2.98677321248276e-07 2.12406444104483e-07 1.33114531272121e-07 7.3514936074019e-08 3.57781630153061e-08 1.53445031607018e-08 5.79935856589218e-09 9.22387452654892e-12 4.30171083739233e-11 1.76791499143065e-10 6.40285816278046e-10 2.04351919812052e-09 5.74745924981477e-09 1.42450972115214e-08 3.11133856261813e-08 5.98854702388362e-08 1.01575272098088e-07 1.51826249004369e-07 1.99985297594462e-07 2.32135527426916e-07 2.37452909030283e-07 2.14045308979449e-07 1.70030280767306e-07 1.19025267874499e-07 7.34250753808667e-08 3.99155366393166e-08 1.91219369453629e-08 8.07261292610257e-09 3.00323083350768e-09 0 0 0 0 0 0 0 0 0 0 0 0 0 0 0 0 0 0 0 0 0 0 0 0 0 0 0 0 0 0 0 0 0 0 0 0 0 0 0 0 0 0 0 0 0 0 0 0 0 0 0 0 0 0 0 0 0 0 0 0 0 0 0 0 0 0 0 0 0 0 0 0 0 0
0 0 0 1.49545470042882e-12 7.37772563382306e-12 3.20748088353644e-11 1.22884750149366e-10 4.1488166547824e-10 1.23436282233228e-09 3.23633716547525e-09 7.47751041076398e-09 1.52248362400536e-08 2.73174760863211e-08 4.31937441036786e-08 6.01857211150723e-08 7.39023797858465e-08 7.99679046907196e-08 7.62544772018428e-08 6.40777593236067e-08 4.74505907620789e-08 3.0964799237519e-08 1.78068561885431e-08 9.0239893039208e-09 4.02997387144727e-09 1.58598190058269e-09 9.86452994454379e-13 4.79041444826914e-12 2.05003898263039e-11 7.731139119594e-11 2.56931406962414e-10 7.52459690803732e-10 1.94196600155656e-09 4.41664347226119e-09 8.85187762335621e-09 1.5634024834303e-08 2.43331611146327e-08 3.33747947683756e-08 4.03395467078623e-08 4.29670722049922e-08 4.03304295392239e-08 3.33597103526432e-08 2.43166661798923e-08 1.56198957984422e-08 8.84187904926132e-09 4.41065760359366e-09 1.93889574843187e-09 7.511002550835e-10 0 0 0 0 0 0 0 0 0 0 0 0 0 0 0 0 0 0 0 0 0 0 0 0 0 0 0 0 0 0 0 0 0 0 0 0 0 0 0 0 0 0 0 0 0 0 0 0 0 0 0 0 0 0 0 0 0 0 0 0 0 0 0 0 0 0 0 0 0 0 0 0 0 0
0 0 0 0 0 0 0 0 0 0 0 0 0 0 0 0 0 0 0 0 0 0 0 0 0 0 0 0 0 0 0 0 0 0 0 0 0 0 0 0 0 0 0 0 0 0 0 0 0 0 0 0 0 0 0 0 0 0 0 0 0 0 0 0 0 0 0 0 0 0 0 0 0 0 0 0 0 0 0 0 0 0 0 0 0 0 0 0 0 0 0 0 0 0 0 0 0 0 0 0 0 0 0 0 0 0 0 0 0 0 0 0 0 0 0 0 0 0 0 0 0
0 0 0 0 0 0 0 0 0 0 0 0 0 0 0 0 0 0 0 0 0 0 0 0 0 0 0 0 0 0 0 0 0 0 0 0 0 0 0 0 0 0 0 0 0 0 0 0 0 0 0 0 0 0 0 0 0 0 0 0 0 0 0 0 0 0 0 0 0 0 0 0 0 0 0 0 0 0 0 0 0 0 0 0 0 0 0 0 0 0 0 0 0 0 0 0 0 0 0 0 0 0 0 0 0 0 0 0 0 0 0 0 0 0 0 0 0 0 0 0 0
0 0 0 0 0 0 0 0 0 0 0 0 0 0 0 0 0 0 0 0 0 0 0 0 0 0 0 0 0 0 0 0 0 0 0 0 0 0 0 0 0 0 0 0 0 0 0 0 0 0 0 0 0 0 0 0 0 0 0 0 0 0 0 0 0 0 0 0 0 0 0 0 0 0 0 0 0 0 0 0 0 0 0 0 0 0 0 0 0 0 0 0 0 0 0 0 0 0 0 0 0 0 0 0 0 0 0 0 0 0 0 0 0 0 0 0 0 0 0 0 0
0 0 0 0 0 0 0 0 0 0 0 0 0 0 0 0 0 0 0 0 0 0 0 0 0 0 0 0 0 0 0 0 0 0 0 0 0 0 0 0 0 0 0 0 0 0 0 0 0 0 0 0 0 0 0 0 0 0 0 0 0 0 0 0 0 0 0 0 0 0 0 0 0 0 0 0 0 0 0 0 0 0 0 0 0 0 0 0 0 0 0 0 0 0 0 0 0 0 0 0 0 0 0 0 0 0 0 0 0 0 0 0 0 0 0 0 0 0 0 0 0
0 0 0 0 0 0 0 0 0 0 0 0 0 0 0 0 0 0 0 0 0 0 0 0 0 0 0 0 0 0 0 0 0 0 0 0 0 0 0 0 0 0 0 0 0 0 0 0 0 0 0 0 0 0 0 0 0 0 0 0 0 0 0 0 0 0 0 0 0 0 0 0 0 0 0 0 0 0 0 0 0 0 0 0 0 0 0 0 0 0 0 0 0 0 0 0 0 0 0 0 0 0 0 0 0 0 0 0 0 0 0 0 0 0 0 0 0 0 0 0 0
0 0 0 0 0 0 0 0 0 0 0 0 0 0 0 0 0 0 0 0 0 0 0 0 0 0 0 0 0 0 0 0 0 0 0 0 0 0 0 0 0 0 0 0 0 0 0 0 0 0 0 0 0 0 0 0 0 0 0 0 0 0 0 0 0 0 0 0 0 0 0 0 0 0 0 0 0 0 0 0 0 0 0 0 0 0 0 0 0 0 0 0 0 0 0 0 0 0 0 0 0 0 0 0 0 0 0 0 0 0 0 0 0 0 0 0 0 0 0 0 0
0 0 0 0 0 0 0 0 0 0 0 0 0 0 0 0 0 0 0 0 0 0 0 0 0 0 0 0 0 0 0 0 0 0 0 0 0 0 0 0 0 0 0 0 0 0 0 0 0 0 0 0 0 0 0 0 0 0 0 0 0 0 0 0 0 0 0 0 0 0 0 0 0 0 0 0 0 0 0 0 0 0 0 0 0 0 0 0 0 0 0 0 0 0 0 0 0 0 0 0 0 0 0 0 0 0 0 0 0 0 0 0 0 0 0 0 0 0 0 0 0
0 0 0 0 0 0 0 0 0 0 0 0 0 0 0 0 0 0 0 0 0 0 0 0 0 0 0 0 0 0 0 0 0 0 0 0 0 0 0 0 0 0 0 0 0 0 0 0 0 0 0 0 0 0 0 0 0 0 0 0 0 0 0 0 0 0 0 0 0 0 0 0 0 0 0 0 0 0 0 0 0 0 0 0 0 0 0 0 0 0 0 0 0 0 0 0 0 0 0 0 0 0 0 0 0 0 0 0 0 0 0 0 0 0 0 0 0 0 0 0 0
0 0 0 0 0 0 0 0 0 0 0 0 0 0 0 0 0 0 0 0 0 0 0 0 0 0 0 0 0 0 0 0 0 0 0 0 0 0 0 0 0 0 0 0 0 0 0 0 0 0 0 0 0 0 0 0 0 0 0 0 0 0 0 0 0 0 0 0 0 0 0 0 0 0 0 0 0 0 0 0 0 0 0 0 0 0 0 0 0 0 0 0 0 0 0 0 0 0 0 0 0 0 0 0 0 0 0 0 0 0 0 0 0 0 0 0 0 0 0 0 0
0 0 0 0 0 0 0 0 0 0 0 0 0 0 0 0 0 0 0 0 0 0 0 0 0 0 0 0 0 0 0 0 0 0 0 0 0 0 0 0 0 0 0 0 0 0 0 0 0 0 0 0 0 0 0 0 0 0 0 0 0 0 0 0 0 0 0 0 0 0 0 0 0 0 0 0 0 0 0 0 0 0 0 0 0 0 0 0 0 0 0 0 0 0 0 0 0 0 0 0 0 0 0 0 0 0 0 0 0 0 0 0 0 0 0 0 0 0 0 0 0
0 0 0 0 0 0 0 0 0 0 0 0 0 0 0 0 0 0 0 0 0 0 0 0 0 0 0 0 0 0 0 0 0 0 0 0 0 0 0 0 0 0 0 0 0 0 0 0 0 0 0 0 0 0 0 0 0 0 0 0 0 0 0 0 0 0 0 0 0 0 0 0 0 0 0 0 0 0 0 0 0 0 0 0 0 0 0 0 0 0 0 0 0 0 0 0 0 0 0 0 0 0 0 0 0 0 0 0 0 0 0 0 0 0 0 0 0 0 0 0 0
0 0 0 0 0 0 0 0 0 0 0 0 0 0 0 0 0 0 0 0 0 0 0 0 0 0 0 0 0 0 0 0 0 0 0 0 0 0 0 0 0 0 0 0 0 0 0 0 0 0 0 0 0 0 0 0 0 0 0 0 0 0 0 0 0 0 0 0 0 0 0 0 0 0 0 0 0 0 0 0 0 0 0 0 0 0 0 0 0 0 0 0 0 0 0 0 0 0 0 0 0 0 0 0 0 0 0 0 0 0 0 0 0 0 0 0 0 0 0 0 0
0 0 0 0 0 0 0 0 0 0 0 0 0 0 0 0 0 0 0 0 0 0 0 0 0 0 0 0 0 0 0 0 0 0 0 0 0 0 0 0 0 0 0 0 0 0 0 0 0 0 0 0 0 0 0 0 0 0 0 0 0 0 0 0 0 0 0 0 0 0 0 0 0 0 0 0 0 0 0 0 0 0 0 0 0 0 0 0 0 0 0 0 0 0 0 0 0 0 0 0 0 0 0 0 0 0 0 0 0 0 0 0 0 0 0 0 0 0 0 0 0
0 0 0 0 0 0 0 0 0 0 0 0 0 0 0 0 0 0 0 0 0 0 0 0 0 0 0 0 0 0 0 0 0 0 0 0 0 0 0 0 0 0 0 0 0 0 0 0 0 0 0 0 0 0 0 0 0 0 0 0 0 0 0 0 0 0 0 0 0 0 0 0 0 0 0 0 0 0 0 0 0 0 0 0 0 0 0 0 0 0 0 0 0 0 0 0 0 0 0 0 0 0 0 0 0 0 0 0 0 0 0 0 0 0 0 0 0 0 0 0 0
0 0 0 0 0 0 0 0 0 0 0 0 0 0 0 0 0 0 0 0 0 0 0 0 0 0 0 0 0 0 0 0 0 0 0 0 0 0 0 0 0 0 0 0 0 0 0 0 0 0 0 0 0 0 0 0 0 0 0 0 0 0 0 0 0 0 0 0 0 0 0 0 0 0 0 0 0 0 0 0 0 0 0 0 0 0 0 0 0 0 0 0 0 0 0 0 0 0 0 0 0 0 0 0 0 0 0 0 0 0 0 0 0 0 0 0 0 0 0 0 0
0 0 0 0 0 0 0 0 0 0 0 0 0 0 0 0 0 0 0 0 0 0 0 0 0 0 0 0 0 0 0 0 0 0 0 0 0 0 0 0 0 0 0 0 0 0 0 0 0 0 0 0 0 0 0 0 0 0 0 0 0 0 0 0 0 0 0 0 0 0 0 0 0 0 0 0 0 0 0 0 0 0 0 0 0 0 0 0 0 0 0 0 0 0 0 0 0 0 0 0 0 0 0 0 0 0 0 0 0 0 0 0 0 0 0 0 0 0 0 0 0
0 0 0 0 0 0 0 0 0 0 0 0 0 0 0 0 0 0 0 0 0 0 0 0 0 0 0 0 0 0 0 0 0 0 0 0 0 0 0 0 0 0 0 0 0 0 0 0 0 0 0 0 0 0 0 0 0 0 0 0 0 0 0 0 0 0 0 0 0 0 0 0 0 0 0 0 0 0 0 0 0 0 0 0 0 0 0 0 0 0 0 0 0 0 0 0 0 0 0 0 0 0 0 0 0 0 0 0 0 0 0 0 0 0 0 0 0 0 0 0 0
0 0 0 0 0 0 0 0 0 0 0 0 0 0 0 0 0 0 0 0 0 0 0 0 0 0 0 0 0 0 0 0 0 0 0 0 0 0 0 0 0 0 0 0 0 0 0 0 0 0 0 0 0 0 0 0 0 0 0 0 0 0 0 0 0 0 0 0 0 0 0 0 0 0 0 0 0 0 0 0 0 0 0 0 0 0 0 0 0 0 0 0 0 0 0 0 0 0 0 0 0 0 0 0 0 0 0 0 0 0 0 0 0 0 0 0 0 0 0 0 0
0 0 0 0 0 0 0 0 0 0 0 0 0 0 0 0 0 0 0 0 0 0 0 0 0 0 0 0 0 0 0 0 0 0 0 0 0 0 0 0 0 0 0 0 0 0 0 0 0 0 0 0 0 0 0 0 0 0 0 0 0 0 0 0 0 0 0 0 0 0 0 0 0 0 0 0 0 0 0 0 0 0 0 0 0 0 0 0 0 0 0 0 0 0 0 0 0 0 0 0 0 0 0 0 0 0 0 0 0 0 0 0 0 0 0 0 0 0 0 0 0
0 0 0 0 0 0 0 0 0 0 0 0 0 0 0 0 0 0 0 0 0 0 0 0 0 0 0 0 0 0 0 0 0 0 0 0 0 0 0 0 0 0 0 0 0 0 0 0 0 0 0 0 0 0 0 0 0 0 0 0 0 0 0 0 0 0 0 0 0 0 0 0 0 0 0 0 0 0 0 0 0 0 0 0 0 0 0 0 0 0 0 0 0 0 0 0 0 0 0 0 0 0 0 0 0 0 0 0 0 0 0 0 0 0 0 0 0 0 0 0 0
0 0 0 0 0 0 0 0 0 0 0 0 0 0 0 0 0 0 0 0 0 0 0 0 0 0 0 0 0 0 0 0 0 0 0 0 0 0 0 0 0 0 0 0 0 0 0 0 0 0 0 0 0 0 0 0 0 0 0 0 0 0 0 0 0 0 0 0 0 0 0 0 0 0 0 0 0 0 0 0 0 0 0 0 0 0 0 0 0 0 0 0 0 0 0 0 0 0 0 0 0 0 0 0 0 0 0 0 0 0 0 0 0 0 0 0 0 0 0 0 0
0 0 0 0 0 0 0 0 0 0 0 0 0 0 0 0 0 0 0 0 0 0 0 0 0 0 0 0 0 0 0 0 0 0 0 0 0 0 0 0 0 0 0 0 0 0 0 0 0 0 0 0 0 0 0 0 0 0 0 0 0 0 0 0 0 0 0 0 0 0 0 0 0 0 0 0 0 0 0 0 0 0 0 0 0 0 0 0 0 0 0 0 0 0 0 0 0 0 0 0 0 0 0 0 0 0 0 0 0 0 0 0 0 0 0 0 0 0 0 0 0
0 0 0 0 0 0 0 0 0 0 0 0 0 0 0 0 0 0 0 0 0 0 0 0 0 0 0 0 0 0 0 0 0 0 0 0 0 0 0 0 0 0 0 0 0 0 0 0 0 0 0 0 0 0 0 0 0 0 0 0 0 0 0 0 0 0 0 0 0 0 0 0 0 0 0 0 0 0 0 0 0 0 0 0 0 0 0 0 0 0 0 0 0 0 0 0 0 0 0 0 0 0 0 0 0 0 0 0 0 0 0 0 0 0 0 0 0 0 0 0 0
0 0 0 0 0 0 0 0 0 0 0 0 0 0 0 0 0 0 0 0 0 0 0 0 0 0 0 0 0 0 0 0 0 0 0 0 0 0 0 0 0 0 0 0 0 0 0 0 0 0 0 0 0 0 0 0 0 0 0 0 0 0 0 0 0 0 0 0 0 0 0 0 0 0 0 0 0 0 0 0 0 0 0 0 0 0 0 0 0 0 0 0 0 0 0 0 0 0 0 0 0 0 0 0 0 0 0 0 0 0 0 0 0 0 0 0 0 0 0 0 0
0 0 0 0 0 0 0 0 0 0 0 0 0 0 0 0 0 0 0 0 0 0 0 0 0 0 0 0 0 0 0 0 0 0 0 0 0 0 0 0 0 0 0 0 0 0 0 0 0 0 0 0 0 0 0 0 0 0 0 0 0 0 0 0 0 0 0 0 0 0 0 0 0 0 0 0 0 0 0 0 0 0 0 0 0 0 0 0 0 0 0 0 0 0 0 0 0 0 0 0 0 0 0 0 0 0 0 0 0 0 0 0 0 0 0 0 0 0 0 0 0
0 0 0 0 0 0 0 0 0 0 0 0 0 0 0 0 0 0 0 0 0 0 0 0 0 0 0 0 0 0 0 0 0 0 0 0 0 0 0 0 0 0 0 0 0 0 0 0 0 0 0 0 0 0 0 0 0 0 0 0 0 0 0 0 0 0 0 0 0 0 0 0 0 0 0 0 0 0 0 0 0 0 0 0 0 0 0 0 0 0 0 0 0 0 0 0 0 0 0 0 0 0 0 0 0 0 0 0 0 0 0 0 0 0 0 0 0 0 0 0 0
0 0 0 0 0 0 0 0 0 0 0 0 0 0 0 0 0 0 0 0 0 0 0 0 0 0 0 0 0 0 0 0 0 0 0 0 0 0 0 0 0 0 0 0 0 0 0 0 0 0 0 0 0 0 0 0 0 0 0 0 0 0 0 0 0 0 0 0 0 0 0 0 0 0 0 0 0 0 0 0 0 0 0 0 0 0 0 0 0 0 0 0 0 0 0 0 0 0 0 0 0 0 0 0 0 0 0 0 0 0 0 0 0 0 0 0 0 0 0 0 0
0 0 0 0 0 0 0 0 0 0 0 0 0 0 0 0 0 0 0 0 0 0 0 0 0 0 0 0 0 0 0 0 0 0 0 0 0 0 0 0 0 0 0 0 0 0 0 0 0 0 0 0 0 0 0 0 0 0 0 0 0 0 0 0 0 0 0 0 0 0 0 0 0 0 0 0 0 0 0 0 0 0 0 0 0 0 0 0 0 0 0 0 0 0 0 0 0 0 0 0 0 0 0 0 0 0 0 0 0 0 0 0 0 0 0 0 0 0 0 0 0
0 0 0 0 0 0 0 0 0 0 0 0 0 0 0 0 0 0 0 0 0 0 0 0 0 0 0 0 0 0 0 0 0 0 0 0 0 0 0 0 0 0 0 0 0 0 0 0 0 0 0 0 0 0 0 0 0 0 0 0 0 0 0 0 0 0 0 0 0 0 0 0 0 0 0 0 0 0 0 0 0 0 0 0 0 0 0 0 0 0 0 0 0 0 0 0 0 0 0 0 0 0 0 0 0 0 0 0 0 0 0 0 0 0 0 0 0 0 0 0 0
0 0 0 0 0 0 0 0 0 0 0 0 0 0 0 0 0 0 0 0 0 0 0 0 0 0 0 0 0 0 0 0 0 0 0 0 0 0 0 0 0 0 0 0 0 0 0 0 0 0 0 0 0 0 0 0 0 0 0 0 0 0 0 0 0 0 0 0 0 0 0 0 0 0 0 0 0 0 0 0 0 0 0 0 0 0 0 0 0 0 0 0 0 0 0 0 0 0 0 0 0 0 0 0 0 0 0 0 0 0 0 0 0 0 0 0 0 0 0 0 0
0 0 0 0 0 0 0 0 0 0 0 0 0 0 0 0 0 0 0 0 0 0 0 0 0 0 0 0 0 0 0 0 0 0 0 0 0 0 0 0 0 0 0 0 0 0 0 0 0 0 0 0 0 0 0 0 0 0 0 0 0 0 0 0 0 0 0 0 0 0 0 0 0 0 0 0 0 0 0 0 0 0 0 0 0 0 0 0 0 0 0 0 0 0 0 0 0 0 0 0 0 0 0 0 0 0 0 0 0 0 0 0 0 0 0 0 0 0 0 0 0
0 0 0 0 0 0 0 0 0 0 0 0 0 0 0 0 0 0 0 0 0 0 0 0 0 0 0 0 0 0 0 0 0 0 0 0 0 0 0 0 0 0 0 0 0 0 0 0 0 0 0 0 0 0 0 0 0 0 0 0 0 0 0 0 0 0 0 0 0 0 0 0 0 0 0 0 0 0 0 0 0 0 0 0 0 0 0 0 0 0 0 0 0 0 0 0 0 0 0 0 0 0 0 0 0 0 0 0 0 0 0 0 0 0 0 0 0 0 0 0 0
0 0 0 0 0 0 0 0 0 0 0 0 0 0 0 0 0 0 0 0 0 0 0 0 0 0 0 0 0 0 0 0 0 0 0 0 0 0 0 0 0 0 0 0 0 0 0 0 0 0 0 0 0 0 0 0 0 0 0 0 0 0 0 0 0 0 0 0 0 0 0 0 0 0 0 0 0 0 0 0 0 0 0 0 0 0 0 0 0 0 0 0 0 0 0 0 0 0 0 0 0 0 0 0 0 0 0 0 0 0 0 0 0 0 0 0 0 0 0 0 0
0 0 0 0 0 0 0 0 0 0 0 0 0 0 0 0 0 0 0 0 0 0 0 0 0 0 0 0 0 0 0 0 0 0 0 0 0 0 0 0 0 0 0 0 0 0 0 0 0 0 0 0 0 0 0 0 0 0 0 0 0 0 0 0 0 0 0 0 0 0 0 0 0 0 0 0 0 0 0 0 0 0 0 0 0 0 0 0 0 0 0 0 0 0 0 0 0 0 0 0 0 0 0 0 0 0 0 0 0 0 0 0 0 0 0 0 0 0 0 0 0
0 0 0 0 0 0 0 0 0 0 0 0 0 0 0 0 0 0 0 0 0 0 0 0 0 0 0 0 0 0 0 0 0 0 0 0 0 0 0 0 0 0 0 0 0 0 0 0 0 0 0 0 0 0 0 0 0 0 0 0 0 0 0 0 0 0 0 0 0 0 0 0 0 0 0 0 0 0 0 0 0 0 0 0 0 0 0 0 0 0 0 0 0 0 0 0 0 0 0 0 0 0 0 0 0 0 0 0 0 0 0 0 0 0 0 0 0 0 0 0 0
0 0 0 0 0 0 0 0 0 0 0 0 0 0 0 0 0 0 0 0 0 0 0 0 0 0 0 0 0 0 0 0 0 0 0 0 0 0 0 0 0 0 0 0 0 0 0 0 0 0 0 0 0 0 0 0 0 0 0 0 0 0 0 0 0 0 0 0 0 0 0 0 0 0 0 0 0 0 0 0 0 0 0 0 0 0 0 0 0 0 0 0 0 0 0 0 0 0 0 0 0 0 0 0 0 0 0 0 0 0 0 0 0 0 0 0 0 0 0 0 0
0 0 0 0 0 0 0 0 0 0 0 0 0 0 0 0 0 0 0 0 0 0 0 0 0 0 0 0 0 0 0 0 0 0 0 0 0 0 0 0 0 0 0 0 0 0 0 0 0 0 0 0 0 0 0 0 0 0 0 0 0 0 0 0 0 0 0 0 0 0 0 0 0 0 0 0 0 0 0 0 0 0 0 0 0 0 0 0 0 0 0 0 0 0 0 0 0 0 0 0 0 0 0 0 0 0 0 0 0 0 0 0 0 0 0 0 0 0 0 0 0
0 0 0 0 0 0 0 0 0 0 0 0 0 0 0 0 0 0 0 0 0 0 0 0 0 0 0 0 0 0 0 0 0 0 0 0 0 0 0 0 0 0 0 0 0 0 0 0 0 0 0 0 0 0 0 0 0 0 0 0 0 0 0 0 0 0 0 0 0 0 0 0 0 0 0 0 0 0 0 0 0 0 0 0 0 0 0 0 0 0 0 0 0 0 0 0 0 0 0 0 0 0 0 0 0 0 0 0 0 0 0 0 0 0 0 0 0 0 0 0 0
0 0 0 0 0 0 0 0 0 0 0 0 0 0 0 0 0 0 0 0 0 0 0 0 0 0 0 0 0 0 0 0 0 0 0 0 0 0 0 0 0 0 0 0 0 0 0 0 0 0 0 0 0 0 0 0 0 0 0 0 0 0 0 0 0 0 0 0 0 0 0 0 0 0 0 0 0 0 0 0 0 0 0 0 0 0 0 0 0 0 0 0 0 0 0 0 0 0 0 0 0 0 0 0 0 0 0 0 0 0 0 0 0 0 0 0 0 0 0 0 0
0 0 0 0 0 0 0 0 0 0 0 0 0 0 0 0 0 0 0 0 0 0 0 0 0 0 0 0 0 0 0 0 0 0 0 0 0 0 0 0 0 0 0 0 0 0 0 0 0 0 0 0 0 0 0 0 0 0 0 0 0 0 0 0 0 0 0 0 0 0 0 0 0 0 0 0 0 0 0 0 0 0 0 0 0 0 0 0 0 0 0 0 0 0 0 0 0 0 0 0 0 0 0 0 0 0 0 0 0 0 0 0 0 0 0 0 0 0 0 0 0
0 0 0 0 0 0 0 0 0 0 0 0 0 0 0 0 0 0 0 0 0 0 0 0 0 0 0 0 0 0 0 0 0 0 0 0 0 0 0 0 0 0 0 0 0 0 0 0 0 0 0 0 0 0 0 0 0 0 0 0 0 0 0 0 0 0 0 0 0 0 0 0 0 0 0 0 0 0 0 0 0 0 0 0 0 0 0 0 0 0 0 0 0 0 0 0 0 0 0 0 0 0 0 0 0 0 0 0 0 0 0 0 0 0 0 0 0 0 0 0 0
0 0 0 0 0 0 0 0 0 0 0 0 0 0 0 0 0 0 0 0 0 0 0 0 0 0 0 0 0 0 0 0 0 0 0 0 0 0 0 0 0 0 0 0 0 0 0 0 0 0 0 0 0 0 0 0 0 0 0 0 0 0 0 0 0 0 0 0 0 0 0 0 0 0 0 0 0 0 0 0 0 0 0 0 0 0 0 0 0 0 0 0 0 0 0 0 0 0 0 0 0 0 0 0 0 0 0 0 0 0 0 0 0 0 0 0 0 0 0 0 0
0 0 0 0 0 0 0 0 0 0 0 0 0 0 0 0 0 0 0 0 0 0 0 0 0 0 0 0 0 0 0 0 0 0 0 0 0 0 0 0 0 0 0 0 0 0 0 0 0 0 0 0 0 0 0 0 0 0 0 0 0 0 0 0 0 0 0 0 0 0 0 0 0 0 0 0 0 0 0 0 0 0 0 0 0 0 0 0 0 0 0 0 0 0 0 0 0 0 0 0 0 0 0 0 0 0 0 0 0 0 0 0 0 0 0 0 0 0 0 0 0
0 0 0 0 0 0 0 0 0 0 0 0 0 0 0 0 0 0 0 0 0 0 0 0 0 0 0 0 0 0 0 0 0 0 0 0 0 0 0 0 0 0 0 0 0 0 0 0 0 0 0 0 0 0 0 0 0 0 0 0 0 0 0 0 0 0 0 0 0 0 0 0 0 0 0 0 0 0 0 0 0 0 0 0 0 0 0 0 0 0 0 0 0 0 0 0 0 0 0 0 0 0 0 0 0 0 0 0 0 0 0 0 0 0 0 0 0 0 0 0 0
0 0 0 0 0 0 0 0 0 0 0 0 0 0 0 0 0 0 0 0 0 0 0 0 0 0 0 0 0 0 0 0 0 0 0 0 0 0 0 0 0 0 0 0 0 0 0 0 0 0 0 0 0 0 0 0 0 0 0 0 0 0 0 0 0 0 0 0 0 0 0 0 0 0 0 0 0 0 0 0 0 0 0 0 0 0 0 0 0 0 0 0 0 0 0 0 0 0 0 0 0 0 0 0 0 0 0 0 0 0 0 0 0 0 0 0 0 0 0 0 0
0 0 0 0 0 0 0 0 0 0 0 0 0 0 0 0 0 0 0 0 0 0 0 0 0 0 0 0 0 0 0 0 0 0 0 0 0 0 0 0 0 0 0 0 0 0 0 0 0 0 0 0 0 0 0 0 0 0 0 0 0 0 0 0 0 0 0 0 0 0 0 0 0 0 0 0 0 0 0 0 0 0 0 0 0 0 0 0 0 0 0 0 0 0 0 0 0 0 0 0 0 0 0 0 0 0 0 0 0 0 0 0 0 0 0 0 0 0 0 0 0
0 0 0 0 0 0 0 0 0 0 0 0 0 0 0 0 0 0 0 0 0 0 0 0 0 0 0 0 0 0 0 0 0 0 0 0 0 0 0 0 0 0 0 0 0 0 0 0 0 0 0 0 0 0 0 0 0 0 0 0 0 0 0 0 0 0 0 0 0 0 0 0 0 0 0 0 0 0 0 0 0 0 0 0 0 0 0 0 0 0 0 0 0 0 0 0 0 0 0 0 0 0 0 0 0 0 0 0 0 0 0 0 0 0 0 0 0 0 0 0 0
0 0 0 0 0 0 0 0 0 0 0 0 0 0 0 0 0 0 0 0 0 0 0 0 0 0 0 0 0 0 0 0 0 0 0 0 0 0 0 0 0 0 0 0 0 0 0 0 0 0 0 0 0 0 0 0 0 0 0 0 0 0 0 0 0 0 0 0 0 0 0 0 0 0 0 0 0 0 0 0 0 0 0 0 0 0 0 0 0 0 0 0 0 0 0 0 0 0 0 0 0 0 0 0 0 0 0 0 0 0 0 0 0 0 0 0 0 0 0 0 0
0 0 0 0 0 0 0 0 0 0 0 0 0 0 0 0 0 0 0 0 0 0 0 0 0 0 0 0 0 0 0 0 0 0 0 0 0 0 0 0 0 0 0 0 0 0 0 0 0 0 0 0 0 0 0 0 0 0 0 0 0 0 0 0 0 0 0 0 0 0 0 0 0 0 0 0 0 0 0 0 0 0 0 0 0 0 0 0 0 0 0 0 0 0 0 0 0 0 0 0 0 0 0 0 0 0 0 0 0 0 0 0 0 0 0 0 0 0 0 0 0
0 0 0 0 0 0 0 0 0 0 0 0 0 0 0 0 0 0 0 0 0 0 0 0 0 0 0 0 0 0 0 0 0 0 0 0 0 0 0 0 0 0 0 0 0 0 0 0 0 0 0 0 0 0 0 0 0 0 0 0 0 0 0 0 0 0 0 0 0 0 0 0 0 0 0 0 0 0 0 0 0 0 0 0 0 0 0 0 0 0 0 0 0 0 0 0 0 0 0 0 0 0 0 0 0 0 0 0 0 0 0 0 0 0 0 0 0 0 0 0 0
0 0 0 0 0 0 0 0 0 0 0 0 0 0 0 0 0 0 0 0 0 0 0 0 0 0 0 0 0 0 0 0 0 0 0 0 0 0 0 0 0 0 0 0 0 0 0 0 0 0 0 0 0 0 0 0 0 0 0 0 0 0 0 0 0 0 0 0 0 0 0 0 0 0 0 0 0 0 0 0 0 0 0 0 0 0 0 0 0 0 0 0 0 0 0 0 0 0 0 0 0 0 0 0 0 0 0 0 0 0 0 0 0 0 0 0 0 0 0 0 0
0 0 0 0 0 0 0 0 0 0 0 0 0 0 0 0 0 0 0 0 0 0 0 0 0 0 0 0 0 0 0 0 0 0 0 0 0 0 0 0 0 0 0 0 0 0 0 0 0 0 0 0 0 0 0 0 0 0 0 0 0 0 0 0 0 0 0 0 0 0 0 0 0 0 0 0 0 0 0 0 0 0 0 0 0 0 0 0 0 0 0 0 0 0 0 0 0 0 0 0 0 0 0 0 0 0 0 0 0 0 0 0 0 0 0 0 0 0 0 0 0
