0 0 0 0 0 0 0 0 0 0 0 0 0 0 0 0 0 0 0 0 0 0 0 0 0 0 0 0 0 0 0 0 0 0 0 0 0 0 0 0 0 0 0 0 0 0 0 0 0 0 0 0 0 0 0 0 0 0 0 0 0 0 0 0 0 0 0 0 0 0 0 0 0 0 0 0 0 0 0 0 0 0 0 0 0 0 0 0 0 0 0 0 0 0 0 0 0 0 0 0 0 0 0 0 0 0 0 0 0 0 0 0 0 0 0 0 0 0 0 0 0
0 0 0 0 0 0 0 0 0 0 0 0 0 0 0 0 0 0 0 0 0 0 0 0 0 0 0 0 0 0 0 0 0 0 0 0 0 0 0 0 0 0 0 0 0 0 0 0 0 0 0 0 0 0 0 0 0 0 0 0 0 0 0 0 0 0 0 0 0 0 0 0 0 0 0 0 0 0 0 0 0 0 0 0 0 0 0 0 0 0 0 0 0 0 0 0 0 0 0 0 0 0 0 0 0 0 0 0 0 0 0 0 0 0 0 0 0 0 0 0 0
0 0 0 0 0 0 0 0 0 0 0 0 0 0 0 0 0 0 0 0 0 0 0 0 0 0 0 0 0 0 0 0 0 0 0 0 0 0 0 0 0 0 0 0 0 0 0 0 0 0 0 0 0 0 0 0 0 0 0 0 0 0 0 0 0 0 0 0 0 0 0 0 0 0 0 0 0 0 0 0 0 0 0 0 0 0 0 0 0 0 0 0 0 0 0 0 0 0 0 0 0 0 0 0 0 0 0 0 0 0 0 0 0 0 0 0 0 0 0 0 0
0 0 0 0 0 0 0 0 0 0 0 0 0 0 0 0 0 0 0 0 0 0 0 0 0 0 0 0 0 0 0 0 0 0 0 0 0 0 0 0 0 0 0 0 0 0 0 0 0 0 0 0 0 0 0 0 0 0 0 0 0 0 0 0 0 0 0 0 0 0 0 0 0 0 0 0 0 0 0 0 0 0 0 0 0 0 0 0 0 0 0 0 0 0 0 0 0 0 0 0 0 0 0 0 0 0 0 0 0 0 0 0 0 0 0 0 0 0 0 0 0
0 0 0 0 0 0 0 0 0 0 0 0 0 0 0 0 0 0 0 0 0 0 0 0 0 0 0 0 0 0 0 0 0 0 0 0 0 0 0 0 0 0 0 0 0 0 0 0 0 0 0 0 0 0 0 0 0 0 0 0 0 0 0 0 0 0 0 0 0 0 0 0 0 0 0 0 0 0 0 0 0 0 0 0 0 0 0 0 0 0 0 0 0 0 0 0 0 0 0 0 0 0 0 0 0 0 0 0 0 0 0 0 0 0 0 0 0 0 0 0 0
0 0 0 0 0 0 0 0 0 0 0 0 0 0 0 0 0 0 0 0 0 0 0 0 0 0 0 0 0 0 0 0 0 0 0 0 0 0 0 0 0 0 0 0 0 0 0 0 0 0 0 0 0 0 0 0 0 0 0 0 0 0 0 0 0 0 0 0 0 0 0 0 0 0 0 0 0 0 0 0 0 0 0 0 0 0 0 0 0 0 0 0 0 0 0 0 0 0 0 0 0 0 0 0 0 0 0 0 0 0 0 0 0 0 0 0 0 0 0 0 0
0 0 0 0 0 0 0 0 0 0 0 0 0 0 0 0 0 0 0 0 0 0 0 0 0 0 0 0 0 0 0 0 0 0 0 0 0 0 0 0 0 0 0 0 0 0 0 0 0 0 0 0 0 0 0 0 0 0 0 0 0 0 0 0 0 0 0 0 0 0 0 0 0 0 0 0 0 0 0 0 0 0 0 0 0 0 0 0 0 0 0 0 0 0 0 0 0 0 0 0 0 0 0 0 0 0 0 0 0 0 0 0 0 0 0 0 0 0 0 0 0
0 0 0 0 0 0 0 0 0 0 0 0 0 0 0 0 0 0 0 0 0 0 0 0 0 0 0 0 0 0 0 0 0 0 0 0 0 0 0 0 0 0 0 0 0 0 0 0 0 0 0 0 0 0 0 0 0 0 0 0 0 0 0 0 0 0 0 0 0 0 0 0 0 0 0 0 0 0 0 0 0 0 0 0 0 0 0 0 0 0 0 0 0 0 0 0 0 0 0 0 0 0 0 0 0 0 0 0 0 0 0 0 0 0 0 0 0 0 0 0 0
0 0 0 0 0 0 0 0 0 0 0 0 0 0 0 0 0 0 0 0 0 0 0 0 0 0 0 0 0 0 0 0 0 0 0 0 0 0 0 0 0 0 0 0 0 0 0 0 0 0 0 0 0 0 0 0 0 0 0 0 0 0 0 0 0 0 0 0 0 0 0 0 0 0 0 0 0 0 0 0 0 0 0 0 0 0 0 0 0 0 0 0 0 0 0 0 0 0 0 0 0 0 0 0 0 0 0 0 0 0 0 0 0 0 0 0 0 0 0 0 0
0 0 0 0 0 0 0 0 0 0 0 0 0 0 0 0 0 0 0 0 0 0 0 0 0 0 0 0 0 0 0 0 0 0 0 0 0 0 0 0 0 0 0 0 0 0 0 0 0 0 0 0 0 0 0 0 0 0 0 0 0 0 0 0 0 0 0 0 0 0 0 0 0 0 0 0 0 0 0 0 0 0 0 0 0 0 0 0 0 0 0 0 0 0 0 0 0 0 0 0 0 0 0 0 0 0 0 0 0 0 0 0 0 0 0 0 0 0 0 0 0
0 0 0 0 0 0 0 0 0 0 0 0 0 0 0 0 0 0 0 0 0 0 0 0 0 0 0 0 0 0 0 0 0 0 0 0 0 0 0 0 0 0 0 0 0 0 0 0 0 0 0 0 0 0 0 0 0 0 0 0 0 0 0 0 0 0 0 0 0 0 0 0 0 0 0 0 0 0 0 0 0 0 0 0 0 0 0 0 0 0 0 0 0 0 0 0 0 0 0 0 0 0 0 0 0 0 0 0 0 0 0 0 0 0 0 0 0 0 0 0 0
0 0 0 0 0 0 0 0 0 0 0 0 0 0 0 0 0 0 0 0 0 0 0 0 0 0 0 0 0 0 0 0 0 0 0 0 0 0 0 0 0 0 0 0 0 0 0 0 0 0 0 0 0 0 0 0 0 0 0 0 0 0 0 0 0 0 0 0 0 0 0 0 0 0 0 0 0 0 0 0 0 0 0 0 0 0 0 0 0 0 0 0 0 0 0 0 0 0 0 0 0 0 0 0 0 0 0 0 0 0 0 0 0 0 0 0 0 0 0 0 0
0 0 0 0 0 0 0 0 0 0 0 0 0 0 0 0 0 0 0 0 0 0 0 0 0 0 0 0 0 0 0 0 0 0 0 0 0 0 0 0 0 0 0 0 0 0 0 0 0 0 0 0 0 0 0 0 0 0 0 0 0 0 0 0 0 0 0 0 0 0 0 0 0 0 0 0 0 0 0 0 0 0 0 0 0 0 0 0 0 0 0 0 0 0 0 0 0 0 0 0 0 0 0 0 0 0 0 0 0 0 0 0 0 0 0 0 0 0 0 0 0
0 0 0 0 0 0 0 0 0 0 0 0 0 0 0 0 0 0 0 0 0 0 0 0 0 0 0 0 0 0 0 0 0 0 0 0 0 0 0 0 0 0 0 0 0 0 0 0 0 0 0 0 0 0 0 0 0 0 0 0 0 0 0 0 0 0 0 0 0 0 0 0 0 0 0 0 0 0 0 0 0 0 0 0 0 0 0 0 0 0 0 0 0 0 0 0 0 0 0 0 0 0 0 0 0 0 0 0 0 0 0 0 0 0 0 0 0 0 0 0 0
0 0 0 0 0 0 0 0 0 0 0 0 0 0 0 0 0 0 0 0 0 0 0 0 0 0 0 0 0 0 0 0 0 0 0 0 0 0 0 0 0 0 0 0 0 0 0 0 0 0 0 0 0 0 0 0 0 0 0 0 0 0 0 0 0 0 0 0 0 0 0 0 0 0 0 0 0 0 0 0 0 0 0 0 0 0 0 0 0 0 0 0 0 0 0 0 0 0 0 0 0 0 0 0 0 0 0 0 0 0 0 0 0 0 0 0 0 0 0 0 0
0 0 0 0 0 0 0 0 0 0 0 0 0 0 0 0 0 0 0 0 0 0 0 0 0 0 0 0 0 0 0 0 0 0 0 0 0 0 0 0 0 0 0 0 0 0 0 0 0 0 0 0 0 0 0 0 0 0 0 0 0 0 0 0 0 0 0 0 0 0 0 0 0 0 0 0 0 0 0 0 0 0 0 0 0 0 0 0 0 0 0 0 0 0 0 0 0 0 0 0 0 0 0 0 0 0 0 0 0 0 0 0 0 0 0 0 0 0 0 0 0
0 0 0 0 0 0 0 0 0 0 0 0 0 0 0 0 0 0 0 0 0 0 0 0 0 0 0 0 0 0 0 0 0 0 0 0 0 0 0 0 0 0 0 0 0 0 0 0 0 0 0 0 0 0 0 0 0 0 0 0 0 0 0 0 0 0 0 0 0 0 0 0 0 0 0 0 0 0 0 0 0 0 0 0 0 0 0 0 0 0 0 0 0 0 0 0 0 0 0 0 0 0 0 0 0 0 0 0 0 0 0 0 0 0 0 0 0 0 0 0 0
0 0 0 0 0 0 0 0 0 0 0 0 0 0 0 0 0 0 0 0 0 0 0 0 0 0 0 0 0 0 0 0 0 0 0 0 0 0 0 0 0 0 0 0 0 0 0 0 0 0 0 0 0 0 0 0 0 0 0 0 0 0 0 0 0 0 0 0 0 0 0 0 0 0 0 0 0 0 0 0 0 0 0 0 0 0 0 0 0 0 0 0 0 0 0 0 0 0 0 0 0 0 0 0 0 0 0 0 0 0 0 0 0 0 0 0 0 0 0 0 0
0 0 0 0 0 0 0 0 0 0 0 0 0 0 0 0 0 0 0 0 0 0 0 0 0 0 0 0 0 0 0 0 0 0 0 0 0 0 0 0 0 0 0 0 0 0 0 0 0 0 0 0 0 0 0 0 0 0 0 0 0 0 0 0 0 0 0 0 0 0 0 0 0 0 0 0 0 0 0 0 0 0 0 0 0 0 0 0 0 0 0 0 0 0 0 0 0 0 0 0 0 0 0 0 0 0 0 0 0 0 0 0 0 0 0 0 0 0 0 0 0
0 0 0 0 0 0 0 0 0 0 0 0 0 0 0 0 0 0 0 0 0 0 0 0 0 0 0 0 0 0 0 0 0 0 0 0 0 0 0 0 0 0 0 0 0 0 0 0 0 0 0 0 0 0 0 0 0 0 0 0 0 0 0 0 0 0 0 0 0 0 0 0 0 0 0 0 0 0 0 0 0 0 0 0 0 0 0 0 0 0 0 0 0 0 0 0 0 0 0 0 0 0 0 0 0 0 0 0 0 0 0 0 0 0 0 0 0 0 0 0 0
0 0 0 0 0 0 0 0 0 0 0 0 0 0 0 0 0 0 0 0 2.51346002341938e-11 6.93921208534476e-11 1.78525384717321e-10 4.27997696437812e-10 9.56168699794853e-10 1.99057823782892e-09 3.86167408862168e-09 7.09806218144497e-09 1.20764061658744e-08 1.94622423502209e-08 2.94288334452162e-08 4.22651898028898e-08 5.82272937955114e-08 7.78891197907421e-08 1.02475767365525e-07 1.33951375880319e-07 1.74581941676908e-07 2.25869718298639e-07 2.8711458404911e-07 3.5422190865129e-07 4.19498023000501e-07 4.72887872702922e-07 5.0447888087813e-07 5.07427761645433e-07 4.80150255811005e-07 4.26865579286578e-07 3.56297539058023e-07 2.79121309253594e-07 2.05196958420211e-07 1.41501804912938e-07 9.162096158106e-08 5.56674921583825e-08 3.17400738598997e-08 1.69832853218995e-08 8.52770225802042e-09 4.0179818917309e-09 1.6378681291703e-09 3.63797479318229e-10 1.52227006254281e-10 0 0 0 0 0 0 0 0 0 0 0 0 0 0 0 0 0 0 0 0 0 0 0 0 0 0 0 0 0 0 0 0 0 0 0 0 0 0 0 0 0 0 0 0 0 0 0 0 0 0 0 0 0 0 0 0 0 0 0 0 0 0
0 0 0 0 0 0 0 0 0 0 0 0 0 0 0 0 0 0 0 4.64127665890445e-11 3.06762092205231e-10 9.31430600506924e-10 2.34265375148158e-09 5.49917489279302e-09 1.20478348894996e-08 2.46338063686434e-08 4.70059660708127e-08 8.44190650601121e-08 1.41023455405623e-07 2.21745860521061e-07 3.26724568786492e-07 4.5418579345508e-07 5.99610534729238e-07 7.5875996397512e-07 9.31349433551931e-07 1.12377649187896e-06 1.34808440067396e-06 1.61616463510715e-06 1.93045437830983e-06 2.27517295360819e-06 2.61313927941339e-06 2.89145314179981e-06 3.05529879652296e-06 3.06489942726063e-06 2.90866081641063e-06 2.60705237850221e-06 2.2059897845546e-06 1.7630523149834e-06 1.3323034866676e-06 9.53216708585568e-07 6.47574051189185e-07 4.18358612293012e-07 2.57497087638617e-07 1.51239682735993e-07 8.48511382188958e-08 4.54801853320831e-08 2.24905872174658e-08 9.2923588145888e-09 4.52777826151414e-09 1.66828836118937e-09 7.42795924768086e-10 3.08190709241356e-10 0 0 0 0 0 0 0 0 0 0 0 0 0 0 0 0 0 0 0 0 0 0 0 0 0 0 0 0 0 0 0 0 0 0 0 0 0 0 0 0 0 0 0 0 0 0 0 0 0 0 0 0 0 0 0 0 0 0 0
0 0 0 0 0 0 0 0 0 0 0 0 0 0 0 0 0 0 0 3.08799519361683e-10 1.83710960345286e-09 5.64740211935543e-09 1.414350308791e-08 3.3063554228858e-08 7.21471430799418e-08 1.46945723738792e-07 2.79593657202292e-07 4.99675853285525e-07 8.31484949215396e-07 1.30057486515462e-06 1.90598104400402e-06 2.6316009947306e-06 3.44281307732968e-06 4.30259091130188e-06 5.19231826490001e-06 6.12895374826331e-06 7.16311052344409e-06 8.35291841669267e-06 9.7194627354724e-06 1.12036141391583e-05 1.26487114394978e-05 1.38247398489108e-05 1.44903382022736e-05 1.44693529284836e-05 1.37100312748811e-05 1.23024878218688e-05 1.04494553017153e-05 8.40560805720139e-06 6.41088609842943e-06 4.64235187867764e-06 3.20105966818418e-06 2.10432705937597e-06 1.3205951082799e-06 7.91869294190445e-07 4.53448274472203e-07 2.48061740204373e-07 1.25989004483729e-07 5.54003560147787e-08 2.70837544414522e-08 1.03013994083727e-08 4.57492434146237e-09 1.89331660531008e-09 0 0 0 0 0 0 0 0 0 0 0 0 0 0 0 0 0 0 0 0 0 0 0 0 0 0 0 0 0 0 0 0 0 0 0 0 0 0 0 0 0 0 0 0 0 0 0 0 0 0 0 0 0 0 0 0 0 0 0
0 0 0 0 0 0 0 0 0 0 0 0 0 0 0 0 0 3.34701046401484e-11 1.07834605771567e-10 1.86801491093928e-09 9.25583497686559e-09 2.82838216419671e-08 6.99345872804653e-08 1.61657218512544e-07 3.49277878671204e-07 7.05178841823156e-07 1.33176948183456e-06 2.36048683203606e-06 3.9013602079058e-06 6.05644155905068e-06 8.81037292934279e-06 1.20626392057597e-05 1.56184760509451e-05 1.92582790330134e-05 2.28320540384409e-05 2.63443073308259e-05 2.99616778101189e-05 3.39217937031806e-05 3.83634076313362e-05 4.31543819136595e-05 4.78120804245026e-05 5.15766925580232e-05 5.36251875505211e-05 5.33414479550019e-05 5.05278717431038e-05 4.54721113245548e-05 3.88518030431779e-05 3.15307790652985e-05 2.43326848513647e-05 1.78782870265499e-05 1.25403658741244e-05 8.40313982783397e-06 5.38213913581904e-06 3.29493867706239e-06 1.92492951258948e-06 1.07281339135723e-06 5.57631833854253e-07 2.57270522072807e-07 1.26126286517394e-07 4.93187658883558e-08 2.18468681963851e-08 9.01815745959531e-09 0 0 0 0 0 0 0 0 0 0 0 0 0 0 0 0 0 0 0 0 0 0 0 0 0 0 0 0 0 0 0 0 0 0 0 0 0 0 0 0 0 0 0 0 0 0 0 0 0 0 0 0 0 0 0 0 0 0 0
0 0 0 0 0 0 0 0 0 0 0 0 0 0 0 0 0 2.40760250970693e-10 7.78497866777117e-10 8.6260554361634e-09 3.69221735589045e-08 1.12013405210179e-07 2.73678138654254e-07 6.25803912810904e-07 1.33899069870881e-06 2.67956500827311e-06 5.02189894852497e-06 8.82737979315049e-06 1.44877316521711e-05 2.2322153961615e-05 3.22368165523832e-05 4.37849978532221e-05 5.61556297800623e-05 6.84133345685848e-05 7.9836609669353e-05 9.02401839261613e-05 0.000100046103538405 0.000110033871561798 0.000120824736845614 0.000132336065211829 0.000143495814899417 0.000152402103288267 0.00015689535506251 0.000155301873729977 0.000147025636365669 0.000132749869053002 0.000114203204378688 9.36360004071238e-05 7.32304427945676e-05 5.46790704385227e-05 3.9063641660891e-05 2.66994757983612e-05 1.74512200661407e-05 1.08972771790103e-05 6.48376128175498e-06 3.67327358522459e-06 1.94683057818553e-06 9.31748785392743e-07 4.57812355359206e-07 1.83385197236247e-07 8.1016844907403e-08 3.33045256488854e-08 0 0 0 0 0 0 0 0 0 0 0 0 0 0 0 0 0 0 0 0 0 0 0 0 0 0 0 0 0 0 0 0 0 0 0 0 0 0 0 0 0 0 0 0 0 0 0 0 0 0 0 0 0 0 0 0 0 0 0
0 0 0 0 0 0 0 0 0 0 0 0 0 0 0 1.44508680337141e-10 3.86660324813308e-10 2.30686394073555e-09 6.74462991481012e-09 3.77973432815244e-08 1.31775615875617e-07 3.80835891407157e-07 9.0311484649601e-07 2.01407602113857e-06 4.22018931421195e-06 8.29772958118278e-06 1.53267024219733e-05 2.65796735208207e-05 4.31429637410604e-05 6.57861866654136e-05 9.41292207233066e-05 0.000126696908119628 0.000160944837161961 0.000193923081231773 0.000223223923085363 0.000247916286905255 0.000268822601641266 0.00028796807363545 0.000307329251209406 0.000327464750670418 0.000346733803196255 0.00036154379394548 0.000367550249955726 0.000361258860847949 0.000341312566195534 0.00030895506768533 0.000267584931722541 0.000221723423798476 0.000175833764876361 0.000133496139436966 9.71648992152642e-05 6.77281847206437e-05 4.51458412439358e-05 2.87234434544598e-05 1.73827492176172e-05 9.99733946325448e-06 5.39285658538226e-06 2.6593292868151e-06 1.31222584530103e-06 5.39485232057087e-07 2.38570863805292e-07 9.80655055629671e-08 1.24112637435454e-09 4.52234836467721e-10 1.85479227645673e-10 0 0 0 0 0 0 0 0 0 0 0 0 0 0 0 0 0 0 0 0 0 0 0 0 0 0 0 0 0 0 0 0 0 0 0 0 0 0 0 0 0 0 0 0 0 0 0 0 0 0 0 0 0 0 0 0
0 0 0 0 0 0 0 0 0 3.48113737390955e-11 9.51897268666128e-11 2.42555226390486e-10 5.75947411277999e-10 1.2744026378545e-09 2.62773841655822e-09 5.92028360035451e-09 1.13656165616896e-08 2.66733497113615e-08 5.66764779038348e-08 1.69302392198008e-07 4.48244976902105e-07 1.15158653762897e-06 2.57339332726295e-06 5.49371111714877e-06 1.11329542366916e-05 2.1313877670859e-05 3.85313874410468e-05 6.55714934945141e-05 0.000104791943085405 0.000157587762511595 0.000222785986411748 0.000296598334028075 0.000372824058161152 0.00044433964905629 0.000505200997021445 0.000552730472696617 0.000588202665879033 0.000615824692859103 0.000640277287403992 0.000663986998518389 0.000685496751712703 0.000699748658844219 0.000700097247955406 0.000681028718453858 0.000640324732808053 0.000579842806513561 0.00050481803414853 0.000422293789244861 0.000339316453939458 0.00026173959350563 0.00019388971310735 0.000137643559722654 9.34123334732914e-05 6.04401386560638e-05 3.71341032800483e-05 2.16431765185743e-05 1.18589093556213e-05 5.99010611245527e-06 2.97263836969439e-06 1.25488718618865e-06 5.56930407357505e-07 2.29068440271943e-07 7.95790646452376e-09 2.91360156269922e-09 1.19192992682109e-09 0 0 0 0 0 0 0 0 0 0 0 0 0 0 0 0 0 0 0 0 0 0 0 0 0 0 0 0 0 0 0 0 0 0 0 0 0 0 0 0 0 0 0 0 0 0 0 0 0 0 0 0 0 0 0 0
0 0 0 0 0 0 0 0 0 2.42492771075667e-10 6.61389069050219e-10 1.68099672338234e-09 3.98133166799463e-09 8.78701741692265e-09 1.80720014839342e-08 3.87081902304051e-08 7.26986656310499e-08 1.49307598124187e-07 2.89819319921856e-07 6.58354122151299e-07 1.42973029669621e-06 3.2034576575005e-06 6.62772522687953e-06 1.33224179229663e-05 2.57411823190579e-05 4.74068303816339e-05 8.30012758421508e-05 0.000137393219831263 0.000214542601782913 0.000316149458469699 0.000439229061688904 0.000575900145752556 0.000714087866773251 0.000840293664851129 0.000943338323233345 0.00101796952155632 0.00106600266176272 0.00109461976755685 0.00111237673375444 0.00112485654490438 0.00113209131243248 0.00112889269291968 0.00110765724720712 0.00106204936824739 0.000989779726534339 0.000893485650562662 0.000779716870685582 0.000657077795484523 0.000534127282165446 0.00041816928162933 0.000315039467572197 0.000227689612239352 0.000157339508266291 0.00010360221904638 6.47342885720264e-05 3.8339988086641e-05 2.14181707769215e-05 1.11095650425854e-05 5.59328234428849e-06 2.45671170794955e-06 1.10794553364003e-06 4.61093224800787e-07 4.44641822050946e-08 1.65084065613398e-08 6.77265048978067e-09 1.48228871204623e-10 0 0 0 0 0 0 0 0 0 0 0 0 0 0 0 0 0 0 0 0 0 0 0 0 0 0 0 0 0 0 0 0 0 0 0 0 0 0 0 0 0 0 0 0 0 0 0 0 0 0 0 0 0 0 0
0 0 0 0 0 0 1.77526411065914e-11 4.85991838437320e-11 1.44024514735121e-10 1.6598814235098e-09 4.35891579435943e-09 1.07240872945588e-08 2.47007719926778e-08 5.32495676177157e-08 1.07397401510036e-07 2.17106138071401e-07 3.95392720288803e-07 7.3326500947181e-07 1.30510473922243e-06 2.45679894287129e-06 4.53048392902855e-06 8.69927352161149e-06 1.62528497876741e-05 3.00925114637674e-05 5.44596808397094e-05 9.51269605229189e-05 0.000159402946062236 0.000254175962555616 0.000384491723593664 0.000551043481768397 0.000747325991918854 0.000959451234543029 0.00116789386459845 0.00135189712445116 0.00149498372524911 0.00158983570778348 0.00163950946113797 0.00165471153942226 0.00164824735475657 0.00162934022375135 0.00160050096346509 0.0015581385021006 0.00149598243653848 0.00140917553603792 0.00129696439780339 0.00116318900573224 0.00101478721104448 0.000860086006556086 0.000706948865635463 0.000562098228743013 0.000431406454937094 0.000318336316586583 0.000224946277463048 0.00015161189586763 9.7108158790693e-05 5.90276519628386e-05 3.4019910591903e-05 1.83506398239656e-05 9.54865592150572e-06 4.47599275678303e-06 2.10101887091554e-06 9.07910165770713e-07 1.97745928893562e-07 7.70990778477195e-08 3.26989451508055e-08 3.1955873016558e-09 9.94817694009022e-10 4.40642653922683e-10 1.81878433450698e-10 0 0 0 0 0 0 0 0 0 0 0 0 0 0 0 0 0 0 0 0 0 0 0 0 0 0 0 0 0 0 0 0 0 0 0 0 0 0 0 0 0 0 0 0 0 0 0 0 0 0 0 0
0 0 0 5.93538728419351e-11 1.60759783600873e-10 4.05748946933801e-10 1.08836316338612e-09 2.45761535900921e-09 5.34952209752656e-09 1.63051305646827e-08 3.54285079192181e-08 7.45180711479209e-08 1.51414920309579e-07 2.96171810317959e-07 5.55040644744605e-07 1.03135332158478e-06 1.78320445777906e-06 3.04393708605053e-06 5.01862804302176e-06 8.33645605007273e-06 1.36003319578142e-05 2.27394089925639e-05 3.80116231674825e-05 6.39514347536668e-05 0.000106998701771836 0.000175421256052815 0.000279012396891852 0.000425878918948027 0.000620677527115122 0.000860919501715659 0.00113441649283332 0.00141964925772513 0.00168918184095461 0.00191587329106043 0.00207991628197347 0.00217414220338802 0.00220461755616862 0.00218644862381072 0.00213685325959966 0.00206872215178515 0.00198750344002019 0.00189237794826012 0.00178005921638227 0.00164872302387593 0.0014999871576778 0.00133868297357378 0.00117076674656539 0.00100225049395615 0.00083797887880887 0.00068188057051236 0.000538113999569198 0.000409862255050576 0.000299966006612056 0.000209995940801177 0.000140234684799497 8.91556745238532e-05 5.40477389420835e-05 3.09178631486034e-05 1.70133055905329e-05 8.70437690997542e-06 4.35724471253863e-06 2.02384301310221e-06 7.46896282193354e-07 3.23025568099021e-07 1.54008717460271e-07 4.16592232347396e-08 2.18531035250168e-08 1.28720191497697e-08 7.25261129851477e-09 3.43311215480753e-09 1.80990452900989e-09 8.89149891065951e-10 4.07048285571343e-10 1.73647492993123e-10 6.9030773990831e-11 0 0 0 0 0 0 0 0 0 0 0 0 0 0 0 0 0 0 0 0 0 0 0 0 0 0 0 0 0 0 0 0 0 0 0 0 0 0 0 0 0 0 0 0 0 0
0 0 0 3.93187260525262e-10 1.06222638972154e-09 2.67415374742918e-09 7.05831549897885e-09 1.58521284494401e-08 3.41922957223108e-08 8.6470159440279e-08 1.77517122980153e-07 3.51707055237411e-07 6.73509189733175e-07 1.24669641223448e-06 2.22567910179117e-06 3.89917043270479e-06 6.46340729638693e-06 1.04179383233657e-05 1.62057575609363e-05 2.47681398528116e-05 3.69589391729512e-05 5.53402824187623e-05 8.31680212213776e-05 0.000126512001279565 0.000193931137053174 0.000295940962696202 0.000444172890396825 0.000646969813171861 0.000907109366677489 0.00121724783100731 0.0015581970019185 0.00190035161530055 0.00220906068614581 0.00245253357385445 0.00261007274076039 0.00267701219899607 0.00266435414243504 0.00259290796561659 0.00248525273964079 0.00235885454388851 0.00222296889908982 0.00208022091182843 0.00193037514931026 0.00177383517888854 0.00161290978451026 0.00145120578925782 0.00129124758633904 0.00113457105090178 0.000981190438097758 0.000830885903890313 0.000685319933167217 0.000547304704523937 0.000421128923187497 0.000310635596570692 0.00021917244929548 0.000147516286741492 9.48573516976348e-05 5.78499998031348e-05 3.38542372120058e-05 1.8776245527853e-05 1.00605873294083e-05 5.08710228885975e-06 2.43976704097399e-06 1.17732228002172e-06 6.20641427146598e-07 2.49909629224848e-07 1.40919041144606e-07 8.46641166500325e-08 4.84312769108286e-08 2.39558508761568e-08 1.25970419048869e-08 6.17272863028394e-09 2.81862586348242e-09 1.19935933061235e-09 4.75568237568614e-10 0 0 0 0 0 0 0 0 0 0 0 0 0 0 0 0 0 0 0 0 0 0 0 0 0 0 0 0 0 0 0 0 0 0 0 0 0 0 0 0 0 0 0 0 0 0
0 0 0 2.01948523625242e-09 5.44186331168874e-09 1.36648922930836e-08 3.55381999648096e-08 7.94021531096313e-08 1.69812260274962e-07 3.83494106887713e-07 7.53928310960001e-07 1.42139004233916e-06 2.57875565647996e-06 4.51668214314863e-06 7.64562150393719e-06 1.26126718802271e-05 1.99153443459209e-05 3.04326310169833e-05 4.48886832647276e-05 6.43273757399839e-05 8.95228874354196e-05 0.000122944529831003 0.000168095068019496 0.000231595642412973 0.000323118218876618 0.000454441384581726 0.000638064958872415 0.000882082225873193 0.00118729244033887 0.00154228508786202 0.0019225135785067 0.00229269611533769 0.00261353989945623 0.0028506888579931 0.00298374541968703 0.00301068149259668 0.0029471061373045 0.00281932437245762 0.00265577007960507 0.00247971910908901 0.00230550584329745 0.00213977002723837 0.00198451703279947 0.00184012959426124 0.00170637840664262 0.00158221848218387 0.0014638315565995 0.0013462424653984 0.00122338739591941 0.00109041060583083 0.000946723482534116 0.00079535012907164 0.000643361687343178 0.00049865016512831 0.000369659322734823 0.000261472350314725 0.000176630445348033 0.000113551458964835 7.00799322161808e-05 4.14605352865166e-05 2.37559197463164e-05 1.31472031976995e-05 7.28848701484241e-06 3.98590508589186e-06 2.33125719740349e-06 1.20515698662724e-06 7.18136878529191e-07 4.38361940469843e-07 2.53667750968749e-07 1.29606289968271e-07 6.79786209163844e-08 3.32254030599539e-08 1.51328178244645e-08 6.42274954600287e-09 2.54023448671445e-09 0 0 0 0 0 0 0 0 0 0 0 0 0 0 0 0 0 0 0 0 0 0 0 0 0 0 0 0 0 0 0 0 0 0 0 0 0 0 0 0 0 0 0 0 0 0
0 0 0 8.04216159829375e-09 2.16156868349266e-08 5.41398341943743e-08 1.38901401001234e-07 3.08810398946334e-07 6.55187426881795e-07 1.38567762171972e-06 2.64380232873895e-06 4.80726642522321e-06 8.36114691402805e-06 1.39760036755402e-05 2.25285851614969e-05 3.5172220359548e-05 5.28475604149268e-05 7.6766885700132e-05 0.000107734088898227 0.000146329087157616 0.000192499045658934 0.000247354310276314 0.000313110984029582 0.000395166203632341 0.00050241945873882 0.000646185528616877 0.000838614835681813 0.00108756375359917 0.00139347938517495 0.00174466049175406 0.00211662930569616 0.00247466051148737 0.00278019538587111 0.0029994279298638 0.00311225995109034 0.00311650154785894 0.00302806909703952 0.00287446616436303 0.00268694277304096 0.00249322126394063 0.00231246718026051 0.00215545741702092 0.00202619802557873 0.00192430526904496 0.00184592263857096 0.00178423738064624 0.00172847584454006 0.00166671710562653 0.00158648734017457 0.00147799106834677 0.00133820989649606 0.00117008634445601 0.000983682589108401 0.000791927126385328 0.000609740530227758 0.000448420737261069 0.000315342036978518 0.000212032982297179 0.00013751613770274 8.64155469599205e-05 5.31706282976079e-05 3.22863405069558e-05 1.99147201970773e-05 1.22148251378476e-05 7.78693090457858e-06 4.64448625955182e-06 2.88266315631863e-06 1.78119270062145e-06 1.03940109837616e-06 5.43665063133549e-07 2.84424493893415e-07 1.38660959162726e-07 6.29931090336583e-08 2.66675749595485e-08 1.05202398882524e-08 0 0 0 0 0 0 0 0 0 0 0 0 0 0 0 0 0 0 0 0 0 0 0 0 0 0 0 0 0 0 0 0 0 0 0 0 0 0 0 0 0 0 0 0 0 0
0 0 0 2.48310895957218e-08 6.65704233607745e-08 1.66310051601408e-07 4.21393277662663e-07 9.32423882845709e-07 1.96357938321606e-06 3.99902719471463e-06 7.47815192946235e-06 1.32658432035866e-05 2.23917825102547e-05 3.61448466643214e-05 5.60417610401716e-05 8.36867847770938e-05 0.00012036525274645 0.000167225047121604 0.000224572023858301 0.000291722617008125 0.000366929330956047 0.000448845980005681 0.000537006575259003 0.000634030915354493 0.000746217055773823 0.00088253540336084 0.00105339726410735 0.00126622178950296 0.00152305181691485 0.0018165641273065 0.00212927067412262 0.00243503779862309 0.00270307838386294 0.00290432460213834 0.00301887072792416 0.00304023638853344 0.00297767068413593 0.00285195183059042 0.00269005823130816 0.00251904061735629 0.00236015855379155 0.0022277807169968 0.00212912384165755 0.00206567757694745 0.00203341595010211 0.00202336097722212 0.00202135946049846 0.00201088966303494 0.00197411537299329 0.00189583006992571 0.00176884753208991 0.00159363876584717 0.00138068774176898 0.00114641080384745 0.000911466685527876 0.000693904948993261 0.000506849764946009 0.000356206677787816 0.000243310601073786 0.000162848667259174 0.000108026300619476 7.17158326026211e-05 4.83357701076955e-05 3.24401854964092e-05 2.20245928427074e-05 1.42289341582511e-05 9.09180448124272e-06 5.66759418386471e-06 3.3261237629177e-06 1.76882427894317e-06 9.22947796993523e-07 4.486720441892e-07 2.0330925626982e-07 8.58493340056011e-08 3.37806768070593e-08 0 0 0 0 0 0 0 0 0 0 0 0 0 0 0 0 0 0 0 0 0 0 0 0 0 0 0 0 0 0 0 0 0 0 0 0 0 0 0 0 0 0 0 0 0 0
0 0 0 5.94442191801845e-08 1.58958760085138e-07 3.96105564724736e-07 9.92189311390871e-07 2.18547949529209e-06 4.57037063653453e-06 9.10284836442494e-06 1.67885492758585e-05 2.92876963768216e-05 4.84286702663e-05 7.62838547198275e-05 0.000114990195588638 0.000166225484033446 0.000231143039037709 0.000310098616243196 0.000402136360061345 0.000504711110354151 0.000613992384278268 0.000726089496156161 0.000837658516982207 0.000948254301243011 0.0010608356692063 0.00118083874225583 0.00131572309911923 0.00147170711728482 0.00165316943868192 0.0018599015866439 0.00208599839729364 0.00231952675895193 0.00254258861677287 0.00273402356359819 0.00287395807918061 0.00294824517836584 0.00295335637393142 0.00289598772308953 0.00279173447754566 0.00266133018169914 0.00252504910370056 0.00240054667074563 0.0023006387890846 0.00223341161274402 0.00220070688444828 0.00219762293342878 0.00221243462117679 0.00222801609377275 0.0022233211969437 0.00217766785822727 0.00207752966771651 0.00191772370002431 0.00170491402037576 0.00145524846429923 0.00119198535828023 0.000938131545053314 0.000711855707597976 0.000523573246215468 0.000377650078281561 0.000269739840221795 0.000192706152335747 0.000138487801582836 0.000100294484221155 7.18451381386611e-05 5.09549971632277e-05 3.44535378907728e-05 2.24619831650738e-05 1.40870737726787e-05 8.29663544228007e-06 4.46276926557672e-06 2.32240612252276e-06 1.12562748574041e-06 5.08759027191236e-07 2.14279786353625e-07 8.41011469454691e-08 0 0 0 0 0 0 0 0 0 0 0 0 0 0 0 0 0 0 0 0 0 0 0 0 0 0 0 0 0 0 0 0 0 0 0 0 0 0 0 0 0 0 0 0 0 0
0 0 0 1.10335265693078e-07 2.9429201771461e-07 7.31466191051369e-07 1.81295427710093e-06 3.97598949728418e-06 8.26059749503349e-06 1.62254971523662e-05 2.96248359738865e-05 5.1082147855489e-05 8.32671127018135e-05 0.000128961367547906 0.000190633152078197 0.000269508515559765 0.000366030221575511 0.000479209014737535 0.000606516647279229 0.000743713064482208 0.000885397500437979 0.00102610629691039 0.00116051314752749 0.00128582832930775 0.00140193683244962 0.00151057426611785 0.0016158403020353 0.00172227659592851 0.00183640694343563 0.00196522252952251 0.00211474073320855 0.00228750331288699 0.00247858489029557 0.00267440843140314 0.00285410753925085 0.00299435075976972 0.00307660958563682 0.00309103238050882 0.00303939297761654 0.00293405729904222 0.00279343039954737 0.00263886586362954 0.00249065132367801 0.00236665369395538 0.00227855438736739 0.00222977005073038 0.00221508241418789 0.00222012497361856 0.00222336323895441 0.00220030155000935 0.00213131971428401 0.00200476032192489 0.00182089968784699 0.00159210585081578 0.00134003768646239 0.00108866606577812 0.000858135362068392 0.000661219667268497 0.00050432727730035 0.000384155558703628 0.000293952894049001 0.000225756930392146 0.00017285704746804 0.000129590079392199 9.4656747770531e-05 6.57257205370516e-05 4.34201736324386e-05 2.73284581890632e-05 1.61225170605092e-05 8.73693953407845e-06 4.53381082561989e-06 2.18953169604789e-06 9.87092775302379e-07 4.14683110475167e-07 1.62340305578693e-07 0 0 0 0 0 0 0 0 0 0 0 0 0 0 0 0 0 0 0 0 0 0 0 0 0 0 0 0 0 0 0 0 0 0 0 0 0 0 0 0 0 0 0 0 0 0
0 0 0 1.5878516765502e-07 4.22438378664548e-07 1.0472935763278e-06 2.57055596859365e-06 5.61390919709556e-06 1.1592290911724e-05 2.25596940018894e-05 4.08689901323503e-05 6.98884865161698e-05 0.00011276906628708 0.000172628761046962 0.000251860296347498 0.00035103137241187 0.000469825795241147 0.000606262811416464 0.00075702352098786 0.000917348755589782 0.00108150025243992 0.00124361645608805 0.00139716193980693 0.00153741376825681 0.0016614061524495 0.00176762235904247 0.0018574982144124 0.00193471841718119 0.00200810053119358 0.00209053461109591 0.00219700350027614 0.00234012612320106 0.00252340939856819 0.00273736538918712 0.00295878983672497 0.00315618416421576 0.00329861479695012 0.00336304107154842 0.00334033216283571 0.00323629268917214 0.00306815593387543 0.0028606113627031 0.00264050053627147 0.00243422373473508 0.00226228540453637 0.00213612843554592 0.00205752177142067 0.00201663694599575 0.00199458747208459 0.00196711567878726 0.00191258913646784 0.0018160025609496 0.001672402033656 0.00148914991521867 0.00128290788428355 0.00107382163922031 0.000879353978998212 0.000710601621182575 0.000573339675896454 0.000464277235524657 0.000377252760234413 0.00030537479801307 0.000243536616242897 0.000188197449102646 0.000140044678049 9.86992772059048e-05 6.56996339678515e-05 4.13975024257508e-05 2.44191462911879e-05 1.32879161505327e-05 6.87315558760866e-06 3.30216410480221e-06 1.48489138204279e-06 6.22217696419089e-07 2.42963854078784e-07 0 0 0 0 0 0 0 0 0 0 0 0 0 0 0 0 0 0 0 0 0 0 0 0 0 0 0 0 0 0 0 0 0 0 0 0 0 0 0 0 0 0 0 0 0 0
0 0 0 1.77172530112191e-07 4.70152900883854e-07 1.16260849103856e-06 2.82800874243158e-06 6.15130030147557e-06 1.2629011088123e-05 2.44211315071008e-05 4.39637536480997e-05 7.4759239002587e-05 0.000119782383308368 0.000181999817148365 0.000263505241298055 0.000364631983583441 0.000485082327586672 0.000623234903918332 0.000776637283988569 0.000941650876882482 0.00111340607576805 0.00128616253555907 0.00145205999577379 0.00160394431412204 0.00173570392603972 0.00184310884028535 0.00192618385533385 0.00198935673392568 0.00204419109778448 0.00210773029149868 0.00219972718735744 0.00233700983340617 0.00252597349633007 0.00275782578522576 0.00300740511405106 0.0032389331584515 0.00341520761984905 0.00350661856917817 0.00349828603644953 0.003392165191124 0.00320425121804632 0.00296003013465708 0.00268878576808366 0.00242026792201093 0.0021788740293635 0.00198043556179765 0.00183159507756183 0.00172753357785526 0.00165486027130047 0.0015943743721665 0.00152808483315875 0.00144266758745806 0.00133147468864868 0.00119776717204911 0.00105177301350957 0.000906334983705679 0.000772341041142715 0.000655671084724444 0.000558989043035982 0.000478074413170405 0.000407536941910916 0.000342385094047046 0.000280178000572082 0.000220189699704137 0.000165270982183075 0.000117151501980574 7.81356950641055e-05 4.91338855990421e-05 2.89083715501778e-05 1.57449986880146e-05 8.10977408861137e-06 3.86133015267595e-06 1.73189783226721e-06 7.23867766841151e-07 2.81934254770298e-07 0 0 0 0 0 0 0 0 0 0 0 0 0 0 0 0 0 0 0 0 0 0 0 0 0 0 0 0 0 0 0 0 0 0 0 0 0 0 0 0 0 0 0 0 0 0
0 0 0 1.53275842104143e-07 4.0570068549284e-07 1.00066661241766e-06 2.41388376668794e-06 5.23013284864873e-06 1.0679724303354e-05 2.05715108986739e-05 3.68528412553578e-05 6.2501373874618e-05 9.97703154043357e-05 0.00015115864218559 0.000218539843129576 0.000302753259685872 0.000404530192161713 0.00052397574999655 0.000660821335668361 0.000813534569784354 0.000978562805045928 0.00115013305405354 0.0013186985568801 0.00147428771649993 0.00160771409883985 0.00171276502678965 0.00178907760320339 0.00184268480012933 0.0018874218434029 0.00194226501797556 0.00202785449242318 0.00216084047373636 0.00234723971082324 0.00257817312621382 0.00282918189700161 0.0030655070846102 0.00325030786160177 0.00335356288367219 0.00335878009009132 0.00326559649360783 0.00308752604305668 0.00284743579266345 0.00257238262010693 0.00228998846830402 0.002023415427578 0.0017888844141026 0.00159507411511348 0.00144142708483363 0.00132092627707819 0.00122185038642518 0.00113300340976428 0.00104599197011313 0.000955437270889694 0.000862089558476615 0.000770364109311598 0.000685148494225417 0.000609711015168605 0.000543910383526013 0.000486835878520789 0.000433749048737272 0.000380744847256288 0.000325461542683156 0.00026838523393686 0.000211210502693701 0.000157962269081756 0.000111462215794036 7.39224863593253e-05 4.61442061516627e-05 2.69651230923587e-05 1.46360354354421e-05 7.48910946390629e-06 3.50079023589207e-06 1.56617655690216e-06 6.52930545696646e-07 2.53655854994851e-07 0 0 0 0 0 0 0 0 0 0 0 0 0 0 0 0 0 0 0 0 0 0 0 0 0 0 0 0 0 0 0 0 0 0 0 0 0 0 0 0 0 0 0 0 0 0
0 0 0 1.02811549122021e-07 2.71433365403864e-07 6.67784289147019e-07 1.5984721289612e-06 3.45039347232311e-06 7.0096054133535e-06 1.34956604576115e-05 2.41051967265901e-05 4.09575912905023e-05 6.54605240483515e-05 9.9582633241533e-05 0.000145126928244069 0.000203783119922534 0.000277599384263587 0.000368632962909343 0.000478725575309664 0.000608152809560171 0.000754350892613104 0.000911410997298774 0.00106868344848699 0.00121446214528897 0.00133798097054505 0.00143241422627247 0.00149762094547909 0.00154078409239639 0.00157627213227171 0.00162249781687333 0.00169821172626602 0.00181782134848694 0.00198621094817571 0.0021953770625717 0.00242421162922212 0.00264260945995541 0.0028180000445707 0.00292318791007827 0.00294210202955554 0.00287276394717024 0.00272558142956156 0.00251938588302395 0.00227713949849256 0.00202212549462867 0.00177401184626277 0.00154716403729651 0.00134990480396155 0.00118387395615249 0.00104637475419286 0.000931580273309259 0.000833971171511501 0.000749886615948198 0.000676139795423084 0.000612305997762168 0.000559009083744267 0.00051521628457016 0.00047842343753253 0.000444322571598117 0.000409811790737278 0.000371030879584354 0.000326418404967335 0.000276593141133214 0.000224518394757303 0.000173342343173174 0.000126925526100246 8.78279005270961e-05 5.72062917275789e-05 3.50975784986843e-05 2.02027310555139e-05 1.0846083481351e-05 5.48383949041428e-06 2.46085548393481e-06 1.09812059780433e-06 4.56631222111264e-07 1.76942763432209e-07 0 0 0 0 0 0 0 0 0 0 0 0 0 0 0 0 0 0 0 0 0 0 0 0 0 0 0 0 0 0 0 0 0 0 0 0 0 0 0 0 0 0 0 0 0 0
0 0 0 5.34688647850351e-08 1.4080289676173e-07 3.45520526913504e-07 8.21146492140978e-07 1.7660515578885e-06 3.57047428603692e-06 6.91584870017497e-06 1.23596488566095e-05 2.12079021218649e-05 3.42361736930823e-05 5.29237560577465e-05 7.89492410271862e-05 0.000114480886830708 0.000162210127781807 0.000225147109777867 0.000306014459871562 0.00040582410303694 0.000522536131264009 0.000650613734143633 0.000780035526097734 0.00089979107868268 0.00100007506890522 0.00107524047998204 0.00112572953928744 0.00115881993110417 0.00118746747050636 0.00122756479619018 0.00129456942037077 0.00140014988580633 0.00154822431346141 0.00173224274287803 0.00193494600338728 0.00213117363589236 0.00229277417133066 0.00239540590418929 0.00242363268575852 0.00237435250405626 0.00225574028181836 0.00208405691415049 0.00187985769642872 0.00166374818566749 0.00145296686266711 0.00125992229072664 0.00109121690031664 0.000948086751606748 0.000828484286459665 0.000728501066527367 0.00064475058844917 0.000575919815210552 0.000520501661466016 0.000477813628648515 0.000447085160342644 0.000424544379537537 0.000405018020789489 0.000382742614406565 0.000354157925319839 0.000317216359808361 0.000272761056279346 0.000223870908715977 0.000175005680335413 0.000129806961810609 9.11813754488662e-05 6.06983470095944e-05 3.81413408681412e-05 2.26325127175957e-05 1.26481871020504e-05 6.62832337596041e-06 3.27575496246707e-06 1.34121066945752e-06 5.96966863720258e-07 2.47602535722257e-07 9.56999230150342e-08 0 0 0 0 0 0 0 0 0 0 0 0 0 0 0 0 0 0 0 0 0 0 0 0 0 0 0 0 0 0 0 0 0 0 0 0 0 0 0 0 0 0 0 0 0 0
0 0 0 2.15601060425971e-08 5.66305548170066e-08 1.38612494054057e-07 3.27219534786387e-07 7.01275133540934e-07 1.41129132233515e-06 2.78844015577241e-06 5.02180406861071e-06 8.82787227378074e-06 1.46183409389994e-05 2.34109979412162e-05 3.65413310631622e-05 5.59638816945405e-05 8.40506528566294e-05 0.000123503255434646 0.000176665021227935 0.000244404080406797 0.00032508559912551 0.000414371025308929 0.000504637089261102 0.000587727664095904 0.000656740241647892 0.000708383634166931 0.000743699702146258 0.000769188964596539 0.00079531115086331 0.000834701590690008 0.000899506954959753 0.000999097729426643 0.00113681622382073 0.00130746297942917 0.00149658014765883 0.00168215932544394 0.00183837375356484 0.00194178931107626 0.00197647546962339 0.00193811147735554 0.00183384614600614 0.00167981522075205 0.00149720293169142 0.00130717288512092 0.00112705881101006 0.00096842081177002 0.000835950981910195 0.000728774015575315 0.000642744684645121 0.000572642054638881 0.000514324552807984 0.000466499380740878 0.000428517275212229 0.000399883958928752 0.000380191306723436 0.000365521385259296 0.000350698770947594 0.000330542727766075 0.00030208435082273 0.000264852290650728 0.00022108714668968 0.00017491961004444 0.00013101496618143 9.27196352855665e-05 6.1882563268842e-05 3.91489324237491e-05 2.33865706556421e-05 1.3205409396026e-05 7.04241814977621e-06 3.53926257159514e-06 1.68149932463405e-06 5.66759433594583e-07 2.51617753652248e-07 1.04096335539617e-07 4.01311162303888e-08 0 0 0 0 0 0 0 0 0 0 0 0 0 0 0 0 0 0 0 0 0 0 0 0 0 0 0 0 0 0 0 0 0 0 0 0 0 0 0 0 0 0 0 0 0 0
0 0 0 6.74049343529483e-09 1.76596020078748e-08 4.31143428366271e-08 1.01143780600295e-07 2.16021915400383e-07 4.32841550272158e-07 8.98488994834175e-07 1.6533958661563e-06 3.04810499617217e-06 5.29870939883739e-06 9.00658928415814e-06 1.50253085510915e-05 2.46626228263772e-05 3.94547703376377e-05 6.11496671512893e-05 9.11852737139559e-05 0.000130016581088203 0.000176514458667096 0.000227961916490523 0.000279766784354663 0.000327213764035571 0.000366588330462935 0.000396914043284461 0.000419517385248776 0.000439742430430205 0.000465536193042025 0.000506643034168262 0.000572741167736945 0.000671746183389985 0.000806920941954467 0.000974257471904692 0.00116110821347562 0.00134699558162013 0.0015065896518387 0.00161564873816227 0.00165664579236501 0.00162368143825357 0.00152345696142099 0.00137328361234863 0.00119659075817451 0.00101688043794858 0.000852991466763776 0.000716414571482098 0.000610363447983567 0.000531688621804047 0.0004737138544013 0.000429184639781438 0.000392529921835448 0.000361527738865612 0.000335827872506513 0.000315130216452411 0.000299992410533625 0.000287512746164093 0.000273913580227332 0.000255496486394254 0.000230179249004139 0.000198184132848075 0.000161793315554226 0.00012463752070414 9.04599026634139e-05 6.17453871238971e-05 3.9514308629565e-05 2.38989802269484e-05 1.35992725284439e-05 7.29139140638382e-06 3.68628650067341e-06 1.75729162455169e-06 7.91795094179334e-07 1.85691226183143e-07 8.22286584746292e-08 3.39317816296942e-08 1.30479342411363e-08 0 0 0 0 0 0 0 0 0 0 0 0 0 0 0 0 0 0 0 0 0 0 0 0 0 0 0 0 0 0 0 0 0 0 0 0 0 0 0 0 0 0 0 0 0 0
0 0 0 1.63389203629489e-09 4.26974437825834e-09 1.03975742945834e-08 2.42493972676872e-08 5.16187971617671e-08 1.02998073505272e-07 2.38487176725124e-07 4.58998789749172e-07 9.13675354503577e-07 1.70712588814368e-06 3.13072197681531e-06 5.61413412409302e-06 9.82555884780647e-06 1.65235678823136e-05 2.65659719723606e-05 4.06196303650151e-05 5.88442855620078e-05 8.06192111798028e-05 0.000104608342066447 0.000128654830922793 0.000150674391366544 0.000169175990133954 0.000184632074105246 0.000198287312263367 0.000214330778123601 0.00023872938825309 0.000279090153787051 0.000343471901787443 0.000438947940733759 0.000568980419747735 0.000730658975402174 0.000912843723367267 0.00109629470131495 0.00125619428128025 0.00136780888149666 0.00141258006314549 0.00138354775538875 0.0012871617641189 0.00114148816071327 0.000971212541482856 0.000800982325422373 0.000650005115208747 0.000529024988977544 0.000439881734089079 0.000377875019995427 0.000335060397488882 0.000303479017123905 0.000277309022215357 0.000253987049470157 0.000233445232662153 0.000215600623534876 0.000201722171023208 0.000189936364818152 0.000177996532748064 0.000163607080367883 0.000145380042163344 0.000123475218235291 9.93564154054182e-05 7.52953955539168e-05 5.36536319905512e-05 3.58474471298281e-05 2.23549118558145e-05 1.31370223749202e-05 7.23171396527154e-06 3.73326275792294e-06 1.80917511633387e-06 8.23720312933159e-07 3.53028212517515e-07 4.71709778156972e-08 2.08351195916886e-08 8.57568368752397e-09 3.28922170474189e-09 0 0 0 0 0 0 0 0 0 0 0 0 0 0 0 0 0 0 0 0 0 0 0 0 0 0 0 0 0 0 0 0 0 0 0 0 0 0 0 0 0 0 0 0 0 0
0 0 0 3.07076011007598e-10 8.00412214605347e-10 1.94416518657421e-09 4.40052258391442e-09 9.28168838445312e-09 1.82432139186365e-08 5.2852167229715e-08 1.09172484306065e-07 2.39617032421765e-07 4.85723694780538e-07 9.58784266137366e-07 1.82641170193995e-06 3.35176938049395e-06 5.82441594079415e-06 9.57076828766069e-06 1.48317645633789e-05 2.16459291366359e-05 2.9751316224586e-05 3.86379227385405e-05 4.75376667063519e-05 5.5814850994558e-05 6.30466529207937e-05 7.02360861370098e-05 7.83803207449356e-05 9.06650665637437e-05 0.00011158818973163 0.000147121281685699 0.000203973402749246 0.000288319844312412 0.000403528547868027 0.000547480596881009 0.000710674708171586 0.00087600779192152 0.00102100716879585 0.00112292934107696 0.00116466808745291 0.00113990760812432 0.00105504138073959 0.000927328199064923 0.000779824611060988 0.000634923916860729 0.000509162161231143 0.000410613510495637 0.000339176944733375 0.000289275220884423 0.00025326875477607 0.000224405063602887 0.000198437506802849 0.000173934675145317 0.000151676561759027 0.000132205793927221 0.000117058187040787 0.000105005458577827 9.47186807162887e-05 8.46748819581714e-05 7.37636056252713e-05 6.17349878704114e-05 4.90877335247316e-05 3.67371392954123e-05 2.59122246766544e-05 1.71137381325211e-05 1.05227429076618e-05 6.08863416264762e-06 3.29089979265509e-06 1.66247291447186e-06 7.85464797330678e-07 3.47350385966839e-07 1.43901586512358e-07 9.29071723085054e-09 4.09316883400236e-09 1.68043497745027e-09 6.42888125178128e-10 0 0 0 0 0 0 0 0 0 0 0 0 0 0 0 0 0 0 0 0 0 0 0 0 0 0 0 0 0 0 0 0 0 0 0 0 0 0 0 0 0 0 0 0 0 0
0 0 0 0 0 0 0 0 0 6.25135112599774e-09 1.67398589879486e-08 4.65368600551704e-08 1.09322399489052e-07 2.39534007283872e-07 4.89555057147762e-07 9.41193428533811e-07 1.68161140248943e-06 2.80793316591607e-06 4.38764035976793e-06 6.42487506880506e-06 8.83328793602825e-06 1.14613034664651e-05 1.41159457001732e-05 1.67555231901311e-05 1.92965190051175e-05 2.26913506603328e-05 2.76745500969612e-05 3.6537741649858e-05 5.25524902996511e-05 8.01797459842372e-05 0.000124600774095253 0.000190664574015284 0.0002811139654092 0.000394291852616499 0.000522673817406689 0.000652612082287186 0.000766279706885978 0.000845832770733504 0.000878320681732472 0.000859751254250185 0.000796436043384458 0.000703045805138082 0.000598036108280451 0.000498205151666148 0.000414562617211175 0.000350722626740037 0.000303970612642892 0.000268165892089134 0.000236950762811822 0.000206076953257569 0.000174222395142002 0.000142437436791095 0.000113136354507804 8.80816908758856e-05 6.89112852136883e-05 5.47809759560098e-05 4.45865511701921e-05 3.69102417386626e-05 3.05215993756585e-05 2.46986642753512e-05 1.92120758409461e-05 1.40475190044764e-05 9.82344185383048e-06 6.42663319944145e-06 3.90630571051341e-06 2.23241408434501e-06 1.18887150128875e-06 5.89992806929101e-07 2.7284132789897e-07 1.17577772889705e-07 4.72162989954976e-08 0 0 0 0 0 0 0 0 0 0 0 0 0 0 0 0 0 0 0 0 0 0 0 0 0 0 0 0 0 0 0 0 0 0 0 0 0 0 0 0 0 0 0 0 0 0 0 0 0 0
0 0 0 0 0 0 0 0 0 1.58838690129171e-09 4.24251607911025e-09 1.1403266051663e-08 2.66386745966326e-08 5.80262821718528e-08 1.17865819296009e-07 2.25272304629059e-07 3.99705772802057e-07 6.62838502826784e-07 1.02839059430798e-06 1.49493105974821e-06 2.04018585210741e-06 2.62961707977796e-06 3.23886216094553e-06 3.9925288336749e-06 4.86713610743278e-06 6.54576866271531e-06 9.54743579747922e-06 1.53803517419609e-05 2.62229826919904e-05 4.50654162946547e-05 7.54011505445281e-05 0.000120462434652606 0.000182037162647353 0.000258767564244038 0.000345341911463351 0.000432351149866551 0.000507837888700875 0.000560270639382183 0.000581963544517806 0.000571678082614356 0.000535171204442386 0.000483328018113823 0.000428527050562164 0.000380669229807683 0.000344473205530727 0.000318950173132865 0.000299030535226905 0.000278437136443429 0.000252463951244269 0.000219596280369732 0.000181554276768076 0.00014205833580208 0.000105287473369525 7.42782075623109e-05 5.07354173954175e-05 3.4071510971765e-05 2.30493694796398e-05 1.60406748356885e-05 1.15492036749233e-05 8.49202453725634e-06 6.22314211142797e-06 4.24607262626973e-06 2.95871373368171e-06 1.92950489416446e-06 1.16873412231221e-06 6.66213681081717e-07 3.53885694839681e-07 1.75171764828396e-07 8.08010195749292e-08 3.4731313950062e-08 1.39116045562224e-08 0 0 0 0 0 0 0 0 0 0 0 0 0 0 0 0 0 0 0 0 0 0 0 0 0 0 0 0 0 0 0 0 0 0 0 0 0 0 0 0 0 0 0 0 0 0 0 0 0 0
0 0 0 0 0 0 0 0 0 3.12917296444878e-10 8.33654439129887e-10 2.06963710671115e-09 4.78799816108514e-09 1.03220363714653e-08 2.07361646506971e-08 3.92161403051381e-08 6.87628597544155e-08 1.12641714511224e-07 1.72597315728361e-07 2.47816375134706e-07 3.34258184975323e-07 4.2696579259098e-07 5.31831702799768e-07 7.71518334648778e-07 1.12393147206186e-06 1.98588730787409e-06 3.68360211885194e-06 7.07725310139705e-06 1.34206870559073e-05 2.44277907166398e-05 4.20849597477746e-05 6.81830653485306e-05 0.000103674402778868 0.000147573625901091 0.000196711303901655 0.000245678100742992 0.000287886243054578 0.000317381363048358 0.00033081926896959 0.00032879571632712 0.000315826912441312 0.000298825204745235 0.000284577876675329 0.000277229978184038 0.000276829241004805 0.000279530713681348 0.000279346183339964 0.000270653322624746 0.000250379538424118 0.000219002319740542 0.000180102827403518 0.000138849319251441 0.000100254480263351 6.78887227066388e-05 4.33701468883248e-05 2.62843218860816e-05 1.5318371692045e-05 8.7689965167023e-06 5.06553318302326e-06 3.02438190646386e-06 1.87945072011363e-06 9.95355476239742e-07 6.91037501540919e-07 4.49200930303391e-07 2.71116586384228e-07 1.5414988621597e-07 8.16736503940152e-08 4.03248130368915e-08 1.85530107270157e-08 7.95441172053967e-09 3.17799620624923e-09 0 0 0 0 0 0 0 0 0 0 0 0 0 0 0 0 0 0 0 0 0 0 0 0 0 0 0 0 0 0 0 0 0 0 0 0 0 0 0 0 0 0 0 0 0 0 0 0 0 0
0 0 0 0 0 0 0 0 0 0 0 0 0 0 0 0 0 0 0 0 0 2.07781674752794e-10 5.4848186159277e-09 9.03171090367701e-08 2.35682817930478e-07 6.29483440075809e-07 1.44339986487163e-06 3.08885509988942e-06 6.16964491028244e-06 1.15032776651424e-05 2.00231502214517e-05 3.25421541088564e-05 4.94839832956552e-05 7.02653096737711e-05 9.33499950002549e-05 0.000116222980421671 0.000135996732434383 0.00015033313081569 0.000158382074603009 0.000161306782085396 0.000162054209892073 0.000164323990033748 0.000171061868087738 0.000183075667373573 0.000198397762113534 0.000212742451342205 0.000220943488043212 0.000218805411695853 0.000204600966415281 0.000179610907432565 0.000147554014755064 0.000113245037568733 8.11151931449276e-05 5.42498854293039e-05 3.39290896611655e-05 1.98624884666615e-05 1.09263887620798e-05 5.68944586965931e-06 2.84058203536266e-06 1.38816722252052e-06 6.82540585477662e-07 1.80960175072444e-07 1.25160294913437e-07 8.10908847203787e-08 4.8762652322192e-08 2.76543680475654e-08 1.46147635886672e-08 7.19733119813604e-09 3.30295623273463e-09 1.41249131878256e-09 5.62885930091508e-10 0 0 0 0 0 0 0 0 0 0 0 0 0 0 0 0 0 0 0 0 0 0 0 0 0 0 0 0 0 0 0 0 0 0 0 0 0 0 0 0 0 0 0 0 0 0 0 0 0 0
0 0 0 0 0 0 0 0 0 0 0 0 0 0 0 0 0 0 0 0 0 0 1.26514520155708e-09 3.71365233323964e-08 9.70031045338553e-08 2.53445909641848e-07 5.79799753223805e-07 1.23727081884892e-06 2.46312162115657e-06 4.57493314404997e-06 7.92881074741285e-06 1.2823465846819e-05 1.9422239450901e-05 2.74522874103172e-05 3.63297518340096e-05 4.51381712804428e-05 5.29135586467325e-05 5.90305838770536e-05 6.35651103722012e-05 6.74435055969537e-05 7.22359509469308e-05 7.95868477825952e-05 9.04515914343929e-05 0.000104444274033117 0.000119616034155073 0.000132843004478184 0.000140746003271951 0.000140806300169117 0.000132222904760873 0.000116157579660935 9.52924462047516e-05 7.29296120722126e-05 5.20292691884346e-05 3.46064782635673e-05 2.14607963473567e-05 1.24019308470458e-05 6.67858434203674e-06 3.35143778668824e-06 1.56721848841603e-06 6.82935310834283e-07 2.77320023066599e-07 0 0 0 0 0 0 0 0 0 0 0 0 0 0 0 0 0 0 0 0 0 0 0 0 0 0 0 0 0 0 0 0 0 0 0 0 0 0 0 0 0 0 0 0 0 0 0 0 0 0 0 0 0 0 0 0 0 0 0 0
0 0 0 0 0 0 0 0 0 0 0 0 0 0 0 0 0 0 0 0 0 0 2.5177814710927e-10 1.23446861600379e-08 3.22003494260671e-08 8.24236578962019e-08 1.87858606772321e-07 3.99286830386309e-07 7.91488960699112e-07 1.46333863327859e-06 2.52360828035747e-06 4.0599080836203e-06 6.12826716831705e-06 8.62809640464409e-06 1.13916622045613e-05 1.41679498538471e-05 1.67321259956078e-05 1.90180261864163e-05 2.12308114615568e-05 2.38707184797786e-05 2.76167361912954e-05 3.30713081125052e-05 4.0437941481235e-05 4.92614465919369e-05 5.83695453506955e-05 6.6093667572414e-05 7.07292357734622e-05 7.10741691063649e-05 6.68276553393866e-05 5.86813535071098e-05 4.80728007185018e-05 3.67209655506998e-05 2.61421981309281e-05 1.73487405049375e-05 1.07312196302731e-05 6.18560029777343e-06 3.3225097229588e-06 1.66303850705311e-06 7.75693205678574e-07 3.37154769026187e-07 1.36558979995413e-07 0 0 0 0 0 0 0 0 0 0 0 0 0 0 0 0 0 0 0 0 0 0 0 0 0 0 0 0 0 0 0 0 0 0 0 0 0 0 0 0 0 0 0 0 0 0 0 0 0 0 0 0 0 0 0 0 0 0 0 0
0 0 0 0 0 0 0 0 0 0 0 0 0 0 0 0 0 0 0 0 0 0 0 3.12916663600753e-09 8.15546547791338e-09 2.04790266248025e-08 4.65310898324103e-08 9.85658686321059e-08 1.94661982480931e-07 3.58451993151615e-07 6.15463719489972e-07 9.85426684906159e-07 1.48562781151044e-06 2.08769114971346e-06 2.7593093974707e-06 3.45542269223853e-06 4.15199783627005e-06 4.88230376406435e-06 5.76414659803635e-06 6.9974051267913e-06 8.81650058032207e-06 1.13988770336031e-05 1.47541629984343e-05 1.86392131644613e-05 2.25482861023016e-05 2.58060051891961e-05 2.77472145487593e-05 2.79220147346441e-05 2.62430190816052e-05 2.30118267027189e-05 1.88153443434313e-05 1.43406172896755e-05 1.01857875688598e-05 6.74330451272349e-06 4.16047773304988e-06 2.39202255032568e-06 1.28156009092716e-06 6.39829584355124e-07 2.97674269822858e-07 1.29053537757215e-07 5.2137495966711e-08 0 0 0 0 0 0 0 0 0 0 0 0 0 0 0 0 0 0 0 0 0 0 0 0 0 0 0 0 0 0 0 0 0 0 0 0 0 0 0 0 0 0 0 0 0 0 0 0 0 0 0 0 0 0 0 0 0 0 0 0
0 0 0 0 0 0 0 0 0 0 0 0 0 0 0 0 0 0 0 0 0 0 0 6.51064465270816e-10 1.69251822106755e-09 4.1000990707105e-09 9.25565133205219e-09 1.94702379339301e-08 3.81669247840985e-08 6.97195727012064e-08 1.1867900645787e-07 1.88254221802775e-07 2.82797843280743e-07 3.95565767852285e-07 5.22958162375449e-07 6.61312605769566e-07 8.15561641283056e-07 1.007338008057e-06 1.27999570951795e-06 1.69546162032761e-06 2.3191703406769e-06 3.19362823555512e-06 4.30757127981624e-06 5.57348702954212e-06 6.82750472662335e-06 7.85938508275107e-06 8.46749146796725e-06 8.52005685456741e-06 7.99793045710475e-06 7.00030824051522e-06 5.71132732689271e-06 4.34284242237999e-06 3.07723292665757e-06 2.03220942480671e-06 1.25062811878279e-06 7.17198800132159e-07 3.83267997039037e-07 1.9086100103851e-07 8.85693535768815e-08 3.83002307178382e-08 1.54337315767925e-08 0 0 0 0 0 0 0 0 0 0 0 0 0 0 0 0 0 0 0 0 0 0 0 0 0 0 0 0 0 0 0 0 0 0 0 0 0 0 0 0 0 0 0 0 0 0 0 0 0 0 0 0 0 0 0 0 0 0 0 0
0 0 0 0 0 0 0 0 0 0 0 0 0 0 0 0 0 0 0 0 0 0 0 0 0 0 0 0 0 0 0 0 1.1162301131387e-09 3.01590997357335e-09 7.59337153430239e-09 1.78156865771586e-08 3.89513141934142e-08 7.93584732288166e-08 1.50666302406294e-07 2.66557308044053e-07 4.39457312016878e-07 6.75140923756896e-07 9.66548852769544e-07 1.2894509403798e-06 1.60301458659955e-06 1.85704215634773e-06 2.00473830491751e-06 2.01671835951053e-06 1.89053382826823e-06 1.65148750083129e-06 1.34436676321794e-06 1.01979265598593e-06 7.20871126415364e-07 4.74848443622774e-07 2.91476834586311e-07 1.66726528474667e-07 8.88703740389619e-08 4.41429086346087e-08 2.04322654147828e-08 8.8129992735007e-09 3.54227753342839e-09 0 0 0 0 0 0 0 0 0 0 0 0 0 0 0 0 0 0 0 0 0 0 0 0 0 0 0 0 0 0 0 0 0 0 0 0 0 0 0 0 0 0 0 0 0 0 0 0 0 0 0 0 0 0 0 0 0 0 0 0
0 0 0 0 0 0 0 0 0 0 0 0 0 0 0 0 0 0 0 0 0 0 0 0 0 0 0 0 0 0 0 0 2.13381079581503e-10 5.75055610217264e-10 1.44416035606138e-09 3.37965703410475e-09 7.37023744438306e-09 1.49775909723034e-08 2.83631257286562e-08 5.00515869116754e-08 8.23063325277627e-08 1.26124740834059e-07 1.80102176272199e-07 2.39656532813644e-07 2.97174281049826e-07 3.43387756958748e-07 3.69751573263931e-07 3.71011090215427e-07 3.46908858773806e-07 3.02270334281392e-07 2.45429803575804e-07 1.85699489895098e-07 1.30931987143911e-07 8.60265378589422e-08 5.26709035266793e-08 3.00511245991545e-08 1.59772609145668e-08 7.9158136761639e-09 3.65460493491968e-09 1.57230554833077e-09 6.3035484473054e-10 0 0 0 0 0 0 0 0 0 0 0 0 0 0 0 0 0 0 0 0 0 0 0 0 0 0 0 0 0 0 0 0 0 0 0 0 0 0 0 0 0 0 0 0 0 0 0 0 0 0 0 0 0 0 0 0 0 0 0 0
0 0 0 0 0 0 0 0 0 0 0 0 0 0 0 0 0 0 0 0 0 0 0 0 0 0 0 0 0 0 0 0 0 0 0 0 0 0 0 0 0 0 0 0 0 0 0 0 0 0 0 0 0 0 0 0 0 0 0 0 0 0 0 0 0 0 0 0 0 0 0 0 0 0 0 0 0 0 0 0 0 0 0 0 0 0 0 0 0 0 0 0 0 0 0 0 0 0 0 0 0 0 0 0 0 0 0 0 0 0 0 0 0 0 0 0 0 0 0 0 0
0 0 0 0 0 0 0 0 0 0 0 0 0 0 0 0 0 0 0 0 0 0 0 0 0 0 0 0 0 0 0 0 0 0 0 0 0 0 0 0 0 0 0 0 0 0 0 0 0 0 0 0 0 0 0 0 0 0 0 0 0 0 0 0 0 0 0 0 0 0 0 0 0 0 0 0 0 0 0 0 0 0 0 0 0 0 0 0 0 0 0 0 0 0 0 0 0 0 0 0 0 0 0 0 0 0 0 0 0 0 0 0 0 0 0 0 0 0 0 0 0
0 0 0 0 0 0 0 0 0 0 0 0 0 0 0 0 0 0 0 0 0 0 0 0 0 0 0 0 0 0 0 0 0 0 0 0 0 0 0 0 0 0 0 0 0 0 0 0 0 0 0 0 0 0 0 0 0 0 0 0 0 0 0 0 0 0 0 0 0 0 0 0 0 0 0 0 0 0 0 0 0 0 0 0 0 0 0 0 0 0 0 0 0 0 0 0 0 0 0 0 0 0 0 0 0 0 0 0 0 0 0 0 0 0 0 0 0 0 0 0 0
0 0 0 0 0 0 0 0 0 0 0 0 0 0 0 0 0 0 0 0 0 0 0 0 0 0 0 0 0 0 0 0 0 0 0 0 0 0 0 0 0 0 0 0 0 0 0 0 0 0 0 0 0 0 0 0 0 0 0 0 0 0 0 0 0 0 0 0 0 0 0 0 0 0 0 0 0 0 0 0 0 0 0 0 0 0 0 0 0 0 0 0 0 0 0 0 0 0 0 0 0 0 0 0 0 0 0 0 0 0 0 0 0 0 0 0 0 0 0 0 0
0 0 0 0 0 0 0 0 0 0 0 0 0 0 0 0 0 0 0 0 0 0 0 0 0 0 0 0 0 0 0 0 0 0 0 0 0 0 0 0 0 0 0 0 0 0 0 0 0 0 0 0 0 0 0 0 0 0 0 0 0 0 0 0 0 0 0 0 0 0 0 0 0 0 0 0 0 0 0 0 0 0 0 0 0 0 0 0 0 0 0 0 0 0 0 0 0 0 0 0 0 0 0 0 0 0 0 0 0 0 0 0 0 0 0 0 0 0 0 0 0
0 0 0 0 0 0 0 0 0 0 0 0 0 0 0 0 0 0 0 0 0 0 0 0 0 0 0 0 0 0 0 0 0 0 0 0 0 0 0 0 0 0 0 0 0 0 0 0 0 0 0 0 0 0 0 0 0 0 0 0 0 0 0 0 0 0 0 0 0 0 0 0 0 0 0 0 0 0 0 0 0 0 0 0 0 0 0 0 0 0 0 0 0 0 0 0 0 0 0 0 0 0 0 0 0 0 0 0 0 0 0 0 0 0 0 0 0 0 0 0 0
0 0 0 0 0 0 0 0 0 0 0 0 0 0 0 0 0 0 0 0 0 0 0 0 0 0 0 0 0 0 0 0 0 0 0 0 0 0 0 0 0 0 0 0 0 0 0 0 0 0 0 0 0 0 0 0 0 0 0 0 0 0 0 0 0 0 0 0 0 0 0 0 0 0 0 0 0 0 0 0 0 0 0 0 0 0 0 0 0 0 0 0 0 0 0 0 0 0 0 0 0 0 0 0 0 0 0 0 0 0 0 0 0 0 0 0 0 0 0 0 0
0 0 0 0 0 0 0 0 0 0 0 0 0 0 0 0 0 0 0 0 0 0 0 0 0 0 0 0 0 0 0 0 0 0 0 0 0 0 0 0 0 0 0 0 0 0 0 0 0 0 0 0 0 0 0 0 0 0 0 0 0 0 0 0 0 0 0 0 0 0 0 0 0 0 0 0 0 0 0 0 0 0 0 0 0 0 0 0 0 0 0 0 0 0 0 0 0 0 0 0 0 0 0 0 0 0 0 0 0 0 0 0 0 0 0 0 0 0 0 0 0
0 0 0 0 0 0 0 0 0 0 0 0 0 0 0 0 0 0 0 0 0 0 0 0 0 0 0 0 0 0 0 0 0 0 0 0 0 0 0 0 0 0 0 0 0 0 0 0 0 0 0 0 0 0 0 0 0 0 0 0 0 0 0 0 0 0 0 0 0 0 0 0 0 0 0 0 0 0 0 0 0 0 0 0 0 0 0 0 0 0 0 0 0 0 0 0 0 0 0 0 0 0 0 0 0 0 0 0 0 0 0 0 0 0 0 0 0 0 0 0 0
0 0 0 0 0 0 0 0 0 0 0 0 0 0 0 0 0 0 0 0 0 0 0 0 0 0 0 0 0 0 0 0 0 0 0 0 0 0 0 0 0 0 0 0 0 0 0 0 0 0 0 0 0 0 0 0 0 0 0 0 0 0 0 0 0 0 0 0 0 0 0 0 0 0 0 0 0 0 0 0 0 0 0 0 0 0 0 0 0 0 0 0 0 0 0 0 0 0 0 0 0 0 0 0 0 0 0 0 0 0 0 0 0 0 0 0 0 0 0 0 0
0 0 0 0 0 0 0 0 0 0 0 0 0 0 0 0 0 0 0 0 0 0 0 0 0 0 0 0 0 0 0 0 0 0 0 0 0 0 0 0 0 0 0 0 0 0 0 0 0 0 0 0 0 0 0 0 0 0 0 0 0 0 0 0 0 0 0 0 0 0 0 0 0 0 0 0 0 0 0 0 0 0 0 0 0 0 0 0 0 0 0 0 0 0 0 0 0 0 0 0 0 0 0 0 0 0 0 0 0 0 0 0 0 0 0 0 0 0 0 0 0
0 0 0 0 0 0 0 0 0 0 0 0 0 0 0 0 0 0 0 0 0 0 0 0 0 0 0 0 0 0 0 0 0 0 0 0 0 0 0 0 0 0 0 0 0 0 0 0 0 0 0 0 0 0 0 0 0 0 0 0 0 0 0 0 0 0 0 0 0 0 0 0 0 0 0 0 0 0 0 0 0 0 0 0 0 0 0 0 0 0 0 0 0 0 0 0 0 0 0 0 0 0 0 0 0 0 0 0 0 0 0 0 0 0 0 0 0 0 0 0 0
0 0 0 0 0 0 0 0 0 0 0 0 0 0 0 0 0 0 0 0 0 0 0 0 0 0 0 0 0 0 0 0 0 0 0 0 0 0 0 0 0 0 0 0 0 0 0 0 0 0 0 0 0 0 0 0 0 0 0 0 0 0 0 0 0 0 0 0 0 0 0 0 0 0 0 0 0 0 0 0 0 0 0 0 0 0 0 0 0 0 0 0 0 0 0 0 0 0 0 0 0 0 0 0 0 0 0 0 0 0 0 0 0 0 0 0 0 0 0 0 0
0 0 0 0 0 0 0 0 0 0 0 0 0 0 0 0 0 0 0 0 0 0 0 0 0 0 0 0 0 0 0 0 0 0 0 0 0 0 0 0 0 0 0 0 0 0 0 0 0 0 0 0 0 0 0 0 0 0 0 0 0 0 0 0 0 0 0 0 0 0 0 0 0 0 0 0 0 0 0 0 0 0 0 0 0 0 0 0 0 0 0 0 0 0 0 0 0 0 0 0 0 0 0 0 0 0 0 0 0 0 0 0 0 0 0 0 0 0 0 0 0
0 0 0 0 0 0 0 0 0 0 0 0 0 0 0 0 0 0 0 0 0 0 0 0 0 0 0 0 0 0 0 0 0 0 0 0 0 0 0 0 0 0 0 0 0 0 0 0 0 0 0 0 0 0 0 0 0 0 0 0 0 0 0 0 0 0 0 0 0 0 0 0 0 0 0 0 0 0 0 0 0 0 0 0 0 0 0 0 0 0 0 0 0 0 0 0 0 0 0 0 0 0 0 0 0 0 0 0 0 0 0 0 0 0 0 0 0 0 0 0 0
0 0 0 0 0 0 0 0 0 0 0 0 0 0 0 0 0 0 0 0 0 0 0 0 0 0 0 0 0 0 0 0 0 0 0 0 0 0 0 0 0 0 0 0 0 0 0 0 0 0 0 0 0 0 0 0 0 0 0 0 0 0 0 0 0 0 0 0 0 0 0 0 0 0 0 0 0 0 0 0 0 0 0 0 0 0 0 0 0 0 0 0 0 0 0 0 0 0 0 0 0 0 0 0 0 0 0 0 0 0 0 0 0 0 0 0 0 0 0 0 0
0 0 0 0 0 0 0 0 0 0 0 0 0 0 0 0 0 0 0 0 0 0 0 0 0 0 0 0 0 0 0 0 0 0 0 0 0 0 0 0 0 0 0 0 0 0 0 0 0 0 0 0 0 0 0 0 0 0 0 0 0 0 0 0 0 0 0 0 0 0 0 0 0 0 0 0 0 0 0 0 0 0 0 0 0 0 0 0 0 0 0 0 0 0 0 0 0 0 0 0 0 0 0 0 0 0 0 0 0 0 0 0 0 0 0 0 0 0 0 0 0
0 0 0 0 0 0 0 0 0 0 0 0 0 0 0 0 0 0 0 0 0 0 0 0 0 0 0 0 0 0 0 0 0 0 0 0 0 0 0 0 0 0 0 0 0 0 0 0 0 0 0 0 0 0 0 0 0 0 0 0 0 0 0 0 0 0 0 0 0 0 0 0 0 0 0 0 0 0 0 0 0 0 0 0 0 0 0 0 0 0 0 0 0 0 0 0 0 0 0 0 0 0 0 0 0 0 0 0 0 0 0 0 0 0 0 0 0 0 0 0 0
0 0 0 0 0 0 0 0 0 0 0 0 0 0 0 0 0 0 0 0 0 0 0 0 0 0 0 0 0 0 0 0 0 0 0 0 0 0 0 0 0 0 0 0 0 0 0 0 0 0 0 0 0 0 0 0 0 0 0 0 0 0 0 0 0 0 0 0 0 0 0 0 0 0 0 0 0 0 0 0 0 0 0 0 0 0 0 0 0 0 0 0 0 0 0 0 0 0 0 0 0 0 0 0 0 0 0 0 0 0 0 0 0 0 0 0 0 0 0 0 0
0 0 0 0 0 0 0 0 0 0 0 0 0 0 0 0 0 0 0 0 0 0 0 0 0 0 0 0 0 0 0 0 0 0 0 0 0 0 0 0 0 0 0 0 0 0 0 0 0 0 0 0 0 0 0 0 0 0 0 0 0 0 0 0 0 0 0 0 0 0 0 0 0 0 0 0 0 0 0 0 0 0 0 0 0 0 0 0 0 0 0 0 0 0 0 0 0 0 0 0 0 0 0 0 0 0 0 0 0 0 0 0 0 0 0 0 0 0 0 0 0
0 0 0 0 0 0 0 0 0 0 0 0 0 0 0 0 0 0 0 0 0 0 0 0 0 0 0 0 0 0 0 0 0 0 0 0 0 0 0 0 0 0 0 0 0 0 0 0 0 0 0 0 0 0 0 0 0 0 0 0 0 0 0 0 0 0 0 0 0 0 0 0 0 0 0 0 0 0 0 0 0 0 0 0 0 0 0 0 0 0 0 0 0 0 0 0 0 0 0 0 0 0 0 0 0 0 0 0 0 0 0 0 0 0 0 0 0 0 0 0 0
0 0 0 0 0 0 0 0 0 0 0 0 0 0 0 0 0 0 0 0 0 0 0 0 0 0 0 0 0 0 0 0 0 0 0 0 0 0 0 0 0 0 0 0 0 0 0 0 0 0 0 0 0 0 0 0 0 0 0 0 0 0 0 0 0 0 0 0 0 0 0 0 0 0 0 0 0 0 0 0 0 0 0 0 0 0 0 0 0 0 0 0 0 0 0 0 0 0 0 0 0 0 0 0 0 0 0 0 0 0 0 0 0 0 0 0 0 0 0 0 0
0 0 0 0 0 0 0 0 0 0 0 0 0 0 0 0 0 0 0 0 0 0 0 0 0 0 0 0 0 0 0 0 0 0 0 0 0 0 0 0 0 0 0 0 0 0 0 0 0 0 0 0 0 0 0 0 0 0 0 0 0 0 0 0 0 0 0 0 0 0 0 0 0 0 0 0 0 0 0 0 0 0 0 0 0 0 0 0 0 0 0 0 0 0 0 0 0 0 0 0 0 0 0 0 0 0 0 0 0 0 0 0 0 0 0 0 0 0 0 0 0
0 0 0 0 0 0 0 0 0 0 0 0 0 0 0 0 0 0 0 0 0 0 0 0 0 0 0 0 0 0 0 0 0 0 0 0 0 0 0 0 0 0 0 0 0 0 0 0 0 0 0 0 0 0 0 0 0 0 0 0 0 0 0 0 0 0 0 0 0 0 0 0 0 0 0 0 0 0 0 0 0 0 0 0 0 0 0 0 0 0 0 0 0 0 0 0 0 0 0 0 0 0 0 0 0 0 0 0 0 0 0 0 0 0 0 0 0 0 0 0 0
0 0 0 0 0 0 0 0 0 0 0 0 0 0 0 0 0 0 0 0 0 0 0 0 0 0 0 0 0 0 0 0 0 0 0 0 0 0 0 0 0 0 0 0 0 0 0 0 0 0 0 0 0 0 0 0 0 0 0 0 0 0 0 0 0 0 0 0 0 0 0 0 0 0 0 0 0 0 0 0 0 0 0 0 0 0 0 0 0 0 0 0 0 0 0 0 0 0 0 0 0 0 0 0 0 0 0 0 0 0 0 0 0 0 0 0 0 0 0 0 0
0 0 0 0 0 0 0 0 0 0 0 0 0 0 0 0 0 0 0 0 0 0 0 0 0 0 0 0 0 0 0 0 0 0 0 0 0 0 0 0 0 0 0 0 0 0 0 0 0 0 0 0 0 0 0 0 0 0 0 0 0 0 0 0 0 0 0 0 0 0 0 0 0 0 0 0 0 0 0 0 0 0 0 0 0 0 0 0 0 0 0 0 0 0 0 0 0 0 0 0 0 0 0 0 0 0 0 0 0 0 0 0 0 0 0 0 0 0 0 0 0
0 0 0 0 0 0 0 0 0 0 0 0 0 0 0 0 0 0 0 0 0 0 0 0 0 0 0 0 0 0 0 0 0 0 0 0 0 0 0 0 0 0 0 0 0 0 0 0 0 0 0 0 0 0 0 0 0 0 0 0 0 0 0 0 0 0 0 0 0 0 0 0 0 0 0 0 0 0 0 0 0 0 0 0 0 0 0 0 0 0 0 0 0 0 0 0 0 0 0 0 0 0 0 0 0 0 0 0 0 0 0 0 0 0 0 0 0 0 0 0 0
0 0 0 0 0 0 0 0 0 0 0 0 0 0 0 0 0 0 0 0 0 0 0 0 0 0 0 0 0 0 0 0 0 0 0 0 0 0 0 0 0 0 0 0 0 0 0 0 0 0 0 0 0 0 0 0 0 0 0 0 0 0 0 0 0 0 0 0 0 0 0 0 0 0 0 0 0 0 0 0 0 0 0 0 0 0 0 0 0 0 0 0 0 0 0 0 0 0 0 0 0 0 0 0 0 0 0 0 0 0 0 0 0 0 0 0 0 0 0 0 0
0 0 0 0 0 0 0 0 0 0 0 0 0 0 0 0 0 0 0 0 0 0 0 0 0 0 0 0 0 0 0 0 0 0 0 0 0 0 0 0 0 0 0 0 0 0 0 0 0 0 0 0 0 0 0 0 0 0 0 0 0 0 0 0 0 0 0 0 0 0 0 0 0 0 0 0 0 0 0 0 0 0 0 0 0 0 0 0 0 0 0 0 0 0 0 0 0 0 0 0 0 0 0 0 0 0 0 0 0 0 0 0 0 0 0 0 0 0 0 0 0
0 0 0 0 0 0 0 0 0 0 0 0 0 0 0 0 0 0 0 0 0 0 0 0 0 0 0 0 0 0 0 0 0 0 0 0 0 0 0 0 0 0 0 0 0 0 0 0 0 0 0 0 0 0 0 0 0 0 0 0 0 0 0 0 0 0 0 0 0 0 0 0 0 0 0 0 0 0 0 0 0 0 0 0 0 0 0 0 0 0 0 0 0 0 0 0 0 0 0 0 0 0 0 0 0 0 0 0 0 0 0 0 0 0 0 0 0 0 0 0 0
0 0 0 0 0 0 0 0 0 0 0 0 0 0 0 0 0 0 0 0 0 0 0 0 0 0 0 0 0 0 0 0 0 0 0 0 0 0 0 0 0 0 0 0 0 0 0 0 0 0 0 0 0 0 0 0 0 0 0 0 0 0 0 0 0 0 0 0 0 0 0 0 0 0 0 0 0 0 0 0 0 0 0 0 0 0 0 0 0 0 0 0 0 0 0 0 0 0 0 0 0 0 0 0 0 0 0 0 0 0 0 0 0 0 0 0 0 0 0 0 0
0 0 0 0 0 0 0 0 0 0 0 0 0 0 0 0 0 0 0 0 0 0 0 0 0 0 0 0 0 0 0 0 0 0 0 0 0 0 0 0 0 0 0 0 0 0 0 0 0 0 0 0 0 0 0 0 0 0 0 0 0 0 0 0 0 0 0 0 0 0 0 0 0 0 0 0 0 0 0 0 0 0 0 0 0 0 0 0 0 0 0 0 0 0 0 0 0 0 0 0 0 0 0 0 0 0 0 0 0 0 0 0 0 0 0 0 0 0 0 0 0
0 0 0 0 0 0 0 0 0 0 0 0 0 0 0 0 0 0 0 0 0 0 0 0 0 0 0 0 0 0 0 0 0 0 0 0 0 0 0 0 0 0 0 0 0 0 0 0 0 0 0 0 0 0 0 0 0 0 0 0 0 0 0 0 0 0 0 0 0 0 0 0 0 0 0 0 0 0 0 0 0 0 0 0 0 0 0 0 0 0 0 0 0 0 0 0 0 0 0 0 0 0 0 0 0 0 0 0 0 0 0 0 0 0 0 0 0 0 0 0 0
0 0 0 0 0 0 0 0 0 0 0 0 0 0 0 0 0 0 0 0 0 0 0 0 0 0 0 0 0 0 0 0 0 0 0 0 0 0 0 0 0 0 0 0 0 0 0 0 0 0 0 0 0 0 0 0 0 0 0 0 0 0 0 0 0 0 0 0 0 0 0 0 0 0 0 0 0 0 0 0 0 0 0 0 0 0 0 0 0 0 0 0 0 0 0 0 0 0 0 0 0 0 0 0 0 0 0 0 0 0 0 0 0 0 0 0 0 0 0 0 0
0 0 0 0 0 0 0 0 0 0 0 0 0 0 0 0 0 0 0 0 0 0 0 0 0 0 0 0 0 0 0 0 0 0 0 0 0 0 0 0 0 0 0 0 0 0 0 0 0 0 0 0 0 0 0 0 0 0 0 0 0 0 0 0 0 0 0 0 0 0 0 0 0 0 0 0 0 0 0 0 0 0 0 0 0 0 0 0 0 0 0 0 0 0 0 0 0 0 0 0 0 0 0 0 0 0 0 0 0 0 0 0 0 0 0 0 0 0 0 0 0
0 0 0 0 0 0 0 0 0 0 0 0 0 0 0 0 0 0 0 0 0 0 0 0 0 0 0 0 0 0 0 0 0 0 0 0 0 0 0 0 0 0 0 0 0 0 0 0 0 0 0 0 0 0 0 0 0 0 0 0 0 0 0 0 0 0 0 0 0 0 0 0 0 0 0 0 0 0 0 0 0 0 0 0 0 0 0 0 0 0 0 0 0 0 0 0 0 0 0 0 0 0 0 0 0 0 0 0 0 0 0 0 0 0 0 0 0 0 0 0 0
0 0 0 0 0 0 0 0 0 0 0 0 0 0 0 0 0 0 0 0 0 0 0 0 0 0 0 0 0 0 0 0 0 0 0 0 0 0 0 0 0 0 0 0 0 0 0 0 0 0 0 0 0 0 0 0 0 0 0 0 0 0 0 0 0 0 0 0 0 0 0 0 0 0 0 0 0 0 0 0 0 0 0 0 0 0 0 0 0 0 0 0 0 0 0 0 0 0 0 0 0 0 0 0 0 0 0 0 0 0 0 0 0 0 0 0 0 0 0 0 0
0 0 0 0 0 0 0 0 0 0 0 0 0 0 0 0 0 0 0 0 0 0 0 0 0 0 0 0 0 0 0 0 0 0 0 0 0 0 0 0 0 0 0 0 0 0 0 0 0 0 0 0 0 0 0 0 0 0 0 0 0 0 0 0 0 0 0 0 0 0 0 0 0 0 0 0 0 0 0 0 0 0 0 0 0 0 0 0 0 0 0 0 0 0 0 0 0 0 0 0 0 0 0 0 0 0 0 0 0 0 0 0 0 0 0 0 0 0 0 0 0
0 0 0 0 0 0 0 0 0 0 0 0 0 0 0 0 0 0 0 0 0 0 0 0 0 0 0 0 0 0 0 0 0 0 0 0 0 0 0 0 0 0 0 0 0 0 0 0 0 0 0 0 0 0 0 0 0 0 0 0 0 0 0 0 0 0 0 0 0 0 0 0 0 0 0 0 0 0 0 0 0 0 0 0 0 0 0 0 0 0 0 0 0 0 0 0 0 0 0 0 0 0 0 0 0 0 0 0 0 0 0 0 0 0 0 0 0 0 0 0 0
0 0 0 0 0 0 0 0 0 0 0 0 0 0 0 0 0 0 0 0 0 0 0 0 0 0 0 0 0 0 0 0 0 0 0 0 0 0 0 0 0 0 0 0 0 0 0 0 0 0 0 0 0 0 0 0 0 0 0 0 0 0 0 0 0 0 0 0 0 0 0 0 0 0 0 0 0 0 0 0 0 0 0 0 0 0 0 0 0 0 0 0 0 0 0 0 0 0 0 0 0 0 0 0 0 0 0 0 0 0 0 0 0 0 0 0 0 0 0 0 0
0 0 0 0 0 0 0 0 0 0 0 0 0 0 0 0 0 0 0 0 0 0 0 0 0 0 0 0 0 0 0 0 0 0 0 0 0 0 0 0 0 0 0 0 0 0 0 0 0 0 0 0 0 0 0 0 0 0 0 0 0 0 0 0 0 0 0 0 0 0 0 0 0 0 0 0 0 0 0 0 0 0 0 0 0 0 0 0 0 0 0 0 0 0 0 0 0 0 0 0 0 0 0 0 0 0 0 0 0 0 0 0 0 0 0 0 0 0 0 0 0
0 0 0 0 0 0 0 0 0 0 0 0 0 0 0 0 0 0 0 0 0 0 0 0 0 0 0 0 0 0 0 0 0 0 0 0 0 0 0 0 0 0 0 0 0 0 0 0 0 0 0 0 0 0 0 0 0 0 0 0 0 0 0 0 0 0 0 0 0 0 0 0 0 0 0 0 0 0 0 0 0 0 0 0 0 0 0 0 0 0 0 0 0 0 0 0 0 0 0 0 0 0 0 0 0 0 0 0 0 0 0 0 0 0 0 0 0 0 0 0 0
0 0 0 0 0 0 0 0 0 0 0 0 0 0 0 0 0 0 0 0 0 0 0 0 0 0 0 0 0 0 0 0 0 0 0 0 0 0 0 0 0 0 0 0 0 0 0 0 0 0 0 0 0 0 0 0 0 0 0 0 0 0 0 0 0 0 0 0 0 0 0 0 0 0 0 0 0 0 0 0 0 0 0 0 0 0 0 0 0 0 0 0 0 0 0 0 0 0 0 0 0 0 0 0 0 0 0 0 0 0 0 0 0 0 0 0 0 0 0 0 0
0 0 0 0 0 0 0 0 0 0 0 0 0 0 0 0 0 0 0 0 0 0 0 0 0 0 0 0 0 0 0 0 0 0 0 0 0 0 0 0 0 0 0 0 0 0 0 0 0 0 0 0 0 0 0 0 0 0 0 0 0 0 0 0 0 0 0 0 0 0 0 0 0 0 0 0 0 0 0 0 0 0 0 0 0 0 0 0 0 0 0 0 0 0 0 0 0 0 0 0 0 0 0 0 0 0 0 0 0 0 0 0 0 0 0 0 0 0 0 0 0
0 0 0 0 0 0 0 0 0 0 0 0 0 0 0 0 0 0 0 0 0 0 0 0 0 0 0 0 0 0 0 0 0 0 0 0 0 0 0 0 0 0 0 0 0 0 0 0 0 0 0 0 0 0 0 0 0 0 0 0 0 0 0 0 0 0 0 0 0 0 0 0 0 0 0 0 0 0 0 0 0 0 0 0 0 0 0 0 0 0 0 0 0 0 0 0 0 0 0 0 0 0 0 0 0 0 0 0 0 0 0 0 0 0 0 0 0 0 0 0 0
0 0 0 0 0 0 0 0 0 0 0 0 0 0 0 0 0 0 0 0 0 0 0 0 0 0 0 0 0 0 0 0 0 0 0 0 0 0 0 0 0 0 0 0 0 0 0 0 0 0 0 0 0 0 0 0 0 0 0 0 0 0 0 0 0 0 0 0 0 0 0 0 0 0 0 0 0 0 0 0 0 0 0 0 0 0 0 0 0 0 0 0 0 0 0 0 0 0 0 0 0 0 0 0 0 0 0 0 0 0 0 0 0 0 0 0 0 0 0 0 0
0 0 0 0 0 0 0 0 0 0 0 0 0 0 0 0 0 0 0 0 0 0 0 0 0 0 0 0 0 0 0 0 0 0 0 0 0 0 0 0 0 0 0 0 0 0 0 0 0 0 0 0 0 0 0 0 0 0 0 0 0 0 0 0 0 0 0 0 0 0 0 0 0 0 0 0 0 0 0 0 0 0 0 0 0 0 0 0 0 0 0 0 0 0 0 0 0 0 0 0 0 0 0 0 0 0 0 0 0 0 0 0 0 0 0 0 0 0 0 0 0
0 0 0 0 0 0 0 0 0 0 0 0 0 0 0 0 0 0 0 0 0 0 0 0 0 0 0 0 0 0 0 0 0 0 0 0 0 0 0 0 0 0 0 0 0 0 0 0 0 0 0 0 0 0 0 0 0 0 0 0 0 0 0 0 0 0 0 0 0 0 0 0 0 0 0 0 0 0 0 0 0 0 0 0 0 0 0 0 0 0 0 0 0 0 0 0 0 0 0 0 0 0 0 0 0 0 0 0 0 0 0 0 0 0 0 0 0 0 0 0 0
0 0 0 0 0 0 0 0 0 0 0 0 0 0 0 0 0 0 0 0 0 0 0 0 0 0 0 0 0 0 0 0 0 0 0 0 0 0 0 0 0 0 0 0 0 0 0 0 0 0 0 0 0 0 0 0 0 0 0 0 0 0 0 0 0 0 0 0 0 0 0 0 0 0 0 0 0 0 0 0 0 0 0 0 0 0 0 0 0 0 0 0 0 0 0 0 0 0 0 0 0 0 0 0 0 0 0 0 0 0 0 0 0 0 0 0 0 0 0 0 0
0 0 0 0 0 0 0 0 0 0 0 0 0 0 0 0 0 0 0 0 0 0 0 0 0 0 0 0 0 0 0 0 0 0 0 0 0 0 0 0 0 0 0 0 0 0 0 0 0 0 0 0 0 0 0 0 0 0 0 0 0 0 0 0 0 0 0 0 0 0 0 0 0 0 0 0 0 0 0 0 0 0 0 0 0 0 0 0 0 0 0 0 0 0 0 0 0 0 0 0 0 0 0 0 0 0 0 0 0 0 0 0 0 0 0 0 0 0 0 0 0
0 0 0 0 0 0 0 0 0 0 0 0 0 0 0 0 0 0 0 0 0 0 0 0 0 0 0 0 0 0 0 0 0 0 0 0 0 0 0 0 0 0 0 0 0 0 0 0 0 0 0 0 0 0 0 0 0 0 0 0 0 0 0 0 0 0 0 0 0 0 0 0 0 0 0 0 0 0 0 0 0 0 0 0 0 0 0 0 0 0 0 0 0 0 0 0 0 0 0 0 0 0 0 0 0 0 0 0 0 0 0 0 0 0 0 0 0 0 0 0 0
0 0 0 0 0 0 0 0 0 0 0 0 0 0 0 0 0 0 0 0 0 0 0 0 0 0 0 0 0 0 0 0 0 0 0 0 0 0 0 0 0 0 0 0 0 0 0 0 0 0 0 0 0 0 0 0 0 0 0 0 0 0 0 0 0 0 0 0 0 0 0 0 0 0 0 0 0 0 0 0 0 0 0 0 0 0 0 0 0 0 0 0 0 0 0 0 0 0 0 0 0 0 0 0 0 0 0 0 0 0 0 0 0 0 0 0 0 0 0 0 0
0 0 0 0 0 0 0 0 0 0 0 0 0 0 0 0 0 0 0 0 0 0 0 0 0 0 0 0 0 0 0 0 0 0 0 0 0 0 0 0 0 0 0 0 0 0 0 0 0 0 0 0 0 0 0 0 0 0 0 0 0 0 0 0 0 0 0 0 0 0 0 0 0 0 0 0 0 0 0 0 0 0 0 0 0 0 0 0 0 0 0 0 0 0 0 0 0 0 0 0 0 0 0 0 0 0 0 0 0 0 0 0 0 0 0 0 0 0 0 0 0
0 0 0 0 0 0 0 0 0 0 0 0 0 0 0 0 0 0 0 0 0 0 0 0 0 0 0 0 0 0 0 0 0 0 0 0 0 0 0 0 0 0 0 0 0 0 0 0 0 0 0 0 0 0 0 0 0 0 0 0 0 0 0 0 0 0 0 0 0 0 0 0 0 0 0 0 0 0 0 0 0 0 0 0 0 0 0 0 0 0 0 0 0 0 0 0 0 0 0 0 0 0 0 0 0 0 0 0 0 0 0 0 0 0 0 0 0 0 0 0 0
0 0 0 0 0 0 0 0 0 0 0 0 0 0 0 0 0 0 0 0 0 0 0 0 0 0 0 0 0 0 0 0 0 0 0 0 0 0 0 0 0 0 0 0 0 0 0 0 0 0 0 0 0 0 0 0 0 0 0 0 0 0 0 0 0 0 0 0 0 0 0 0 0 0 0 0 0 0 0 0 0 0 0 0 0 0 0 0 0 0 0 0 0 0 0 0 0 0 0 0 0 0 0 0 0 0 0 0 0 0 0 0 0 0 0 0 0 0 0 0 0
0 0 0 0 0 0 0 0 0 0 0 0 0 0 0 0 0 0 0 0 0 0 0 0 0 0 0 0 0 0 0 0 0 0 0 0 0 0 0 0 0 0 0 0 0 0 0 0 0 0 0 0 0 0 0 0 0 0 0 0 0 0 0 0 0 0 0 0 0 0 0 0 0 0 0 0 0 0 0 0 0 0 0 0 0 0 0 0 0 0 0 0 0 0 0 0 0 0 0 0 0 0 0 0 0 0 0 0 0 0 0 0 0 0 0 0 0 0 0 0 0
0 0 0 0 0 0 0 0 0 0 0 0 0 0 0 0 0 0 0 0 0 0 0 0 0 0 0 0 0 0 0 0 0 0 0 0 0 0 0 0 0 0 0 0 0 0 0 0 0 0 0 0 0 0 0 0 0 0 0 0 0 0 0 0 0 0 0 0 0 0 0 0 0 0 0 0 0 0 0 0 0 0 0 0 0 0 0 0 0 0 0 0 0 0 0 0 0 0 0 0 0 0 0 0 0 0 0 0 0 0 0 0 0 0 0 0 0 0 0 0 0
0 0 0 0 0 0 0 0 0 0 0 0 0 0 0 0 0 0 0 0 0 0 0 0 0 0 0 0 0 0 0 0 0 0 0 0 0 0 0 0 0 0 0 0 0 0 0 0 0 0 0 0 0 0 0 0 0 0 0 0 0 0 0 0 0 0 0 0 0 0 0 0 0 0 0 0 0 0 0 0 0 0 0 0 0 0 0 0 0 0 0 0 0 0 0 0 0 0 0 0 0 0 0 0 0 0 0 0 0 0 0 0 0 0 0 0 0 0 0 0 0
0 0 0 0 0 0 0 0 0 0 0 0 0 0 0 0 0 0 0 0 0 0 0 0 0 0 0 0 0 0 0 0 0 0 0 0 0 0 0 0 0 0 0 0 0 0 0 0 0 0 0 0 0 0 0 0 0 0 0 0 0 0 0 0 0 0 0 0 0 0 0 0 0 0 0 0 0 0 0 0 0 0 0 0 0 0 0 0 0 0 0 0 0 0 0 0 0 0 0 0 0 0 0 0 0 0 0 0 0 0 0 0 0 0 0 0 0 0 0 0 0
0 0 0 0 0 0 0 0 0 0 0 0 0 0 0 0 0 0 0 0 0 0 0 0 0 0 0 0 0 0 0 0 0 0 0 0 0 0 0 0 0 0 0 0 0 0 0 0 0 0 0 0 0 0 0 0 0 0 0 0 0 0 0 0 0 0 0 0 0 0 0 0 0 0 0 0 0 0 0 0 0 0 0 0 0 0 0 0 0 0 0 0 0 0 0 0 0 0 0 0 0 0 0 0 0 0 0 0 0 0 0 0 0 0 0 0 0 0 0 0 0
0 0 0 0 0 0 0 0 0 0 0 0 0 0 0 0 0 0 0 0 0 0 0 0 0 0 0 0 0 0 0 0 0 0 0 0 0 0 0 0 0 0 0 0 0 0 0 0 0 0 0 0 0 0 0 0 0 0 0 0 0 0 0 0 0 0 0 0 0 0 0 0 0 0 0 0 0 0 0 0 0 0 0 0 0 0 0 0 0 0 0 0 0 0 0 0 0 0 0 0 0 0 0 0 0 0 0 0 0 0 0 0 0 0 0 0 0 0 0 0 0
0 0 0 0 0 0 0 0 0 0 0 0 0 0 0 0 0 0 0 0 0 0 0 0 0 0 0 0 0 0 0 0 0 0 0 0 0 0 0 0 0 0 0 0 0 0 0 0 0 0 0 0 0 0 0 0 0 0 0 0 0 0 0 0 0 0 0 0 0 0 0 0 0 0 0 0 0 0 0 0 0 0 0 0 0 0 0 0 0 0 0 0 0 0 0 0 0 0 0 0 0 0 0 0 0 0 0 0 0 0 0 0 0 0 0 0 0 0 0 0 0
0 0 0 0 0 0 0 0 0 0 0 0 0 0 0 0 0 0 0 0 0 0 0 0 0 0 0 0 0 0 0 0 0 0 0 0 0 0 0 0 0 0 0 0 0 0 0 0 0 0 0 0 0 0 0 0 0 0 0 0 0 0 0 0 0 0 0 0 0 0 0 0 0 0 0 0 0 0 0 0 0 0 0 0 0 0 0 0 0 0 0 0 0 0 0 0 0 0 0 0 0 0 0 0 0 0 0 0 0 0 0 0 0 0 0 0 0 0 0 0 0
0 0 0 0 0 0 0 0 0 0 0 0 0 0 0 0 0 0 0 0 0 0 0 0 0 0 0 0 0 0 0 0 0 0 0 0 0 0 0 0 0 0 0 0 0 0 0 0 0 0 0 0 0 0 0 0 0 0 0 0 0 0 0 0 0 0 0 0 0 0 0 0 0 0 0 0 0 0 0 0 0 0 0 0 0 0 0 0 0 0 0 0 0 0 0 0 0 0 0 0 0 0 0 0 0 0 0 0 0 0 0 0 0 0 0 0 0 0 0 0 0
0 0 0 0 0 0 0 0 0 0 0 0 0 0 0 0 0 0 0 0 0 0 0 0 0 0 0 0 0 0 0 0 0 0 0 0 0 0 0 0 0 0 0 0 0 0 0 0 0 0 0 0 0 0 0 0 0 0 0 0 0 0 0 0 0 0 0 0 0 0 0 0 0 0 0 0 0 0 0 0 0 0 0 0 0 0 0 0 0 0 0 0 0 0 0 0 0 0 0 0 0 0 0 0 0 0 0 0 0 0 0 0 0 0 0 0 0 0 0 0 0
0 0 0 0 0 0 0 0 0 0 0 0 0 0 0 0 0 0 0 0 0 0 0 0 0 0 0 0 0 0 0 0 0 0 0 0 0 0 0 0 0 0 0 0 0 0 0 0 0 0 0 0 0 0 0 0 0 0 0 0 0 0 0 0 0 0 0 0 0 0 0 0 0 0 0 0 0 0 0 0 0 0 0 0 0 0 0 0 0 0 0 0 0 0 0 0 0 0 0 0 0 0 0 0 0 0 0 0 0 0 0 0 0 0 0 0 0 0 0 0 0
