0
0
0
0
1.28012092782092e-10
2.59115484307441e-09
1.38652293563421e-08
1.96133632695167e-08
7.33446447009039e-09
7.25063542634436e-10
1.89485093724137e-11
0
0
0
0
0
0
0
0
0
0
0
0
0
0
0
0
0
0
0
0
0
0
0
1.29185722414414e-09
2.99044824707251e-08
1.82999282214035e-07
2.96042323658619e-07
1.26604617394902e-07
1.43131956753953e-08
4.27774600778016e-10
0
0
0
0
0
0
0
0
0
0
0
0
0
0
0
0
0
0
0
0
0
0
0
7.98185876233122e-09
2.11522247910795e-07
1.48198701601692e-06
2.74519696001966e-06
1.34446110706414e-06
1.74673112077635e-07
1.80055311259086e-08
6.57824448369747e-08
9.49708644182899e-08
3.62461676062184e-08
3.65700134799314e-09
9.75392628672649e-11
0
0
0
0
0
0
0
0
0
0
0
0
0
0
0
0
0
0
3.00032531279156e-08
9.10706811162481e-07
7.31049313490453e-06
1.55291209544605e-05
8.78960657206147e-06
1.49349700572959e-06
3.7759405836473e-07
7.98632147736005e-07
1.155376630378e-06
5.12686055854067e-07
1.22597444120008e-07
9.83950859362434e-08
3.93271761413714e-08
4.23979172980181e-09
1.20849135455958e-10
0
0
0
0
0
0
0
0
0
0
0
7.52674893104769e-12
4.45301053936192e-10
7.85973165930551e-09
5.16991855099589e-08
2.271257276413e-07
2.6433588097624e-06
2.25539905292335e-05
5.48773189482168e-05
3.63067795061217e-05
8.44655665503485e-06
3.67159526265226e-06
5.99790297856844e-06
8.55586098588982e-06
4.29105583944571e-06
1.24320808707191e-06
1.15085445159429e-06
5.1918758140917e-07
6.35596315226389e-08
2.06409642302173e-09
0
0
0
0
0
0
0
0
0
0
0
7.14700861101742e-11
4.57794144807701e-09
8.58444762897489e-08
5.69697111134092e-07
1.86347941766789e-06
6.73923337561776e-06
4.61561561664756e-05
0.000126838098385482
0.000101191695271269
3.66058773704732e-05
2.48277696423082e-05
3.1580917084716e-05
4.0739088488877e-05
2.27041158273355e-05
7.9159987391962e-06
8.20738789313023e-06
4.15971112702214e-06
5.77705065325941e-07
2.13672203801567e-08
0
0
0
0
0
0
0
0
0
0
0
4.08456182979603e-10
2.86364260596243e-08
5.79729833536236e-07
3.95175335835634e-06
1.23901048754952e-05
2.42560391057249e-05
7.69455557135993e-05
0.000215619373730754
0.000217787695275452
0.000130727715323837
0.000116671929379083
0.000123259333068093
0.00013132549650237
7.84931788918838e-05
3.29548787489316e-05
3.67430691850551e-05
2.05480072704078e-05
3.21088762215764e-06
1.34674729868968e-07
0
0
0
0
0
0
0
0
0
0
0
1.52916872868091e-09
1.15400041720739e-07
2.50135501117703e-06
1.75568486421692e-05
5.45256174171919e-05
9.55392648687364e-05
0.000151251593316483
0.000336120483175097
0.000427057054187804
0.000376973509632096
0.000379124380721594
0.000363071521906181
0.000307761060450099
0.000186904103138589
9.50916183952532e-05
0.000107293807518051
6.37836334036179e-05
1.10211863248003e-05
5.19445092001023e-07
0
0
0
0
0
0
0
0
0
0
0
3.87017146718461e-09
3.09229952818166e-07
7.0804132960128e-06
5.10563034714052e-05
0.000157321343911063
0.000280069472084695
0.00035065579986687
0.0005659299268793
0.000799060712059551
0.000841012075704775
0.000876273161962718
0.000822459113449757
0.000580771801919161
0.000340275481085961
0.000209750171257039
0.000220378761294284
0.000129709892885937
2.39024377998093e-05
1.24125584782616e-06
2.29357925393981e-11
0
0
0
0
0
0
0
0
0
0
7.31173198417083e-09
5.73783463288997e-07
1.3592733417557e-05
0.000100218585945563
0.000307403044266707
0.000569476975385312
0.000703362429221367
0.000947705236353896
0.00133835812718463
0.00146476014758105
0.00154049920163521
0.00151414567859514
0.00101279941035996
0.000581198316508195
0.000410378995881451
0.000366457483841481
0.00019082390717558
3.4860383492366e-05
1.90897976514881e-06
4.52013185893816e-10
0
0
0
0
0
0
0
0
0
0
1.38494062662274e-08
8.01296594239574e-07
1.83235807269403e-05
0.000137447880713415
0.000427737245072018
0.000839758874013922
0.00109232446446649
0.00140269536352118
0.00197359316884168
0.00216518145010832
0.00231022346906
0.0024691689945156
0.00179982969833331
0.0011189508366085
0.00080999417868533
0.00059981420669446
0.000256374128349366
4.21932947606435e-05
2.33305199655524e-06
5.68178738900977e-08
1.4677596897967e-08
1.21389363854769e-09
2.72532228179408e-11
0
0
0
0
0
0
0
4.19410537187111e-08
1.22567987989069e-06
1.92957506721526e-05
0.000136838000477084
0.000448402830830034
0.000966097598795724
0.00134719541271256
0.00180238078088111
0.00268571084782624
0.0030753728556757
0.00337547253398469
0.00383097221926782
0.00313940468800821
0.00222198972922864
0.00159195733539745
0.00106353086254651
0.000418714499675284
6.69622764453445e-05
4.75515377384755e-06
8.20316290159816e-07
2.48989545779101e-07
2.34482268653347e-08
6.01470720087054e-10
0
0
0
0
0
0
0
1.34244010348233e-07
2.97448295267312e-06
2.46030156886135e-05
0.000114847028540283
0.000381569611030632
0.000937834050315226
0.00140483245359084
0.00206161539545062
0.00344798036310133
0.00435902743146605
0.00500128892391043
0.00577957854320923
0.00504553988558307
0.00392362599011777
0.00285392276072405
0.00186622275093175
0.000785757671204853
0.000150622475865003
1.94957570127684e-05
7.40538919924173e-06
2.56175424708431e-06
2.74478872096582e-07
8.04411811625481e-09
0
0
0
0
0
0
0
2.93140739229328e-07
6.93807195394968e-06
4.8421514356467e-05
0.000131896261119014
0.000319201027397085
0.000846792604490548
0.00137011307165932
0.00222331364348429
0.0041699557235996
0.005816641062433
0.00699841036819342
0.00823161343458893
0.00745506900903478
0.00604886378268404
0.00447343563689723
0.00291438015980904
0.00134666483071714
0.000332231172940485
7.79580918048302e-05
4.13439797323496e-05
1.59997912179607e-05
1.94797960261366e-06
6.52151358856448e-08
0
0
0
0
0
0
0
3.96274742306778e-07
1.07996819873106e-05
8.45128990008489e-05
0.000219626463655853
0.000359883036065155
0.000809574768937145
0.00141614311562376
0.00248771775351314
0.00493090272418701
0.00722040598022257
0.00887976631648894
0.0106999214190985
0.010235996151136
0.00847746415322146
0.00619868310049619
0.00393647757248486
0.00193608986416952
0.000615651663897943
0.000229465850965633
0.000142254943846686
6.07461781369746e-05
8.38822079816646e-06
3.20660742891328e-07
0
0
0
0
0
0
0
3.2780132636985e-07
1.04914836663501e-05
9.87782444275005e-05
0.000312369498676735
0.000504983230864385
0.000873303341318996
0.00155117101674917
0.00290249077119363
0.0057733571764282
0.00856188897256073
0.0105069951122121
0.0127449894550586
0.0129293292163402
0.0109718420511123
0.00787546243793182
0.00480183218227336
0.00240950308408773
0.000938700122919186
0.000461512867213954
0.000303972873118482
0.000141179374490968
2.20162159371151e-05
9.59154216298928e-07
0
0
0
0
0
0
0
1.66761286442921e-07
6.40258293236474e-06
7.59013322597966e-05
0.000319425204300718
0.000634232504347531
0.00096954506997835
0.00160895874784115
0.00319682190914356
0.00637368085503246
0.00956145221042868
0.0118014048978129
0.0141781596133293
0.0148027519541335
0.0128809813196835
0.00942300027687925
0.00572393841560073
0.00284991263161221
0.00121470066239277
0.00064461898527652
0.000420225061007128
0.000206996011280684
3.59510174050633e-05
1.76941010168858e-06
0
0
0
0
0
0
0
5.34308087286655e-08
2.58171829445928e-06
4.14493028762469e-05
0.000246971713432301
0.000638233363077278
0.000991686080278812
0.00153727634286052
0.00320783110774828
0.00646398565470199
0.00980358323931696
0.0123816520938181
0.0147593307766312
0.0153467641388679
0.0135658997134458
0.0105010995166723
0.00677398445363133
0.00342760102284204
0.00146599874122267
0.00072472181265544
0.000439195876423458
0.000216309462813472
3.98650217325687e-05
2.13848599259511e-06
0
0
0
0
0
0
0
1.22410330554674e-08
8.33246891064845e-07
1.96110029676366e-05
0.000163085020065932
0.000522249561078678
0.00087750986537979
0.00139245160536725
0.00303657588323024
0.00610626157074617
0.00923738416784523
0.012021357999116
0.0143301157008582
0.0146486315935339
0.0130495689926008
0.0106213627794
0.00745933516984065
0.00405926626991285
0.0017808072112776
0.000841752940974173
0.000482070335977874
0.000219992497102715
3.91281396552678e-05
2.08962318233822e-06
0
0
0
0
0
0
0
3.71431468634062e-09
3.73059303586463e-07
1.13760806073789e-05
0.000108335121225281
0.000365836579208145
0.000642700828360198
0.00116274955698666
0.00272890139816113
0.00541535895272191
0.0080745595402
0.0108171804770693
0.0130676283932407
0.0132339444417442
0.0118874424143915
0.00979973320189563
0.00732916646626784
0.00443180997308214
0.00208578774940775
0.00103423628982809
0.000605849972657676
0.000260172169703038
4.41760764582185e-05
2.26132126017606e-06
0
0
0
0
0
0
0
2.39880098818014e-09
2.81051342593341e-07
9.05097533857882e-06
8.3294855249062e-05
0.000249018132938522
0.000403082533483079
0.000901852078402856
0.00231849358445146
0.00447676584660367
0.00655891703473247
0.00898254892031247
0.0112265774523445
0.0114898072419091
0.0104411725932469
0.00854090754537666
0.00655718928928594
0.00432542772128979
0.00219081622142809
0.0011368748479933
0.000679448866349425
0.000281438307477516
4.78192904852724e-05
2.50666600695861e-06
0
0
0
0
0
0
0
1.48200257539794e-09
1.92875440029898e-07
6.71225931913739e-06
6.34261738856973e-05
0.000174596693271094
0.000242805987844703
0.000678398566691613
0.00187061218582588
0.00342672774289654
0.00493064952423711
0.00683444164974584
0.00898532381984738
0.00946539432331966
0.00869499614989693
0.00717441223186924
0.00560170626574553
0.00385070127079863
0.0020937278555174
0.00111477317401231
0.000642010770930617
0.00024583053786993
4.06353221993907e-05
2.19420218652109e-06
0
0
0
0
0
0
0
6.52906850765026e-10
9.13892847282942e-08
3.49681877249114e-06
3.6124930484039e-05
0.000103514150226056
0.000136161770676342
0.000449307920546702
0.00134376320502771
0.00241402560770796
0.00345027953201782
0.00476667502817149
0.00664406753614048
0.00732800639712069
0.00679129309636998
0.00572347456378299
0.00462858751592725
0.00325326291052084
0.00195208199260094
0.00110769773104716
0.000604721824155914
0.00020599952145096
3.08759455580262e-05
1.58657135732067e-06
0
0
0
0
0
0
0
4.68466781374967e-10
4.68898367458617e-08
1.50672429955233e-06
1.49869963325937e-05
4.43650047789167e-05
6.0087738341324e-05
0.000226291451834209
0.00078656028895396
0.00156822543290834
0.00230693382255528
0.00304983411991284
0.00449369607260152
0.00533173217157929
0.00504362788363256
0.00428383831216724
0.00357039339207032
0.00257383633033589
0.00174716828085985
0.00110738579553365
0.000617781249745559
0.000207695866144229
3.00029019962064e-05
1.44472368717085e-06
0
0
0
0
0
0
0
1.11194249399317e-09
8.99354102766153e-08
1.99728647928463e-06
1.272543331611e-05
2.5618096046234e-05
2.90724664449156e-05
9.55385751877942e-05
0.000375398437922544
0.000936687227740078
0.00147416362595539
0.0017655032709913
0.00270916514259381
0.00358908025366073
0.00358309928215617
0.00307145205513864
0.00253197155992222
0.00183543556279011
0.00137571800407194
0.000977823859219528
0.000588697206449736
0.000215391257431134
3.35028918902231e-05
1.7077765739201e-06
0
0
0
0
0
0
0
2.24311987686764e-09
2.01929784063168e-07
4.81454794653187e-06
3.05531236003199e-05
5.41356994750483e-05
4.95354818384151e-05
8.64165056742629e-05
0.000182342036783071
0.000487575005306323
0.000831547770305468
0.000906089245338469
0.00145410336907477
0.00223820112032208
0.00244183675570944
0.00215013313893359
0.00168434817020868
0.00118873073610214
0.000918866176266729
0.0007124266955243
0.00046176809697884
0.000179338413142908
2.96217062160026e-05
1.63768690959094e-06
0
0
0
0
0
0
0
2.79275744417383e-09
2.87157332080385e-07
7.80610325226887e-06
5.62164790777811e-05
0.000111247913937044
0.000105194354560085
0.000163513248194042
0.000161291888350981
0.000213097342073497
0.000368709960519631
0.000405893279408617
0.000730056072011718
0.00132202040556819
0.00159103082718543
0.00141558575038413
0.00103933120482488
0.000716011834852601
0.000536039147251848
0.000420515711992915
0.000285190876867056
0.000110240794090549
1.81626475768462e-05
1.04452253681768e-06
0
0
0
0
0
0
0
2.10867041328212e-09
2.47941757356485e-07
7.70693982906899e-06
6.34355705316947e-05
0.000142737113130594
0.000145573547933341
0.000239294941423546
0.000213493622572958
9.99433946182667e-05
0.00011958014969518
0.00015509304221568
0.000345765319329049
0.00070269703878052
0.000913512521711919
0.000789055663461315
0.000545912529245866
0.000395766007681657
0.000300548079008903
0.000205236698886999
0.00013338013676002
4.91308582097002e-05
7.65300878697886e-06
4.31353546896507e-07
0
0
0
0
0
0
0
9.64805565415338e-10
1.29735901639527e-07
4.61181493651718e-06
4.34034967930848e-05
0.000111291830553444
0.000124362172599429
0.000222232314460146
0.000219049098976495
6.88597473644209e-05
2.98021241892133e-05
4.83131938092663e-05
0.000138640729192397
0.000296400214912026
0.00040559810001921
0.000333807713470004
0.000222264908264994
0.000207501449765867
0.000200509575913945
0.000105413920887962
4.76523454085093e-05
1.56223128941844e-05
2.24289257782442e-06
1.1654030246473e-07
0
0
0
0
0
0
0
2.67490984251726e-10
4.11347561458454e-08
1.67224546964922e-06
1.79961059822597e-05
5.26416038858016e-05
6.52506476006773e-05
0.00012845674763664
0.000144084457952011
4.62224313440022e-05
7.45302087740327e-06
1.13207459870666e-05
4.08750224611524e-05
8.90903072617878e-05
0.000126325633451064
9.97311939746106e-05
6.85580889645427e-05
0.000114624378920249
0.000163008942662408
7.89629750315487e-05
1.74092308287156e-05
3.61591622504975e-06
4.57266033774902e-07
2.07628472210069e-08
0
0
0
0
0
0
0
