4.31011855534711e-09
2.65731780897572e-08
1.17532585894595e-07
3.79180500680843e-07
9.16425703105481e-07
1.72846218147676e-06
2.7269435572108e-06
4.0949122124969e-06
7.35841179113853e-06
1.7359285664266e-05
4.33803897692353e-05
9.23183058462111e-05
0.000150788701154009
0.000181454531816853
0.000159989722002029
0.000106837094792306
5.93716774883065e-05
3.12376383699025e-05
1.58773481368249e-05
6.51057632895807e-06
2.25222038422788e-06
5.52671251599196e-07
1.12675942025356e-08
0
0
0
0
0
0
0
5.02163499403503e-08
2.87568421887433e-07
1.18456381120524e-06
3.56893622206703e-06
8.07728264144833e-06
1.42994978695226e-05
2.11105823859462e-05
2.90055736855583e-05
4.43529806106722e-05
8.32481634446737e-05
0.00016835958389233
0.000305239824777461
0.000443417583421933
0.000489737172755578
0.000409502269723901
0.000274089689131835
0.000165845256215801
9.87174963280693e-05
5.37087332999066e-05
2.27008000819423e-05
7.49609692814866e-06
1.76668274612178e-06
6.78979155970984e-08
0
0
0
0
0
0
0
3.81771630350816e-07
2.04076003732584e-06
7.86512892028526e-06
2.22416362107727e-05
4.74570204585967e-05
7.96539294625205e-05
0.000111877372960696
0.000144925745142289
0.000199383259770378
0.000314303769405372
0.000520827689480332
0.000792024897693144
0.00100423730335808
0.00100843759618452
0.000805680138264244
0.000555951521860573
0.000373415942446871
0.000244182218188192
0.000136920221562279
5.82105434918021e-05
1.8828438986018e-05
4.56574618983752e-06
5.36379148356236e-07
1.66437414128574e-07
7.75596141094386e-08
2.54295711990753e-08
5.86625789838956e-09
0
0
0
2.1136179861506e-06
1.05314526534595e-05
3.79274813100009e-05
0.00010053920593521
0.000201926210953985
0.000320719680291405
0.000428295797374847
0.000526270899568567
0.000668614401345082
0.00092564290505004
0.00129875967991838
0.00166774936537711
0.00183108012210041
0.00166210168749323
0.00127930748208787
0.000926228695655153
0.000683117126780809
0.000473050364049574
0.00026853652179
0.000115071283895225
3.80828561537844e-05
1.06501950548984e-05
2.88455630060896e-06
1.27076112374227e-06
5.5408926503075e-07
1.69986436563724e-07
3.66916735608873e-08
0
0
0
8.65046253260532e-06
4.01125378188518e-05
0.000134761243319168
0.000334159327628041
0.000629937402563251
0.000943665405037599
0.00119651488334728
0.00140293486591496
0.00168185456370002
0.00212465735647245
0.00263086612709301
0.00293968422057706
0.00283952181993754
0.00235334535987695
0.00176375033433633
0.00133489217787792
0.00104394243590991
0.000742165322753593
0.000424884573940465
0.000187431254095618
6.93803093350574e-05
2.72455224964008e-05
1.33585014148125e-05
6.7603199439258e-06
2.75812663709228e-06
7.91735051734233e-07
1.59905815981444e-07
0
0
0
2.65320441783638e-05
0.000114358457184021
0.000357845957615538
0.000828173265956543
0.00146091577414384
0.00205843535586495
0.0024822633078253
0.00281186759767044
0.00326380301918747
0.00389842908943254
0.00444075227854505
0.00451548006876036
0.00400850239565725
0.00314853983698297
0.00233621092799438
0.00179734639998327
0.00141215028836309
0.000995388691329055
0.000571568249241371
0.000270244565122178
0.000128592530809999
7.6333156823444e-05
4.85997556292578e-05
2.50588392469876e-05
9.56619080078317e-06
2.56942440546892e-06
4.85569465251592e-07
0
0
0
6.14771655048382e-05
0.000246303556693978
0.00071763084498151
0.00154909475477564
0.00255608846027008
0.0033964568571185
0.00394252550204942
0.00442997637097082
0.00515060004206554
0.00601414567098922
0.00653613983215331
0.00633148200273721
0.00545138495502942
0.00425749548022393
0.00316998271060005
0.00238113452312627
0.00176644823912913
0.00117908879793693
0.000673679137396594
0.00036786291145005
0.000247646283709706
0.000192442455093022
0.00012987332834971
6.47209703416461e-05
2.31182121477155e-05
5.81008100162197e-06
1.02737465373161e-06
0
0
0
0.000107913816375933
0.000402389929623684
0.00109441206371849
0.0022129179358018
0.00344369285249644
0.00439054316377771
0.00506626164501193
0.00587896836210608
0.00704925768542732
0.00819741416162356
0.00867870087473084
0.00823339215747819
0.00708153879113265
0.00560341540135836
0.00416877415915076
0.00297740048108628
0.00200681476889789
0.00122560886579452
0.000707499187446367
0.000487220006443754
0.000437285018318969
0.000374318101499679
0.000246835016753487
0.00011647144390503
3.89277964419907e-05
9.15416843821411e-06
1.51459561592521e-06
0
0
0
0.000144229002939245
0.000501163217029367
0.00128258121008604
0.00246673434263248
0.00371859299650941
0.00474808605660644
0.00572722740661278
0.00705237609914481
0.00868100000799971
0.00996446047380033
0.010277250949464
0.00958329613852041
0.00822569320002701
0.00653807997735375
0.0048141544671105
0.00326669328706076
0.0020044665972494
0.00112289008702132
0.000683631734483897
0.000596905551173325
0.000615473177798647
0.000526068269764311
0.000329364414669727
0.000146044184803983
4.56726032508906e-05
1.0049535325825e-05
1.55580410678706e-06
0
0
0
0.000154424917926564
0.00049061946787453
0.00119547787823088
0.00226211645622388
0.00348658489237957
0.00474045432953916
0.00616330933610135
0.00787047326125236
0.00954394970565241
0.0105468984291611
0.0105131331773235
0.00961341235747999
0.00820162990419746
0.00652697678969403
0.00479297786930485
0.00317799428727418
0.00185470305448107
0.000992048464532131
0.000634984877448237
0.00061530884163543
0.000640223901535143
0.000522173705144527
0.000307065165019017
0.000127596701653098
3.7337228853254e-05
7.68711596741697e-06
1.11353404982176e-06
0
0
0
0.000165152825022841
0.000428156654262766
0.00098051692676839
0.00190632817373226
0.00318534462306984
0.00474553031522536
0.0064710657857923
0.00811111653689431
0.00929069598844021
0.0097169537638168
0.00939238389623124
0.00854587050344886
0.00738628481065791
0.0060363513725991
0.00459519194826664
0.003155591986811
0.00188392507600399
0.00100253047719383
0.00059625208126259
0.000509967494953873
0.000481397142474776
0.000363990693937423
0.000199666146883575
7.76756680601526e-05
2.1267613882536e-05
4.0970499086575e-06
5.55318905822912e-07
0
0
0
0.000247324973764015
0.000443805706068487
0.00086743932852156
0.00171108988755737
0.00306985037217158
0.00480621283986252
0.00652999786658954
0.00778544502665814
0.00835378431762117
0.00835588451162148
0.00804857466752507
0.00756782658228272
0.00690802981921638
0.00604190060459894
0.00494325609716028
0.00361979286001728
0.00226070753529111
0.00119236209269587
0.000593075799860816
0.000359761116665626
0.00026793767671317
0.000179295295585552
9.04946597695559e-05
3.29473823611251e-05
8.44084299353047e-06
1.52149120317843e-06
1.92961997792973e-07
0
0
0
0.00044475401567433
0.000608235235839963
0.000954956190372368
0.00174235793950793
0.00307971129087462
0.00475663257447954
0.00629053987213241
0.00723133999068037
0.00751424203405823
0.00745813519721121
0.00738879143781842
0.00735485382330337
0.00720259413041651
0.00673145206699126
0.00577102295797345
0.00433006118743812
0.00272237250494864
0.00139962372337963
0.00060281162686852
0.000249491839417566
0.000122298692264156
6.44912086205288e-05
2.85816416742161e-05
9.73749403591929e-06
2.3342278535112e-06
3.93693284598609e-07
4.67187790374758e-08
0
0
0
0.000679265114967802
0.000839644989660063
0.0011563194453025
0.00187547900065813
0.00306536624965741
0.00452767758529509
0.00585973626114672
0.00668307683046503
0.00695294604814115
0.00698006074883998
0.0070949663626148
0.00735991656142877
0.00753999181314118
0.00724257479596326
0.00620939515289855
0.00457652410661144
0.00281136796280774
0.00140047041118134
0.000556745256607777
0.000180847188568562
5.59368899593333e-05
1.89507056358361e-05
6.29006889196107e-06
2.00522847519138e-06
4.4977057734205e-07
7.09801541000826e-08
7.88136700667848e-09
0
0
0
0.000782106816453218
0.000964800453114611
0.00129755022211437
0.00195585874544562
0.00297511804811427
0.0042175032881168
0.00535478346657498
0.00603437348542585
0.00621147715185148
0.00619345990445416
0.00632399394159856
0.00667774802556237
0.00694522706421412
0.00663202424475269
0.00553292100499214
0.00393447183125862
0.00233562141089232
0.00112360183339103
0.000423888912094315
0.000122079846305781
2.8289809885536e-05
5.76294977684469e-06
9.64564544669937e-07
2.87720556401006e-07
6.03850188660998e-08
8.91674277762018e-09
9.26407342538583e-10
0
0
0
0.000674291435392827
0.000887601911318937
0.00125486684788313
0.00187979501713242
0.00278746262886742
0.00384614703184689
0.00470582299730141
0.00505080911860613
0.00494985651373819
0.00477166959517562
0.00481585312073735
0.00508149905047725
0.00523476381791414
0.00486593956088635
0.0039063860905896
0.00266834751816643
0.00152495009328564
0.000704659238665995
0.000252600199174689
6.69555480338528e-05
1.31497179941115e-05
1.78077331684842e-06
0
0
0
0
0
0
0
0
0.000445832927823895
0.000656649725200706
0.00101426305417885
0.00158714141330706
0.0023864239603718
0.00323138548609634
0.0037513778845413
0.00373549241457868
0.00338952324972077
0.00309406379450144
0.00304365368437094
0.00315798157495155
0.00317122758000621
0.00284468170104349
0.00219202239977661
0.00143400109188073
0.000782777012981883
0.000343635115584444
0.000116291452246293
2.87247407857443e-05
5.2824332866091e-06
6.74821455451503e-07
0
0
0
0
0
0
0
0
0.00023272487642054
0.000392008115544287
0.000669687403564143
0.00111987833147897
0.00173622722123532
0.00233120213574433
0.00260072347791246
0.00242975558624244
0.00203495804042328
0.00172584113240315
0.00163159930670923
0.00167423091599185
0.00167128413506623
0.00147331960913696
0.00109165373122127
0.000669451928245659
0.000336104165878804
0.000134734225119693
4.17080833612091e-05
9.19393516655729e-06
1.57808489594184e-06
1.89181663155958e-07
0
0
0
0
0
0
0
0
0.000101309835266537
0.000196262887197177
0.000369025010238715
0.000656943212043701
0.00105407495396932
0.00143677587716038
0.00160439468042692
0.00146432281846566
0.00114913450924927
0.000893315409056645
0.000827588649769643
0.000910524923953016
0.000981148646130966
0.000886473246446345
0.000627955532016567
0.00034364371991693
0.0001463041633707
4.88409626231416e-05
1.27450772654845e-05
2.16389853034242e-06
3.46536389972885e-07
3.88962600937207e-08
0
0
0
0
0
0
0
0
5.54401293536863e-05
0.000121275084359296
0.000228367288730954
0.000385852890151011
0.000597709545187754
0.000819151810236751
0.000934452960884585
0.000852380325092012
0.000636925139074272
0.000467743557987226
0.000469999078053116
0.000610509449479442
0.000723556419687709
0.000659063732968148
0.000439823734580577
0.000213440110471102
7.59265009426389e-05
2.0140644974351e-05
4.07202374530329e-06
3.70858846214684e-07
5.54242539463328e-08
5.82057022719416e-09
0
0
0
0
0
0
0
0
8.41190560597182e-05
0.000178466850460099
0.000281954938202127
0.000357845799112607
0.000415520637181166
0.000479920692654243
0.00051263663005177
0.00045047765416341
0.000322509510267074
0.000242751714664365
0.000290421526202116
0.000425111652192643
0.000511067171588709
0.000447993800580085
0.000279674853300016
0.00012392587347194
3.90677213868876e-05
8.82033655375116e-06
1.44315045712035e-06
4.13928322122108e-08
5.72395541769634e-09
5.60044111773038e-10
0
0
0
0
0
0
0
0
0.000172447674677711
0.000336050923574564
0.00046740504112084
0.000478490634778868
0.000394024370457047
0.000308933523134267
0.000254140147596759
0.000196261411517039
0.000133804530962007
0.000111309897939815
0.00015753055522748
0.000238031989849609
0.000275652768606595
0.000227920501128445
0.000132989336208783
5.4644534009155e-05
1.58016203356346e-05
3.21513938711004e-06
4.6032005372911e-07
0
0
0
0
0
0
0
0
0
0
0
0.000265961162155624
0.000482608023184916
0.000618457298530332
0.000565251816551939
0.000381435314897542
0.00021064312274606
0.000114905297877647
6.78393890652442e-05
4.28332545481279e-05
4.10101087967389e-05
6.53864136356004e-05
9.72721799750719e-05
0.000106643122104659
8.27787924582229e-05
4.52453039263246e-05
1.74023774070065e-05
4.70936523721029e-06
8.96674629181864e-07
1.20122982750645e-07
0
0
0
0
0
0
0
0
0
0
0
0.000288319745490509
0.00048900793220923
0.000584216030526593
0.000493214623924214
0.000297767982757499
0.000134042615506431
5.08103369852887e-05
2.01709410574206e-05
1.08575210148293e-05
1.1728299602404e-05
1.973469865853e-05
2.80702243722756e-05
2.8880718954949e-05
2.09843014519552e-05
1.07326149097082e-05
3.86252902893156e-06
9.7804014937908e-07
1.74245001189503e-07
2.18415115037815e-08
0
0
0
0
0
0
0
0
0
0
0
0.000217874571228404
0.000345668560450199
0.000386006401832467
0.000303715102235211
0.000169044165461145
6.75440333268239e-05
2.04142134531465e-05
5.51105155304473e-06
2.19770735954475e-06
2.45483543706417e-06
4.19196721187699e-06
5.65199109731792e-06
5.45071559164833e-06
3.70655792380175e-06
1.77389518117515e-06
5.97345091829287e-07
1.41527671927531e-07
2.3592618410233e-08
2.76713050204393e-09
0
0
0
0
0
0
0
0
0
0
0
0.000114723120754317
0.000170285455189352
0.000177837307460532
0.000130673315863439
6.75568927698819e-05
2.45737331873444e-05
6.29584422309273e-06
1.16764864325137e-06
2.73305209020069e-07
3.37193414308419e-07
6.1618905257674e-07
7.92259745473475e-07
7.16704150407595e-07
4.56174459702157e-07
2.0428699998281e-07
6.43678810440169e-08
1.42697515608291e-08
2.22578047791055e-09
2.4426821756966e-10
0
0
0
0
0
0
0
0
0
0
0
4.20926551456181e-05
5.84607065326371e-05
5.71268813332971e-05
3.92767630963728e-05
1.89998240965429e-05
6.46669218065529e-06
1.54857953174605e-06
2.60917710018014e-07
3.09308830734005e-08
0
0
0
0
0
0
0
0
0
0
0
0
0
0
0
0
0
0
0
0
0
1.07609858428731e-05
1.39843065236904e-05
1.27864070812159e-05
8.22573732033617e-06
3.72322998824893e-06
1.18572399519977e-06
2.65684409734773e-07
4.18858420489317e-08
4.64608496787939e-09
0
0
0
0
0
0
0
0
0
0
0
0
0
0
0
0
0
0
0
0
0
1.91685017391022e-06
2.3308170137327e-06
1.99409988299519e-06
1.20034020800767e-06
5.08370706397552e-07
1.51487011650263e-07
3.17606218449537e-08
4.68512640792028e-09
4.86264255500892e-10
0
0
0
0
0
0
0
0
0
0
0
0
0
0
0
0
0
0
0
0
0
0
0
0
0
0
0
0
0
0
0
0
0
0
0
0
0
0
0
0
0
0
0
0
0
0
0
0
0
0
0
