1.35166940159921e-19
4.45072393491227e-17
8.54091838571231e-15
9.55195410177107e-13
6.22577788926155e-11
2.36487811880272e-09
5.23525303341237e-08
6.75430394722578e-07
5.07854617957621e-06
2.2255073249816e-05
5.68549754764363e-05
8.48602805945702e-05
7.52771223906621e-05
4.47848446836255e-05
2.90024934066609e-05
2.66150242433702e-05
1.97318828376938e-05
9.17206112250851e-06
2.4847293646311e-06
0
0
0
0
0
0
0
0
0
0
0
1.06511719942673e-14
1.36642612290806e-12
1.02161828001915e-10
4.45148483612826e-09
1.1304071905001e-07
1.672934364921e-06
1.44290762523257e-05
7.25315567317328e-05
0.000212544357480762
0.000363784220679463
0.00036922573332196
0.000247700694734588
0.000174220045345813
0.000176443591338779
0.000150703661911193
8.23636109550234e-05
3.61710518950092e-05
3.04362149944638e-05
3.50055655598884e-05
2.92127869480528e-05
2.19344919824775e-05
2.19421653824874e-05
2.00818963466412e-05
1.2394084504695e-05
4.45797804086042e-06
0
0
0
0
0
8.32666773822835e-11
4.16187067739549e-09
1.21232676601377e-07
2.05809186838893e-06
2.03622251964871e-05
0.000117412090020847
0.0003946577786028
0.000774623358122236
0.000899844128546643
0.000682130211818306
0.000523576406629056
0.000588214270075831
0.000579638157472351
0.000376639360946788
0.000206377137689765
0.000199337041933522
0.000244005410190949
0.000220732185931496
0.00016608863915009
0.00015844932717033
0.000156969279236232
0.000107080492069748
4.32018228297296e-05
1.03882020282415e-05
1.45576891926314e-06
0
0
0
0
0
6.45791056092067e-08
1.2575874005328e-06
1.4272486481204e-05
9.44033378347023e-05
0.000363989126740736
0.000819400684446853
0.00109064998553634
0.000941350388333205
0.000809642008523546
0.00103648832469687
0.0012084036370495
0.000978866850093252
0.000706933280235743
0.000761324602564153
0.000951555794675935
0.000911923329186003
0.000698044079349924
0.000624063071331235
0.0006300108588523
0.000469713620386329
0.000218864986459279
6.86768542496041e-05
2.59974249788989e-05
1.71153310250897e-05
9.22172689593968e-06
3.01849456381954e-06
0
0
0
0
4.96891995748293e-06
3.77009778616898e-05
0.000166751058121965
0.000430710116092958
0.000658904213937033
0.000661787901755504
0.000693718038349719
0.00110708298815166
0.00163009305078739
0.00178996060637561
0.00178890196911439
0.00207473443504253
0.00245735592796408
0.00238052499965152
0.00187119615422583
0.00153315782419874
0.00144440739521587
0.0011339409433251
0.000615526543952046
0.000282772195212504
0.000194521312056934
0.000162999891166292
9.81556048210071e-05
3.58172374621456e-05
6.90889947687561e-06
8.85590315948124e-07
0
0
0
0
3.79547334761637e-05
0.000112712506869828
0.000201284229400963
0.00025986895788543
0.000434808417320624
0.00100874932053763
0.00193644919015089
0.00283962775129751
0.00364750979888953
0.00448450470573288
0.00497855030251124
0.00461965248817701
0.00360905761462378
0.0027311190425727
0.00228179553000851
0.00181481404550416
0.00124238765575749
0.000939474811631616
0.000927086078945153
0.000859901953264296
0.000566154821684678
0.000239707771723567
6.17865490660092e-05
9.18435098799665e-06
2.93436660362548e-06
7.02157629833507e-06
1.17947825416807e-05
1.15892741887482e-05
6.63645689164818e-06
2.21477726981244e-06
4.58074857124819e-06
4.25787461518943e-05
0.000239460414381153
0.000845152193391231
0.00200622265648112
0.00358442601636279
0.00542617472636458
0.00719065498858331
0.00792218614935465
0.00704128989477704
0.0052777207152254
0.00379920247542486
0.0030505960928321
0.00272107743623265
0.0026385231839769
0.00285446659545163
0.0030913587798204
0.00284258193500036
0.00195266351725085
0.000924868733558903
0.000290304792257528
6.16406896367753e-05
2.18331542071442e-05
4.64025786535652e-05
8.92123512133754e-05
0.000100548150730104
6.60472757863586e-05
2.52842335147782e-05
5.6410300892365e-06
7.33467339718891e-07
0.00012080709687567
0.00051142859412169
0.00147586486235294
0.00317721396640229
0.00553336865971006
0.00793652409445469
0.00900725533731441
0.00790844363699335
0.00572324120916448
0.00418215956540297
0.00390075498781785
0.00448618022456166
0.00554884189806046
0.00671205722839355
0.00725041943445491
0.00652054955078013
0.00460528764563896
0.00243225167521884
0.000936952887272182
0.000265818263544561
9.27012383351561e-05
0.000158340079589234
0.000335497930746088
0.000433291356317106
0.00032648339054272
0.000143369600502232
3.66916128175075e-05
5.47255669192393e-06
4.75693784274002e-07
2.40978570790734e-08
0.000748008726332118
0.00194889207573063
0.00381915134725179
0.00582473441913289
0.00684023797435384
0.00607978875673786
0.00444967397034438
0.00373487452493835
0.00466192125075209
0.00665355492821661
0.00895064842280668
0.0109648713092614
0.0118234534249568
0.0107248330795303
0.00789798649278264
0.0046695221565886
0.00223949370165147
0.000895301140800902
0.000363801411656991
0.000348114692907373
0.000665572833111348
0.00095137224927005
0.000817327867810975
0.000410735248031415
0.000118539402890231
2.02809038399191e-05
2.0222070340578e-06
1.17510768838021e-07
3.97963699064494e-09
7.8545804160236e-11
0.0016502918291028
0.00267062800986496
0.00327644905820902
0.00302638113220896
0.00240663244412378
0.00265010000473647
0.00440993972819813
0.00717991674810355
0.0100469962007464
0.0124685934577328
0.0138392284581477
0.0131608133664668
0.0103205851463027
0.00682899600490445
0.00412659458433762
0.00240582094719911
0.00136890295478057
0.000883702892028746
0.000955852108358208
0.00125370696842887
0.00116640195124377
0.000661473159194299
0.00022167685120743
4.32965558057189e-05
4.26983707801616e-06
2.84619373670382e-07
1.10568483543351e-08
2.50329474732671e-10
3.30298318771647e-12
2.53988748633479e-14
0.00089225843655773
0.000877247461174761
0.000869706533765417
0.00144649816473134
0.00297922742927565
0.00521601533241604
0.00764441798755625
0.010105647945332
0.0123464520803451
0.0130402226947839
0.0111706897799819
0.00810605062531238
0.0059010768527349
0.00473223138037219
0.00368828569468634
0.00255007720471296
0.00192334037683407
0.0018749507555795
0.00166287179324241
0.00101591804054309
0.000401239972253026
0.000108058832401767
2.29429620758531e-05
3.87366216858186e-06
1.52583226780612e-08
3.96267571360829e-10
5.99768995629407e-12
5.2904575047271e-14
2.71966986502408e-16
8.14803504410599e-19
0.000194515518986465
0.000533857707154534
0.00128637398412861
0.00241594091038719
0.00385867175655059
0.0058541821698164
0.00860685089386228
0.0109647425057435
0.0108908005091013
0.00856126530784749
0.00659155355275792
0.00623347092810702
0.00608253742588952
0.00500873806222384
0.00398060459761861
0.0037243928947971
0.00331416339057641
0.00221193134653623
0.00108323452509821
0.000436196866022403
0.000154999607976842
4.2448582629272e-05
6.84746847624682e-06
6.77207399105898e-07
5.40940138179487e-12
5.47342951388582e-14
3.22762887366816e-16
1.10922945717363e-18
2.22163616780181e-21
2.59321317794995e-24
0.000342361051704486
0.000753268382972815
0.00145380879741172
0.00270960832181772
0.00495830431465053
0.00785530069524222
0.00942506728571305
0.00825363041150134
0.00613038425373497
0.00561293195624234
0.00618688874401778
0.00597222740937687
0.00535076820252715
0.00535607787727876
0.00512012194329027
0.00389813286368241
0.00246465058249604
0.00143509987996519
0.00069955795890361
0.000235969446418456
4.88427233969265e-05
6.12002337426373e-06
3.73443620981855e-07
1.48696826646969e-08
0
0
0
0
0
0
0.000797880078247601
0.00158482322829496
0.00276068809638868
0.00460710898071127
0.00635844606380515
0.00639914250125622
0.00495179444939324
0.00415635319973646
0.00465681307037106
0.00514373962429666
0.00525112303429206
0.00554467853902534
0.00552092440736116
0.00472515146032815
0.0038415559799227
0.0030166778762079
0.00184103749520579
0.000731733276640666
0.000181769709793723
3.7567875297658e-05
1.64638027528e-05
9.8091152698922e-06
3.80101116626014e-06
3.2603269236847e-11
0
0
0
0
0
0
0.00153235036982821
0.00204706391715992
0.00287511625237063
0.00340011918478404
0.00316861791515838
0.00285767736799425
0.00322181059579094
0.00410092813450364
0.0050274534201153
0.0056149849966241
0.0053837746429145
0.00458444811166935
0.00419207313789336
0.00397216802347269
0.00287208540619854
0.0013364884526302
0.000421804479547973
0.000166642823054526
0.000132126477918951
9.26502917130965e-05
3.98611766489319e-05
1.04230175932719e-05
1.58866542441908e-06
7.09366785593115e-15
0
0
0
0
0
0
0.000917588145565141
0.00130752310567708
0.00169811300686888
0.00191130066652536
0.00221749337621522
0.00318331800347356
0.00477147286278273
0.00588652169720197
0.00549464211123376
0.0041911073772741
0.00348768687180766
0.00347008181720525
0.00287516107688052
0.00161707157083531
0.000745042494739762
0.000547469010445607
0.000562054790864855
0.000441192583698004
0.000221363589643433
7.18193184262033e-05
1.76401422609244e-05
4.18517183295074e-06
6.59095509368304e-08
1.53119870805525e-19
0
0
0
0
0
0
0.00069089825875973
0.000978541318920748
0.00119748716889804
0.00190914112656898
0.00345141636144559
0.00489516950821246
0.0049141335511677
0.00371332388795509
0.00267970082071791
0.00238281812380675
0.002145195510034
0.00156583772079039
0.00116587258894406
0.00121691019245018
0.00132591424767412
0.00109777462427967
0.000627355908980236
0.000267004476710295
0.000106071874086901
4.0174416987681e-05
1.12074880067787e-05
1.9492684510742e-06
2.71276075538998e-10
3.2789843731174e-25
0
0
0
0
0
0
0.0004036727538919
0.000712915956762554
0.00153545210176651
0.00254967628160445
0.00298349320410171
0.00264126921538723
0.00201327182834437
0.00158178238344085
0.00146666272280603
0.00147349164138963
0.00155570456678198
0.00174511438664417
0.00179832391454436
0.0014932247650801
0.000993033929931256
0.000626508143937191
0.000409937312915476
0.00021569404555797
7.30696890763948e-05
1.47781248804763e-05
1.75141935018675e-06
1.21117500648426e-07
1.10769847461652e-13
0
0
0
0
0
0
0
0.000381491006611233
0.000746006826616851
0.0010874417574943
0.00127695050136944
0.00124761059543902
0.00109000430943376
0.00114113826728758
0.00143442317181522
0.0016407798220638
0.00164810863006833
0.00148145706114778
0.00117954954412734
0.000958446052950487
0.000961363247527599
0.000921180248880029
0.000603601448270688
0.000239386734555327
5.57965070378367e-05
7.5933528979579e-06
6.02494387635558e-07
2.78628861820978e-08
7.50968733892971e-10
4.48723219673233e-18
0
0
0
0
0
0
0
0.00017802800790898
0.000344552729082032
0.000472363041914212
0.000511876710183593
0.000661041146916807
0.000992066529537557
0.00117557928006955
0.00104210544483619
0.000778452114215126
0.000570891358937517
0.000591190301066748
0.000890289184098515
0.00110140643377697
0.00085364202178882
0.000391092142872641
0.000104729975026115
1.63550339140775e-05
1.48869629559631e-06
7.89746911409685e-08
2.44166736795999e-09
4.39946098720342e-11
4.619833591973e-13
1.80336007509036e-23
0
0
0
0
0
0
0
0.000101619171497007
0.000140170742254016
0.000231781106834961
0.000405846052961315
0.000510580968111567
0.00042615742432325
0.000258821746291324
0.000152220685957384
0.000200476825997004
0.000437304988184304
0.000666544274093955
0.00060230293551563
0.000317673051582677
9.76607095456374e-05
1.74976057493956e-05
1.82705500840831e-06
1.1118300449877e-07
3.94311036534941e-09
8.14991727647771e-11
9.81705464655618e-13
6.89164592837403e-15
2.81954119970922e-17
0
0
0
0
0
0
0
0
3.35622182731199e-05
8.11484370147144e-05
0.000114346638357936
9.39546222224325e-05
4.57360429078757e-05
1.96832684921508e-05
3.95314413735594e-05
0.000114810515254509
0.000204210917521429
0.000212019683596492
0.000128294616019196
4.52433839509517e-05
9.29855554973e-06
1.11375493240867e-06
7.77459063896253e-08
3.16285412393964e-09
7.49884769750856e-11
1.03615241710112e-12
8.34385015236217e-15
3.91582331355351e-17
1.07100973809794e-19
1.70717283607358e-22
0
0
0
0
0
0
0
0
0
0
0
0
0
0
0
0
0
0
0
0
0
0
0
0
0
0
0
0
0
0
0
0
0
0
0
0
0
0
0
0
0
0
0
0
0
0
0
0
0
0
0
0
0
0
0
0
0
0
0
0
0
0
0
0
0
0
0
0
0
0
0
0
0
0
0
0
0
0
0
0
0
0
0
0
0
0
0
0
0
0
0
0
0
0
0
0
0
0
0
0
0
0
0
0
0
0
0
0
0
0
0
0
0
0
0
0
0
0
0
0
0
0
0
0
0
0
0
0
0
0
0
0
0
0
0
0
0
0
0
0
0
0
0
0
0
0
0
0
0
0
0
0
0
0
0
0
0
0
0
0
0
0
0
0
0
0
0
0
0
0
0
0
0
0
0
0
0
0
0
0
0
0
0
0
0
0
0
0
0
0
0
0
0
0
0
0
0
0
0
0
0
0
0
0
0
0
0
0
0
0
0
0
0
0
0
0
0
0
0
0
0
0
0
0
0
0
0
0
0
0
0
0
0
0
0
0
0
0
0
0
0
0
0
0
0
0
0
0
