0
0
1.53013041061384e-11
2.87753753740126e-08
5.10909130681234e-06
8.56439020794586e-05
0.000135543715788371
2.02545148821645e-05
2.98846824920186e-07
1.18354988549779e-08
1.25857492570008e-11
4.51328720092169e-09
1.52804794572027e-07
4.88439871012138e-07
1.47407583478739e-07
8.08282115096146e-10
4.05890123536199e-08
1.92435022005237e-07
8.61370232765452e-08
0
0
0
0
0
0
0
0
0
0
0
0
0
5.8862897665224e-10
3.18446659470344e-07
1.62652923362605e-05
7.84363544724048e-05
3.57242185209909e-05
1.91823681641103e-06
1.05871584882306e-06
2.73548100986595e-07
2.17983431608584e-08
9.4220255637321e-07
8.93034096713824e-06
8.21192044804125e-06
7.14697473810501e-07
2.69300475224204e-07
3.89031836453559e-06
5.30595157761021e-06
6.83237251111675e-07
2.62860829558734e-13
2.08677552523186e-10
1.5640682864168e-08
1.106791464986e-07
7.39445223769161e-08
0
0
0
0
0
0
0
0
3.364992710416e-09
5.23698944487728e-07
7.69503619415822e-06
1.06963726829014e-05
3.29415770980331e-06
1.5884426568304e-05
1.25405038325203e-05
1.16903415045725e-06
2.31828880513296e-06
2.85598273893143e-05
7.76969310882115e-05
2.06046982447054e-05
1.24475741245357e-06
1.35327208770974e-05
5.54103766468851e-05
2.17406112389848e-05
8.05346192341467e-07
4.31479395468734e-10
9.85399711583479e-08
2.12468677919229e-06
4.32521315949272e-06
8.31285549835004e-07
0
0
0
0
0
0
0
0
0
2.05840696477016e-12
5.88847345568223e-09
1.59039253819914e-06
4.05542508362553e-05
9.76387183135292e-05
2.29049897031658e-05
1.34522811472837e-05
3.77785121016294e-05
0.000133074660384185
0.000102610734922211
1.43824919592933e-05
1.73147742987998e-05
9.93617297025257e-05
0.000117334591728024
1.325857349336e-05
1.45403524984177e-07
1.15051300608019e-07
6.91478094675991e-06
4.28907282510243e-05
2.51176225201653e-05
1.38874898296086e-06
0
0
0
0
0
0
0
0
0
2.74821007638712e-10
2.26164307458569e-07
1.75724261918798e-05
0.00012892921063059
9.00739016312402e-05
2.72956544387157e-05
0.00011169462497836
0.000121641804778832
0.000127249289896081
4.2674971161508e-05
8.26660231073004e-05
6.34769717609958e-05
0.000110266068734567
3.95642049706829e-05
2.11636823935657e-06
6.78450324614625e-07
4.27885742065354e-06
7.21064019092906e-05
0.000128667326171617
2.17000852220453e-05
3.7101647468261e-07
0
0
0
0
0
0
0
0
0
5.45254973660545e-09
1.29096663645808e-06
2.89154853946954e-05
6.40532735955375e-05
3.44339452275408e-05
0.000119518042180919
0.000196957145832484
0.000174891163515906
6.95883814637495e-05
0.00016172244855614
0.000210727844415719
5.7728807552424e-05
6.30930150371895e-05
3.67262895914456e-05
1.57392126397936e-05
1.71761475173665e-05
2.46216392039156e-05
0.000111752511749824
5.78906507581537e-05
4.5499333300028e-06
5.67521533868094e-07
3.94802881131366e-09
8.6361607567984e-09
0
0
0
0
0
0
0
1.60923438902641e-08
1.12104524611722e-06
1.09825326839787e-05
6.16545493941311e-05
0.000127938716817192
0.000200059962090303
0.000145775779933027
9.96195230813631e-05
0.000133644654496755
0.000473686924217604
0.000275606627750865
0.000201990599420601
0.000307700772442494
0.000193805942111296
0.000134651104142652
8.9046460586345e-05
2.57869580914595e-05
2.7992389995985e-05
2.40379155910564e-05
1.93755457724068e-05
1.83078593253779e-06
5.94465952761278e-07
3.74084659948006e-07
0
0
0
0
0
0
0
1.84326782063985e-09
8.4458440895305e-07
3.66325212967678e-05
0.000159881079549204
0.000162028338376495
0.000109736456471503
8.99016674239893e-05
0.000148412692800324
0.000436406747086225
0.000782525648169815
0.000608075589306746
0.000874668393213691
0.000921951604207218
0.000530485877611252
0.000419263243274105
0.000140083689920855
2.17088689096754e-05
4.25938483995841e-05
0.000114148687062396
3.16809828335193e-05
7.74986955954596e-06
1.33015716510517e-05
2.40795507785144e-06
0
0
0
0
0
0
0
3.06961511707242e-08
4.04713263372675e-06
5.07911247084337e-05
7.23267483999823e-05
4.46146467064922e-05
7.31570889780573e-05
0.000368246172130956
0.000553323616491763
0.00108219915954842
0.00138425943559327
0.00174471608705722
0.00187079448737192
0.00146703598971353
0.000931379497182004
0.000561455325950701
0.000195078713947853
8.80995193261347e-05
0.000121697869789721
9.68012715645132e-05
2.18686036494275e-05
8.02408445670039e-05
4.42291129974064e-05
2.30332998396699e-06
0
0
0
0
0
0
0
7.59641547407245e-08
2.88346055822057e-06
1.06098694728731e-05
7.00734884703665e-06
2.70772802258751e-05
0.000248313806679669
0.000887275444582272
0.00168945557269717
0.0023512401594087
0.00286551318281418
0.00341788058649086
0.00281565195106999
0.00222958717345138
0.00162047429881196
0.000828340934664907
0.000521044232899761
0.000178638113789829
8.27015378015571e-05
3.98665568283037e-05
8.73950830139917e-05
0.000137728655158311
2.18545969188028e-05
3.2741098104513e-07
0
0
0
0
0
0
0
3.32271247682758e-13
1.50972681777108e-09
6.48373937156593e-07
2.67396873121422e-05
0.000136656604301259
0.000544084122523134
0.00181836254349246
0.00303919381578178
0.00389413661427486
0.00536271725465424
0.00552971833492948
0.00496587950406057
0.00424402557078901
0.00283122380998821
0.00162923751342166
0.000965916739250208
0.000396459237711363
0.000197967555104222
0.000123346648244137
8.15748515855956e-05
3.52325405671147e-05
1.6047473655696e-06
6.9160738270963e-09
0
0
0
0
6.20275806138079e-13
5.05288719529664e-10
3.88619402071357e-08
2.82244332783773e-07
2.66325599084114e-07
9.02979702866475e-06
0.000111375975331101
0.00029900981964375
0.00128257474089649
0.00268213011933207
0.00429456050263937
0.00621243280323813
0.00823141785070123
0.00843508040157835
0.00790595570503961
0.00667770586911991
0.00404093147364655
0.00297761462345336
0.00173961321986456
0.000635371941506119
0.00044714135079242
0.000118417765740213
1.73972580500758e-05
2.61391143537392e-06
1.75105521794009e-08
2.17097738533584e-11
0
0
0
0
7.72103691737927e-10
1.80939297114381e-07
4.00331979742947e-06
8.36392110024526e-06
2.17585109279676e-06
2.03417935762607e-05
0.000144900691754414
0.000718204124560303
0.0019697491027973
0.00344137257105068
0.0060418728907644
0.00920337599056176
0.010861257001223
0.0113349227314869
0.0110727770422002
0.00790803698485153
0.00588518609033703
0.00407041463851293
0.00170329699097702
0.000794942367977612
0.000408141598219278
9.43721788861633e-05
3.45739844820843e-05
3.26556290308095e-06
0
0
0
0
0
0
1.42822199030223e-07
9.62843037872351e-06
6.1283757972165e-05
3.68321226394597e-05
2.78134899491514e-06
2.29113835058406e-05
0.000283259001218888
0.00117738673796027
0.00234431837649048
0.00430549257782466
0.0077083600693486
0.0110865759995788
0.0124705062738377
0.0141587366438234
0.012670841103359
0.00969285429717869
0.00730796751693679
0.00385383397951302
0.00203061113694062
0.00131038455489757
0.000531163139957974
0.000205729274015017
5.01682581330931e-05
2.0516298144231e-06
0
0
0
0
0
0
3.9259530506084e-06
7.61390387301341e-05
0.000139411882855733
2.41021041915838e-05
1.27475126771541e-06
3.79880552645262e-05
0.00034638790107726
0.00135981667171536
0.00256944807476864
0.00485200338074905
0.00828130855994053
0.0109167011831041
0.013963253191192
0.0156907389267908
0.0140784517496545
0.0126535843386822
0.00802521435515892
0.00455699854380563
0.00333520841808664
0.00174265868867248
0.000615402953937723
0.000231722790285927
4.17364747881287e-05
2.59442657313252e-06
0
0
0
0
0
0
1.6037024298237e-05
8.94722963629561e-05
4.71284868457818e-05
2.35211656814807e-06
1.15857035750313e-06
2.79090098164282e-05
0.000359109533257727
0.00143469552301548
0.00291790417917414
0.00508750470185535
0.00778806741817546
0.0103659607058168
0.0140720139188553
0.0150569085557966
0.0165142425447689
0.0138075721337602
0.00827942261556217
0.00585119774033043
0.00363372917756443
0.00155152485359735
0.000688393952750211
0.000281296548291242
5.37115350470291e-05
3.09131464175238e-06
0
0
0
0
0
0
9.73490622117583e-06
1.56242463473716e-05
2.36753549563052e-06
3.39831860974172e-08
3.45870315137019e-07
2.94835970677876e-05
0.000395278379687062
0.0013951118798961
0.00269685743963039
0.00477333554576255
0.00651880525269982
0.00928430286502863
0.0122530427552346
0.0153396483637607
0.0157378707833208
0.0108280244161499
0.00817621390914283
0.00571251258827956
0.00296770170004375
0.00163828815438133
0.000796944644712575
0.000272216527788862
5.24580939377646e-05
6.55746318570787e-06
0
0
0
0
0
0
8.78150709703961e-07
4.05451462439696e-07
1.76741607741808e-08
1.02406028320292e-09
6.06477979434021e-07
3.07791740556928e-05
0.000333994419952715
0.00100184526796634
0.00225966754910231
0.0033878668449204
0.00548486627052728
0.00916106659145697
0.0119294945536336
0.0131181258188403
0.0112846370141485
0.00928267151710237
0.00750822872680698
0.0050342950623817
0.00307474767277192
0.00171513236671018
0.000743331086762422
0.000273019194060674
9.79295907697881e-05
5.57459740511137e-06
0
0
0
0
0
0
0
0
0
1.57498626051046e-09
5.77009463610784e-07
2.49390652933844e-05
0.000184125272158663
0.000682479074592652
0.0014641303228444
0.00228419403743111
0.00600032540539533
0.00936624309224147
0.00959412953122045
0.00987146803198324
0.0100313748038276
0.00858186865340011
0.006959956480006
0.00470201774663841
0.00299889770993465
0.00166753231964782
0.000760019284055182
0.000455268128860472
7.1399751474402e-05
1.32149447317986e-06
8.5047997733916e-12
8.70344425365713e-10
8.40907693389955e-09
7.67071090201578e-09
0
0
0
0
0
1.83013601716532e-09
4.36609918559007e-07
1.10745466752511e-05
0.000137718215033094
0.000631990833633888
0.00091844363539386
0.0022639625105595
0.00551890171091444
0.00686745597746663
0.00706841909835315
0.00854336902284666
0.00836263296171677
0.00783721068144378
0.00605888221092869
0.00396152016585268
0.00260944076622038
0.00139686842484034
0.00102549556148992
0.000395117349713453
2.64504628535957e-05
4.86116781774198e-07
9.28952841381516e-09
2.73478528712715e-07
7.60121326470682e-07
1.99467762377525e-07
0
0
0
0
0
0
1.0320795416484e-07
1.00403422986789e-05
0.000137884623369617
0.000388638588865219
0.000804840966858852
0.00190121494520028
0.00351490336558043
0.00431794393306126
0.00598758025283499
0.00700183306275287
0.00721968335107816
0.00674855053150875
0.00456875351374066
0.00314743984785746
0.00178145002079366
0.00142208379382803
0.00105078775578967
0.000201969472304142
2.0359487488769e-05
2.8720976028219e-06
1.55606274547002e-06
1.2769815337427e-05
1.02104952766128e-05
7.70795403100036e-07
0
0
0
0
0
0
1.81543405686204e-07
7.47191766119701e-06
5.48679708048577e-05
0.000242998673486566
0.000603530699381184
0.00116053878054496
0.00190317648831759
0.0031318712326363
0.00517377192594303
0.00566113627364058
0.00560183767625466
0.00454767827157521
0.00324765224540621
0.00197802775923221
0.00124482626068413
0.00131542850510017
0.000663886184542742
0.000216501235088439
7.34102454547394e-05
8.89143220046815e-06
3.67099781969067e-05
8.86084824627471e-05
2.03816809708711e-05
4.42623854186911e-07
0
0
0
0
0
0
7.40126554520923e-08
1.58131783877831e-06
2.3607044277352e-05
0.000132947382988356
0.000285127859042058
0.000649266125622434
0.0011520761283379
0.00227321868193433
0.00344742829100669
0.00402717367350381
0.00386360290629674
0.00322193439117264
0.00239026713278051
0.00141582313990572
0.00095255237693252
0.00101822086187111
0.000740032053568899
0.000411274906335711
0.000111195383980456
3.31061756216044e-05
0.000130720725101853
9.13682443396556e-05
6.04592129818674e-06
3.77711158010224e-08
0
0
0
0
0
0
3.6529291421808e-09
4.66993782938117e-07
8.67599435071097e-06
3.92971650414413e-05
0.000140412103378076
0.000279304035144417
0.000522438098000136
0.00120900439903757
0.00231393916582034
0.00269591019996987
0.00285593211445683
0.00269514120508055
0.00192250597710839
0.00108759924917258
0.000944655985588523
0.0009678406722077
0.000725444080024609
0.000402270485855584
0.000142390044197997
4.27238674261313e-05
6.94947786803347e-05
1.40005327095257e-05
2.66510472399085e-07
4.78976397316748e-10
0
0
0
0
0
0
1.54760178974405e-09
2.1832170073411e-07
1.14386021610454e-05
9.53361525563943e-05
9.96351225234244e-05
5.47943414713551e-05
0.000218958488013437
0.00087796582786683
0.00135073686611468
0.00164084639783235
0.00221081719010487
0.00175218588229049
0.00113099916611021
0.000902506327578544
0.000824434650987562
0.000614482662650473
0.000538607721883192
0.000385837274440952
8.6887791460882e-05
1.47391503039104e-05
5.49771965390758e-06
3.18803544030896e-07
1.74580353327956e-09
9.0260495022401e-13
0
0
0
0
0
0
8.37263496577518e-09
2.27982502347242e-06
5.86646527918556e-05
0.000142998593404922
3.39249529291484e-05
1.41663092013969e-05
0.000189460545746583
0.000606384769190904
0.000930999332130911
0.00140540594295531
0.00143109822361839
0.000781177749584028
0.000686948640585439
0.000563943848056503
0.000378973925949606
0.000342980183352461
0.000398287524041781
0.000257808530524655
6.83952346031532e-05
3.50391368583787e-06
4.42164724862599e-12
0
0
0
0
0
0
0
0
0
8.3499935633585e-08
6.54075691141629e-06
4.83726625102755e-05
3.37755418244022e-05
2.44720579203942e-06
1.78710576723661e-05
0.000215020846541531
0.000563847881463991
0.000764056122575926
0.000780278404321234
0.000483399818519769
0.000454997225338863
0.000464534939998323
0.000215143222459997
0.000213599625505098
0.000229267243037532
0.000215765020437716
0.000152474964281291
2.36728964384783e-05
3.85961840334236e-07
2.26006754453297e-15
0
0
0
0
0
0
0
0
0
1.23748351953455e-07
2.78858444721532e-06
5.93278067260096e-06
1.19387571337839e-06
1.20992541978244e-06
5.11189039832529e-05
0.000264118394452174
0.000345028684815397
0.000246688006620752
0.000152358519809602
0.000213014133075601
0.000309370144536629
0.000144237698087317
0.000119000768551371
0.00023651160987537
0.000125246088748223
6.4900827118337e-05
2.72601604158298e-05
1.34800472756741e-06
6.3778687305486e-09
0
0
0
0
0
0
0
0
0
0
0
0
0
3.91573364328818e-08
5.06901826505612e-06
6.41601465718834e-05
0.000112719944110636
6.12033169160221e-05
2.45649647615212e-05
8.47513350788026e-05
0.000191064728503144
7.10689811314705e-05
4.66186288453686e-05
0.000182080623339457
0.000120234083579982
1.72053249872379e-05
5.52180622127731e-06
7.9868325907399e-07
1.1503793971548e-08
1.56725921676837e-11
0
0
0
0
0
0
0
0
0
0
0
0
0
1.04195206726194e-07
3.80060075870301e-06
1.45124878637614e-05
9.40853108478765e-06
1.79593492763957e-06
1.26130211313602e-05
7.72397699633078e-05
4.67169584867208e-05
6.71778402866199e-06
4.78666529792062e-05
6.34371363262869e-05
1.04407755318663e-05
2.79596462501684e-07
1.1026982132367e-09
4.77129622208618e-13
0
0
0
0
0
0
0
0
