0.00594773655677729
0.00873660080340196
0.0121433609625094
0.0160364312490018
0.020218327708773
0.0244831236172103
0.0286725104764177
0.0327142697029861
0.0366144243976195
0.0404119084715936
0.0441174904254927
0.0476729861769295
0.0509470033260715
0.0537613733863463
0.055926485785903
0.0572635410244104
0.0576152919123007
0.0568521314952959
0.0548906217215322
0.0517253621885667
0.0474558845017588
0.0423015911772635
0.0365829489666627
0.030679098223169
0.0249654748860075
0.0197544860124746
0.0152466624807912
0.0115183415828314
0.00853774429064241
0.00620678648925933
