0.00940036168002565
0.0129757044322073
0.0178196821327191
0.024187034992225
0.0319623058940671
0.0406100674095286
0.0492898070539197
0.0570889174522346
0.0632299891346407
0.0672310529680217
0.0689927542061304
0.0688393267389954
0.0674445066479983
0.0655189979930136
0.0633662586444221
0.0605906552626568
0.0563101469124707
0.0498133608845561
0.0411992349623941
0.0314744991270395
0.0220650942539218
0.0141545228736119
0.00829945395825857
0.00444384490343928
0.00216674149377229
0.000959348242309661
0.000381229299432603
0.000133973721693696
4.01205847233948e-05
1.10061395702794e-05
