0.00609023504121097
0.009277725693473
0.0131473981050255
0.017514995452429
0.02221739387867
0.0271987011222108
0.0325204213226745
0.0382521427093297
0.0442884262504019
0.0502195006851711
0.0553624150077251
0.0589924910453978
0.0606686070681311
0.0604710745251635
0.0589709436256177
0.0569257478690187
0.0548731297959498
0.0528716805924047
0.0505332069515724
0.0473112167672761
0.0428461932518308
0.0371723048087687
0.0306996732984128
0.024039593763349
0.0177930158307845
0.0124059814088236
0.00811378174353473
0.00495225404591542
0.00280478859633667
0.00146495974339029
