0.00836962288453671
0.0114590567757074
0.0153017187424379
0.0199358037215643
0.0252824671629554
0.0311199897811019
0.0370978403094327
0.0428073703794031
0.0478697521615835
0.0520180988833114
0.0551338633195881
0.0572321572570087
0.0584112367152656
0.0588040937287166
0.0585373510217792
0.0576872359110131
0.0562361151159047
0.0540440572784296
0.050874532887659
0.0465023789695917
0.0408682768358093
0.0342016514134486
0.0270270888391615
0.0200300651468857
0.0138500316118126
0.00890059418679371
0.00530116141675982
0.00291943028987354
0.00148316794100304
0.000693789311461656
