0.000743751039552577
0.00144193460455673
0.00257216956452383
0.00425769771166683
0.00661994681524465
0.00980409211301682
0.0139974104731528
0.019427039030481
0.0262556856050284
0.0344226137289837
0.0434783733942033
0.0525509780377601
0.0604886726221778
0.0661642611994599
0.0688178841059684
0.0682973773866498
0.065111426285581
0.0602434800421114
0.0548153913582858
0.0497177095668077
0.045366471565472
0.0416860256609834
0.0383104530490578
0.0348735798537154
0.0312109951969906
0.0273744263059461
0.0235097760326921
0.0197316118954338
0.0160898642979194
0.0126189014565767
