0.00011167904842832
0.000348978148948125
0.000952082415441757
0.00226572881356987
0.00472802521350013
0.0086905822069768
0.0141795763330643
0.0207647093337956
0.0277311722856609
0.0344988136990131
0.0409678083964193
0.0474515807660742
0.0542310339003817
0.0611228335643621
0.0674632155393829
0.0724384401009196
0.0754259503036571
0.0760867471374811
0.0742691267290543
0.0699285820973781
0.0631625940252194
0.0542900518499703
0.0439456193684926
0.033089561140207
0.0228799503433686
0.0143508903297521
0.00808064533103688
0.00405008221914515
0.00179494665688569
0.000698992702413117
