5.71913672014346e-07
4.294701215273e-06
2.21189130950006e-05
7.81309239792985e-05
0.000189282511260255
0.000314504141657464
0.000358402144496466
0.000280119395892648
0.000150156491930047
5.52043621953093e-05
1.32054627913595e-06
1.10861955922478e-05
6.38321978316056e-05
0.000252072466218101
0.00068271488808642
0.00126818230102887
0.00161566885330999
0.00141172910547273
0.000846016309220487
0.00034772382867721
7.41280508218983e-07
6.95725506493925e-06
4.47838701108757e-05
0.000197712290871298
0.000598651487376003
0.00124320518949563
0.00177067931397759
0.00172967840719874
0.00115882849273274
0.000532477568107709
1.0116198513599e-07
1.06144897608121e-06
7.6385205733288e-06
3.77005541456278e-05
0.000127618773289506
0.00029628505697597
0.000471773217309056
0.000515211047373302
0.000385891668532364
0.000198232103053093
3.35627789972324e-09
3.93700645591474e-08
3.16739838933342e-07
1.74770290049246e-06
6.61394948046614e-06
1.71665289589169e-05
3.05585299709493e-05
3.73087567708553e-05
3.12404619527781e-05
1.79412404952352e-05
2.70709995143267e-11
3.55008653370535e-10
3.19302220035356e-09
1.969669173101e-08
8.33322270678389e-08
2.41802641072702e-07
4.81213101021282e-07
6.56813689264888e-07
6.14858667926991e-07
3.94763285499849e-07
5.30831243630148e-14
7.78247186057213e-13
7.82540804265575e-12
5.39665650802094e-11
2.55253033189857e-10
8.28028714215544e-10
1.84224859580115e-09
2.81112023802795e-09
2.94197488029668e-09
2.11167388747989e-09
2.53054736110705e-17
4.14764890551889e-16
4.66248936620968e-15
3.5946952089528e-14
1.90079220461069e-13
6.8934330567973e-13
1.71460795191155e-12
2.92497700040456e-12
3.42222396572107e-12
2.74614049269427e-12
2.93277179412287e-21
5.37393268374484e-20
6.75358739092053e-19
5.82110156554347e-18
3.44115456878967e-17
1.39518415434728e-16
3.87960259021083e-16
7.39897051963123e-16
9.67795735502019e-16
8.68209357121017e-16
8.26319267568108e-26
1.69273223631762e-24
2.37824723955385e-23
2.29168060141857e-22
1.51453574129348e-21
6.86488577793843e-21
2.13410338857266e-20
4.55015243312533e-20
6.6537240833467e-20
6.67316679260686e-20
1.28649795235593e-05
8.18229956520012e-05
0.00035691927545161
0.00106780753387282
0.00219100974671767
0.00308335826177941
0.002975993784297
0.00197000986633572
0.000894402765774139
0.000278500652274787
2.8123653298445e-05
0.000199969815559513
0.000975181620700822
0.00326163170342999
0.00748191350235551
0.0117711473751512
0.0127014488041634
0.00939974512500795
0.00477097613824681
0.00166083604591615
1.49465231537594e-05
0.000118811731252922
0.0006477491026845
0.00242204755951724
0.00621136233600303
0.0109249488599804
0.0131789348779175
0.0109035912415099
0.00618710039435372
0.00240787043882577
1.93114298454344e-06
1.71616883101966e-05
0.000104600543294052
0.000437256446778122
0.00125362271641312
0.0024650505859965
0.00332439920372528
0.00307488483152722
0.00195062097315762
0.000848682555964182
6.06588943415258e-08
6.02651863257357e-07
4.10645311024443e-06
1.91909106564875e-05
6.15109805004234e-05
0.000135219108082976
0.000203869301506816
0.000210811332710238
0.000149507997116433
7.27215696123997e-05
4.63212592102907e-10
5.14492211736414e-09
3.9192737954519e-08
2.04767370583293e-07
7.33743478326299e-07
1.80325068420349e-06
3.03945912966873e-06
3.51370147686126e-06
2.78587589271764e-06
1.51491065496272e-06
8.59947684549442e-13
1.06781720450093e-11
9.09389943220824e-11
5.31167789594648e-10
2.12785321661806e-09
5.84628458412099e-09
1.10165748294321e-08
1.42377569947119e-08
1.26201615605029e-08
7.67214149784564e-09
3.88123119911274e-16
5.38791617695188e-15
5.12980076663376e-14
3.34972007953668e-13
1.50018523205232e-12
4.60796960885179e-12
9.70739445127041e-12
1.40256855850661e-11
1.38986901091912e-11
9.4460881804546e-12
4.25865838434106e-20
6.60922527291283e-19
7.03487940296337e-18
5.13559904777203e-17
2.57130688877403e-16
8.8296821034289e-16
2.07952704685045e-15
3.35901876135173e-15
3.72124819213496e-15
2.82743867803682e-15
1.13600933852441e-24
1.97099756135713e-23
2.3454091940121e-22
1.91416561450276e-21
1.07144220220355e-20
4.11326165873971e-20
1.08300952718488e-19
1.95571950766091e-19
2.42219559062498e-19
2.0575016944221e-19
9.60172102964496e-05
0.000517224585154332
0.00191089835702111
0.0048419953157416
0.00841471659690462
0.0100295852327055
0.00819888517025011
0.00459679340224836
0.00176759806533053
0.000466165791489913
0.000198724406633337
0.00119676180325897
0.00494302242700079
0.0140025068305376
0.0272049139366166
0.0362507728823463
0.0331295498736056
0.0207654884418716
0.00892682698418048
0.00263196697139121
9.9990592489267e-05
0.000673196867868698
0.00310851797116369
0.009844485624396
0.0213826253492496
0.0318535158629653
0.0325448350134634
0.0228052650601617
0.0109601506898678
0.00361265323324361
1.22313074352236e-05
9.20623934658057e-05
0.000475247665005549
0.00168262010083232
0.0040858319919199
0.00680461075636025
0.00777238707531945
0.00608883079387652
0.00327146094981478
0.00120552973467004
3.63741145887726e-07
3.06075272095777e-06
1.76641363639233e-05
6.99173443224119e-05
0.000189804187765416
0.000353390611432119
0.000451265960369726
0.00039521961804126
0.0002373956538317
9.77992184685705e-05
2.62977012037552e-09
2.47388800332996e-08
1.59613872123743e-07
7.06300612904254e-07
2.14356611739733e-06
4.46182502632652e-06
6.36966419813968e-06
6.23661436278167e-06
4.18802817327997e-06
1.92885086185753e-06
4.62220230975075e-12
4.86113444510959e-11
3.50634516441725e-10
1.7346028269679e-09
5.88537018443556e-09
1.36954362456458e-08
2.18577929218613e-08
2.39257243392047e-08
1.79618982986084e-08
9.24842379209539e-09
1.97508559529932e-15
2.3222075799136e-14
1.87259778721908e-13
1.03565790465209e-12
3.92840715658392e-12
1.0219861580542e-11
1.82348369640055e-11
2.23144972495169e-11
1.87284001221879e-11
1.07805918187983e-11
2.05177011904057e-19
2.6969335857804e-18
2.43130897711537e-17
1.50327490082892e-16
6.37477719051885e-16
1.85404369241682e-15
3.69830964283042e-15
5.0595853461831e-15
4.7473902459743e-15
3.05508495212931e-15
5.18175991936625e-24
7.61456806054731e-23
7.67435012635905e-22
5.3047667921053e-21
2.5148919701199e-20
8.17712662652175e-20
1.82351971375028e-19
2.78900025081241e-19
2.9256003194292e-19
2.10479492068793e-19
0.000237766372555509
0.00108478659098015
0.00339442748484934
0.00728479128090701
0.0107224996789436
0.0108243872614238
0.00749443594406153
0.0035587946851933
0.0011590315698613
0.000258890401210122
0.000465899287539385
0.00237636067476335
0.0083130619745438
0.0199451832329764
0.032820364014353
0.0370405227752531
0.0286707578231358
0.0152205234316294
0.00554176817854119
0.00138387056501135
0.000221941986173538
0.00126557012145161
0.00494949977505168
0.0132759239352834
0.0244228618529011
0.0308146118225316
0.0266652217946699
0.0158256679933212
0.00644180021158924
0.0017983772628663
2.57035256509332e-05
0.000163857331207392
0.0007164195147157
0.002148311672559
0.00441830324597321
0.00623221034080901
0.00602916315062183
0.00400037146291597
0.00182042149874911
0.000568161683617567
7.23688606332116e-07
5.15764384064703e-06
2.52103754318149e-05
8.45153566530537e-05
0.000194321249648052
0.000306431432700542
0.00033141692204382
0.000245835387207338
0.000125066923816105
4.36384069919405e-05
4.95355033309564e-09
3.94677735885871e-08
2.15673619548699e-07
8.08313396525489e-07
2.07773845165815e-06
3.66294441654633e-06
4.42892300926828e-06
3.67277466378042e-06
2.08890547316403e-06
8.14838691349571e-07
8.24303669078326e-12
7.34242831648679e-11
4.48560005467069e-10
1.8794454818028e-09
5.40091406589362e-09
1.06446933034482e-08
1.43888932161712e-08
1.33398202317189e-08
8.48205170193904e-09
3.69896485122999e-09
3.33475316467685e-15
3.32079915614723e-14
2.26803565420174e-13
1.06239372254181e-12
3.41310355457822e-12
7.52041462264433e-12
1.13648172399198e-11
1.17790828898725e-11
8.37314959903816e-12
4.08220278006255e-12
3.27978942686611e-19
3.65133190921637e-18
2.78795021586244e-17
1.45998053975032e-16
5.24369557552016e-16
1.29168383655009e-15
2.18224411200347e-15
2.52859215699475e-15
2.00947493561479e-15
1.09525375662539e-15
7.84212999875554e-24
9.76035969055307e-23
8.33155295214184e-22
4.87769281381944e-21
1.95853476037306e-20
5.3935719015008e-20
1.01870869338196e-19
1.31962915758294e-19
1.17241710029239e-19
7.14398833015454e-20
0.000195349878013936
0.000754867661268664
0.00200058425939787
0.00363639645142405
0.00453329471493205
0.00387601129133648
0.00227292164246129
0.000914139015887079
0.000252155460500175
4.77037873489109e-05
0.000362405055715259
0.00156559115162118
0.00463864161026026
0.0094260910757293
0.0131371389883103
0.0125573589479911
0.00823235657957529
0.00370150541450407
0.00114146067891711
0.000241419236906926
0.000163448582538814
0.000789390150884185
0.00261475257367054
0.00594015593350379
0.00925536271049858
0.00989048050722484
0.00724885963843846
0.00364376483664053
0.00125620159736112
0.000297027522643886
1.79214802230778e-05
9.67633413183793e-05
0.000358324238449749
0.000910059667344915
0.00158522860037962
0.00189383562494066
0.00155174736034218
0.000872023320921194
0.000336096147829463
8.8843839912156e-05
4.77718878091222e-07
2.88360531433479e-06
1.19378902417738e-05
3.3895941142376e-05
6.60079375143216e-05
8.81602838804969e-05
8.07566226347457e-05
5.07354674963209e-05
2.18611767734142e-05
6.46046467946325e-06
3.09582738637004e-09
2.08913538797904e-08
9.66907178249092e-08
3.06924342400531e-07
6.68199635637496e-07
9.97721855715911e-07
1.02174162834471e-06
7.17630752286726e-07
3.45692012525605e-07
1.14210491295147e-07
4.87738321732873e-12
3.67962161889682e-11
1.90391604966503e-10
6.75648440778516e-10
1.64445545451405e-09
2.74505973393547e-09
3.14275000610535e-09
2.46772194557036e-09
1.32895709951432e-09
4.90855939774372e-10
1.86811165099758e-15
1.57559845268755e-14
9.11415925908887e-14
3.61589683718858e-13
9.83883779077851e-13
1.83611517782195e-12
2.35008944265036e-12
2.0629904296968e-12
1.24204801727362e-12
5.12870724297197e-13
1.73950061339034e-19
1.64018840410695e-18
1.06069675198788e-17
4.70453920061788e-17
1.43110432814208e-16
2.98575280902082e-16
4.27232964644399e-16
4.1927986892362e-16
2.82209492595043e-16
1.30276947981754e-16
3.93778636727831e-24
4.15095223903966e-23
3.00103922962263e-22
1.48807205014866e-21
5.06063013699998e-21
1.18035756068295e-20
1.8882127498774e-20
2.071651106478e-20
1.5588727220425e-20
8.04512969627389e-21
5.32521590631401e-05
0.000174284472630988
0.000391208717253065
0.000602263718629574
0.000635906449889239
0.000460498382933413
0.000228713257698827
7.79081552607628e-05
1.82013186606832e-05
2.91642717377574e-06
9.35314813845915e-05
0.000342220265054759
0.000858780124460117
0.00147804139287312
0.00174469517388595
0.00141247533760807
0.000784278913145599
0.000298667903823352
7.80072414527053e-05
1.39736428064583e-05
3.99378069113283e-05
0.00016336482720051
0.000458312026184174
0.000881845087341472
0.001163728571732
0.00105326934747047
0.000653816000274168
0.000278355620183587
8.12779600981263e-05
1.62769843859573e-05
4.14587707069865e-06
1.89590774107652e-05
5.94629333968503e-05
0.000127909797283894
0.000188707709101321
0.000190943036592074
0.000132509299571418
6.30691884425655e-05
2.05881098967829e-05
4.60939645850132e-06
1.04629568951305e-07
5.34911148689763e-07
1.87558700017982e-06
4.51046304741044e-06
7.43932265620653e-06
8.4153854378739e-06
6.52894454610795e-06
3.47408386804182e-06
1.26784443311262e-06
3.1733647148047e-07
6.41945648475075e-10
3.66903544326898e-09
1.43824842066456e-08
3.86673362783108e-08
7.12989207128968e-08
9.01674955425328e-08
7.82069608147992e-08
4.65231553369686e-08
1.89810951407855e-08
5.31131086296593e-09
9.57520079682144e-13
6.11826061411579e-12
2.68124441776385e-11
8.05885217043478e-11
1.66126273814969e-10
2.34872304866313e-10
2.27747514555755e-10
1.5146205101365e-10
6.90847788531624e-11
2.16117164455569e-11
3.47218877420398e-16
2.4803321646704e-15
1.21519147068379e-14
4.08326842913055e-14
9.41021400090719e-14
1.48737137803603e-13
1.61238107033297e-13
1.19879331514518e-13
6.11292806362547e-14
2.13787647570057e-14
3.0610087770676e-20
2.44454212634255e-19
1.33893294453695e-18
5.02977409924304e-18
1.29588506188774e-17
2.28988060116947e-17
2.77515690741886e-17
2.3066972572457e-17
1.31498865549645e-17
5.14140438876287e-18
6.56041977183141e-25
5.85721295218259e-24
3.58656536449297e-23
1.50624229086555e-22
4.33849673530516e-22
8.57061652051318e-22
1.16121651345891e-21
1.07905279410967e-21
6.87702391985468e-22
3.00598443207645e-22
4.81640125280187e-06
1.33508198786328e-05
2.53817500819879e-05
3.30950880829842e-05
2.95960580105003e-05
1.81523371539072e-05
7.63588852663262e-06
2.20300235215191e-06
4.35911867740941e-07
5.91576312279951e-08
8.00908203563143e-06
2.48195813952839e-05
5.27514635947612e-05
7.68958542173839e-05
7.68775773151415e-05
5.27138580224331e-05
2.47900993458272e-05
7.99576612771568e-06
1.76876546105363e-06
2.68354428362096e-07
3.23778965547402e-06
1.12172597312604e-05
2.66534401669547e-05
4.343582932224e-05
4.85479968662283e-05
3.72154147513672e-05
1.95660321328783e-05
7.05522733605721e-06
1.74480787635763e-06
2.95946061485123e-07
3.18214765858134e-07
1.23249426486543e-06
3.27399368201604e-06
5.9648443824651e-06
7.45330252696785e-06
6.38743850457514e-06
3.75433537307076e-06
1.51344885657616e-06
4.18437679202859e-07
7.93454761450669e-08
7.60322482248167e-09
3.29221997740237e-08
9.77705842021735e-08
1.99138818153307e-07
2.78183899962632e-07
2.66524052586001e-07
1.75133479409726e-07
7.89278539632706e-08
2.43960640007307e-08
5.17175072891694e-09
4.41652959204122e-11
2.13795516044734e-10
7.09813722503775e-10
1.61628722610164e-09
2.52418418264048e-09
2.7036588570303e-09
1.98614565389164e-09
1.00068789717276e-09
3.45791689097028e-10
8.1951858271694e-11
6.23692130856928e-14
3.37531373541346e-13
1.25281337055488e-12
3.18923824578372e-12
5.56821374838272e-12
6.66765597554668e-12
5.47594175764945e-12
3.08441500790076e-12
1.1915578874048e-12
3.15708180137833e-13
2.14123923299619e-17
1.29549430648938e-16
5.37568950135437e-16
1.52989348156071e-15
2.98618399396265e-15
3.99760871514479e-15
3.67039119203894e-15
2.31128114111974e-15
9.98209153979936e-16
2.95677768280957e-16
1.78717025447286e-21
1.20882289890734e-20
5.60773884350389e-20
1.78419054093964e-19
3.89334631388841e-19
5.82684130677792e-19
5.98097098348794e-19
4.21054730980011e-19
2.03298305284739e-19
6.73220475210939e-20
3.62637298260927e-26
2.74217808465858e-25
1.42215584877081e-24
5.05856201595279e-24
1.23405727444383e-23
2.06477106281637e-23
2.36939160060568e-23
1.86479087307196e-23
1.00658806371241e-23
3.72650551453262e-24
1.44533814537187e-07
3.3932709624493e-07
5.46381476631466e-07
6.03395052939662e-07
4.57020702709699e-07
2.37409642010726e-07
8.45841877925951e-08
2.06684716999209e-08
3.46382463418114e-09
3.98136302999076e-10
2.2754591076426e-07
5.97234029912437e-07
1.07509887320803e-06
1.32733522135976e-06
1.12393496378564e-06
6.52724772248245e-07
2.5998444219049e-07
7.10220126710842e-08
1.33065950901198e-08
1.70989427813264e-09
8.7091227826246e-08
2.55550278164968e-07
5.1428831097224e-07
7.0984789685677e-07
6.71973733133029e-07
4.36282351551119e-07
1.94272506862187e-07
5.93312357780147e-08
1.24275006581395e-08
1.78530551417018e-09
8.10374187551603e-09
2.65836113045997e-08
5.98095738621827e-08
9.2290242867188e-08
9.76718065293061e-08
7.08942484529066e-08
3.52923954033497e-08
1.20497939460763e-08
2.82167152505978e-09
4.53170510986249e-10
1.83316937275444e-10
6.72291168379122e-10
1.69098817410531e-09
2.91710516001363e-09
3.45137343019441e-09
2.80065857848145e-09
1.55867918563527e-09
5.94951624216525e-10
1.55752463273974e-10
2.79651107855917e-11
1.0081505560996e-12
4.13339244892847e-12
1.16229465421224e-11
2.24157972505922e-11
2.96497127422192e-11
2.68976997433079e-11
1.67354788515458e-11
7.14150091572994e-12
2.09011027365877e-12
4.19543748901742e-13
1.34788860856738e-15
6.1781960442154e-15
1.94221685183893e-14
4.18757021191635e-14
6.19234060654793e-14
6.28023539203378e-14
4.36842977325802e-14
2.08402606140113e-14
6.81882090229776e-15
1.53018440934339e-15
4.38115299605836e-19
2.24503200194809e-18
7.89014534329207e-18
1.9018480759135e-17
3.14409015394463e-17
3.56486025956089e-17
2.77216056463493e-17
1.4785043369022e-17
5.40823027822943e-18
1.35680082371953e-18
3.46201259851652e-23
1.98330357522081e-22
7.79252306514134e-22
2.09988421500477e-21
3.88097595754522e-21
4.91943137407602e-21
4.27678296587985e-21
2.55004513637024e-21
1.04281405138644e-21
2.92478692183356e-22
6.65081206606185e-28
4.25952980217464e-27
1.8710138277921e-26
5.63664500715658e-26
1.16464273463853e-25
1.65041480334661e-25
1.60406458270901e-25
1.069249215131e-25
4.88837350228752e-26
1.53277417069438e-26
1.43905579497501e-09
2.86147864145242e-09
3.90239957240642e-09
3.65007100606584e-09
2.34152738571588e-09
1.0302094299913e-09
3.10870957670562e-10
6.43373445834523e-11
9.13218002146472e-12
8.89025354317031e-13
2.14494762550036e-09
4.76821689788534e-09
7.26982009545626e-09
7.60185664726432e-09
5.45185175895855e-09
2.68161701235212e-09
9.04644228336545e-10
2.09308676776166e-10
3.32142919266701e-11
3.61485694892204e-12
7.77251483141102e-10
1.93164495459167e-09
3.29246676313896e-09
3.84896397152624e-09
3.08599091419074e-09
1.69696854040888e-09
6.40001939445328e-10
1.65545408501784e-10
2.93684712633318e-11
3.57333630656176e-12
6.84718771772256e-11
1.90241128423535e-10
3.62514133403108e-10
4.73776836614315e-10
4.24669484907794e-10
2.61069800815534e-10
1.10075475731791e-10
3.18311885588634e-11
6.31311194311079e-12
8.5874154892805e-13
1.46645491998951e-12
4.55498897659454e-12
9.70363147411594e-12
1.41778249368945e-11
1.42073564098392e-11
9.76439393314046e-12
4.60262571802337e-12
1.48797069601241e-12
3.29922130179064e-13
5.01714748593297e-14
7.63538617510249e-15
2.65140490241586e-14
6.3146524635419e-14
1.03145717893736e-13
1.15553020753248e-13
8.87850317406684e-14
4.67871462251056e-14
1.69099260797022e-14
4.19165193650701e-15
7.12618458473298e-16
9.66493873173079e-18
3.75206702091154e-17
9.99011345029729e-17
1.82430985397278e-16
2.28483655594691e-16
1.96263719017759e-16
1.15625403258959e-16
4.67191408466264e-17
1.29468699527608e-17
2.46072496065368e-18
2.97421946102662e-21
1.29083557937542e-20
3.84235240985251e-20
7.84425697835647e-20
1.09833489501047e-19
1.05474166367592e-19
6.94681562179009e-20
3.13800617455288e-20
9.72187798679899e-21
2.06573633948888e-21
2.22511634738774e-25
1.07963529810099e-24
3.59277298711325e-24
8.19994291914371e-24
1.28357199340509e-23
1.37802782448603e-23
1.01466829837545e-23
5.12411122060044e-24
1.77476703924738e-24
4.21592146430855e-25
4.04704697621308e-30
2.19527550024665e-29
8.16710551627317e-29
2.08389413988713e-28
3.64679617881356e-28
4.37699126196156e-28
3.6030328273307e-28
2.03417873182571e-28
7.87659200702688e-29
2.09177969218669e-29
4.75386850380678e-12
8.00615217235102e-12
9.24759639856708e-12
7.32592123061705e-12
3.98037484736865e-12
1.48324896001641e-12
3.79081405937793e-13
6.64475945344333e-14
7.98830053670953e-15
6.58654826085326e-16
6.70850446496603e-12
1.26307408134598e-11
1.63102374785942e-11
1.44450848224255e-11
8.77421474148371e-12
3.6553146989361e-12
1.04440667150991e-12
2.0466465736664e-13
2.75070754687735e-14
2.5355625933568e-15
2.3014951786456e-12
4.8443957450385e-12
6.99354718585459e-12
6.92442563840002e-12
4.70217028725467e-12
2.18998581025168e-12
6.99540075833355e-13
1.5325415204684e-13
2.30271531868032e-14
2.37299378920864e-15
1.91955355540935e-13
4.51706367161242e-13
7.29021845086634e-13
8.06962257476584e-13
6.12624349345099e-13
3.18980134353346e-13
1.13909873577692e-13
2.78989240085127e-14
4.68642735009433e-15
5.39914106678326e-16
3.89220947086405e-15
1.0239496888245e-14
1.84752099555551e-14
2.28627515820394e-14
1.94042098779305e-14
1.12951442088636e-14
4.50937079357048e-15
1.2347199522133e-15
2.31872548525173e-16
2.98647274431337e-17
1.91865983618659e-17
5.64295818463447e-17
1.13826669953835e-16
1.57474261351258e-16
1.49418193071125e-16
9.72356969057977e-17
4.33986612927108e-17
1.32848081174055e-17
2.78909039200962e-18
4.01604198227684e-19
2.29935258497255e-20
7.56033176024899e-20
1.70492188808393e-19
2.63691706051202e-19
2.79715675078098e-19
2.03500504418796e-19
1.01541254900496e-19
3.47494482674569e-20
8.1560832779092e-21
1.31293655554768e-21
6.69913864908152e-24
2.462525195024e-23
6.20827219475552e-23
1.07346816117226e-22
1.2730220813029e-22
1.035406904235e-22
5.77583166340025e-23
2.20976631348337e-23
5.79837796295529e-24
1.04350622536744e-24
4.74502132698878e-28
1.94996276929819e-27
5.49595060705024e-27
1.06239904935608e-26
1.40851305509898e-26
1.28074429739973e-26
7.98715910716132e-27
3.41625744917403e-27
1.00216030918589e-27
2.01628609916338e-28
8.17077363581315e-33
3.75385734091911e-32
1.18282555762466e-31
2.55618326141257e-31
3.78871226832813e-31
3.85140875019432e-31
2.68519575607253e-31
1.28398704635712e-31
4.210887932794e-32
9.47141956322251e-33
