2.82054111587569e-06
1.53909680395577e-05
5.43819193961075e-05
0.000124422298924048
0.000184330416830348
0.000176827938152479
0.000109839830727672
4.41798178524761e-05
1.15064957440394e-05
1.94051648031629e-06
2.48493915161191e-06
2.15725669840899e-05
0.000121267098844627
0.000441407027842822
0.00104037664253868
0.00158780453213494
0.00156912873388661
0.00100409593166395
0.000416051348232362
0.000111628156884678
2.02930310409873e-08
2.80275769284831e-07
2.50656678797726e-06
1.45153697394608e-05
5.44292084708663e-05
0.000132157260861634
0.000207780665468774
0.00021153115031991
0.000139443611915328
5.95220677658603e-05
1.53612273878512e-12
3.37533682524866e-11
4.80245618652213e-10
4.42450611158168e-09
2.63949766017756e-08
1.01960711520868e-07
2.55034848687577e-07
4.13067752890675e-07
4.3320967824318e-07
2.94191488147321e-07
1.07783616977289e-18
3.76787528359108e-17
8.52894628284724e-16
1.25011317757584e-14
1.18647442507202e-13
7.29159474873694e-13
2.90162817643146e-12
7.47680562286004e-12
1.24751424915256e-11
1.347814218382e-11
7.01015186162066e-27
3.89873537034893e-25
1.40402610960566e-23
3.27402283577567e-22
4.94359994163168e-21
4.83348112252386e-20
3.06007329754974e-19
1.25446551098587e-18
3.32997303248033e-18
5.72371236839179e-18
4.22619893527167e-37
3.73937339907627e-35
2.14241118169421e-33
7.94807419450872e-32
1.90930844234394e-30
2.969924214619e-29
2.99136725842963e-28
1.95096374306085e-27
8.23917552902803e-27
2.25306336583699e-26
2.36167582255437e-49
3.32446486675931e-47
3.03024892506533e-45
1.78850417444507e-43
6.83528621499397e-42
1.69152548389232e-40
2.71053787231773e-39
2.81246747347803e-38
1.88962067186356e-37
8.22085235289494e-37
1.22331547079551e-63
2.73963369062811e-61
3.97284501052918e-59
3.7304896637125e-57
2.26821988514676e-55
8.93016658026563e-54
2.27661221073396e-52
3.7581460671336e-51
4.01710649036129e-50
2.78040542852247e-49
5.8736016605148e-80
2.09271981382529e-77
4.82806131206379e-75
7.21256202808952e-73
6.97688299460206e-71
4.37007018997808e-69
1.7724356607591e-67
4.65487089625224e-66
7.91589263791792e-65
8.71660256034941e-64
2.75793381414384e-05
0.000156655740533983
0.000576187566331464
0.00137226044412565
0.00211623699123078
0.00211323187229926
0.00136642279073052
0.000572108151898307
0.000155105168227508
2.72288623393667e-05
3.72475053446621e-05
0.000336598542829411
0.00196961963945843
0.00746289952538657
0.0183099820012068
0.029088634464659
0.0299236003063464
0.0199323934050516
0.00859726175113579
0.00240113148609511
4.66292446051193e-07
6.7038762125504e-06
6.24092102704267e-05
0.000376206661847317
0.00146845069983444
0.0037114819561252
0.00607421878512106
0.00643707548155319
0.00441714714683957
0.00196268329637802
5.41087381437089e-11
1.23762073979773e-09
1.83300160516605e-08
1.75789611400227e-07
1.09163804005092e-06
4.38954201273686e-06
1.14291742277608e-05
1.92692845698452e-05
2.1036400080186e-05
1.48707320161086e-05
5.8200172154881e-17
2.11785882992836e-15
4.99027915673768e-14
7.61391050408767e-13
7.52221580455477e-12
4.81214720270265e-11
1.99336630613352e-10
5.34675662798113e-10
9.28643052426134e-10
1.04438903977871e-09
5.80268465819187e-25
3.35934242481365e-23
1.25931586170464e-21
3.05682211434345e-20
4.80463890578821e-19
4.88997270445162e-18
3.22260599199533e-17
1.37519118461219e-16
3.7999164110871e-16
6.79892266036342e-16
5.36267536968174e-35
4.93923146254664e-33
2.94572596998776e-31
1.13757595214002e-29
2.84461539375129e-28
4.60597740585518e-27
4.82919947441454e-26
3.2785633539154e-25
1.44127585086646e-24
4.10266195129525e-24
4.59390365492701e-47
6.73150727918814e-45
6.38701374629751e-43
3.92408563217325e-41
1.56111247918953e-39
4.02147162600286e-38
6.70796698392016e-37
7.24522568449035e-36
5.06719962400614e-35
2.29477021165187e-34
3.64779223995904e-61
8.5038011884687e-59
1.28366350845371e-56
1.2547129682289e-54
7.94131955424813e-53
3.25458824621933e-51
8.63683306100123e-50
1.48411684035671e-48
1.65134096620993e-47
1.18976314269481e-46
2.68488782000938e-77
9.9577613556691e-75
2.39140083863186e-72
3.71875986041831e-70
3.74454441424027e-68
2.44148989859446e-66
1.03077997171281e-64
2.81794235903154e-63
4.98830883233355e-62
5.7178091514924e-61
4.49235809467586e-05
0.000265623083936829
0.00101697986842099
0.00252123885457313
0.00404734961512395
0.00420709718612425
0.00283171448479257
0.00123416002180982
0.000348296074850569
6.36474165409387e-05
9.30074519992964e-05
0.000874906735661484
0.00532918586693059
0.0210191461047144
0.0536814656358076
0.0887746061810721
0.0950622826071657
0.0659147814124461
0.0295946009438686
0.00860393764885849
1.78487975395452e-06
2.67119469005338e-05
0.000258855392243445
0.00162429154577511
0.00659972509182499
0.0173637210985312
0.0295811362233768
0.0326318725036905
0.0233090317617917
0.0107810625547828
3.17503134512177e-10
7.55957121509486e-09
1.16547081398995e-07
1.16348485908885e-06
7.52099264276069e-06
3.14807221147136e-05
8.53236256954352e-05
0.000149743855900969
0.000170170320294937
0.000125220004391132
5.23521965625338e-16
1.98306349463803e-14
4.8639984243539e-13
7.72512161930389e-12
7.94460518405248e-11
5.29047184368578e-10
2.28124321203465e-09
6.36947835040933e-09
1.15157236999818e-08
1.34813598330105e-08
8.00146733504222e-24
4.82196345200253e-22
1.88162591632982e-20
4.75442227592059e-19
7.77888430133407e-18
8.24122869892459e-17
5.65355621034236e-16
2.51134603017354e-15
7.22348031036653e-15
1.34536933293998e-14
1.13358007123202e-33
1.08682356406303e-31
6.74715961088935e-30
2.71230182369082e-28
7.06008845167743e-27
1.18997369817666e-25
1.2987324045309e-24
9.17819087234847e-24
4.20000287559982e-23
1.24450654350583e-22
1.48861573449617e-45
2.27060722284835e-43
2.24262427614479e-41
1.43425415649137e-39
5.93951261920842e-38
1.59268758857078e-36
2.76544786967975e-35
3.10924862355303e-34
2.26360434772086e-33
1.06708909622991e-32
1.81201106459566e-59
4.39716559522283e-57
6.90939293163276e-55
7.03010894965424e-53
4.63168818318549e-51
1.97593050640052e-49
5.45832150615475e-48
9.76341283987689e-47
1.13083512148584e-45
8.48109674387459e-45
2.04449909504016e-75
7.89317014873371e-73
1.973199973516e-70
3.19408030783128e-68
3.34792450135767e-66
2.27227334633283e-64
9.98620752373529e-63
2.84181428934024e-61
5.23655771552846e-60
6.2481462936127e-59
1.21900087795336e-05
7.50281846404717e-05
0.000299019804177107
0.000771668124444427
0.00128948490785229
0.00139526615629121
0.000977581447011058
0.000443510530035972
0.000130289679092676
2.47839878439837e-05
3.86881021185574e-05
0.000378835275405231
0.00240203035869563
0.00986192434336704
0.0262180226924364
0.0451329060074524
0.050308544698186
0.0363115932812884
0.0169708638887576
0.00513591336696942
1.13814781738967e-06
1.77306322489087e-05
0.000178856557953172
0.00116826296436787
0.00494118874809606
0.0135324793342216
0.0239981849147499
0.0275571634635964
0.0204901776365912
0.00986533934706943
3.10361435209495e-10
7.69211679674295e-09
1.23446585636304e-07
1.28282492349509e-06
8.63198724245032e-06
3.76105153826885e-05
0.000106111602578582
0.000193852567173239
0.000229316515453661
0.000175652447363727
7.84485047815953e-16
3.09325237402032e-14
7.89770910738831e-13
1.30569579738246e-11
1.39777726742244e-10
9.68922484351179e-10
4.34905789549964e-09
1.26402725491334e-08
2.37888135020294e-08
2.89897332349683e-08
1.83801658800824e-23
1.15300894662535e-21
4.68350536309084e-20
1.23186881385118e-18
2.09803627877944e-17
2.31375100658171e-16
1.65224840714717e-15
7.63992608964614e-15
2.28748400779166e-14
4.43488201096877e-14
3.99173792258979e-33
3.98380283809955e-31
2.57447540673127e-29
1.07729526848095e-27
2.91901180565295e-26
5.12143947496619e-25
5.81839674847811e-24
4.28025568963425e-23
2.03887776043949e-22
6.28879963870416e-22
8.03567661131636e-45
1.27588294873354e-42
1.31175977857845e-40
8.73278727947248e-39
3.76449345596264e-37
1.05078848697589e-35
1.89923698567606e-34
2.22278832282551e-33
1.68450439406299e-32
8.26611197161861e-32
1.49944561524409e-58
3.78766592975676e-56
6.1953765913117e-54
6.56173742454909e-52
4.50013019650785e-50
1.99841832855065e-48
5.74649222782785e-47
1.06997674116539e-45
1.29003337097717e-44
1.00712330725074e-43
2.59350341237432e-74
1.04227024298208e-71
2.71224519118221e-69
4.57017311432211e-67
4.98644976780461e-65
3.52294075604232e-63
1.61166333321731e-61
4.77417577876914e-60
9.15751373859803e-59
1.13739639334685e-57
5.51026889598601e-07
3.53038594582683e-06
1.46462577481719e-05
3.93447014242311e-05
6.84385704317443e-05
7.70851458997327e-05
5.62206111478364e-05
2.65506721468724e-05
8.11915012691026e-06
1.6076841040186e-06
2.68087291750464e-06
2.73261335522826e-05
0.00018035792899982
0.000770810083130591
0.00213311676283038
0.00382240732035521
0.00443521210386786
0.00333232167195323
0.00162119231168386
0.000510713393590815
1.20900333707207e-07
1.96056851878934e-06
2.05869326692478e-05
0.000139976895616817
0.000616277291391866
0.00175691627861544
0.00324325474806636
0.00387673533267197
0.00300058778125929
0.00150383993866148
5.05389958805722e-11
1.30386822062068e-09
2.17819063133613e-08
2.35620549936239e-07
1.65038603049194e-06
7.48536542262175e-06
2.19834357556609e-05
4.18054809914951e-05
5.14785107713422e-05
4.10462814619933e-05
1.95827444130099e-16
8.03772629189487e-15
2.13622977804868e-13
3.67635812142642e-12
4.09678101278145e-11
2.95612492913639e-10
1.3812042685603e-09
4.17876678386586e-09
8.18640921771626e-09
1.03846977417845e-08
7.03344895022726e-24
4.59283203579075e-22
1.94199398658131e-20
5.31704446859255e-19
9.42644197087223e-18
1.08213239482375e-16
8.04392647655426e-16
3.87178185839093e-15
1.20672625773897e-14
2.43535198475254e-14
2.34159057208119e-33
2.43262827559866e-31
1.63642322334311e-29
7.12804794166995e-28
2.01048429043942e-26
3.67185776681238e-25
4.34236284683026e-24
3.32522827295678e-23
1.64881493581649e-22
5.2939209905052e-22
7.22605760367676e-45
1.19431469240093e-42
1.27817766633741e-40
8.85765516272526e-39
3.97467301971347e-37
1.15488605925811e-35
2.17286110136735e-34
2.64715813383004e-33
2.08825197156852e-32
1.0666968404329e-31
2.06699637514404e-58
5.43512625328172e-56
9.25410989907224e-54
1.02026916819354e-51
7.28366506696919e-50
3.36697789523616e-48
1.00782623069554e-46
1.95337733377523e-45
2.45155547216143e-44
1.99228928542846e-43
5.48057150034245e-74
2.29270583306979e-71
6.21049073070623e-69
1.08932781742649e-66
1.23721838309214e-64
9.09890705305691e-63
4.33298501532322e-61
1.33610392470087e-59
2.66777001192343e-58
3.4491463895271e-57
4.14935592800803e-09
2.7673179221205e-08
1.19506771988384e-07
3.34180473413153e-07
6.05096607686552e-07
7.0945272399634e-07
5.38613577525565e-07
2.64780640038047e-07
8.42849924657757e-08
1.73727820456805e-08
3.09466862939732e-08
3.28356096804453e-07
2.25595852308868e-06
1.00362675628491e-05
2.89113549247976e-05
5.39286754611851e-05
6.51367606016955e-05
5.09433678926149e-05
2.57990814611654e-05
8.46010841959159e-06
2.13941704942333e-09
3.61142791436934e-08
3.94745822631724e-07
2.79390238984752e-06
1.28044229054046e-05
3.79982752363356e-05
7.30168095868906e-05
9.0852506968523e-05
7.3199155826145e-05
3.81882998180889e-05
1.37095938741923e-12
3.68180390399761e-11
6.40253280294861e-10
7.2093824446749e-09
5.2565331937742e-08
2.48173755022078e-07
7.5869528774895e-07
1.50187578644384e-06
1.92511083601573e-06
1.59783730199177e-06
8.14332118072685e-18
3.47928651996672e-16
9.62573539172366e-15
1.72437904840696e-13
2.00026092030976e-12
1.50243487790191e-11
7.3073474509076e-11
2.30133028502518e-10
4.69302904255116e-10
6.1970161082907e-10
4.48359499681749e-25
3.047667419242e-23
1.34141717574099e-21
3.82309638682358e-20
7.05540138852783e-19
8.43108172536815e-18
6.52378990021809e-17
3.26867489273163e-16
1.06047047672213e-15
2.22782222224309e-15
2.28822657371588e-34
2.4745303648073e-32
1.73277288763465e-30
7.85679813156868e-29
2.30677183204818e-27
4.38549659929704e-26
5.39868529157301e-25
4.30340617636041e-24
2.2212209457053e-23
7.42380020918724e-23
1.08247907796255e-45
1.86236945341464e-43
2.07475711435565e-41
1.49666216255224e-39
6.99093702940473e-38
2.11447276322618e-36
4.14117796509457e-35
5.25171062266962e-34
4.31253641408161e-33
2.29308343314585e-32
4.74665683046055e-59
1.29923206182212e-56
2.30271780051609e-54
2.64271178312848e-52
1.96387561740406e-50
9.45003135141576e-49
2.94447325958524e-47
5.94069251128389e-46
7.76107048190648e-45
6.56540127397547e-44
1.92931879618034e-74
8.40147339045015e-72
2.36898336510758e-69
4.32537394845854e-67
5.11376072481509e-65
3.91482398626672e-63
1.940614052811e-61
6.22904111490193e-60
1.29466771163334e-58
1.74241070549869e-57
5.20508361255941e-12
3.61355816024017e-11
1.62441683604221e-10
4.72840871461273e-10
8.91225553520971e-10
1.08771557070122e-09
8.59603460010806e-10
4.39881865724169e-10
1.45756877512423e-10
3.12735474797843e-11
5.95101713478337e-11
6.57281041374512e-10
4.70073863481907e-09
2.17688856399539e-08
6.52771801003831e-08
1.26748160902782e-07
1.59359163712956e-07
1.29738093470237e-07
6.83932238110641e-08
2.33460672991619e-08
6.30670516549762e-12
1.10819197148806e-10
1.26090557417696e-09
9.28977560894836e-09
4.43182881902175e-08
1.36903901457531e-07
2.73844338273e-07
3.54688250395724e-07
2.97471204404321e-07
1.61546724131411e-07
6.1952907570488e-15
1.73191562599911e-13
3.13506725414625e-12
3.67470167395784e-11
2.78902499673213e-10
1.37068550532288e-09
4.36192634567374e-09
8.98822488104125e-09
1.19929114103058e-08
1.03616857217246e-08
5.64116361048486e-20
2.50891702741284e-18
7.22535177850121e-17
1.34736973461965e-15
1.62693301886782e-14
1.272060165716e-13
6.44022034888909e-13
2.11129488077793e-12
4.48179674323229e-12
6.16042270451395e-12
4.76127795169434e-27
3.36894332178445e-25
1.54354383689267e-23
4.57930242024002e-22
8.79700375277066e-21
1.09427209142205e-19
8.81395772003358e-19
4.59697028955827e-18
1.55248540127677e-17
3.39498959210903e-17
3.72499944209978e-36
4.1932325414556e-34
3.05651672817431e-32
1.44264574996925e-30
4.40907735551157e-29
8.72551019500682e-28
1.11812159734619e-26
9.27774296329606e-26
4.98483434584415e-25
1.73426004595332e-24
2.70132430462041e-47
4.83784586604214e-45
5.61025269773251e-43
4.2127715900856e-41
2.0483704255876e-39
6.44917519362686e-38
1.31478562428725e-36
1.73564464657395e-35
1.48361690560887e-34
8.21178987130142e-34
1.81582954183258e-60
5.17372028428035e-58
9.54521921316115e-56
1.14031270361675e-53
8.82098558878374e-52
4.41840332079904e-50
1.43307425757268e-48
3.00972715795362e-47
4.09298971658198e-46
3.60420325062759e-45
1.13141326426976e-75
5.12863391144161e-73
1.50534910086719e-70
2.86106582268637e-68
3.52106113391554e-66
2.80591412737667e-64
1.4478723682937e-62
4.83772612567983e-61
1.04666420241923e-59
1.46631932225246e-58
1.08771183469613e-15
7.86049988311587e-15
3.678252776177e-14
1.11452052638075e-13
2.18670231872963e-13
2.77809027160612e-13
2.28537849244173e-13
1.21737677579941e-13
4.19901071501609e-14
9.37829840938634e-15
1.90637077733876e-14
2.1917764181919e-13
1.63169965571713e-12
7.86573458722962e-12
2.45523715783003e-11
4.96252494024667e-11
6.49481897477453e-11
5.50410225133119e-11
3.02037613383628e-11
1.0732247033871e-11
3.09705364269042e-15
5.66487291731361e-14
6.70944673761189e-13
5.14562747671105e-12
2.55531866997022e-11
8.21687893857336e-11
1.71089675636663e-10
2.30672494193204e-10
2.01383050086541e-10
1.13842680014545e-10
4.66377854765995e-18
1.35716274813341e-16
2.55729620780587e-15
3.12022011936546e-14
2.46515666835883e-13
1.26112725539941e-12
4.17761479303244e-12
8.96092757083664e-12
1.24460813660083e-11
1.11935385367512e-11
6.50990949084371e-23
3.01384925775992e-21
9.03489681295698e-20
1.75379957796269e-18
2.20440719421598e-17
1.79415009438005e-16
9.455419879252e-16
3.22669532447119e-15
7.13001091503106e-15
1.02018168783874e-14
8.42286457018795e-30
6.20381673588364e-28
2.95878355613948e-26
9.13739768106125e-25
1.82720363865287e-23
2.3659549450706e-22
1.98372324740198e-21
1.0769878151308e-20
3.78613060193906e-20
8.61857540997143e-20
1.0101654774929e-38
1.18370704042791e-36
8.98154464807443e-35
4.41278664069433e-33
1.40387978457938e-31
2.89202474881119e-30
3.85770651111284e-29
3.33204959600323e-28
1.86358336087578e-27
6.74902886201047e-27
1.12298269579062e-49
2.09352108196745e-47
2.52718309144082e-45
1.97538235365166e-43
9.99817482929043e-42
3.27676561355027e-40
6.95384686332675e-39
9.55564400099976e-38
8.50256370985479e-37
4.89885880188685e-36
1.1571813971029e-62
3.43208696506048e-60
6.59128694275264e-58
8.19666616106288e-56
6.60023456405706e-54
3.44141135294999e-52
1.16190039183439e-50
2.54013210351525e-49
3.59582711258296e-48
3.29606976994431e-47
1.10529361099417e-77
5.21539331845392e-75
1.59349816253312e-72
3.15261662823953e-70
4.03873958282603e-68
3.35023779656336e-66
1.79953588359539e-64
6.25893559161053e-63
1.40959888592497e-61
2.05563359806303e-60
3.78651010869438e-20
2.84842248410803e-19
1.3874737776383e-18
4.37623118769379e-18
8.93780394220648e-18
1.18199730116255e-17
1.01217880774839e-17
5.61245781132879e-18
2.01513447435996e-18
4.68500512610405e-19
1.01733190928608e-18
1.21753237267171e-17
9.43525109412547e-17
4.73458045799287e-16
1.53838357469089e-15
3.23670308299619e-15
4.40956940664239e-15
3.88995518701303e-15
2.22202073727149e-15
8.2187678115354e-16
2.53357666247617e-19
4.82396853963393e-18
5.94743874508406e-17
4.74799860668523e-16
2.45440531095738e-15
8.21555817573877e-15
1.78066803505904e-14
2.49910178220445e-14
2.27111967599841e-14
1.33644530482593e-14
5.8486181888125e-22
1.77164316677324e-20
3.47499617229287e-19
4.4135444182498e-18
3.62974208582401e-17
1.93294335140596e-16
6.66526743958444e-16
1.48823367565248e-15
2.15169033562838e-15
2.01438975995992e-15
1.25146966904314e-26
6.03109094546721e-25
1.88202990765331e-23
3.80287681622014e-22
4.97568741673397e-21
4.21549923403741e-20
2.31259740684648e-19
8.21497314472791e-19
1.88958901641334e-18
2.81438597438497e-18
2.48219115369869e-33
1.90310757825212e-31
9.44814495977958e-30
3.03728014592821e-28
6.32234584214371e-27
8.52170979527106e-26
7.437557324112e-25
4.20328662481121e-24
1.53816448548627e-23
3.64478275680681e-23
4.56349895964747e-42
5.56645416149677e-40
4.3965742547502e-38
2.24856414852049e-36
7.44648373949189e-35
1.59680654186659e-33
2.21721830286099e-32
1.99351588626825e-31
1.16060928571519e-30
4.37529635821878e-30
7.77693600934095e-53
1.50918254241483e-50
1.89640073197348e-48
1.54302708667007e-46
8.1296543220506e-45
2.77348424579875e-43
6.12681012233249e-42
8.76391654298091e-41
8.1174035917713e-40
4.86845476976378e-39
1.22847672418556e-65
3.79273715167185e-63
7.58217237142357e-61
9.81498533460039e-59
8.22698585857658e-57
4.46526194249275e-55
1.5693081300264e-53
3.57128576572315e-52
5.26254805960897e-51
5.02137483024248e-50
1.79875981421715e-80
8.83510176210998e-78
2.80999165203018e-75
5.78700153367253e-73
7.71715564216898e-71
6.66370887532672e-69
3.72588859649982e-67
1.34895918516517e-65
3.16244402985534e-64
4.80067140335814e-63
2.19585425036717e-25
1.71948253117593e-24
8.71860735841409e-24
2.86254000938601e-23
6.08570792769785e-23
8.37771803382431e-23
7.4678479604593e-23
4.31042695308185e-23
1.6110173069958e-23
3.89883823528374e-24
9.04392775268857e-24
1.12668862049527e-22
9.08878490937403e-22
4.74747665268865e-21
1.60573895570389e-20
3.51675524386262e-20
4.98728788349853e-20
4.57975057910005e-20
2.72316720769688e-20
1.04848418771768e-20
3.4526972227143e-24
6.8431787640184e-23
8.7823829248604e-22
7.29830396203456e-21
3.92723255418595e-20
1.36837895183017e-19
3.08731715144962e-19
4.51035992765734e-19
4.26674068065846e-19
2.61358356935149e-19
1.22182144602619e-26
3.85265126878723e-25
7.86623197567432e-24
1.03998935425091e-22
8.90320005104357e-22
4.93535576443436e-21
1.77151930994719e-20
4.11745073071727e-20
6.19677925494203e-20
6.03891246507776e-20
4.00778882007023e-31
2.01052441516313e-29
6.53083884838863e-28
1.37367399796271e-26
1.87091252285247e-25
1.64997886143098e-24
9.42233135130902e-24
3.48412284711126e-23
8.34225844347759e-23
1.29338826134619e-22
1.21856795265113e-37
9.7253858417723e-36
5.02595993864436e-34
1.68184627952597e-32
3.64425425233308e-31
5.11312174707757e-30
4.64535268693577e-29
2.73279053625904e-28
1.04099607458567e-27
2.56771567787356e-27
3.43433386626929e-46
4.36065940288229e-44
3.58522911762299e-42
1.9086959732594e-40
6.5797848614817e-39
1.46872918355622e-37
2.12288686078617e-36
1.98685909125196e-35
1.2040995131921e-34
4.72511940644968e-34
8.97187284606523e-57
1.81236359605531e-54
2.37062382354425e-52
2.00786751315838e-50
1.10119075231379e-48
3.91061581491181e-47
8.99254962381783e-46
1.3389847414593e-44
1.29099186912888e-43
8.05984110737331e-43
2.17255882594673e-69
6.98210428125703e-67
1.45296854145621e-64
1.95785798183564e-62
1.70828864699409e-60
9.65153561145955e-59
3.53091021504589e-57
8.36434668936068e-56
1.28301717626113e-54
1.27434790620512e-53
4.87649537346825e-84
2.49330362797239e-81
8.25463007631054e-79
1.76960018975953e-76
2.45644922112135e-74
2.20798195561837e-72
1.28510419974344e-70
4.84324300602406e-69
1.18192323729489e-67
1.8676581036213e-66
