1.27442514622299e-06
6.9897116579471e-06
1.86243125410232e-05
2.41088949173098e-05
1.5161787981029e-05
4.63233113648841e-06
6.87582534826035e-07
4.95822395087417e-08
1.73701473833944e-09
2.95635736304206e-11
2.44447961147711e-13
9.81955870270557e-16
1.91634449954399e-18
1.81690098576569e-21
2.19159970584166e-06
1.14296940145936e-05
2.89590317369969e-05
3.56458957011187e-05
2.13162639609035e-05
6.19282359715954e-06
8.74062305450407e-07
5.99338443714812e-08
1.99653966418785e-09
3.2311700267569e-11
2.54049148070479e-13
9.70402119754081e-16
1.80078470159807e-18
1.6234836183792e-21
1.9952044809908e-06
9.89439454823959e-06
2.38378509167999e-05
2.79010814380685e-05
1.58654003791672e-05
4.38285495466022e-06
5.88219236016832e-07
3.8352829465986e-08
1.21487517676703e-09
1.86957102898545e-11
1.39774627372326e-13
5.07680846639294e-16
8.95837580496379e-19
7.67969261943372e-22
9.6159648298293e-07
4.53443437824144e-06
1.03879401437485e-05
1.15614370302856e-05
6.25129883180766e-06
1.64211952248979e-06
2.09563349284467e-07
1.29927762555174e-08
3.91349380638424e-10
5.72668643966328e-12
4.07116046153526e-14
1.40607698020418e-16
2.35926127148696e-19
1.92317604723191e-22
2.45345218031068e-07
1.10011046212331e-06
2.39646480033642e-06
2.53619052785313e-06
1.30397348444414e-06
3.25710460679134e-07
3.95248941526263e-08
2.33016023523112e-09
6.6738573563206e-11
9.28633006376189e-13
6.27750942927053e-15
2.06161086356663e-17
3.28928933321492e-20
2.54960863663142e-23
3.31391683861668e-08
1.41295634892214e-07
2.92679259082318e-07
2.94531135006351e-07
1.4399470994904e-07
3.42009308168799e-08
3.94643884278756e-09
2.21232481291525e-10
6.02515835863179e-12
7.97194151372972e-14
5.12431482745767e-16
1.60023426905246e-18
2.42776916660289e-21
1.78939936384696e-24
2.36965374101284e-09
9.60728053150822e-09
1.89230926700613e-08
1.81075553947033e-08
8.41789668143449e-09
1.90118080979387e-09
2.08602406923801e-10
1.11196539168811e-11
2.87964723362408e-13
3.62295857756271e-15
2.21443792710564e-17
6.57566554605738e-20
9.4861935817952e-23
6.6484485507403e-26
8.97031000496767e-11
3.45821090508275e-10
6.47696517758834e-10
5.89342431586865e-10
2.60519311314385e-10
5.594846742411e-11
5.83730693729613e-12
2.95878172579776e-13
7.28600370539555e-15
8.71649549695148e-17
5.06606193338966e-19
1.43045810169917e-21
1.96225683758836e-24
1.30771354680839e-27
1.79766718288793e-12
6.58994449028565e-12
1.17362752053651e-11
1.0154414226459e-11
4.26830581875719e-12
8.71630149244725e-13
8.64738950767528e-14
4.16786709254864e-15
9.75930214289342e-17
1.11019617912685e-18
6.13559599395253e-21
1.64736503685541e-23
2.14881484645421e-26
1.36170869237615e-29
1.90717438508107e-14
6.64800463371292e-14
1.12581824903299e-13
9.26235275603422e-14
3.70211932221813e-14
7.18878623809326e-15
6.78167213604187e-16
3.10809347716648e-17
6.92033974981381e-19
7.48577592771112e-21
3.93389072800694e-23
1.00434708575626e-25
1.24572281213508e-28
7.50645825139486e-32
1.07115124459301e-16
3.55042340044278e-16
5.71722863373527e-16
4.47267184146283e-16
1.69990469257502e-16
3.13876045654224e-17
2.81557976032377e-18
1.22702541728895e-19
2.59785762365161e-21
2.67210300095681e-23
1.33526389531574e-25
3.24158250490771e-28
3.82316565173751e-31
2.19061074715714e-34
3.18486086999009e-19
1.00380246488211e-18
1.53702918116467e-18
1.14338378840173e-18
4.13216837835869e-19
7.25504402096978e-20
6.18839684780346e-21
2.56443870385888e-22
5.16276731362961e-24
5.04950542406371e-26
2.39933669789696e-28
5.5387225729447e-31
6.21160871568209e-34
3.38434501994203e-37
5.01313511525056e-22
1.5024348367423e-21
2.18754976800832e-21
1.54737758639836e-21
5.31753948943663e-22
8.87771518756319e-23
7.20058455411702e-24
2.83733335389472e-25
5.43161569457537e-27
5.05153967151325e-29
2.28241474221952e-31
5.01004263716858e-34
5.34274371723085e-37
2.76798240399305e-40
4.17741509422698e-25
1.19048056239034e-24
1.64821191122225e-24
1.10861270184169e-24
3.62261944816035e-25
5.75097713298996e-26
4.43543919088105e-27
1.66191068699806e-28
3.02520489167617e-30
2.67533375826241e-32
1.14941591899244e-34
2.39912296522968e-37
2.43278579103621e-40
1.19848139228416e-43
1.05842216650725e-05
6.15170738456958e-05
0.000173703462067816
0.00023828534966984
0.000158804304969575
5.14165891620218e-05
8.08761217919884e-06
6.18035517735577e-07
2.29447121171382e-08
4.1383560605039e-10
3.62617832601793e-12
1.54364177630618e-14
3.19241947642428e-17
3.20752051042397e-20
2.32024046241667e-05
0.000128232521194169
0.000344301907116528
0.000449114149474472
0.000284609970127048
8.76232876282249e-05
1.31058453931943e-05
9.52328100172557e-07
3.36189558066358e-08
5.7657778270876e-10
4.80405144441095e-12
1.94461422111951e-14
3.82415360078986e-17
3.6535349018234e-20
2.6926899057006e-05
0.000141507666510651
0.0003612847738788
0.000448121117845431
0.000270033238380482
7.90524075822111e-05
1.1243176794843e-05
7.76853346394378e-07
2.60774489677753e-08
4.25272431064272e-10
3.36934449926221e-12
1.29687962749212e-14
2.42510183705429e-17
2.2031108812822e-20
1.65431788549114e-05
8.26686859625028e-05
0.000200696207653668
0.000236708231184379
0.000135632453042486
3.77563440657737e-05
5.1061352723114e-06
3.35483186375538e-07
1.07084167518961e-08
1.66056481898841e-10
1.25101484384039e-12
4.57873127182397e-15
8.14149030587181e-18
7.03296938979225e-21
5.38060194918915e-06
2.55670944736254e-05
5.90211884392162e-05
6.61927746857169e-05
3.60652780562126e-05
9.54649711620551e-06
1.22765084998029e-06
7.6697596462975e-08
2.3279020463402e-09
3.43260406270275e-11
2.45900144846201e-13
8.55795343822389e-16
1.4469619680667e-18
1.18855798918319e-21
9.26450117724115e-07
4.18601706666127e-06
9.18874100836407e-06
9.79912029664458e-06
5.07684880744344e-06
1.27784280808746e-06
1.56255998485907e-07
9.28265107470114e-09
2.67906602029453e-10
3.75639166627702e-12
2.55878845755163e-14
8.46786566891918e-17
1.36141207784048e-19
1.06336240220852e-22
8.44486076941533e-08
3.62827243859359e-07
7.5732683902836e-07
7.67967548617179e-07
3.78336682855809e-07
9.05503424375829e-08
1.05287740235696e-08
5.94759755894353e-10
1.63223019140708e-11
2.17619246019777e-13
1.40957847142573e-15
4.43565007079602e-18
6.78111889010018e-21
5.03641492770602e-24
4.07513709095154e-09
1.66486131315835e-08
3.30437982708214e-08
3.18623588861971e-08
1.49259488929753e-08
3.39689433489865e-09
3.75576307263652e-10
2.01739248958015e-11
5.26451871757846e-13
6.67425830965113e-15
4.11077219126175e-17
1.23004180328779e-19
1.78810243658948e-22
1.26281863198707e-25
1.04104913977843e-10
4.04422686803575e-10
7.63265887386705e-10
6.99829520318668e-10
3.11734397097174e-10
6.74610746441296e-11
7.09247554780219e-12
3.6225843078752e-13
8.98907943413645e-15
1.08364740957332e-16
6.34653732339973e-19
1.80576712436009e-21
2.49610418217814e-24
1.67625364853807e-27
1.40792497411432e-12
5.20082493610057e-12
9.33342453457143e-12
8.13740380493676e-12
3.44672613550347e-12
7.09257193512891e-13
7.09049872886249e-14
3.44370451553232e-15
8.12551766767404e-17
9.31434371604928e-19
5.18715879913132e-21
1.403404579818e-23
1.844642870166e-26
1.17792534926375e-29
1.0080151799314e-14
3.54069271344892e-14
6.04206599326009e-14
5.00908906725649e-14
2.01747474028808e-14
3.94760345161505e-15
3.7526235224048e-16
1.73305575682294e-17
3.88835704144751e-19
4.23834006734504e-21
2.24440654004564e-23
5.77408687137341e-26
7.21674174175286e-29
4.3820272766922e-32
3.82062056206691e-17
1.27609649500627e-16
2.07066186510002e-16
1.63234110513518e-16
6.25156442491696e-17
1.16316832604642e-17
1.05141092702655e-18
4.61719766357236e-20
9.85055069811948e-22
1.0209832475612e-23
5.14106132213484e-26
1.25765932243561e-28
1.4946837293276e-31
8.63001721080303e-35
7.66619782093687e-20
2.43477072400239e-19
3.75674902855093e-19
2.81606293710979e-19
1.02553052821343e-19
1.81439103639369e-20
1.55951390937688e-21
6.51213920915228e-23
1.32109534224521e-24
1.30202915556136e-26
6.23423715882226e-29
1.45018026905629e-31
1.6388406460963e-34
8.99761743689109e-38
8.1433933214821e-23
2.45930222710156e-22
3.6082320265503e-22
2.57189404685035e-22
8.90610378390556e-23
1.49829900995063e-23
1.22457473700067e-24
4.86237176812042e-26
9.37965984525624e-28
8.79026724765246e-30
4.00214787568044e-32
8.85238403108412e-35
9.5126917286706e-38
4.96618235371431e-41
4.30466939796361e-05
0.000265135792450669
0.000793364894287644
0.00115333019183799
0.000814536228052828
0.000279475158731379
4.65856414881123e-05
3.77256743087364e-06
1.48421905989588e-07
2.83684142407608e-09
2.63419655740653e-11
1.18833081211077e-13
2.6043694995189e-16
2.77296191851435e-19
0.000120293189600256
0.000704527646104507
0.00200461557997
0.0027710236049316
0.00186091017959466
0.000607136943783285
9.62329880702641e-05
7.41032651222018e-06
2.77221417396928e-07
5.03839575618164e-09
4.44870735180692e-11
1.90832113419644e-13
3.97690434114128e-16
4.02638122068547e-19
0.000177959654815725
0.00099107608415895
0.00268144257128155
0.00352456939864229
0.00225071079898378
0.000698247493651178
0.000105238618558697
7.7057861787378e-06
2.74116281431163e-07
4.73727691277672e-09
3.97739546347881e-11
1.62235106680739e-13
3.21489627646191e-16
3.09503208065368e-19
0.000139373865613486
0.000738066050885111
0.00189882602493776
0.00237329204660067
0.00144109713415038
0.000425119853611653
6.09264091757412e-05
4.24205055993498e-06
1.43490173393929e-07
2.35800402805398e-09
1.88253468734148e-11
7.30159086319079e-14
1.37584041705298e-16
1.25948991610657e-19
5.77857046124474e-05
0.000290979731777953
0.000711837933300193
0.000846010158949011
0.000488479217239493
0.000137022745846088
1.86730518781655e-05
1.23627191601525e-06
3.97638810329189e-08
6.21354703603758e-10
4.71700652538838e-12
1.73968022208648e-14
3.11708350917964e-17
2.71333558922093e-20
1.26834896119911e-05
6.07308732297999e-05
0.000141272085457714
0.000159653796040061
8.76553047971758e-05
2.3380469163412e-05
3.02973261020063e-06
1.90735461059475e-07
5.83357314743871e-09
8.66790044441615e-11
6.25704449833679e-13
2.19432340243937e-15
3.73859213935539e-18
3.09450796196133e-21
1.47379262368057e-06
6.71020192063071e-06
1.48426300103986e-05
1.59500554333653e-05
8.32701973844065e-06
2.11199581739146e-06
2.6023911643804e-07
1.55785904456902e-08
4.53064262576279e-10
6.40129019048122e-12
4.39391131246657e-14
1.46524794286446e-16
2.37381580008078e-19
1.86835317475241e-22
9.06594909645496e-08
3.92501145807922e-07
8.25552399157815e-07
8.4357639953572e-07
4.18774530789248e-07
1.00997857857732e-07
1.18336883283464e-08
6.73603218085505e-10
1.86279147669551e-11
2.50265159192588e-13
1.6334754311579e-15
5.17965558082596e-18
7.97930784268161e-21
5.97180503899265e-24
2.95236093798018e-09
1.21541766884193e-08
2.43084743615519e-08
2.36192401651487e-08
1.11493668140329e-08
2.5568811891444e-09
2.84870156726992e-10
1.54191141375616e-11
4.05459942350284e-13
5.17979470865704e-15
3.21479440130564e-17
9.69326132628546e-20
1.41991615895882e-22
1.01048889287007e-25
5.08984903942795e-11
1.99245920822545e-10
3.78922189604756e-10
3.50095638160093e-10
1.57144586290106e-10
3.42679567642891e-11
3.63038813303115e-12
1.86850373316489e-13
4.67208723530388e-15
5.67549804911408e-17
3.34944674160803e-19
9.60325004157982e-22
1.33764065343188e-24
9.05183740243196e-28
4.64536271135477e-13
1.72914976032266e-12
3.12695513735366e-12
2.74717771193974e-12
1.17254068431174e-12
2.43133694376186e-13
2.44928002157071e-14
1.19869251428383e-15
2.85005478770321e-17
3.29211264204946e-19
1.84744801458841e-21
5.03669704500359e-24
6.67106993864013e-27
4.29260790306062e-30
2.24446911653347e-15
7.94428938081009e-15
1.36606869576395e-14
1.14121135837601e-14
4.63164957712942e-15
9.13232512690928e-16
8.74788565825785e-17
4.07099803948609e-18
9.20396060115051e-20
1.01093834795657e-21
5.39449324110843e-24
1.3984685304247e-26
1.76128973867968e-29
1.07766796759449e-32
5.74099164899204e-18
1.93222091561922e-17
3.15938611347981e-17
2.50971665834243e-17
9.68551557894834e-18
1.81592060698541e-18
1.65404390129299e-19
7.3193627243459e-21
1.57353196574388e-22
1.64344029886445e-24
8.33889214412131e-27
2.05560111005978e-29
2.46175819720909e-32
1.43228025267848e-35
7.7739093657777e-21
2.48792783462538e-20
3.86822873946184e-20
2.92188135982225e-20
1.07223275663249e-20
1.91157624956256e-21
1.65565651920884e-22
6.96666493356207e-24
1.42414977472267e-25
1.41436815657969e-27
6.82409928366431e-30
1.59957374025962e-32
1.82154228454355e-35
1.0077442084895e-38
8.57347648005679e-05
0.000559599518652108
0.00177449085718018
0.00273367110412378
0.00204594907935494
0.000743908363384811
0.000131407491319227
1.1277085409516e-05
4.70164329946187e-07
9.52310444066430e-09
9.37094695613182e-11
4.479860330991e-13
1.04045075833405e-15
1.1739636511779e-18
0.000305411486225157
0.00189554535413252
0.00571556352630762
0.00837259327409037
0.00595850070535003
0.00206010832934147
0.000346034326886949
2.82373782150818e-05
1.11945237159824e-06
2.15607037819731e-08
2.01741993255004e-10
9.17076878868269e-13
2.02530877036827e-15
2.17296536837988e-18
0.000575960962437582
0.00339914980296068
0.00974593752139659
0.0135754115184982
0.00918667698506176
0.00302022954362266
0.000482389136629374
3.74309757765335e-05
1.41104492423113e-06
2.58420281521889e-08
2.29926173642286e-10
9.93862469629455e-13
2.08708545933019e-15
2.12926755255666e-18
0.000575016103985417
0.00322690147768328
0.00879766592396908
0.0116526657500046
0.00749823718975019
0.00234406214632236
0.000356004207930855
2.62674070012263e-05
9.41575907827128e-07
1.6397193974448e-08
1.38726616224461e-10
5.70198557764091e-13
1.13859297008288e-15
1.10455397761466e-18
0.000303910876785689
0.0016217368453735
0.00420426988105176
0.00529513273906996
0.00323995649603823
0.000963113717367562
0.00013908875520687
9.75848804925273e-06
3.32620575888822e-07
5.50797233183198e-09
4.43108877645308e-11
1.73182982499699e-13
3.28833488982373e-16
3.0333528267059e-19
8.50338330104067e-05
0.000431473709512175
0.00106363589048553
0.00127381890663772
0.000741136940118555
0.000209490962425054
2.87679017024838e-05
1.91923052578167e-06
6.2204551242013e-08
9.79474744731793e-10
7.49273522217931e-12
2.78460495435178e-14
5.02762479626218e-17
4.40999594192672e-20
1.25955328528178e-05
6.07725654221605e-05
0.000142454002800333
0.00016222500879503
8.97505292233131e-05
2.41230541755782e-05
3.14994977059104e-06
1.99825554704119e-07
6.15849351170593e-09
9.22091484860371e-11
6.70732881087706e-13
2.3702886942921e-15
4.06938664311706e-18
3.39416325744575e-21
9.87689895585536e-07
4.53148010741558e-06
1.01003310189426e-05
1.09372263183542e-05
5.75380120437962e-06
1.4705458473029e-06
1.8259057138415e-07
1.10142312010547e-08
3.22779609450906e-10
4.59551361697547e-12
3.17861614631335e-14
1.06811539641666e-16
1.74371027919952e-19
1.3829502033075e-22
4.1001897281026e-08
1.78875912627544e-07
3.79119247883331e-07
3.90369490633814e-07
1.95277391052208e-07
4.74574198217377e-08
5.60315121944675e-09
3.21393157698138e-10
8.9560595385666e-12
1.21247663916356e-13
7.97454383854601e-16
2.54808776307856e-18
3.95547803215956e-21
2.98304382554274e-24
9.01086685285826e-10
3.7380312171853e-09
7.53347476319281e-09
7.37604935179403e-09
3.50855551174414e-09
8.10791062931867e-10
9.10260329621953e-11
4.96476093863347e-12
1.31554930349978e-13
1.69352643046055e-15
1.05913883211248e-17
3.21802835017758e-20
4.75010164231062e-23
3.40637143273733e-26
1.04835523536788e-11
4.13535942301949e-11
7.92490597178422e-11
7.37821041354757e-11
3.33721369401395e-11
7.33319206704904e-12
7.82849295725412e-13
4.06012432936159e-14
1.02300218814987e-15
1.25224658163909e-17
7.44696322738975e-20
2.15151622802428e-22
3.01985510215142e-25
2.05922426293109e-28
6.45698296917773e-14
2.42193719438759e-13
4.41338866299757e-13
3.90712706788373e-13
1.68042432082055e-13
3.51120708064899e-14
3.56426504204418e-15
1.75776009531528e-16
4.21138817141284e-18
4.90192889612621e-20
2.77194624599238e-22
7.61515352166151e-25
1.01636238688806e-27
6.59013889770874e-31
2.10537804696134e-16
7.50916709338829e-16
1.30115641960681e-15
1.09532578511925e-15
4.47953750018354e-16
8.9001864340856e-17
8.59094806696772e-18
4.0286463562518e-19
9.17811003373842e-21
1.01583561877149e-22
5.46222613145879e-25
1.42689487088653e-27
1.81088278600639e-30
1.11651552506898e-33
3.63420830183837e-19
1.2325369179779e-18
2.03079515762425e-18
1.62558006278893e-18
6.32159503807153e-19
1.19432092409042e-19
1.09620422847678e-20
4.88807619689053e-22
1.05891359417551e-23
1.11444628952445e-25
5.69814929407809e-28
1.41541752081345e-30
1.70809244989246e-33
1.00141534309716e-36
8.36200456470529e-05
0.000578392411195149
0.00194361765043682
0.00317303706207215
0.00251660768005474
0.000969687847142853
0.000181519986326471
1.65079448722931e-05
7.29352762016073e-07
1.5655189043888e-08
1.63250704063474e-10
8.27042584408545e-13
2.035526418034e-15
2.43389409387858e-18
0.000379722187448655
0.00249750635580878
0.007980374872712
0.012388423553473
0.00934296797585544
0.00342318001165508
0.000609327357181798
5.26923635037661e-05
2.21371008433936e-06
4.51824597137104e-08
4.48017583174836e-10
2.15822296847308e-12
5.05095644590863e-15
5.74284373942602e-18
0.00091285295228308
0.00570912950744931
0.0173466264938777
0.0256056746121047
0.0183625706425173
0.00639744850975438
0.00108281978128156
8.90392770631176e-05
3.55699399222133e-06
6.90336284003001e-08
6.50900089969753e-10
2.98156323777617e-12
6.63513526246865e-15
7.1735081948425e-18
0.00116175607349485
0.00690895659260188
0.0199611720966424
0.0280179061433324
0.0191056305564453
0.00632940866641272
0.00101868746329711
7.96516630439634e-05
3.02569255445406e-06
5.58381225553206e-08
5.00625400557647e-10
2.1805749392817e-12
4.61429349370929e-15
4.74368098465164e-18
0.000782723468284698
0.00442623339136752
0.0121600770627388
0.0162298462855699
0.0105237021606953
0.00331511617389733
0.000507346908776762
3.77213604243991e-05
1.36252894855299e-06
2.3910033874065e-08
2.03840608427765e-10
8.44262082766629e-13
1.69879089637345e-15
1.66065197940313e-18
0.000279177899861723
0.00150118920546578
0.00392162346197277
0.00497705469908867
0.003068703987722
0.000919207679304638
0.000133766804477473
9.45712486714459e-06
3.248223891962e-07
5.42011937713458e-09
4.39387613339816e-11
1.73046503979621e-13
3.31095983324857e-16
3.07766295350488e-19
5.27148521903073e-05
0.000269535412452711
0.000669537234026663
0.000807996905770717
0.000473718912676054
0.000134929779988817
1.86711454850344e-05
1.25519203883235e-06
4.09944865598815e-08
6.50454300068174e-10
5.01399837760366e-12
1.87770624813089e-14
3.41623058094092e-17
3.01955373763316e-20
5.26943712671678e-06
2.56197866273658e-05
6.05149741576533e-05
6.94426456211328e-05
3.87137932648962e-05
1.04853095712056e-05
1.37966246858355e-06
8.81942975446081e-08
2.73895074970219e-09
4.13241570122166e-11
3.02900398856896e-13
1.0786281486018e-15
1.86603470488565e-18
1.56835273542426e-21
2.78852625314482e-07
1.28918267718465e-06
2.89554452297085e-06
3.15952717782319e-06
1.67490433275228e-06
4.31354148248251e-07
5.39701983423953e-08
3.28057606239332e-09
9.68773546649687e-11
1.38985819956769e-12
9.68712219452516e-15
3.28016072865993e-17
5.39599494101716e-20
4.31244932924791e-23
7.81204119692576e-09
3.4342561982199e-08
7.33460818744086e-08
7.6102199588653e-08
3.83613217241323e-08
9.39433357959348e-09
1.11767221524085e-09
6.46009633613925e-11
1.8140096644012e-12
2.47466411594654e-14
1.64009493538818e-16
5.28077637103346e-19
8.26042947673034e-22
6.27745403467652e-25
1.15860017258148e-10
4.84317539150732e-10
9.83564549977817e-10
9.70401814769096e-10
4.65132188573248e-10
1.08312168881836e-10
1.22533311900665e-11
6.73452786151174e-13
1.79819256745235e-14
2.33260555109846e-16
1.47001739443762e-18
4.50069626361523e-21
6.69442065367297e-24
4.83751532914008e-27
9.09665930566948e-13
3.61582147534553e-12
6.98245414741917e-12
6.55066314664981e-12
2.98564731512227e-12
6.61100984895422e-13
7.11169570901654e-14
3.71667503236994e-15
9.4365246061629e-17
1.16398028767445e-18
6.97517706383152e-21
2.0306772809995e-23
2.87212042677091e-26
1.97351505501578e-29
3.7810249823049e-15
1.42910138266676e-14
2.62417379460373e-14
2.34098273854629e-14
1.01456503436985e-14
2.13617895707138e-15
2.18510060219013e-16
1.08587867195073e-17
2.62160484995251e-19
3.07488744219688e-21
1.75213383464219e-23
4.85044284881512e-26
6.52336335664102e-29
4.26223911191989e-32
8.31986809469644e-18
2.99018718344918e-17
5.22103221287793e-17
4.42884449960917e-17
1.82515836747046e-17
3.65415308760774e-18
3.55425828223583e-19
1.6795281709366e-20
3.85568604543739e-22
4.30023408163782e-24
2.33001433219405e-26
6.13339804309973e-29
7.84367824983507e-32
4.87320243954234e-35
3.99392698872693e-05
0.000292754865539641
0.00104251949330787
0.00180360034269358
0.00151590678337108
0.000618985885156223
0.000122790581949369
1.18338328797056e-05
5.54066468854209e-07
1.2603012498371e-08
1.39271716425892e-10
7.47700293918118e-13
1.95015098652536e-15
2.47106964064385e-18
0.000231197356084662
0.00161144432659005
0.005456621257278
0.00897652774703152
0.0071741261172007
0.00278551626551554
0.000525434339912329
4.81512171072576e-05
2.14374017916467e-06
4.63674368102014e-08
4.87225592101557e-10
2.48727129407222e-12
6.16868062099732e-15
7.4325437754897e-18
0.000708508201395138
0.00469575864282323
0.0151196839647058
0.0236513384487396
0.0179740023643708
0.00663605426046519
0.00119028544958015
0.000103721403136277
4.3909824784318e-06
9.03090112259901e-08
9.02353137667982e-10
4.38024134952181e-12
1.03298879512345e-14
1.18350267306028e-17
0.00114943965786964
0.00724395099997117
0.0221789454727061
0.0329900022177389
0.0238396490964644
0.0083693828505567
0.00142745712683217
0.000118279307734001
4.76135471542653e-06
9.31168685435035e-08
8.8471267689182e-10
4.08368467466365e-12
9.157527101371e-15
9.97654779006896e-18
0.000987203642156002
0.00591595031744308
0.017223378652078
0.0243606147289776
0.016739180768742
0.0055879976883499
0.00090626310238808
7.14049700758803e-05
2.73324553177944e-06
5.08282215711481e-08
4.59205672689939e-10
2.01551315289851e-12
4.29773953211396e-15
4.4521584071137e-18
0.000448855547999139
0.00255771887803531
0.00708068187533686
0.00952299198035643
0.00622225516519671
0.0019751417882325
0.000304596424042232
2.28206171790371e-05
8.30626979341452e-07
1.46879350374454e-08
1.26180288255271e-10
5.26621213726544e-13
1.06777868313755e-15
1.05181704780339e-18
0.000108040285430172
0.000585410323050984
0.0015410299961923
0.00197077874878228
0.00122444902878902
0.000369589491020702
5.41969165904598e-05
3.8610516073422e-06
1.33632685540047e-07
2.24696262357669e-09
1.83550284809853e-11
7.28434219595613e-14
1.40443511131359e-16
1.31549463047969e-19
1.37671525541193e-05
7.09328191348733e-05
0.000177552331192966
0.000215914395762897
0.000127559521649421
3.66117279848694e-05
5.10509272132727e-06
3.45830349875695e-07
1.13814772866914e-08
1.81974372435362e-10
1.41350675062689e-12
5.33410555857576e-15
9.77915629052877e-18
8.70998146095495e-21
9.28713596128664e-07
4.55002037657087e-06
1.08298126075057e-05
1.25228911182436e-05
7.03500368948524e-06
1.91999508435706e-06
2.54572780702015e-07
1.63983396805568e-08
5.13173063911396e-10
7.80196304717756e-12
5.76262007508269e-14
2.06781722634344e-16
3.60479334351991e-19
3.05298491333595e-22
3.31664324364895e-08
1.54510763723453e-07
3.49699315114739e-07
3.84509333834742e-07
2.05397452957295e-07
5.33039365494248e-08
6.72046889121204e-09
4.11638445257615e-10
1.22492174858905e-11
1.77082981057116e-13
1.24371641242301e-15
4.24367355917359e-18
7.03458747525543e-21
5.66514933462192e-24
6.2703963164235e-10
2.77768768576769e-09
5.97788971091944e-09
6.25012129000434e-09
3.17471727193721e-09
7.8342554153771e-10
9.3921811530986e-11
5.4703014164282e-12
1.54786156178107e-13
2.12779133730949e-15
1.42102598558617e-17
4.61053226180171e-20
7.26735161676682e-23
5.5651560078558e-26
6.27582030199746e-12
2.64354899818102e-11
5.40978856377594e-11
5.37835272390676e-11
2.59773192933651e-11
6.09558576741171e-12
6.94884497001213e-13
3.84845011242338e-14
1.03546437591099e-15
1.35350705933346e-17
8.59531803646895e-20
2.65179189269538e-22
3.97459597705112e-25
2.89416042770849e-28
3.32525752724674e-14
1.33189685107219e-13
2.5917431619638e-13
2.45013149479134e-13
1.12528592494202e-13
2.51080186700753e-14
2.72168626344843e-15
1.43330871708941e-16
3.66705551949857e-18
4.55796819783338e-20
2.75233414772997e-22
8.07434102942599e-25
1.15077145529223e-27
7.96795981975772e-31
9.32737306244607e-17
3.55249190118099e-16
6.5732917418458e-16
5.90892913700554e-16
2.58054072786058e-16
5.47505789840809e-17
5.64342524865793e-18
2.82600483060755e-19
6.87510104035764e-21
8.12571026497753e-23
4.66573042592242e-25
1.30152949663368e-27
1.76386137253622e-30
1.16131743559323e-33
9.34170447533838e-06
7.25641210127158e-05
0.000273838064082439
0.000502043969944373
0.000447162892452894
0.000193493250582221
4.06763473042749e-05
4.15426441292864e-06
2.0612106897631e-07
4.96851607479305e-09
5.81844689259644e-11
3.31027071857082e-13
9.14947158046495e-16
1.22858320712889e-18
6.89344054495689e-05
0.000509167049895848
0.00182709281704143
0.00318520208787462
0.00269767380912157
0.00110998712577343
0.00022188222387032
2.15478101651638e-05
1.01662277270812e-06
2.33019673378829e-08
2.59478516822028e-10
1.40373874386575e-12
3.68932767014504e-15
4.71068683782385e-18
0.00026929309693277
0.00189137620044137
0.0064536689117109
0.0106982195188977
0.00861573615932375
0.00337092693580474
0.000640740757034725
5.91686176424888e-05
2.65446227906267e-06
5.78545814206948e-08
6.12597211627029e-10
3.15128975742913e-12
7.87549250250632e-15
9.56187736097158e-18
0.000556921115255479
0.00371941660377889
0.0120679090676708
0.0190223993562541
0.0145671510402168
0.00541950989799468
0.000979538401645088
8.60119872442945e-05
3.66920992285001e-06
7.6043517772903e-08
7.65645794204902e-10
3.74515387182755e-12
8.89994847514418e-15
1.02749893738702e-17
0.000609735419884385
0.00387213961263003
0.0119463890369233
0.0179059909926943
0.0130387552162689
0.0046126442921833
0.000792756588373212
6.61920478355047e-05
2.68502192968368e-06
5.29134305450685e-08
5.06594025279594e-10
2.35629830096529e-12
5.3244718959234e-15
5.84519319900039e-18
0.000353401542606031
0.00213405921868576
0.00626066628034007
0.00892299613898133
0.00617841274560768
0.00207835242604027
0.000339654622960748
2.69669561940074e-05
1.04016537188301e-06
1.94916639769872e-08
1.77448160806229e-10
7.84820161493889e-13
1.68633891593031e-15
1.7603362644125e-18
0.000108436310951496
0.000622645999716623
0.00173693566413664
0.00235397759602229
0.00154987609569004
0.000495755678313687
7.70396811689531e-05
5.81617303535171e-06
2.13322282931993e-07
3.8011165768243e-09
3.29050244623032e-11
1.38385092725738e-13
2.82743391129807e-16
2.80654285525416e-19
1.76140937845679e-05
9.61734541923743e-05
0.000255109238900108
0.000328755647376169
0.000205824144526397
6.26030479881148e-05
9.25061699603233e-06
6.64082421197929e-07
2.31605746457932e-08
3.92421451042564e-10
3.23022080743195e-12
1.2917775827548e-14
2.50968571807922e-17
2.36879237904222e-20
1.51469485820527e-06
7.86409051552929e-06
1.98357176759876e-05
2.43065541751107e-05
1.4470213358258e-05
4.18506816804448e-06
5.8803909471418e-07
4.01407910289573e-08
1.3311951148337e-09
2.14473463943483e-11
1.67873242628138e-13
6.38359689535892e-16
1.17930324260862e-18
1.05842866417678e-21
6.89555575922342e-08
3.40424704594795e-07
8.16486345513769e-07
9.51377432758848e-07
5.38558428518425e-07
1.48111530916077e-07
1.97888691636604e-08
1.28448532124694e-09
4.05054420783634e-11
6.20545555689255e-13
4.6185965307877e-15
1.67002296288512e-17
2.93366772411467e-20
2.50366065920708e-23
1.66185326550695e-09
7.80140656882615e-09
1.77921819353125e-08
1.97134017316799e-08
1.06113342835016e-08
2.77494565478717e-09
3.52545382333068e-10
2.1759636763574e-11
6.52475658542918e-13
9.50502032201619e-15
6.72694454340715e-17
2.31290985909105e-19
3.86345296751612e-22
3.13522428335392e-25
2.12029042277795e-11
9.46463849839236e-11
2.05252649610018e-10
2.16246743390979e-10
1.106844068007e-10
2.7523228150889e-11
3.32497482058923e-12
1.95143196136564e-13
5.56409490525849e-15
7.70746757948075e-17
5.18686502198331e-19
1.69579850737655e-21
2.69351633173768e-24
2.07845698046034e-27
1.43211305988903e-13
6.07875201487533e-13
1.25350944353843e-12
1.25578952482207e-12
6.11198337560514e-13
1.44518529815855e-13
1.66012568042157e-14
9.26476617171502e-16
2.5119096846829e-17
3.30864094679888e-19
2.11724600584746e-21
6.58216957388011e-24
9.94129298690036e-27
7.29445320253229e-30
5.12080850475336e-16
2.06682686998681e-15
4.05271183662465e-15
3.86067650828377e-15
1.78672273439685e-15
4.01723258015816e-16
4.38806297085466e-17
2.32859943997692e-18
6.00333789883868e-20
7.5191171340813e-22
4.5752725976565e-24
1.35251833547271e-26
1.94243014919249e-29
1.35526343603147e-32
1.07001140988541e-06
8.80797427947054e-06
3.52240857012457e-05
6.84351908522231e-05
6.4594463981372e-05
2.96201447810976e-05
6.59865036588323e-06
7.14165917783436e-07
3.75507992928728e-08
9.59213567994346e-10
1.19038515709691e-11
7.17688116382546e-14
2.1021324174242e-16
2.9913032744053e-19
1.00652713321149e-05
7.87846405694889e-05
0.000299594400196723
0.000553479942890638
0.000496759459228499
0.000216603996861198
4.58841667029174e-05
4.72210124120299e-06
2.36093375512405e-07
5.7346692027511e-09
6.76719986478102e-11
3.87958880661347e-13
1.08053404328159e-15
1.46206699473579e-18
5.012355221414e-05
0.000373066587814744
0.0013489844103919
0.00236975565795431
0.00202244290145353
0.000838542409339442
0.000168907858985049
1.65291585056622e-05
7.85828352475344e-07
1.81501703686956e-08
2.03661894913781e-10
1.11023500643874e-12
2.94033027541498e-15
3.78314839463152e-18
0.000132140964655132
0.000935212770605736
0.00321558094631475
0.00537136329287664
0.0043589879611135
0.00171855277928127
0.000329166888112587
3.06298924096513e-05
1.38468460327897e-06
3.04111131693019e-08
3.2448141997769e-10
1.68199001246976e-12
4.23577666784356e-15
5.18225473712344e-18
0.000184421852872613
0.00124112001385498
0.00405780561882526
0.00644532411761192
0.00497363999333324
0.00186457558718615
0.000339595325191361
3.00482701383676e-05
1.29167516374259e-06
2.69751088281354e-08
2.73683845970238e-10
1.34899762545229e-12
3.2303476867055e-15
3.75805744358161e-18
0.000136259429363258
0.000871959685314434
0.00271083015738259
0.00409434347791612
0.00300429309942864
0.00107096774135968
0.000185475496077228
1.56053227550396e-05
6.37874192633303e-07
1.26669883252402e-08
1.22204661166249e-10
5.7276732488041e-13
1.30420169415099e-15
1.4427375918721e-18
5.32966641558279e-05
0.000324308483709021
0.000958721913976296
0.0013769020969683
0.000960703848914112
0.000325650734641005
5.36278833642269e-05
4.29047437407351e-06
1.66761591395844e-07
3.14892858823427e-09
2.88872137461006e-11
1.28743277307385e-13
2.78752985959457e-16
2.9321795348885e-19
1.10360272847128e-05
6.38556735369885e-05
0.000179499100666779
0.000245132630826736
0.000162635757838001
5.24212064173652e-05
8.20869364363826e-06
6.24478004445312e-07
2.30800266994746e-08
4.14411243595706e-10
3.61495433321547e-12
1.53196965527439e-14
3.15408630725342e-17
3.1548088128549e-20
1.20977548704538e-06
6.65610167246084e-06
1.7791443112712e-05
2.31035367411402e-05
1.45754449495717e-05
4.46726008082939e-06
6.65176221629648e-07
4.81180763103723e-08
1.69104770572152e-09
2.88721765576009e-11
2.39485515928012e-13
9.65061615668719e-16
1.88932597132851e-18
1.79694510123446e-21
7.02062978114548e-08
3.67298945083246e-07
9.33553802749865e-07
1.15274988083073e-06
6.91523402319267e-07
2.0153697711431e-07
2.85350515066558e-08
1.96281172538368e-09
6.55925762602775e-11
1.06489502086214e-12
8.39914282219485e-15
3.21839391440339e-17
5.99127829175569e-20
5.41845972413502e-23
2.15688326220923e-09
1.07299745406718e-08
2.59326444129655e-08
3.04488560433138e-08
1.73688561812876e-08
4.81335085670247e-09
6.48037118714619e-10
4.23865732636127e-11
1.34689206682694e-12
2.07928176398146e-14
1.5594446210577e-16
5.68201833869907e-19
1.00579938964897e-21
8.64960284210767e-25
3.50797496418171e-11
1.65942251651391e-10
3.81358591110423e-10
4.25780877377943e-10
2.30948333600382e-10
6.08582662209673e-11
7.79112874065131e-12
4.84570808714548e-13
1.46416552790105e-14
2.14931054593077e-16
1.53279552529381e-18
5.31062139119076e-21
8.93886790228847e-24
7.30963616414833e-27
3.02040796510735e-13
1.35860917314953e-12
2.96892714542608e-12
3.15195929923428e-12
1.62568995959288e-12
4.07352990020293e-13
4.95884068436746e-14
2.93268531983149e-15
8.4261044259671e-17
1.17615422035321e-18
7.975864509614e-21
2.62764884655634e-23
4.20564826088909e-26
3.27020238622983e-29
1.3767465765283e-15
5.8885908952158e-15
1.22361508761956e-14
1.23524847355819e-14
6.05814816504763e-15
1.44344924565571e-15
1.67085671101941e-16
9.39621529382709e-18
2.56709992027528e-19
3.40728647710084e-21
2.19710386633814e-23
6.88285450736985e-26
1.04752079381294e-28
7.7452025243269e-32
6.00187539583362e-08
5.2355995085204e-07
2.21881924450253e-06
4.56828817427612e-06
4.56942046446799e-06
2.22046951475534e-06
5.24209117147559e-07
6.01229646342155e-08
3.35005754323694e-09
9.0685992156302e-11
1.19262583523002e-12
7.61981240708436e-15
2.36515936197617e-17
3.56658517075756e-20
7.19699533169748e-07
5.96979072099331e-06
2.40570878746563e-05
4.70980650110552e-05
4.47959898324949e-05
2.0699090925488e-05
4.64664473769151e-06
5.06761635361788e-07
2.68499852090375e-08
6.91131098130015e-10
8.64276851894845e-12
5.25075059317059e-14
1.54976540192881e-16
2.22221765957888e-19
4.56872211708805e-06
3.6035543089432e-05
0.0001380840326531
0.000257058467637739
0.000232485798581584
0.000102149678998712
2.18048772231633e-05
2.26123837597354e-06
1.13923970165171e-07
2.78843122755529e-09
3.31574273247165e-11
1.91548068630102e-13
5.37589516095804e-16
7.32993065901098e-19
1.53538588346485e-05
0.000115154871068408
0.000419588083765593
0.000742745519223223
0.000638753065660078
0.000266871389501025
5.41685360384707e-05
5.34156161593885e-06
2.55897149785325e-07
5.9557809633017e-09
6.73423159706952e-11
3.6992479459316e-13
9.87222163415291e-16
1.27994826103116e-18
2.73161582186128e-05
0.000194810711201911
0.000674966325989701
0.00113612847134406
0.000929070868196691
0.000369101919868017
7.12393302816746e-05
6.67989158935456e-06
3.04295172596958e-07
6.73436689457990e-09
7.2405998433733e-11
3.78205971791382e-13
9.59750351187525e-16
1.18321656117928e-18
2.57277005613312e-05
0.000174470749594217
0.000574804743991694
0.000920013336574184
0.000715391810807628
0.000270252592126624
4.95988759490055e-05
4.42231692104156e-06
1.91559614044208e-07
4.03119778171552e-09
4.1213578170465e-11
2.04702242013001e-13
4.93947667847486e-16
5.79049034119826e-19
1.2828078298022e-05
8.27202234289775e-05
0.000259142030798495
0.000394402881488216
0.000291620709935342
0.000104754504970075
1.82811333753796e-05
1.54992108994095e-06
6.38398886321925e-08
1.27747001755046e-09
1.24189641529196e-11
5.865379181402e-14
1.34580728708227e-16
1.50018811325573e-19
3.38611347730359e-06
2.07625192110205e-05
6.18492800420856e-05
8.95087128959221e-05
6.29320730444787e-05
2.14958600672024e-05
3.56708679506488e-06
2.87573318883204e-07
1.12631421367566e-08
2.14312055768214e-10
1.98111507190127e-12
8.89710803452203e-15
1.94117231365454e-17
2.05757358189382e-20
4.73173802087527e-07
2.75884735853426e-06
7.81467130939152e-06
1.07539947919734e-05
7.18960432503954e-06
2.33515772855565e-06
3.68471169793584e-07
2.82466447630451e-08
1.05197709897404e-09
1.90336362467678e-11
1.67306690002824e-13
7.14464922600184e-16
1.48226064556348e-18
1.49397836066851e-21
3.50041189509424e-08
1.94068287871891e-07
5.22716320577242e-07
6.83996072730242e-07
4.34827716194738e-07
1.34294087048227e-07
2.01498875174275e-08
1.46880595086012e-09
5.20154407717399e-11
8.94903496424768e-13
7.4799068436514e-15
3.03733178963179e-17
5.9918970713672e-20
5.74265221702152e-23
1.37087194092314e-09
7.22704490152259e-09
1.85097554509697e-08
2.30312055412542e-08
1.39222274219634e-08
4.08862084656435e-09
5.83339004051399e-10
4.04334924599369e-11
1.36156242324401e-12
2.2274600379257e-14
1.77034678934441e-16
6.83569751232966e-19
1.28228153223503e-21
1.16858417517796e-24
2.84219519187541e-11
1.42477474462088e-10
3.4698809806373e-10
4.1054333971096e-10
2.35982341318979e-10
6.58985809712738e-11
8.94022980314854e-12
5.8924697806357e-13
1.88678366639545e-14
2.93510008037655e-16
2.21819531127684e-18
8.14428033109359e-21
1.45271930284352e-23
1.25888704059556e-26
3.11953735285372e-13
1.48699990319321e-12
3.44356077844756e-12
3.87418742673323e-12
2.11752996320235e-12
5.62282495541049e-13
7.25363378119745e-14
4.54603472991391e-15
1.38415885524455e-16
2.04745885955288e-18
1.47136525022764e-20
5.13690895065495e-23
8.71283126836551e-26
7.17947688234353e-29
1.81261578053478e-15
8.21589629814449e-15
1.80917344069907e-14
1.93544805746855e-14
1.00590947672221e-14
2.53987498763521e-15
3.11560107541581e-16
1.85672425695334e-17
5.37562592467038e-19
7.56113044332602e-21
5.166786112573e-23
1.71526133911453e-25
2.7664076489386e-28
2.1675948812431e-31
1.64862477735781e-09
1.52402847136918e-08
6.84447908177542e-08
1.49335748463524e-07
1.58293553171604e-07
8.15152255826487e-08
2.03934312945866e-08
2.4786655787705e-09
1.46359740145529e-10
4.19856988156607e-12
5.85136520209784e-14
3.96176841750449e-16
1.30315786287996e-18
2.08248093576482e-21
2.5200736701819e-08
2.21519997008107e-07
9.45994691207229e-07
1.96263944877552e-06
1.97819186157652e-06
9.68662216593325e-07
2.30437084385268e-07
2.66322859727946e-08
1.49534217265796e-09
4.07895374298049e-11
5.40546476878237e-13
3.48011314758021e-15
1.08850329911849e-17
1.65402548732571e-20
2.03931318797954e-07
1.70455912533527e-06
6.92175582048864e-06
1.36551520838447e-05
1.30873847620516e-05
6.09375882674943e-06
1.37845856407525e-06
1.51488000040314e-07
8.08795656812794e-09
2.09785492248508e-10
2.64355380550568e-12
1.61836664749086e-14
4.81328688140568e-17
6.95476784050645e-20
8.73642786527704e-07
6.94369249849891e-06
2.68116243900492e-05
5.02958133579196e-05
4.58370444880224e-05
2.02944572358667e-05
4.36530242672995e-06
4.56170603623202e-07
2.31588140605688e-08
5.71191056503578e-10
6.84419766977646e-12
3.98418734463807e-14
1.12676415221062e-16
1.54811191695738e-19
1.98135885286526e-06
1.49743564333575e-05
5.49805722027567e-05
9.80723104265674e-05
8.49883935577075e-05
3.57807052376948e-05
7.3183678408005e-06
7.27202955136412e-07
3.51053330755144e-08
8.23316128351009e-10
9.38072080911228e-12
5.19256402796147e-14
1.39637984763309e-16
1.82432137615957e-19
2.37887521054676e-06
1.70956307784126e-05
5.96863004622095e-05
0.000101237230153941
8.34222521312798e-05
3.33963980211548e-05
6.49521316767031e-06
6.13710073103928e-07
2.81714471308387e-08
6.2824801359191e-10
6.80658314276911e-12
3.58264062174575e-14
9.16122184873001e-17
1.13809788644133e-19
1.51202669377832e-06
1.03324037777642e-05
3.43019921316086e-05
5.53239752970794e-05
4.33494385312926e-05
1.65017360882295e-05
3.05177042463429e-06
2.74189074007941e-07
1.19680802377145e-08
2.53790231444939e-10
2.61457662243941e-12
1.30859093646998e-14
3.18187053188916e-17
3.75869566776673e-20
5.08775901851121e-07
3.30595460718546e-06
1.04362218303843e-05
1.60053722664786e-05
1.19251628938436e-05
4.31657133780498e-06
7.5908356327382e-07
6.48509458739451e-08
2.6916532054291e-09
5.42747655582747e-11
5.31683117410355e-13
2.53036893287503e-15
5.85047173591748e-18
6.57164336332965e-21
9.06301886240096e-08
5.59978921073066e-07
1.6809180367973e-06
2.45130560094864e-06
1.73669854342324e-06
5.9776087352703e-07
9.99554760758784e-08
8.1201071755366e-09
3.20474141786578e-10
6.14469438136604e-12
5.72378936835393e-14
2.59025823038331e-16
5.69480087794405e-19
6.08261161100442e-22
8.54670101748131e-09
5.02141076671919e-08
1.43327342851227e-07
1.98750583326685e-07
1.3389483879181e-07
4.38223157521542e-08
6.96791546409421e-09
5.38253031831162e-10
2.01997576399051e-11
3.68283188942758e-13
3.26207313514436e-15
1.40372344813912e-17
2.93457678617609e-20
2.98047486228713e-23
4.2668110988486e-10
2.38374116348078e-09
6.46979974476714e-09
8.53097448619709e-09
5.46490365770395e-09
1.70075767439226e-09
2.57145205281136e-10
1.88881961773975e-11
6.74029028844608e-13
1.16853783746276e-14
9.8419922860715e-17
4.02716406957437e-19
8.00555948502092e-22
7.73143513552652e-25
1.12768446406866e-11
5.99061927485765e-11
1.54607979304929e-10
1.93851046968373e-10
1.18081118998889e-10
3.49436954463165e-11
5.023810686198e-12
3.50892238074298e-13
1.19066700776642e-14
1.96283114572829e-16
1.57199667708363e-18
6.11640689249313e-21
1.15615796827733e-23
1.0617298968794e-26
1.57779674262163e-13
7.97009723082038e-13
1.95592521897506e-12
2.33193765599238e-12
1.35069622737833e-12
3.80079547659111e-13
5.1959788731966e-14
3.45093131041407e-15
1.11347716631787e-16
1.74542976791891e-18
1.32922806947247e-20
4.91782070773011e-23
8.83938278507919e-26
7.71875494926434e-29
1.16867509645044e-15
5.61351382219149e-15
1.30994139198645e-14
1.48506340615363e-14
8.17926332657678e-15
2.18856498281525e-15
2.84499013253517e-16
1.79671066200613e-17
5.51253789356503e-19
8.21676928966207e-21
5.95013282375484e-23
2.09328465734518e-25
3.577716982169e-28
2.97070643405747e-31
2.21764973046102e-11
2.1724811866742e-10
1.03393957511856e-09
2.39061893776166e-09
2.68535442946524e-09
1.46544301802631e-09
3.88519051519133e-10
5.00416666895693e-11
3.13131871930564e-12
9.51916478579462e-14
1.40587425473043e-15
1.00871893507882e-17
3.51617053946915e-20
5.95450618579257e-23
4.32127131115854e-10
4.02534444778842e-09
1.82167385582606e-08
4.00510830390331e-08
4.27793287592534e-08
2.21988118120703e-08
5.59630731785632e-09
6.85408433403056e-10
4.07824576960791e-11
1.17889033517187e-12
1.65557737401245e-14
1.12954001287481e-16
3.74394810062552e-19
6.0288444941396e-22
4.45768517808375e-09
3.94847461287857e-08
1.69912515279671e-07
3.55220032946549e-07
3.60782608120816e-07
1.78020411120169e-07
4.26746598216398e-08
4.96988567287767e-09
2.81189300360395e-10
7.72907010115145e-12
1.03212373118271e-13
6.69595218048998e-16
2.11042044500378e-18
3.23148161844499e-21
2.43436967350399e-08
2.05038269575746e-07
8.38995031813411e-07
1.66786122662802e-06
1.61078100055815e-06
7.55769125912678e-07
1.72273253955756e-07
1.90775512807227e-08
1.02636885424471e-09
2.6826274364017e-11
3.40638178388306e-13
2.10136910878204e-15
6.29777916632966e-18
9.16956164403375e-21
7.03789756535264e-08
5.63663330719136e-07
2.1931719662652e-06
4.14573608455701e-06
3.80720866026802e-06
1.69858689862455e-06
3.68167054207195e-07
3.87684231961926e-08
1.9832954467709e-09
4.92915817112435e-11
5.95160577180759e-13
3.49117501195777e-15
9.94913094755701e-18
1.37744648702541e-20
1.0771560637523e-07
8.20321159405991e-07
3.03504587260149e-06
5.45535060925336e-06
4.76382871256702e-06
2.02099700638391e-06
4.16534775112139e-07
4.17073812781652e-08
2.02885328135001e-09
4.79473295013287e-11
5.50496126672555e-13
3.07057828301863e-15
8.3207436593418e-18
1.09541875855363e-20
8.727575136939e-08
6.32014907071461e-07
2.22349987698107e-06
3.80034443737659e-06
3.15562125297149e-06
1.27298371283498e-06
2.49480659935523e-07
2.37534657088759e-08
1.09873547099813e-09
2.46908118063892e-11
2.69558887676477e-13
1.42971016265567e-15
3.68398976690811e-18
4.61174078270683e-21
3.74358621057778e-08
2.57780467299211e-07
8.62359270947713e-07
1.40153042180242e-06
1.10660565118223e-06
4.24482021343482e-07
7.91046075013119e-08
7.16176920962153e-09
3.15003170907341e-10
6.73109301161827e-12
6.9876689304217e-14
3.52415589088051e-16
8.63483343171922e-19
1.02784796364135e-21
8.50083052554519e-09
5.5661123483264e-08
1.77059258169366e-07
2.73628528475646e-07
2.05437713040685e-07
7.49333296795535e-08
1.32784062762634e-08
1.14312292989945e-09
4.78096960293534e-11
9.71438006846125e-13
9.58937410181089e-15
4.59876793720621e-17
1.07144230509338e-19
1.21275241426463e-22
1.02191354118381e-09
6.36257926956243e-09
1.92454610935579e-08
2.82813083832792e-08
2.01904843120284e-08
7.00277282873425e-09
1.17996575049136e-09
9.6592816089456e-11
3.84146000682093e-12
7.42204984763057e-14
6.96670594247852e-16
3.17692641074458e-18
7.03822088895558e-21
7.57521027494884e-24
6.50348625202537e-11
3.85029247837667e-10
1.10743253305137e-09
1.54745096678681e-09
1.05049158543438e-09
3.46452996278049e-10
5.55101150715434e-11
4.32091771448933e-12
1.63401457674822e-13
3.00200851233875e-15
2.67943961830222e-17
1.16185543017521e-19
2.44757648414654e-22
2.50493530642325e-25
2.19107667574381e-12
1.23348397709617e-11
3.37353726099336e-11
4.48243058285788e-11
2.8934614205386e-11
9.07398134390201e-12
1.38246495277808e-12
1.02326104409963e-13
3.67955088743736e-15
6.42805003553107e-17
5.45556514492441e-19
2.24944980075457e-21
4.50597655627598e-24
4.38508092186762e-27
3.90794282996575e-14
2.0919561674806e-13
5.44042743150061e-13
6.87368340675383e-13
4.2191220716645e-13
1.25814506682224e-13
1.8227009061539e-14
1.28285083794879e-15
4.38644791854146e-17
7.28661552156152e-19
5.88050731060375e-21
2.30557787664212e-23
4.39158062584654e-26
4.06385297215998e-29
3.68992980397022e-16
1.87823930870606e-15
4.64472289285914e-15
5.5801356241296e-15
3.25691003663627e-15
9.23512616358094e-16
1.27220168209019e-16
8.51422573679157e-18
2.76828256601747e-19
4.37272068782009e-21
3.35559175853287e-23
1.25101513318074e-25
2.26585476713622e-28
1.99378185182391e-31
1.46083230083869e-13
1.51654481889943e-12
7.6486748390119e-12
1.87410193795305e-11
2.23088037623295e-11
1.29013577754943e-11
3.62468789315702e-12
4.94745528399474e-13
3.28072025859789e-14
1.05689680610131e-15
1.65413912049164e-17
1.25773035476072e-19
4.64599902736556e-22
8.33770929573691e-25
3.62865863104981e-12
3.5820318435491e-11
1.71786421690793e-10
4.00243499258118e-10
4.53039221764481e-10
2.49128481346782e-10
6.65559705620108e-11
8.63826899157612e-12
5.44681329211506e-13
1.66853113827424e-14
2.48314571558572e-16
1.79533772792897e-18
6.30617722357954e-21
1.07612382881354e-23
4.77167812637850e-11
4.47901907157117e-10
2.04254082173277e-09
4.52516730516985e-09
4.87051178570953e-09
2.54677523940612e-09
6.4696785264537e-10
7.98455738143667e-11
4.78734860987137e-12
1.39448973918716e-13
1.97338423710679e-15
1.35670069968344e-17
4.53140109657282e-20
7.35287231158714e-23
3.32181501983412e-10
2.9649382830864e-09
1.28567717333888e-08
2.70847150656906e-08
2.77199645983247e-08
1.378278983051e-08
3.32933624351862e-09
3.90709747020103e-10
2.2275470970892e-11
6.16986422287907e-13
8.30233744043344e-15
5.42751731006592e-17
1.72376522828291e-19
2.65969034573646e-22
1.22421874477729e-09
1.03902902692347e-08
4.28422625343533e-08
8.58209224573174e-08
8.35199105809822e-08
3.94877988191977e-08
9.07009618082612e-09
1.01213145426306e-09
5.48703857502549e-11
1.44515745418255e-12
1.84913399815095e-14
1.14947005576553e-16
3.4713867627674e-19
5.09312583394893e-22
2.38848150201701e-09
1.927609153129e-08
7.55774335051117e-08
1.43959842274181e-07
1.33219146456169e-07
5.9891886612399e-08
1.30811342546535e-08
1.38803006939625e-09
7.15530924674562e-11
1.79198349188482e-12
2.1802970291357e-14
1.2887639635176e-16
3.70089843632024e-19
5.16317698687274e-22
2.46697083984723e-09
1.89316974776978e-08
7.05815445997319e-08
1.27840606607743e-07
1.1249223606555e-07
4.80897299972753e-08
9.98753214646384e-09
1.00772052428284e-09
4.93967163386162e-11
1.17633797801937e-12
1.36095015417226e-14
7.6494178008825e-17
2.0887699335373e-19
2.77095131325366e-22
1.34891761703201e-09
9.84327024588028e-09
3.4895502227523e-08
6.01001505584794e-08
5.02872317644445e-08
2.04416505806357e-08
4.03692103218186e-09
3.87311694319832e-10
1.80529021576568e-11
4.08798702781005e-13
4.49726057764358e-15
2.40360255600967e-17
6.24098767224023e-20
7.87263387480839e-23
3.90468598757701e-10
2.70937137613977e-09
9.13328531790118e-09
1.49575882515295e-08
1.19006911714678e-08
4.60001087902254e-09
8.63816697556824e-10
7.88062011592641e-11
3.49281234581565e-12
7.52083700027162e-14
7.86743496248667e-16
3.99830765930332e-18
9.87177660049174e-21
1.18410575190546e-23
5.98364855834913e-11
3.94799818615783e-10
1.26550502319514e-09
1.97072880537148e-09
1.49095974543115e-09
5.48000599847927e-10
9.78525644892034e-11
8.48866612745373e-12
3.57752564138957e-13
7.32490708709925e-15
7.28614060150112e-17
3.52102442145003e-19
8.26640329125766e-22
9.42844785713569e-25
4.85428553590151e-12
3.04554224033751e-11
9.28282147868916e-11
1.37458446656841e-10
9.8886937608778e-11
3.45606964546827e-11
5.86816215213721e-12
4.84058430866026e-13
1.93985618393789e-14
3.77674219963854e-16
3.57224478176602e-18
1.6415009651001e-20
3.66452034019024e-23
3.97437821046019e-26
2.08479729998629e-13
1.24374568470915e-12
3.60475207303986e-12
5.07569217838286e-12
3.47209191757665e-12
1.15388682359143e-12
1.86299322989892e-13
1.46128659909251e-14
5.56846621114228e-16
1.03088884025949e-17
9.27180203005128e-20
4.05128246425899e-22
8.59997048270083e-25
8.86905727237908e-28
4.74003588937002e-15
2.68891963962679e-14
7.41054380401182e-14
9.92198112696606e-14
6.45390809668656e-14
2.03949769706978e-14
3.13112008513373e-15
2.33535168559459e-16
8.46215392056556e-18
1.48965470381739e-19
1.27399101866952e-21
5.29325946409932e-24
1.06845457092242e-26
1.04776769080059e-29
5.70530282419034e-17
3.07753737685736e-16
8.06499372713726e-16
1.02678802259648e-15
6.35087575329068e-16
1.90836965012788e-16
2.78591234704709e-17
1.97582491456146e-18
6.80778025760629e-20
1.13956384797919e-21
9.26718556348546e-24
3.66128147209045e-26
7.02739618838322e-29
6.5528740695135e-32
4.71242070849368e-16
5.18430754262187e-15
2.77085321663187e-14
7.19469429975455e-14
9.07584841187422e-14
5.56209220087465e-14
1.65601854619418e-14
2.39534609027755e-15
1.68324529121675e-16
5.74648937012078e-18
9.53089904694384e-20
7.67964586222809e-22
3.00624644330146e-24
5.71720847206331e-27
1.49216543054204e-14
1.56096123362912e-13
7.93310720136568e-13
1.95871203066326e-12
2.34949173140654e-12
1.36915719617783e-12
3.87622312456112e-13
5.33138793910507e-14
3.56244251013016e-15
1.15646237087029e-16
1.82385878834244e-18
1.39742007034086e-20
5.20162219294704e-23
9.406470460696e-26
2.50131950418683e-13
2.48812820851276e-12
1.20240951056163e-11
2.82298202417995e-11
3.2198814720239e-11
1.78421719184709e-11
4.80321046369776e-12
6.28190806037644e-13
3.99142154761237e-14
1.23208219458759e-15
1.84768455124632e-17
1.34614560042656e-19
4.76466429613613e-22
8.19310725348422e-25
2.21973250358417e-12
2.09958116969131e-11
9.64807695964702e-11
2.15389690043238e-10
2.33606609294344e-10
1.23089612002598e-10
3.15089362779181e-11
3.91852068275642e-12
2.36748157191403e-13
6.94907715002805e-15
9.90931700005958e-17
6.86493409871761e-19
2.31049527942608e-21
3.777894805266e-24
1.04282489426392e-11
9.37933094356663e-11
4.09834384338602e-10
8.70003473526647e-10
8.97242100374973e-10
4.49546232607718e-10
1.09424644374002e-10
1.29399318052774e-11
7.43404000064121e-13
2.07488419202618e-14
2.81344799957363e-16
1.8533608530092e-18
5.93139901626817e-21
9.22211128008304e-24
2.5935905515653e-11
2.21814701695711e-10
9.21627238669502e-10
1.86035719612519e-09
1.82437216531383e-09
8.69173744338168e-10
2.01175839581947e-10
2.26214848638449e-11
1.23578368320349e-12
3.27974340333705e-14
4.2287629435062e-16
2.64888360478488e-18
8.06099167760324e-21
1.19176364372071e-23
3.41484281057116e-11
2.77707795956988e-10
1.09718910960223e-09
2.10596411751335e-09
1.96379662093171e-09
8.89647805776531e-10
1.95801393268704e-10
2.09357973548284e-11
1.08752511803667e-12
2.74451209604565e-14
3.36486050235665e-16
2.00421838522482e-18
5.79961389146952e-21
8.15322041894191e-24
2.3802320354569e-11
1.8406240510665e-10
6.91491667788808e-10
1.26207415288148e-09
1.11907412961747e-09
4.82068663851846e-10
1.00886953974439e-10
1.02573973664816e-11
5.06658593167556e-13
1.215821189035e-14
1.41742492426539e-16
8.02798375192396e-19
2.20896567157892e-21
2.95289164499903e-24
8.78308632843215e-12
6.45834721837131e-11
2.30712800672194e-10
4.00403674714594e-10
3.375984781731e-10
1.38286239967778e-10
2.75190551459943e-11
2.66050531655804e-12
1.24959939434258e-13
2.85136978529585e-15
3.16091154570273e-17
1.70234353069667e-19
4.45408118612116e-22
5.66167734086158e-25
1.71575109012371e-12
1.19965664640424e-11
4.07507595309585e-11
6.72497250872022e-11
5.39164613987577e-11
2.10004359992189e-11
3.97384848153741e-12
3.65317400567959e-13
1.63156911572624e-14
3.54010917253285e-16
3.73167572223893e-18
1.91102866383769e-20
4.75451878406564e-23
5.74674592092671e-26
1.77435572560158e-13
1.1797006411254e-12
3.81047398491383e-12
5.97946390667386e-12
4.55849579847285e-12
1.68832842066349e-12
3.03786427052804e-13
2.65555843892195e-14
1.12776710394556e-15
2.32679994085998e-17
2.33224799326737e-19
1.1357074491821e-21
2.68679346286975e-24
3.08800613067449e-27
9.71418517127815e-15
6.14137961512239e-14
1.88626006788825e-13
2.81457781952041e-13
2.04033280909049e-13
7.18562961841941e-14
1.22943254332113e-14
1.02192881283384e-15
4.12679262409906e-17
8.09619033508346e-19
7.71657951562928e-21
3.57309879324818e-23
8.0378755005697e-26
8.78443003574064e-29
2.81547282489185e-16
1.69254158334006e-15
4.94314576685744e-15
7.01364127999012e-15
4.83459105556779e-15
1.61901920745319e-15
2.63402759380967e-16
2.08192318548321e-17
7.99438658378057e-19
1.49135711906526e-20
1.35161878833354e-22
5.9511767751411e-25
1.27299747986288e-27
1.32290390749688e-30
4.31991875117238e-18
2.46940332483047e-17
6.85779566467913e-17
9.25237262892797e-17
6.06453842303691e-17
1.93116086137532e-17
2.98755020653359e-18
2.24537062219352e-19
8.19854759429333e-21
1.4543263420466e-22
1.25332262942143e-24
5.24734904993573e-27
1.06731617070151e-29
1.05468382839434e-32
7.44430280430058e-19
8.67885725757096e-18
4.91560665115596e-17
1.35259495476685e-16
1.80815004049791e-16
1.17429504953933e-16
3.70506692372271e-17
5.67924946981294e-18
4.22923577938897e-19
1.53006158499391e-20
2.68925501806038e-22
2.29631322032073e-24
9.52590677334404e-27
1.91980708455822e-29
3.0048591301781e-17
3.33112610860255e-16
1.79404814781411e-15
4.69410907018124e-15
5.96689397454108e-15
3.68484757454768e-15
1.10552049148798e-15
1.61135090874687e-16
1.14101018765183e-17
3.92522881337808e-19
6.5601911884404e-21
5.32652631827784e-23
2.10110482557354e-25
4.02649742326351e-28
6.42101197874946e-16
6.76860047228605e-15
3.46633348123458e-14
8.62418107425994e-14
1.04241692274627e-13
6.12126388573418e-14
1.74629179533859e-14
2.42029658048192e-15
1.62965781330886e-16
5.33089736828853e-18
8.471889489921e-20
6.54088185839784e-22
2.4534001651872e-24
4.47071039276862e-27
7.2637706004185e-15
7.2809150196674e-14
3.54556838699906e-13
8.38806588672965e-13
9.64081750633005e-13
5.38321782475441e-13
1.46031352282776e-13
1.92453725603146e-14
1.23220396224798e-15
3.83278926505455e-17
5.79193053152192e-19
4.25214249038204e-21
1.51659051968004e-23
2.62787635108191e-26
4.35010797525823e-14
4.14621979830542e-13
1.91990910235835e-12
4.31901862113636e-12
4.72025594241091e-12
2.50623667611168e-12
6.46479379515976e-13
8.10146080150737e-14
4.93228377520583e-15
1.4588439483871e-16
2.0962625863645e-18
1.46338497117849e-20
4.9630375404661e-23
8.1773501079677e-26
1.3791681851602e-13
1.24996529961265e-12
5.5036999043686e-12
1.1773012267203e-11
1.22347897320343e-11
6.17705524694129e-12
1.51510427520278e-12
1.80542571532884e-13
1.04518408140548e-14
2.93955785077505e-16
4.0164956303973e-18
2.66617497882099e-20
8.59817064723508e-23
1.34709906428358e-25
2.31480120794612e-13
1.99490798648342e-12
8.35233875154836e-12
1.69890616883181e-11
1.67883010685053e-11
8.05972394266721e-12
1.87979135105470e-12
2.12997835252213e-13
1.17251064553961e-14
3.13569967981507e-16
4.07406722726674e-18
2.57156782272549e-20
7.88576511446236e-23
1.17480491132112e-25
2.05678760826346e-13
1.68549340676656e-12
6.71028137296401e-12
1.29786782687543e-11
1.21954060420469e-11
5.567216680598e-12
1.23468464516607e-12
1.33030135046037e-13
6.96337973135383e-15
1.77078644313871e-16
2.18770298881591e-18
1.31306611523277e-20
3.82878421210219e-23
5.42389469499279e-26
9.67485512796442e-14
7.538944110434e-13
2.85399126219349e-12
5.24893043333706e-12
4.68991592125927e-12
2.03580116855146e-12
4.29320596395833e-13
4.39849548982134e-14
2.18928670792691e-15
5.2939177790722e-17
6.2191038050905e-19
3.54939621675847e-21
9.84140762996527e-24
1.32567181067604e-26
2.4092328199563e-14
1.78514404742777e-13
6.42604590657376e-13
1.12380366401262e-12
9.54801573397948e-13
3.94104932673237e-13
7.90290347382565e-14
7.69905720854354e-15
3.64388345555022e-16
8.37852311341152e-18
9.35936809955564e-20
5.07927406214766e-22
1.33916110618227e-24
1.71529993245971e-27
3.17608668853851e-15
2.23776916457907e-14
7.65974452817485e-14
1.27376510529687e-13
1.02905946551332e-13
4.03894238966674e-14
7.7014217595699e-15
7.13428113299748e-16
3.2107433583939e-17
7.01999865499524e-19
7.45666319688577e-21
3.84793819604159e-23
9.64689854098835e-26
1.17496085057862e-28
2.21658914025095e-16
1.48503462907092e-15
4.83352559940472e-15
7.64306455004192e-15
5.87147335247746e-15
2.19130446283943e-15
3.97314499668754e-16
3.49979146927247e-17
1.49770398105121e-18
3.11376521354902e-20
3.14500835162265e-22
1.54324118857234e-24
3.67893293691882e-27
4.26074947046537e-30
8.18949894706188e-18
5.217196009423e-17
1.61470443357955e-16
2.42786751561081e-16
1.77350735265375e-16
6.2938598014002e-17
1.08511857592484e-17
9.08894329730288e-19
3.69850024844253e-20
7.3116260706041e-22
7.02228345030978e-24
3.2765650965634e-26
7.42737425704689e-29
8.1795211144429e-32
1.60180165611301e-19
9.70324512145597e-19
2.85562601079179e-18
4.08283395541847e-18
2.83594738484212e-18
9.56997234183007e-19
1.56891443357942e-19
1.24957951365994e-20
4.835090384149e-22
9.0891100039213e-24
8.30068980512348e-26
3.68284187040805e-28
7.93830939833579e-31
8.31283257466469e-34
