2.83438457791429e-18
-5.56754113518879e-19
9.2370568833814e-19
-2.5307005159949e-18
1.32837642059067e-08
7.4886808176653e-07
3.42208989696593e-06
1.28065808082292e-05
3.97119170927535e-05
0.000104759420798769
0.000235501775877943
0.000452671371413437
0.000746879051555653
0.00106431458802754
0.00133096968468346
0.00151114534233193
0.00166970631236231
0.00198417002542581
0.00268655913665342
0.00397538860034156
0.00594867718927619
0.00860467549330705
0.0118817583226467
0.0157143333720426
0.0200628591765465
0.0248957004081545
0.0300939103586257
0.0353473204342508
0.0402137146885064
0.0443899627985439
0.0479349436710223
0.0511442046926574
0.05414045776602
0.056589837193869
0.0579053785027
0.0577308688034983
0.0562295992928644
0.0538909435662521
0.0510765938229718
0.0477664330978831
0.0436971145971785
0.0386986282289135
0.0329083524431255
0.0267616345871923
0.0208297676747891
0.0156159954376485
0.011391439937539
0.00814627675891119
0.00569053498493857
0.00381976978353176
0.00240784199634428
0.00139176571546657
0.000724295691766508
0.000334006539689099
0.000135348991752312
4.77556552494357e-05
1.43292710109531e-05
3.46802994038511e-06
7.26532553615126e-07
6.44170428346166e-09
