0.000418622621782537
0.000796998897141668
0.00141069729292175
0.00229074447360228
0.00353136978448737
0.00527822950771794
0.00759661319932201
0.0104484565110602
0.0136022415619018
0.016648960674725
0.0196284327040626
0.0227438911865796
0.0254877326854925
0.0281243835009582
0.0322020957525614
0.0381109625660241
0.0446177112645265
0.0511942345295135
0.0578615533655712
0.0629371324820073
0.0645381508288967
0.0642410642673492
0.0643704352156312
0.0638840688854197
0.0603803037445348
0.0531832006985548
0.0438331749965638
0.0346434011572089
0.0270275899023586
0.021238908342054
0.0169285741808745
0.0133596737354827
0.00989221621820383
0.00665688995272289
0.004173721165123
0.00262163264227371
0.00173128835031662
0.00115634694430216
0.000751851596520832
0.000456442613648541
