1.4924313062022e-06 3.81517251656741e-06 8.59694562005334e-06 1.70769325690895e-05 2.98872901475207e-05 4.60817163807537e-05 6.25825550000398e-05 7.48496830486228e-05 7.88243446620317e-05 7.30808039745619e-05 5.96421560146336e-05 4.28407046128159e-05 2.70812486436963e-05 1.50635035465383e-05 7.37226267642758e-06 3.17431632744043e-06 1.20245113012664e-06 4.00172642984269e-07 1.16958671017141e-07 2.99646181944742e-08 0 0 0 0 0 0 0 0 0 0 0 0 0 0 0 0 0 0 0 0 0 0 0 0 0 0 0 0 0 0 0 0 0 0 0 0 0 0 0 0 0 0 0 0 0 0 0 0 0 0
1.93320117383705e-06 4.94319540150133e-06 1.11410383648229e-05 2.21283872363257e-05 3.87287857160645e-05 5.97136844580656e-05 8.10968226418772e-05 9.69925692937523e-05 0.000102143583821441 9.47007593021685e-05 7.72864831282444e-05 5.55147715084915e-05 3.5092434308077e-05 1.95195322522327e-05 9.55291360051576e-06 4.11385209792523e-06 1.55816014611266e-06 5.19064515175247e-07 1.51756292146208e-07 3.86640234767409e-08 0 0 0 0 0 0 0 0 0 0 0 0 0 0 0 0 0 0 0 0 0 0 0 0 0 0 0 0 0 0 0 0 0 0 0 0 0 0 0 0 0 0 0 0 0 0 0 0 0 0
1.88293794331728e-06 4.81367092285424e-06 1.08491249875735e-05 2.15503600853485e-05 3.77167549015608e-05 5.81535911107791e-05 7.89780341553518e-05 9.44581425548519e-05 9.94738330003721e-05 9.2226261799657e-05 7.52672545021716e-05 5.40639040275268e-05 3.41751303510913e-05 1.90101337429266e-05 9.30353064909078e-06 4.00559283219036e-06 1.51756292146208e-06 5.05532106958388e-07 1.47889889798534e-07 3.76974228898224e-08 0 0 0 0 0 0 0 0 0 0 0 0 0 0 0 0 0 0 0 0 0 0 0 0 0 0 0 0 0 0 0 0 0 0 0 0 0 0 0 0 0 0 0 0 0 0 0 0 0 0
1.37933903753273e-06 3.52712554166569e-06 7.95028982740485e-06 1.57913537884879e-05 2.76380105817613e-05 4.261355347489e-05 5.78723103399858e-05 6.92163348280616e-05 7.28913502595258e-05 6.75808466349955e-05 5.5153262888984e-05 3.96161250548557e-05 2.50426880058851e-05 1.39296810580828e-05 6.81743393953634e-06 2.93556598247155e-06 1.1115906749563e-06 3.70208024789794e-07 1.08259265734875e-07 2.70648164337187e-08 0 0 0 0 0 0 0 0 0 0 0 0 0 0 0 0 0 0 0 0 0 0 0 0 0 0 0 0 0 0 0 0 0 0 0 0 0 0 0 0 0 0 0 0 0 0 0 0 0 0
7.60714661904878e-07 1.94480038088007e-06 4.38450026226242e-06 8.70810468754897e-06 1.52403914539444e-05 2.34990268685762e-05 3.1913284977702e-05 3.81681573756517e-05 4.01951188064199e-05 3.72663190280567e-05 3.04140874673913e-05 2.18461398649455e-05 1.38098225853049e-05 7.6815748642415e-06 3.75910968252614e-06 1.61905598308853e-06 6.12824772106344e-07 2.03952723839808e-07 5.99292363889484e-08 1.54656093906964e-08 0 0 0 0 0 0 0 0 0 0 0 0 0 0 0 0 0 0 0 0 0 0 0 0 0 0 0 0 0 0 0 0 0 0 0 0 0 0 0 0 0 0 0 0 0 0 0 0 0 0
3.15111791335439e-07 8.06144889490048e-07 1.81720910340682e-06 3.61025319214068e-06 6.31866803668639e-06 9.74236731555179e-06 1.32308288337407e-05 1.58242182084431e-05 1.66651607190623e-05 1.54501437813057e-05 1.26093046563521e-05 9.05704749942656e-06 5.72517527631841e-06 3.18494893389653e-06 1.55816014611266e-06 6.70820807321455e-07 2.54215954359572e-07 8.506085164883e-08 2.51316152598816e-08 5.79960352151114e-09 0 0 0 0 0 0 0 0 0 0 0 0 0 0 0 0 0 0 0 0 0 0 0 0 0 0 0 0 0 0 0 0 0 0 0 0 0 0 0 0 0 0 0 0 0 0 0 0 0 0
9.85932598656894e-08 2.51316152598816e-07 5.65461343347336e-07 1.12318988199932e-06 1.96606559379228e-06 3.03125944057649e-06 4.11675189968599e-06 4.92386338976296e-06 5.18484554823096e-06 4.80690471874582e-06 3.92343178230229e-06 2.81764071086749e-06 1.78144488169084e-06 9.90765601591486e-07 4.85233494633099e-07 2.08785726774401e-07 7.92612481273189e-08 2.60982158468001e-08 7.73280469534819e-09 1.93320117383705e-09 0 0 0 0 0 0 0 0 0 0 0 0 0 0 0 0 0 0 0 0 0 0 0 0 0 0 0 0 0 0 0 0 0 0 0 0 0 0 0 0 0 0 0 0 0 0 0 0 0 0
2.31984140860446e-08 5.79960352151114e-08 1.31457679820919e-07 2.6194875905492e-07 4.5816867819938e-07 7.05618428450522e-07 9.58867782223175e-07 1.14638829608537e-06 1.20728413306124e-06 1.11932347965165e-06 9.13437554638004e-07 6.56321798517677e-07 4.14671651788046e-07 2.31017540273527e-07 1.13092268669467e-07 4.83300293459262e-08 1.83654111514519e-08 5.79960352151114e-09 1.93320117383705e-09 0 0 0 0 0 0 0 0 0 0 0 0 0 0 0 0 0 0 0 0 0 0 0 0 0 0 0 0 0 0 0 0 0 0 0 0 0 0 0 0 0 0 0 0 0 0 0 0 0 0 0
3.86640234767409e-09 1.06326064561038e-08 2.31984140860446e-08 4.54302275851706e-08 8.02278487142374e-08 1.22758274538652e-07 1.67221901536904e-07 1.99119720905216e-07 2.0975232736132e-07 1.94286717970623e-07 1.58522496254638e-07 1.14058869256386e-07 7.24950440188892e-08 4.0597224650578e-08 1.93320117383705e-08 8.69940528226671e-09 2.89980176075557e-09 9.66600586918523e-10 0 0 0 0 0 0 0 0 0 0 0 0 0 0 0 0 0 0 0 0 0 0 0 0 0 0 0 0 0 0 0 0 0 0 0 0 0 0 0 0 0 0 0 0 0 0 0 0 0 0 0 0
9.66600586918523e-10 2.89980176075557e-09 4.83300293459262e-09 7.73280469534819e-09 1.25658076299408e-08 1.83654111514519e-08 2.31984140860446e-08 2.70648164337187e-08 2.80314170206372e-08 2.60982158468001e-08 2.12652129122075e-08 1.44990088037778e-08 9.66600586918523e-09 4.83300293459262e-09 2.89980176075557e-09 9.66600586918523e-10 0 0 0 0 0 0 0 0 0 0 0 0 0 0 0 0 0 0 0 0 0 0 0 0 0 0 0 0 0 0 0 0 0 0 0 0 0 0 0 0 0 0 0 0 0 0 0 0 0 0 0 0 0 0
7.73280469534819e-09 1.25658076299408e-08 1.73988105645334e-08 2.12652129122075e-08 2.31984140860446e-08 2.31984140860446e-08 2.0298612325289e-08 1.64322099776149e-08 1.15992070430223e-08 7.73280469534819e-09 4.83300293459262e-09 2.89980176075557e-09 1.93320117383705e-09 9.66600586918523e-10 0 0 0 0 0 0 0 0 0 0 0 0 0 0 0 0 0 0 0 0 0 0 0 0 0 0 0 0 0 0 0 0 0 0 0 0 0 0 0 0 0 0 0 0 0 0 0 0 0 0 0 0 0 0 0 0
5.99292363889484e-08 9.56934581049338e-08 1.34357481581675e-07 1.67221901536904e-07 1.82687510927601e-07 1.75921306819171e-07 1.49823090972371e-07 1.13092268669467e-07 7.53948457796448e-08 4.44636269982521e-08 2.41650146729631e-08 1.15992070430223e-08 5.79960352151114e-09 2.89980176075557e-09 1.93320117383705e-09 1.93320117383705e-09 1.93320117383705e-09 1.93320117383705e-09 9.66600586918523e-10 9.66600586918523e-10 9.66600586918523e-10 0 0 0 0 0 0 0 0 0 0 0 0 0 0 0 0 0 0 0 0 0 0 0 0 0 0 0 0 0 0 0 0 0 0 0 0 0 0 0 0 0 0 0 0 0 0 0 0 0
3.61508619507528e-07 5.78027150977277e-07 8.14844294772315e-07 1.01299741509061e-06 1.1115906749563e-06 1.07872625500107e-06 9.26003362267945e-07 7.04651827863603e-07 4.76534089350832e-07 2.8804697490172e-07 1.57555895667719e-07 8.02278487142374e-08 4.15638252374965e-08 2.51316152598816e-08 1.93320117383705e-08 1.83654111514519e-08 1.83654111514519e-08 1.73988105645334e-08 1.54656093906964e-08 1.15992070430223e-08 7.73280469534819e-09 4.83300293459262e-09 2.89980176075557e-09 9.66600586918523e-10 9.66600586918523e-10 0 0 0 0 0 0 0 0 0 0 0 0 0 0 0 0 0 0 0 0 0 0 0 0 0 0 0 0 0 0 0 0 0 0 0 0 0 0 0 0 0 0 0 0 0
1.65385360421759e-06 2.65235201050443e-06 3.75427667959154e-06 4.69477905066327e-06 5.18967855116555e-06 5.08045268484376e-06 4.41156507869614e-06 3.40823366947471e-06 2.35463902973352e-06 1.46923289211616e-06 8.45775513553708e-07 4.70734485829321e-07 2.77414368445616e-07 1.94286717970623e-07 1.7012170329766e-07 1.67221901536904e-07 1.65288700363067e-07 1.54656093906964e-07 1.31457679820919e-07 1.00526461039526e-07 6.86286416712151e-08 4.15638252374965e-08 2.31984140860446e-08 1.25658076299408e-08 6.76620410842966e-09 4.83300293459262e-09 3.86640234767409e-09 2.89980176075557e-09 1.93320117383705e-09 9.66600586918523e-10 9.66600586918523e-10 0 0 0 0 0 0 0 0 0 0 0 0 0 0 0 0 0 0 0 0 0 0 0 0 0 0 0 0 0 0 0 0 0 0 0 0 0 0 0
5.80250332327189e-06 9.35089407784979e-06 1.33187894871503e-05 1.67830859906663e-05 1.87385189780025e-05 1.85732302776394e-05 1.6395479155312e-05 1.29534144652951e-05 9.24263481211492e-06 6.05768587821838e-06 3.7678090878084e-06 2.35753883149428e-06 1.61325637956702e-06 1.28847858236239e-06 1.18698552073595e-06 1.16765350899758e-06 1.13575568962926e-06 1.04199543269817e-06 8.74773531161263e-07 6.62121402039188e-07 4.5140247409095e-07 2.78380969032535e-07 1.59489096841556e-07 9.18270557572597e-08 5.79960352151114e-08 4.15638252374965e-08 3.28644199552298e-08 2.51316152598816e-08 1.73988105645334e-08 1.06326064561038e-08 5.79960352151114e-09 2.89980176075557e-09 9.66600586918523e-10 9.66600586918523e-10 0 0 0 0 0 0 0 0 0 0 0 0 0 0 0 0 0 0 0 0 0 0 0 0 0 0 0 0 0 0 0 0 0 0 0 0
1.58184186049216e-05 2.56390805680138e-05 3.67984843439882e-05 4.6836631439137e-05 5.29745451660697e-05 5.34124152319437e-05 4.82449684942773e-05 3.93725417069522e-05 2.94677854927981e-05 2.07587142046622e-05 1.43530521151532e-05 1.02962294518561e-05 8.06434869666124e-06 7.01752026102848e-06 6.61251461510962e-06 6.42112769889975e-06 6.10891570932507e-06 5.48835813252337e-06 4.53528995382171e-06 3.40146746536628e-06 2.30727560097451e-06 1.43346867040017e-06 8.49641915901382e-07 5.22930917522921e-07 3.67308223029039e-07 2.93846578423231e-07 2.42616747316549e-07 1.89453715036031e-07 1.34357481581675e-07 8.40942510619115e-08 4.73634287590076e-08 2.31984140860446e-08 9.66600586918523e-09 3.86640234767409e-09 9.66600586918523e-10 0 0 0 0 0 0 0 0 0 0 0 0 0 0 0 0 0 0 0 0 0 0 0 0 0 0 0 0 0 0 0 0 0 0 0
3.40804034935733e-05 5.55418363249253e-05 8.03776718052098e-05 0.000103504557447822 0.000118965333835584 0.000122643249068809 0.000114324684417788 9.76807889116383e-05 7.82260188987292e-05 6.06967172549617e-05 4.75084188470454e-05 3.88447777864947e-05 3.36976296611536e-05 3.08461579297439e-05 2.92222689437208e-05 2.78583955155788e-05 2.58778309129827e-05 2.27470116119536e-05 1.84881694259906e-05 1.37131625266131e-05 9.26969962854864e-06 5.81700233207567e-06 3.58125517453313e-06 2.38363704734108e-06 1.84040751749287e-06 1.57459235609027e-06 1.34550801699058e-06 1.06809364854497e-06 7.59748061317959e-07 4.79433891111587e-07 2.66781761989512e-07 1.30491079234001e-07 5.60628340412743e-08 2.12652129122075e-08 6.76620410842966e-09 1.93320117383705e-09 9.66600586918523e-10 0 0 0 0 0 0 0 0 0 0 0 0 0 0 0 0 0 0 0 0 0 0 0 0 0 0 0 0 0 0 0 0 0
5.95454959559418e-05 9.73134806886092e-05 0.000141828337517968 0.000184890393665188 0.00021659682611729 0.000229772558717576 0.000223498354307888 0.000203285769434835 0.000177764614138425 0.000154259787666327 0.000136227853717362 0.000123573118833425 0.000114653328617341 0.000107886157908324 0.000102002460135751 9.55446016145483e-05 8.6828764122304e-05 7.47907204128207e-05 5.9827743327322e-05 4.39145978648823e-05 2.96127755808359e-05 1.88216466284775e-05 1.20699415288516e-05 8.63464304294317e-06 7.17797595845695e-06 6.43272690594277e-06 5.61111640706203e-06 4.48695992447578e-06 3.20138114387415e-06 2.02212842783355e-06 1.127056284347e-06 5.52895535717395e-07 2.38750344968875e-07 9.08604551703412e-08 2.99646181944742e-08 8.69940528226671e-09 1.93320117383705e-09 0 0 0 0 0 0 0 0 0 0 0 0 0 0 0 0 0 0 0 0 0 0 0 0 0 0 0 0 0 0 0 0 0
8.77509010822243e-05 0.000143081051878614 0.000209411117354137 0.000276339508592963 0.000331091632238376 0.000364252798573789 0.000374294812071286 0.000367699696266741 0.000354397338989568 0.000341848930170192 0.000332055333023533 0.000322941256089479 0.000311889144978652 0.000297869570065986 0.000280752040272246 0.000259481994357104 0.00023184785017769 0.00019650216651584 0.000155191590632117 0.000113034272634252 7.62338550890901e-05 4.91700052559584e-05 3.27580938906687e-05 2.48165034685462e-05 2.16808511645825e-05 1.99554691169329e-05 1.75911640813302e-05 1.41143017701843e-05 1.00826107221471e-05 6.36893126720615e-06 3.54935735516482e-06 1.74181425762718e-06 7.52981857209529e-07 2.87080374314801e-07 9.76266592787708e-08 2.99646181944742e-08 8.69940528226671e-09 9.66600586918523e-10 0 0 0 0 0 0 0 0 0 0 0 0 0 0 0 0 0 0 0 0 0 0 0 0 0 0 0 0 0 0 0 0
0.000114913344175222 0.000186140208224074 0.000273073365209765 0.000365143037714341 0.000449290451808533 0.000515931762673044 0.00056338991828957 0.000597461622377861 0.000625941542070828 0.000652156716588645 0.000672728876880032 0.000681034875723423 0.000672799438722877 0.000648482667757768 0.000610748514045643 0.000560383790464253 0.000495655382161254 0.000415990094988603 0.000326237364090871 0.000237076192752332 0.00016071764618753 0.0001054126270064 7.24283485783919e-05 5.68448139160914e-05 5.08248254607629e-05 4.71797746474931e-05 4.16430864856238e-05 3.33815512692312e-05 2.38257378669547e-05 1.5043204934213e-05 8.38719329269202e-06 4.12641790555518e-06 1.79787709166845e-06 7.00785425515929e-07 2.50349552011898e-07 8.60274522357486e-08 3.09312187813927e-08 8.69940528226671e-09 4.83300293459262e-09 1.93320117383705e-09 9.66600586918523e-10 0 0 0 0 0 0 0 0 0 0 0 0 0 0 0 0 0 0 0 0 0 0 0 0 0 0 0 0 0
0.000141188447929428 0.000227178202742287 0.000334613924777107 0.000454497529170263 0.000575129282417695 0.000687415406197672 0.000788677450283844 0.000881979538536741 0.000970685440998841 0.00105229842835413 0.00111714089552639 0.00115348217779276 0.00115471459354108 0.00112200289647859 0.00106029028200677 0.000972371192422427 0.000857941148540664 0.000718719732805615 0.000564422247716399 0.000412967534953309 0.000283926356599686 0.000190214429697935 0.000133561969298641 0.000105775102226494 9.39226458296991e-05 8.60835150697898e-05 7.51647948399582e-05 5.98190439220397e-05 4.25284926232412e-05 2.68270326893367e-05 1.50084073130839e-05 7.47858874098861e-06 3.37150284717181e-06 1.42670246629174e-06 6.06058567997914e-07 2.79347569619453e-07 1.41123685690104e-07 6.76620410842966e-08 3.57642217159854e-08 1.64322099776149e-08 6.76620410842966e-09 2.89980176075557e-09 9.66600586918523e-10 0 0 0 0 0 0 0 0 0 0 0 0 0 0 0 0 0 0 0 0 0 0 0 0 0 0 0
0.000171423714288239 0.000272658693557977 0.000401959887469481 0.000552205382898335 0.000712278306494391 0.000871462924151067 0.00102346376624577 0.00116713927748534 0.00130263928096075 0.00142571653369308 0.00152553930950533 0.00158865446142876 0.00160585898527533 0.00157560921990771 0.00150108528125688 0.0013848979575081 0.00122834249344784 0.00103650610796506 0.000824142992418471 0.000615201642949576 0.000435007961536225 0.000300411729609582 0.000214295350119837 0.000166930954760242 0.000142235276365061 0.000124984355690326 0.000105825365457014 8.26385505780122e-05 5.82289859565587e-05 3.6788818338119e-05 2.09723329343712e-05 1.10356789008488e-05 5.64204762584342e-06 3.02256003529422e-06 1.779511680517e-06 1.11932347965165e-06 6.95952422581337e-07 3.94373039462757e-07 2.0975232736132e-07 9.85932598656894e-08 4.0597224650578e-08 1.44990088037778e-08 4.83300293459262e-09 9.66600586918523e-10 0 0 0 0 0 0 0 0 0 0 0 0 0 0 0 0 0 0 0 0 0 0 0 0 0 0
0.000218007096373604 0.000333688888015426 0.000480542581984783 0.00065254722322576 0.000838372319658499 0.00102483730567978 0.00120162758642659 0.00136435092883197 0.00151319098700745 0.00164760453142316 0.00176160540464434 0.00184386504779228 0.00188240051339096 0.00186940360189925 0.001802181364082 0.0016811707034045 0.00150942801092258 0.00129540814197001 0.00105636975002623 0.000817299460263088 0.000604181429658118 0.000435290208907605 0.000315858973589127 0.000238702014939529 0.000189608371129937 0.000154132196388854 0.000122665480882308 9.21180025339222e-05 6.40218232739615e-05 4.12931770731593e-05 2.54998900834976e-05 1.60301041334568e-05 1.09312860374616e-05 8.11267872600716e-06 6.15144613514948e-06 4.45409550452055e-06 2.94909839068841e-06 1.74181425762718e-06 9.22136959920271e-07 4.31103861765661e-07 1.78821108579927e-07 6.47622393235411e-08 2.12652129122075e-08 5.79960352151114e-09 9.66600586918523e-10 0 0 0 0 0 0 0 0 0 0 0 0 0 0 0 0 0 0 0 0 0 0 0 0 0
0.000297595055499301 0.000424367622275426 0.00057504615476722 0.000744047567984642 0.00092252939975856 0.00110020798644475 0.00126861204049945 0.00142405881368652 0.00156772562552081 0.00170155244338026 0.00182273902536458 0.00192125302398215 0.00198247750515757 0.00199311881101895 0.00194580467888988 0.00184017456675142 0.00168162597228094 0.00148038456308743 0.00125171586224012 0.00101531628989863 0.000792125314577382 0.000599075845358015 0.000444808324886992 0.000328718627797491 0.000243645210341031 0.000180375402323692 0.000131540807471394 9.33871491045462e-05 6.49004632074704e-05 4.58361998316764e-05 3.49677428323645e-05 2.96427401990303e-05 2.67062076159719e-05 2.37058793941768e-05 1.95968602991861e-05 1.46671973059017e-05 9.80326315252766e-06 5.81410253031492e-06 3.06122405877096e-06 1.42573586570482e-06 5.86726556259544e-07 2.13618729708994e-07 6.86286416712151e-08 1.93320117383705e-08 3.86640234767409e-09 0 0 0 0 0 0 0 0 0 0 0 0 0 0 0 0 0 0 0 0 0 0 0 0 0
0.000406262226681855 0.00054042832134732 0.000680157202390501 0.000820380016333597 0.00095981988380129 0.001099893841254 0.00124248675983622 0.00138831682378403 0.00153633333825945 0.00168284872202339 0.00182014273618812 0.00193592892069333 0.00201528779547993 0.00204534810713251 0.00201958820149113 0.00193913126843779 0.00181026601139099 0.00164136995763754 0.00144192932533747 0.00122367187941185 0.00100117202351025 0.000789793873961735 0.000602066507573941 0.000444962980980899 0.000319730208939735 0.000223963289190196 0.000154044235735444 0.000106655675361177 7.86087927311489e-05 6.60130204830136e-05 6.36342164386071e-05 6.52581054246303e-05 6.52996692498677e-05 6.04782655223182e-05 5.05638433022949e-05 3.77795839397105e-05 2.50977842393395e-05 1.47918887816142e-05 7.72893829300051e-06 3.57545557101162e-06 1.46343328859464e-06 5.29697121631351e-07 1.69155102710742e-07 4.63968281720891e-08 8.69940528226671e-09 0 0 0 0 0 0 0 0 0 0 0 0 0 0 0 0 0 0 0 0 0 0 0 0 0
0.000495806171852813 0.000633040256781158 0.000756461619322436 0.00086204533463272 0.000958240458442265 0.00106134870964945 0.00118586136425336 0.00133613682430041 0.00150461240679855 0.00167616467896485 0.00183434016560878 0.00196537737417439 0.00205898394161217 0.00210832020216908 0.00210996342316684 0.0020638285437538 0.00197158294994241 0.00183547302149665 0.00165910127880397 0.00145013769752158 0.00122192716535246 0.000991534049058086 0.000775234935921568 0.000584706361032884 0.0004260321084861 0.000301320334161285 0.000210631933895415 0.000152714193327844 0.000124143413179707 0.000118317711442349 0.000125435758164417 0.00013426178812357 0.000135443940641371 0.000124519420808018 0.00010280280542172 7.57689202067823e-05 4.96919695728944e-05 2.89564537823182e-05 1.49755428931287e-05 6.86673056946919e-06 2.78960929384686e-06 1.00333140922143e-06 3.18011593096194e-07 8.69940528226671e-08 1.64322099776149e-08 0 0 0 0 0 0 0 0 0 0 0 0 0 0 0 0 0 0 0 0 0 0 0 0 0
0.000501784596482904 0.000633320570951364 0.000743319717742692 0.000829357802584897 0.000906073024766272 0.000998175561690803 0.00112586543242391 0.00129252573901982 0.0014832833982476 0.00167463551683634 0.00184687697522111 0.00199049352382488 0.00210343500280279 0.00218457048946814 0.00222905828148107 0.00222869580626097 0.00217471213008216 0.00206168945665495 0.00189115211510492 0.00167399852704956 0.00142948240957972 0.00118007819294183 0.000944808576686445 0.00073552215080802 0.000557710173240836 0.000414187384894 0.000307685399026143 0.000240270807692098 0.000210166999013108 0.000209151101796256 0.000222785969675329 0.000234296249464355 0.000230495575956591 0.000206527747803359 0.000166495017895542 0.000120117521735191 7.73154811458519e-05 4.43331359190181e-05 2.26165205327196e-05 1.02546656266186e-05 4.12931770731593e-06 1.47503249563767e-06 4.63968281720891e-07 1.25658076299408e-07 2.31984140860446e-08 0 0 0 0 0 0 0 0 0 0 0 0 0 0 0 0 0 0 0 0 0 0 0 0 0
0.000408923278097642 0.000522278462126751 0.000621021545083413 0.000704774586138142 0.000788402935717159 0.000894914587590885 0.00104098630168542 0.00122544075848591 0.00142958583584252 0.00162946530480905 0.00180959132418132 0.00196784510547279 0.00210850482288118 0.00223118480277229 0.0023247295077725 0.00237025832861754 0.00234913230618985 0.00225123693194791 0.00207992727652893 0.00185268334494673 0.00159645396156461 0.00133897959662654 0.00110019638723771 0.000889274473166215 0.000708160587994118 0.000558147076706124 0.000443552710724585 0.00036966672846112 0.000336695982441329 0.00033517745291928 0.000346645202282482 0.000350131730599497 0.000330737856423563 0.000285481616944038 0.000222621647575553 0.000156008368128063 9.79620696824316e-05 5.50479034250099e-05 2.76525095905651e-05 1.24140513377946e-05 4.97895962321731e-06 1.78337808286468e-06 5.64494742760418e-07 1.53689493320045e-07 2.99646181944742e-08 1.93320117383705e-09 9.66600586918523e-10 0 0 0 0 0 0 0 0 0 0 0 0 0 0 0 0 0 0 0 0 0 0 0
0.000268897650674277 0.000355345574165335 0.000440919690725819 0.000527616997168302 0.000627054099346371 0.000754895726371628 0.000920065534862505 0.00111697464022544 0.00132741325400347 0.00153188407575787 0.00172055387771791 0.0018953278296404 0.00206132698143486 0.00221574335839626 0.00234310845133217 0.00242017744932836 0.00242553628298224 0.00234845278597724 0.00219345161566075 0.00198012963233194 0.00173755154903887 0.00149461679012922 0.00127064963453668 0.00107251874603188 0.000899389948308317 0.000751074754251539 0.000632688414167519 0.000551748180820723 0.000509928206427693 0.00049697092556005 0.000492019030753267 0.000472642555387898 0.000425365154081126 0.000351394110966012 0.000263694439714895 0.00017893613404977 0.00010962507236419 6.06609530332458e-05 3.03522250298285e-05 1.37643923577198e-05 5.66814584169022e-06 2.11975508711232e-06 7.12384632558952e-07 2.0975232736132e-07 5.12298311066817e-08 1.06326064561038e-08 2.89980176075557e-09 0 0 0 0 0 0 0 0 0 0 0 0 0 0 0 0 0 0 0 0 0 0 0
0.000147570911604851 0.0002080395111213 0.000279509958518056 0.000366435382699051 0.000477280305003933 0.000620563376405213 0.000798300925727204 0.00100218308772417 0.00121612176222743 0.00142483982696075 0.00162113030794805 0.00180645567187735 0.00198430244706567 0.00215187619121621 0.00229669229114834 0.00239978507674614 0.00244226137293769 0.00241197874315012 0.00230839879085651 0.00214483160613875 0.00194560265936721 0.00173760664527232 0.00153995615725922 0.00135934877079467 0.00119403203901458 0.00104303839473145 0.000912211905093792 0.000811424461895797 0.000744831481060633 0.000703262822820201 0.000665765486251871 0.000610523296108891 0.000526769288453574 0.000419961856800251 0.000306677234613987 0.00020467380787765 0.000125094548157235 7.03250257012572e-05 3.65413685878678e-05 1.76259617024593e-05 7.8951935939505e-06 3.26710998378461e-06 1.23434894949495e-06 4.17571453548802e-07 1.27591277473245e-07 3.57642217159854e-08 9.66600586918523e-09 9.66600586918523e-10 0 0 0 0 0 0 0 0 0 0 0 0 0 0 0 0 0 0 0 0 0 0
7.50497693701149e-05 0.00011850233215445 0.00018031933948965 0.000267023412136242 0.000385322758167439 0.00053901998429218 0.000725401842662983 0.000934277463291968 0.00115086462340339 0.00136215964530143 0.00156183516154412 0.00175089257033952 0.00193389036005552 0.00211304591243852 0.00228392059759339 0.00243394667468901 0.00254405408074608 0.0025940321640927 0.00257087144742954 0.0024767380826719 0.00233019563409153 0.00215781885162459 0.00198081495214807 0.00180718062231754 0.00163471877899895 0.0014619215252767 0.00129621718666126 0.00115174906294042 0.00103799853927126 0.000949877430164246 0.000868395900488775 0.000772519754872914 0.00065237806812305 0.000514680981513571 0.00037684373781899 0.000256206184968037 0.000162550320900327 9.67857167681517e-05 5.42417585355198e-05 2.85717467487246e-05 1.40408401255785e-05 6.36506486485847e-06 2.63495319993989e-06 9.82066196309219e-07 3.32510601899972e-07 1.043928633872e-07 2.99646181944742e-08 3.86640234767409e-09 9.66600586918523e-10 0 0 0 0 0 0 0 0 0 0 0 0 0 0 0 0 0 0 0 0 0
4.56941095453993e-05 8.27526094472686e-05 0.000142048722451785 0.000231143198349826 0.000355850139671707 0.000517575950271392 0.000711324271715102 0.000926250812018196 0.00114878643214151 0.00136778429411671 0.00157829443633817 0.00178252264134525 0.00198787210303316 0.00220193740221331 0.00242610271092617 0.00264943577653369 0.00284677695235898 0.00298522025462156 0.00303813197074948 0.0029992117981172 0.00288586821329514 0.0027281808599476 0.00255110446542706 0.00236401988842957 0.00216418778289179 0.0019499407628013 0.00173090906980556 0.00152619853110561 0.0013517358245721 0.00120827393206224 0.00108039074121175 0.000947762508080068 0.000798988178744504 0.0006381429412795 0.000480104711918909 0.000340445426117986 0.000228333290443654 0.000145119612516426 8.71854397388769e-05 4.91883706671098e-05 2.58072690701376e-05 1.24701141718359e-05 5.51928935130477e-06 2.2231813499126e-06 8.17744096533071e-07 2.80314170206372e-07 8.89272539965041e-08 1.83654111514519e-08 4.83300293459262e-09 9.66600586918523e-10 0 0 0 0 0 0 0 0 0 0 0 0 0 0 0 0 0 0 0 0
4.22800762724031e-05 8.01630864749139e-05 0.000141254176769338 0.000232502238775034 0.000358866900103479 0.000521505181657216 0.00071669180477426 0.000936560573878269 0.00117160787199866 0.00141424975093047 0.00166116980405998 0.00191373093821475 0.00217682608556575 0.00245528534924583 0.00274782605027613 0.00303992888124056 0.003300849177271 0.00349104620815837 0.00357902232717735 0.00355758312615949 0.00344670727263583 0.00327997833739825 0.00308486324272464 0.00287212411954974 0.00263997662319011 0.00238748605087819 0.00212462288766804 0.00187111061853575 0.00164516483154178 0.00145208249790246 0.00128179260610268 0.00111725688759682 0.000946539758337616 0.000769901233882951 0.000597579547649465 0.000442015815791384 0.000311660060639552 0.000209138535988626 0.000132891148491319 7.93801399995099e-05 4.42190770497617e-05 2.28243396589071e-05 1.0890688812811e-05 4.78660610642053e-06 1.9361009755978e-06 7.29783443123485e-07 2.54215954359572e-07 7.05618428450522e-08 1.83654111514519e-08 4.83300293459262e-09 9.66600586918523e-10 0 0 0 0 0 0 0 0 0 0 0 0 0 0 0 0 0 0 0
5.10761416133617e-05 9.27404933118977e-05 0.000155733853561378 0.000244611810927949 0.000363011683420186 0.000513482396785792 0.000697142307903833 0.000913530348294349 0.00116117728506522 0.00143827944152126 0.00174239421797933 0.00206922217502881 0.00241205993759942 0.00276194711825042 0.00310659435711974 0.00342714617655836 0.00369563398858378 0.00387968343973835 0.00395528030504066 0.00391978963129078 0.00379401652952153 0.00361052384030502 0.0033971138963228 0.00316777824107051 0.00292490244479667 0.00266844591027662 0.00240349972280167 0.00214150360031799 0.00189479813251877 0.00166978221528942 0.00146387792486463 0.00126863910531589 0.00107670412657324 0.000887195315303753 0.00070582914737847 0.000540692203307549 0.000398023889879549 0.00028061284978773 0.000188379821783964 0.000119585891412386 7.12858266846542e-05 3.96663882853754e-05 2.05267300638018e-05 9.82162856367911e-06 4.3207046235258e-06 1.75051366290945e-06 6.47622393235411e-07 2.05885925013645e-07 5.79960352151114e-08 1.64322099776149e-08 2.89980176075557e-09 0 0 0 0 0 0 0 0 0 0 0 0 0 0 0 0 0 0 0
6.32118119821237e-05 0.000108679736990184 0.000171792955712442 0.000253800316107197 0.000356651451558262 0.000484748261138465 0.000645159494939942 0.000846061627327436 0.0010947805241492 0.00139522608477933 0.00174472565859498 0.00213111554381037 0.00253292367498771 0.00292427415441517 0.00328103579844034 0.00358359144815171 0.003814656351854 0.00395776253534787 0.00400116000189875 0.00394541904585292 0.00380716423070479 0.00361425588517111 0.00339547647492856 0.0031716359440129 0.00295188606678109 0.00273555312262403 0.00251710138998044 0.00229215023499041 0.002060961606413 0.00182835400817399 0.00160048275281089 0.00138145105981515 0.00117297851163091 0.000976224062361884 0.000793422492565027 0.000627639859302044 0.000481441520530617 0.000356319907556949 0.000252707090843392 0.00017038848505965 0.000108324994574785 6.44094301093158e-05 3.55631687939063e-05 1.80812305788979e-05 8.39975910032197e-06 3.55032395575174e-06 1.35614062344669e-06 4.56235477025543e-07 1.32424280407838e-07 3.67308223029039e-08 5.79960352151114e-09 0 0 0 0 0 0 0 0 0 0 0 0 0 0 0 0 0 0 0
7.18367890191977e-05 0.000118993365252605 0.000180101854357594 0.000253787750299567 0.000340746038900518 0.000446707695040287 0.000582708397619723 0.000762172295589951 0.000997012741184741 0.00129329708628818 0.00164697430784049 0.00204070455791295 0.00244478516707013 0.00282489118186997 0.00315266737409522 0.0034121068380265 0.00359686190760951 0.0037029260234115 0.00372526512957577 0.00366235489697677 0.00352392126072006 0.00333373486243914 0.0031238878082203 0.00292340711368871 0.00274737851420439 0.00259249430255891 0.0024414919588705 0.00227471179380182 0.00208143420684394 0.00186496110560177 0.00163877656826284 0.00141766958380699 0.00121119113263356 0.0010223531421714 0.000850356233735115 0.000693808502479551 0.000552066192413819 0.000425526576379141 0.000315172687172414 0.000222279470967784 0.000147831893763319 9.17864585326091e-05 5.27135630076017e-05 2.77356372410401e-05 1.32665930554567e-05 5.72904167866609e-06 2.22414795049952e-06 7.66514265426389e-07 2.26184537338934e-07 6.37956387366225e-08 1.06326064561038e-08 0 0 0 0 0 0 0 0 0 0 0 0 0 0 0 0 0 0 0
7.15854728665989e-05 0.000116345846245035 0.000172377749067528 0.000237476365395317 0.000312185891358836 0.000402767965560145 0.00052094551991739 0.000680109838961742 0.00089076303807007 0.00115661493029497 0.00147156819913415 0.00181806937792918 0.00216860998057694 0.00249296054032215 0.00276799513812277 0.00298332378427002 0.00313772856202439 0.00322994419121759 0.00325361333978947 0.00320221821998242 0.00308004087239651 0.00290868578674994 0.00272238608942902 0.00255392210613793 0.00241990390136226 0.00231432308585374 0.00221409047139263 0.00209344711893816 0.00193808637320333 0.00175133044040539 0.00154951777026502 0.00135100990753132 0.00116737899443089 0.00100123195274664 0.000849613884484361 0.000708930002061305 0.000577480055045081 0.000455807272965538 0.000345771395351907 0.0002497434934439 0.000170000878224295 0.000107869725698346 6.31538159469086e-05 3.37778575098678e-05 1.63809801465082e-05 7.14607813908864e-06 2.79347569619453e-06 9.73366791026953e-07 2.89980176075557e-07 8.11944493011559e-08 1.35324082168593e-08 0 0 0 0 0 0 0 0 0 0 0 0 0 0 0 0 0 0 0
6.06087566015522e-05 9.79785018924092e-05 0.00014465081123177 0.000199156451727519 0.000262689175104499 0.00034117520956111 0.000444430384057507 0.000582308224976739 0.000760674064680227 0.000979165427947877 0.00123036172207392 0.00150023950574333 0.00176997326592529 0.00202065242873733 0.00223906259755567 0.00241997253000393 0.00256206861588448 0.00266052171866506 0.00270440828511292 0.00268317786982185 0.00259776710876055 0.00246653561347697 0.00232002022971304 0.00218714551343169 0.00208188947572037 0.00199847474487107 0.00191723099893998 0.00181717817218804 0.00168735888036195 0.00153108759687425 0.00136181166909014 0.00119433458499829 0.00103787288119496 0.000894593676196028 0.000762291187462142 0.000638385558026817 0.000521926619513113 0.000413715683807584 0.000315510030777249 0.000229339521654636 0.000157220485264059 0.000100486830415463 5.92294175640194e-05 3.18678547501168e-05 1.55361712335414e-05 6.80390153131948e-06 2.66588441872129e-06 9.32769566376375e-07 2.79347569619453e-07 7.82946475404004e-08 1.25658076299408e-08 0 0 0 0 0 0 0 0 0 0 0 0 0 0 0 0 0 0 0
4.26589837024752e-05 6.94715173830081e-05 0.000103826435443266 0.000145483054337107 0.000196082661861118 0.000260163447770881 0.000344249966028097 0.000453943667033959 0.000591176785361716 0.000753385896254862 0.000933938186485959 0.00112370411351156 0.00131287171477387 0.00149344623681846 0.00166125293171045 0.0018150825821156 0.00195252158636837 0.00206514795355495 0.0021387023918171 0.00216006619798917 0.0021265029258096 0.00204978673702764 0.00195153855357148 0.00185273554137843 0.00176441144614816 0.00168496074430581 0.00160421093127463 0.00151097940486458 0.0013991959133898 0.00126998461333288 0.0011299232216878 0.000987244275653342 0.000848662749506833 0.00071842975262954 0.000598540348632862 0.000489791016400419 0.000392352844236098 0.000306098240862423 0.000230870616984315 0.000166657406794144 0.000113807553103787 7.26100694887325e-05 4.27691761693839e-05 2.30089603710085e-05 1.1223199414711e-05 4.91709718565453e-06 1.92643496972862e-06 6.74687209669129e-07 2.02019522665971e-07 5.70294346281929e-08 9.66600586918523e-09 0 0 0 0 0 0 0 0 0 0 0 0 0 0 0 0 0 0 0
2.53375011848952e-05 4.25507244367403e-05 6.6032352494752e-05 9.64097091398404e-05 0.000134911343717979 0.000183634779502781 0.000245190804679513 0.000321523253028469 0.000412795480048838 0.000517213475051298 0.000631160218639601 0.000750344970808416 0.000871270570634271 0.000992804162229297 0.00111648747352963 0.00124417831086333 0.00137382361458378 0.00149599129616382 0.00159503692510419 0.00165551809042827 0.00166988564155222 0.00164215580391471 0.00158517856571821 0.00151369361931265 0.00143808225500153 0.00136226210496364 0.00128510707951522 0.00120325534181496 0.001113060874449 0.00101167897189006 0.000898333453866816 0.000775459187257733 0.000648863508389014 0.000526558569525626 0.000415948531163366 0.000321608313880118 0.000244477453446367 0.000182753239767511 0.000133592900517422 9.44146455284406e-05 6.35955524151304e-05 4.02270166257882e-05 2.35599227055521e-05 1.26257368663297e-05 6.14564653162797e-06 2.68908283280733e-06 1.05166143856735e-06 3.68274823615957e-07 1.10192466908712e-07 3.09312187813927e-08 4.83300293459262e-09 0 0 0 0 0 0 0 0 0 0 0 0 0 0 0 0 0 0 0
1.41635984001171e-05 2.56632455826868e-05 4.30253253249173e-05 6.72077388084449e-05 9.8407672553001e-05 0.000135881810707245 0.000178378405511118 0.000224809064703749 0.000274772649041568 0.000328628733942907 0.000386640234767409 0.000448785886302162 0.000515498725610105 0.00058900483384291 0.000673523422562479 0.000772845499270705 0.000886157186273403 0.00100476294469065 0.00111291878416273 0.00119349267588708 0.0012351879588044 0.00123693847246731 0.0012068800940159 0.00115714946041953 0.00109852126842058 0.00103799467286891 0.000978718858476721 0.00092049663872427 0.00085966459738714 0.000789754243337671 0.000704625729647757 0.000602804990422346 0.000489883810056764 0.000377067989155155 0.000276092058842712 0.0001945544663332 0.000134069434606773 9.16240696340068e-05 6.23960010867645e-05 4.19804300904584e-05 2.74069930414878e-05 1.70160367321137e-05 9.84772677952591e-06 5.23800858051148e-06 2.5411929430088e-06 1.10869087319555e-06 4.33037062939498e-07 1.51756292146208e-07 4.54302275851706e-08 1.25658076299408e-08 1.93320117383705e-09 0 0 0 0 0 0 0 0 0 0 0 0 0 0 0 0 0 0 0
8.95942084014779e-06 1.7972971313163e-05 3.28064239200147e-05 5.44524774634681e-05 8.22354781332672e-05 0.000113405447259629 0.000144028320453795 0.000170829254927284 0.000192830050886137 0.000211683595333983 0.000230274224422187 0.000251523005124417 0.000278315240192624 0.000314480601152181 0.000365116939498494 0.000434670617931391 0.000523244096113083 0.000623514407997076 0.000721082104640044 0.000799405750198052 0.000846683151504824 0.000860612832562907 0.000847940698868405 0.000819549706429434 0.000785178356159199 0.00075111535147619 0.000720327189581661 0.000692657281180531 0.000663853550290946 0.000625530736821388 0.00056860956145893 0.000489139527604836 0.000392210753949821 0.000290650030282291 0.000198838440134422 0.000126537682833504 7.62425544943724e-05 4.46762791273741e-05 2.62084083137088e-05 1.56366976945809e-05 9.40695691189107e-06 5.56471957888994e-06 3.12501969750758e-06 1.63645479365306e-06 7.90679280099352e-07 3.44109808942994e-07 1.33390880994756e-07 4.63968281720891e-08 1.35324082168593e-08 3.86640234767409e-09 9.66600586918523e-10 0 0 0 0 0 0 0 0 0 0 0 0 0 0 0 0 0 0 0
6.41436149479132e-06 1.37266949348299e-05 2.62876695618362e-05 4.50745185691846e-05 6.93332934990787e-05 9.60742987361797e-05 0.000120840538974206 0.000139533627724623 0.000150209731207138 0.000153683693716524 0.000152652330890282 0.000150697864503532 0.000151914814642463 0.000161196113478054 0.0001840397851487 0.000224893158954811 0.000284317829837388 0.000356668850368827 0.000430410809144841 0.000492149521832501 0.000532418102283526 0.000549725085792302 0.000549960936335511 0.000541806693784266 0.000532106856894539 0.00052442431542971 0.00051997311972695 0.000518046684757222 0.000514544690830816 0.000501048046835673 0.000467677128172897 0.000409173627649654 0.000329623365946846 0.000241651113330218 0.000160243045299353 9.60713989344189e-05 5.24042508197877e-05 2.64220270434178e-05 1.2681799700371e-05 6.04512007058844e-06 2.97133020418754e-06 1.52046272322284e-06 7.723138689479e-07 3.83740433006654e-07 1.84620712101438e-07 8.02278487142374e-08 3.09312187813927e-08 1.06326064561038e-08 2.89980176075557e-09 9.66600586918523e-10 0 0 0 0 0 0 0 0 0 0 0 0 0 0 0 0 0 0 0 0
4.28784020357057e-06 9.46301974593234e-06 1.86312263128545e-05 3.2838321739383e-05 5.2044675401454e-05 7.46186655083492e-05 9.75087340071668e-05 0.000117066930282876 0.000130100572596886 0.000134689025582988 0.000130661200937298 0.000120035360685303 0.000107116743841137 9.79756020906484e-05 9.9071727156214e-05 0.000115205257552471 0.000147424954916226 0.000191771623243461 0.000239900599667308 0.000282165210330321 0.000311846614552828 0.000328060372797799 0.000335123323286413 0.000338945262007089 0.00034356851261432 0.000350467141003157 0.000359741673634641 0.00037053570238876 0.00037950382263419 0.000379561818669405 0.000362002552407443 0.000321733971956417 0.000261684877094691 0.000192411512832001 0.000126932055872967 7.48390504421666e-05 3.94083059286682e-05 1.8590629088204e-05 7.93095781566648e-06 3.1259862980945e-06 1.18118591721444e-06 4.5140247409095e-07 1.69155102710742e-07 6.76620410842966e-08 3.18978193683113e-08 1.35324082168593e-08 5.79960352151114e-09 1.93320117383705e-09 9.66600586918523e-10 0 0 0 0 0 0 0 0 0 0 0 0 0 0 0 0 0 0 0 0 0
2.384603647928e-06 5.43132869789518e-06 1.11333055601275e-05 2.06746199536003e-05 3.50122064593627e-05 5.44022142329483e-05 7.78616104774609e-05 0.000102713878167723 0.000124560984633255 0.000138205518518197 0.000139623521579207 0.000128290129697587 0.00010821673530905 8.68519625363901e-05 7.23336217208738e-05 7.05947072650074e-05 8.34891590945005e-05 0.000108312428767155 0.000138713950426917 0.000167125241478213 0.000187898454691679 0.000199642651822739 0.000205111677943524 0.000208756728756793 0.000213948340509133 0.000222037820821054 0.000232861814193368 0.000245104777227278 0.000255587560592409 0.000258811173549782 0.000248609670955444 0.000221705310219154 0.000180508793204687 0.000132651431545764 8.73294632263278e-05 5.12684951301585e-05 2.67690366541216e-05 1.24169511395553e-05 5.12298311066817e-06 1.88777094625188e-06 6.26357180323203e-07 1.90420315622949e-07 4.73634287590076e-08 8.69940528226671e-09 3.86640234767409e-09 1.93320117383705e-09 9.66600586918523e-10 0 0 0 0 0 0 0 0 0 0 0 0 0 0 0 0 0 0 0 0 0 0 0
1.11449047671706e-06 2.7084148445457e-06 6.02965446119775e-06 1.23666879090356e-05 2.34120328157535e-05 4.08350083949599e-05 6.52755042351948e-05 9.49511088541804e-05 0.000124777503164725 0.000147227768396495 0.000155266018877309 0.000146119077523299 0.000123253174039155 9.51144643533696e-05 7.14868796067332e-05 5.97504152803685e-05 6.27623427092066e-05 7.85517632965207e-05 0.000101305541112583 0.00012351512279821 0.00013887923912728 0.00014490792698789 0.000143664878633113 0.000140094256065036 0.00013902326261473 0.000143012423236943 0.000151681863901015 0.000162193645283754 0.000170145868312333 0.000170804123312025 0.000160789174630962 0.000139730814244355 0.000110790792672014 7.94768000582017e-05 5.12597957248762e-05 2.95886105661629e-05 1.52345918504228e-05 6.97885623755174e-06 2.84083912495354e-06 1.02749642389439e-06 3.25744397791542e-07 9.18270557572597e-08 1.93320117383705e-08 9.66600586918523e-10 0 0 0 0 0 0 0 0 0 0 0 0 0 0 0 0 0 0 0 0 0 0 0 0 0 0
4.96832701676121e-07 1.35904042520744e-06 3.43819828766919e-06 8.00345285968537e-06 1.7012170329766e-05 3.27600270918426e-05 5.67336548485958e-05 8.78523941438507e-05 0.000121118919943239 0.000148256231420976 0.000160842337663242 0.000154677359119876 0.000132391415987882 0.000102461595414537 7.53755137679064e-05 5.94585019031191e-05 5.83788090475311e-05 7.0671068711374e-05 9.06052726153947e-05 0.00011028719376623 0.000122653881675265 0.000124526187012126 0.000117982301038688 0.000109038345807931 0.000104159912645753 0.000106900225309667 0.000116246286384582 0.000127314829705386 0.000133806519247131 0.000130939581906331 0.000117472902529382 9.59148096393381e-05 7.10093789167955e-05 4.75789806898905e-05 2.87969646854766e-05 1.57120925403606e-05 7.71057288184906e-06 3.39373466067093e-06 1.33777521229524e-06 4.70734485829321e-07 1.41123685690104e-07 3.76974228898224e-08 7.73280469534819e-09 0 0 0 0 0 0 0 0 0 0 0 0 0 0 0 0 0 0 0 0 0 0 0 0 0 0 0
2.54215954359572e-07 7.94545682447026e-07 2.25024616634632e-06 5.74160748629603e-06 1.31032375562675e-05 2.66308127701922e-05 4.80516483768936e-05 7.68060826365458e-05 0.000108614974750861 0.000135804482660292 0.000150087939533187 0.000146748334505383 0.000127426955373469 9.95859586684547e-05 7.30547057587151e-05 5.59787397902124e-05 5.22360623176639e-05 6.08465403459341e-05 7.67422869978092e-05 9.27414599124846e-05 0.000102333037536477 0.000102570821280859 9.55194699992885e-05 8.71438759136394e-05 8.39289623615484e-05 8.92452655896003e-05 0.000101375136354841 0.000114284087193138 0.000120749678519036 0.000116070365077763 0.000100252913073428 7.74827030473888e-05 5.35525723170469e-05 3.31476339271969e-05 1.84069749766894e-05 9.18657197807364e-06 4.12835110672901e-06 1.67125241478213e-06 6.09924970345588e-07 2.01052922079053e-07 5.12298311066817e-08 1.15992070430223e-08 2.89980176075557e-09 0 0 0 0 0 0 0 0 0 0 0 0 0 0 0 0 0 0 0 0 0 0 0 0 0 0 0
1.54656093906964e-07 5.19064515175247e-07 1.5552603443519e-06 4.13125090848977e-06 9.71820230087883e-06 2.0215484674814e-05 3.7156126561148e-05 6.03236094284112e-05 8.64856209139479e-05 0.000109506180491999 0.000122468294362577 0.000121088955325044 0.000106183007674174 8.34582278757191e-05 6.08088429230443e-05 4.49449940905375e-05 3.91898541960246e-05 4.30001937096574e-05 5.26758655847118e-05 6.29749948383287e-05 6.92066688221924e-05 6.9317827889688e-05 6.49391272309471e-05 6.05662261757277e-05 6.10185952504056e-05 6.85687124348262e-05 8.13162409751077e-05 9.38192195668988e-05 9.98015105993375e-05 9.54469749552696e-05 8.12485789340234e-05 6.13491726511318e-05 4.1059259731125e-05 2.43767002014982e-05 1.28538546048425e-05 6.02868786061083e-06 2.52089433068351e-06 9.41468971658641e-07 3.15111791335439e-07 9.47268575180153e-08 1.83654111514519e-08 2.89980176075557e-09 9.66600586918523e-10 0 0 0 0 0 0 0 0 0 0 0 0 0 0 0 0 0 0 0 0 0 0 0 0 0 0 0
9.37602569310967e-08 3.22844596030787e-07 9.84965998069975e-07 2.65525181226518e-06 6.31673483551255e-06 1.32646598542829e-05 2.45854859282726e-05 4.02221836228536e-05 5.80868956702817e-05 7.40628701708711e-05 8.33895992340479e-05 8.29720277804991e-05 7.31301006044947e-05 5.75455993416074e-05 4.14661985782177e-05 2.9397223649953e-05 2.36024531313765e-05 2.38383036745846e-05 2.79337903613584e-05 3.28692529581644e-05 3.60136046674103e-05 3.6266854021183e-05 3.46014012099224e-05 3.35797043895495e-05 3.5886979990524e-05 4.26367518889761e-05 5.23694531986587e-05 6.14371333045413e-05 6.57404391175026e-05 6.28715685755284e-05 5.33176883744257e-05 3.99834332778847e-05 2.6491622285676e-05 1.55120062188685e-05 8.03051767611909e-06 3.67791523322498e-06 1.49146470561528e-06 5.35496725152862e-07 1.71088303884579e-07 4.83300293459262e-08 7.73280469534819e-09 9.66600586918523e-10 0 0 0 0 0 0 0 0 0 0 0 0 0 0 0 0 0 0 0 0 0 0 0 0 0 0 0 0
4.83300293459262e-08 1.69155102710742e-07 5.18097914588328e-07 1.4035040522057e-06 3.35313743602036e-06 7.070683293309e-06 1.3156400588548e-05 2.16025565170421e-05 3.1308193010291e-05 4.00588281236644e-05 4.52552728789383e-05 4.51663456249418e-05 3.98906396215405e-05 3.13526566372892e-05 2.23342731613394e-05 1.52297588474883e-05 1.12396316246886e-05 1.02788306412916e-05 1.13324252810328e-05 1.30307425122486e-05 1.42225610359191e-05 1.44487455732581e-05 1.4141366586618e-05 1.44100815497813e-05 1.63877463506166e-05 2.04697006291736e-05 2.5850766096549e-05 3.070310104288e-05 3.30055436409199e-05 3.16020395887142e-05 2.67835356629254e-05 2.00511625750378e-05 1.32491942448922e-05 7.72893829300051e-06 3.98046121693048e-06 1.81044289929839e-06 7.26883641362729e-07 2.58082356707246e-07 8.11944493011559e-08 2.2231813499126e-08 2.89980176075557e-09 0 0 0 0 0 0 0 0 0 0 0 0 0 0 0 0 0 0 0 0 0 0 0 0 0 0 0 0 0
2.0298612325289e-08 6.95952422581337e-08 2.13618729708994e-07 5.80926952738032e-07 1.39093824457575e-06 2.93846578423231e-06 5.47579232489343e-06 9.0067842689068e-06 1.30742395386599e-05 1.67560211742326e-05 1.8957937311233e-05 1.89453715036031e-05 1.67424887660157e-05 1.31341687750489e-05 9.26679982678788e-06 6.12244811754193e-06 4.18924694370488e-06 3.44496449177762e-06 3.51649293520959e-06 3.91666557819386e-06 4.25014278068075e-06 4.36516825052405e-06 4.40866527693538e-06 4.74407568059611e-06 5.73580788277452e-06 7.48342174392321e-06 9.66213946683756e-06 1.15837414336316e-05 1.24981455888565e-05 1.19800476742682e-05 1.01560723667529e-05 7.60038041494035e-06 5.01859024728097e-06 2.92493337601545e-06 1.50403051324522e-06 6.82420014364477e-07 2.73547966097942e-07 9.66600586918523e-08 2.99646181944742e-08 8.69940528226671e-09 9.66600586918523e-10 0 0 0 0 0 0 0 0 0 0 0 0 0 0 0 0 0 0 0 0 0 0 0 0 0 0 0 0 0
5.79960352151114e-09 2.2231813499126e-08 6.76620410842966e-08 1.83654111514519e-07 4.39803267047928e-07 9.28903164028701e-07 1.73311485234491e-06 2.85243833199656e-06 4.14381671611971e-06 5.31340342629112e-06 6.01612205298089e-06 6.01515545239397e-06 5.31533662746496e-06 4.16314872785808e-06 2.91623397073318e-06 1.88100474214345e-06 1.20921733423507e-06 8.97005344660389e-07 8.36109507684522e-07 8.92172341725797e-07 9.59834382810094e-07 9.99465006873753e-07 1.04779503621968e-06 1.19471832543129e-06 1.53206193026586e-06 2.07432485952715e-06 2.72774685628407e-06 3.29417480021833e-06 3.56385636396859e-06 3.41983287651773e-06 2.89980176075557e-06 2.17001831763208e-06 1.43250206981325e-06 8.35142907097604e-07 4.29170660591824e-07 1.94286717970623e-07 7.82946475404004e-08 2.80314170206372e-08 8.69940528226671e-09 1.93320117383705e-09 0 0 0 0 0 0 0 0 0 0 0 0 0 0 0 0 0 0 0 0 0 0 0 0 0 0 0 0 0 0
1.93320117383705e-09 4.83300293459262e-09 1.64322099776149e-08 4.34970264113335e-08 1.043928633872e-07 2.20384933817423e-07 4.11771850027291e-07 6.77587011429885e-07 9.84965998069975e-07 1.26334696710251e-06 1.43153546922633e-06 1.43153546922633e-06 1.26431356768943e-06 9.88832400417649e-07 6.89186218472907e-07 4.36903465287172e-07 2.67748362576431e-07 1.80754309753764e-07 1.52722892733127e-07 1.54656093906964e-07 1.64322099776149e-07 1.73021505058416e-07 1.89453715036031e-07 2.30050939686608e-07 3.11245388987764e-07 4.35936864700254e-07 5.80926952738032e-07 7.05618428450522e-07 7.6554766483947e-07 7.34616446058078e-07 6.23457378562447e-07 4.66868083481647e-07 3.08345587227009e-07 1.79787709166845e-07 9.18270557572597e-08 4.15638252374965e-08 1.64322099776149e-08 5.79960352151114e-09 1.93320117383705e-09 9.66600586918523e-10 0 0 0 0 0 0 0 0 0 0 0 0 0 0 0 0 0 0 0 0 0 0 0 0 0 0 0 0 0 0
0 9.66600586918523e-10 2.89980176075557e-09 7.73280469534819e-09 1.83654111514519e-08 3.86640234767409e-08 7.24950440188892e-08 1.19858472777897e-07 1.74954706232253e-07 2.24251336165097e-07 2.53249353772653e-07 2.53249353772653e-07 2.24251336165097e-07 1.74954706232253e-07 1.21791673951734e-07 7.63614463665633e-08 4.54302275851706e-08 2.80314170206372e-08 2.12652129122075e-08 2.0298612325289e-08 2.12652129122075e-08 2.31984140860446e-08 2.60982158468001e-08 3.38310205421483e-08 4.83300293459262e-08 6.95952422581337e-08 9.37602569310967e-08 1.14058869256386e-07 1.23724875125571e-07 1.18891872190978e-07 1.00526461039526e-07 7.53948457796448e-08 5.02632305197632e-08 2.89980176075557e-08 1.44990088037778e-08 6.76620410842966e-09 2.89980176075557e-09 9.66600586918523e-10 0 0 0 0 0 0 0 0 0 0 0 0 0 0 0 0 0 0 0 0 0 0 0 0 0 0 0 0 0 0 0 0
0 0 0 9.66600586918523e-10 2.89980176075557e-09 4.83300293459262e-09 9.66600586918523e-09 1.54656093906964e-08 2.31984140860446e-08 2.89980176075557e-08 3.38310205421483e-08 3.38310205421483e-08 2.89980176075557e-08 2.31984140860446e-08 1.54656093906964e-08 9.66600586918523e-09 5.79960352151114e-09 2.89980176075557e-09 1.93320117383705e-09 1.93320117383705e-09 1.93320117383705e-09 1.93320117383705e-09 2.89980176075557e-09 3.86640234767409e-09 5.79960352151114e-09 8.69940528226671e-09 1.15992070430223e-08 1.35324082168593e-08 1.54656093906964e-08 1.44990088037778e-08 1.25658076299408e-08 8.69940528226671e-09 5.79960352151114e-09 3.86640234767409e-09 1.93320117383705e-09 9.66600586918523e-10 0 0 0 0 0 0 0 0 0 0 0 0 0 0 0 0 0 0 0 0 0 0 0 0 0 0 0 0 0 0 0 0 0 0
0 0 0 0 0 9.66600586918523e-10 9.66600586918523e-10 1.93320117383705e-09 1.93320117383705e-09 2.89980176075557e-09 2.89980176075557e-09 2.89980176075557e-09 2.89980176075557e-09 1.93320117383705e-09 1.93320117383705e-09 9.66600586918523e-10 9.66600586918523e-10 0 0 0 0 0 0 0 9.66600586918523e-10 9.66600586918523e-10 9.66600586918523e-10 9.66600586918523e-10 9.66600586918523e-10 9.66600586918523e-10 9.66600586918523e-10 9.66600586918523e-10 9.66600586918523e-10 0 0 0 0 0 0 0 0 0 0 0 0 0 0 0 0 0 0 0 0 0 0 0 0 0 0 0 0 0 0 0 0 0 0 0 0 0
0 0 0 0 0 0 0 0 0 0 0 0 0 0 0 0 0 0 0 0 0 0 0 0 0 0 0 0 0 0 0 0 0 0 0 0 0 0 0 0 0 0 0 0 0 0 0 0 0 0 0 0 0 0 0 0 0 0 0 0 0 0 0 0 0 0 0 0 0 0
0 0 0 0 0 0 0 0 0 0 0 0 0 0 0 0 0 0 0 0 0 0 0 0 0 0 0 0 0 0 0 0 0 0 0 0 0 0 0 0 0 0 0 0 0 0 0 0 0 0 0 0 0 0 0 0 0 0 0 0 0 0 0 0 0 0 0 0 0 0
0 0 0 0 0 0 0 0 0 0 0 0 0 0 0 0 0 0 0 0 0 0 0 0 0 0 0 0 0 0 0 0 0 0 0 0 0 0 0 0 0 0 0 0 0 0 0 0 0 0 0 0 0 0 0 0 0 0 0 0 0 0 0 0 0 0 0 0 0 0
0 0 0 0 0 0 0 0 0 0 0 0 0 0 0 0 0 0 0 0 0 0 0 0 0 0 0 0 0 0 0 0 0 0 0 0 0 0 0 0 0 0 0 0 0 0 0 0 0 0 0 0 0 0 0 0 0 0 0 0 0 0 0 0 0 0 0 0 0 0
0 0 0 0 0 0 0 0 0 0 0 0 0 0 0 0 0 0 0 0 0 0 0 0 0 0 0 0 0 0 0 0 0 0 0 0 0 0 0 0 0 0 0 0 0 0 0 0 0 0 0 0 0 0 0 0 0 0 0 0 0 0 0 0 0 0 0 0 0 0
0 0 0 0 0 0 0 0 0 0 0 0 0 0 0 0 0 0 0 0 0 0 0 0 0 0 0 0 0 0 0 0 0 0 0 0 0 0 0 0 0 0 0 0 0 0 0 0 0 0 0 0 0 0 0 0 0 0 0 0 0 0 0 0 0 0 0 0 0 0
0 0 0 0 0 0 0 0 0 0 0 0 0 0 0 0 0 0 0 0 0 0 0 0 0 0 0 0 0 0 0 0 0 0 0 0 0 0 0 0 0 0 0 0 0 0 0 0 0 0 0 0 0 0 0 0 0 0 0 0 0 0 0 0 0 0 0 0 0 0
0 0 0 0 0 0 0 0 0 0 0 0 0 0 0 0 0 0 0 0 0 0 0 0 0 0 0 0 0 0 0 0 0 0 0 0 0 0 0 0 0 0 0 0 0 0 0 0 0 0 0 0 0 0 0 0 0 0 0 0 0 0 0 0 0 0 0 0 0 0
0 0 0 0 0 0 0 0 0 0 0 0 0 0 0 0 0 0 0 0 0 0 0 0 0 0 0 0 0 0 0 0 0 0 0 0 0 0 0 0 0 0 0 0 0 0 0 0 0 0 0 0 0 0 0 0 0 0 0 0 0 0 0 0 0 0 0 0 0 0
0 0 0 0 0 0 0 0 0 0 0 0 0 0 0 0 0 0 0 0 0 0 0 0 0 0 0 0 0 0 0 0 0 0 0 0 0 0 0 0 0 0 0 0 0 0 0 0 0 0 0 0 0 0 0 0 0 0 0 0 0 0 0 0 0 0 0 0 0 0
0 0 0 0 0 0 0 0 0 0 0 0 0 0 0 0 0 0 0 0 0 0 0 0 0 0 0 0 0 0 0 0 0 0 0 0 0 0 0 0 0 0 0 0 0 0 0 0 0 0 0 0 0 0 0 0 0 0 0 0 0 0 0 0 0 0 0 0 0 0
0 0 0 0 0 0 0 0 0 0 0 0 0 0 0 0 0 0 0 0 0 0 0 0 0 0 0 0 0 0 0 0 0 0 0 0 0 0 0 0 0 0 0 0 0 0 0 0 0 0 0 0 0 0 0 0 0 0 0 0 0 0 0 0 0 0 0 0 0 0
0 0 0 0 0 0 0 0 0 0 0 0 0 0 0 0 0 0 0 0 0 0 0 0 0 0 0 0 0 0 0 0 0 0 0 0 0 0 0 0 0 0 0 0 0 0 0 0 0 0 0 0 0 0 0 0 0 0 0 0 0 0 0 0 0 0 0 0 0 0
