0 0 0 0 0 0 0 0 0 0 0 0 0 0 0 0 0 0 0 0 0 0 0 0 0 0 0 0 0 0 0 0 0 0 0 0 0 0 0 0 0 0 0 0 0 0 0 0 0 0 0 0 0 0 0 0 0 0 0 0
0 0 0 0 0 0 0 0 0 0 0 0 0 0 0 0 0 0 0 0 0 0 0 0 0 0 0 0 0 0 0 0 0 0 0 0 0 0 0 0 0 0 0 0 0 0 0 0 0 0 0 0 0 0 0 0 0 0 0 0
0 0 0 0 0 0 0 0 0 0 0 0 0 0 0 0 0 0 0 0 0 0 0 0 0 0 0 0 0 0 0 0 0 0 0 0 0 0 0 0 0 0 0 0 0 0 0 0 0 0 0 0 0 0 0 0 0 0 0 0
0 0 0 0 0 0 0 0 0 0 0 0 0 0 0 0 0 0 0 0 0 0 0 0 0 0 0 0 0 0 0 0 0 0 0 0 0 0 0 0 0 0 0 0 0 0 0 0 0 0 0 0 0 0 0 0 0 0 0 0
0 0 0 0 0 0 0 0 0 0 0 0 0 0 0 0 0 0 0 0 0 1.18441271366989e-09 2.36882542733978e-09 3.55323814100967e-09 4.73765085467956e-09 5.92206356834945e-09 5.92206356834945e-09 5.92206356834945e-09 4.73765085467956e-09 3.55323814100967e-09 1.18441271366989e-09 1.18441271366989e-09 0 0 0 0 0 0 0 0 0 0 0 0 0 0 0 0 0 0 0 0 0 0 0 0 0 0 0 0
0 0 0 0 0 0 0 0 0 0 0 0 0 0 0 0 0 0 0 1.18441271366989e-09 4.73765085467956e-09 9.47530170935912e-09 2.01350161323881e-08 3.43479686964268e-08 4.97453339741354e-08 6.15894611108342e-08 6.63271119655138e-08 6.04050483971644e-08 4.61920958331257e-08 3.07947305554171e-08 1.77661907050483e-08 8.29088899568923e-09 3.55323814100967e-09 1.18441271366989e-09 0 0 0 0 0 0 0 0 0 0 0 0 0 0 0 0 0 0 0 0 0 0 0 0 0 0
0 0 0 0 0 0 0 0 0 0 0 0 0 0 0 0 0 1.18441271366989e-09 3.55323814100967e-09 1.18441271366989e-08 3.1979143269087e-08 7.4618000961203e-08 1.48051589208736e-07 2.52279908011686e-07 3.69536766665006e-07 4.60736545617587e-07 4.91531276173004e-07 4.47708005767218e-07 3.48217337818947e-07 2.32144891879298e-07 1.31469811217358e-07 6.3958286538174e-08 2.60570797007376e-08 9.47530170935912e-09 2.36882542733978e-09 1.18441271366989e-09 0 0 0 0 0 0 0 0 0 0 0 0 0 0 0 0 0 0 0 0 0 0 0 0
0 0 0 0 0 0 0 0 0 0 0 0 0 0 0 0 1.18441271366989e-09 5.92206356834945e-09 2.01350161323881e-08 6.3958286538174e-08 1.75293081623144e-07 4.08622386216112e-07 8.14875947004884e-07 1.38931611313478e-06 2.02889897851652e-06 2.53108996911255e-06 2.70046098716735e-06 2.46120961900603e-06 1.91637977071788e-06 1.2744280799088e-06 7.23676168052302e-07 3.51770575959957e-07 1.45682763781396e-07 5.09297466878053e-08 1.53973652777086e-08 3.55323814100967e-09 1.18441271366989e-09 0 0 0 0 0 0 0 0 0 0 0 0 0 0 0 0 0 0 0 0 0 0 0
0 0 0 0 0 0 0 0 0 0 0 0 0 0 0 0 4.73765085467956e-09 2.25038415597279e-08 8.17244772432224e-08 2.61755209721046e-07 7.10647628201934e-07 1.65580897371051e-06 3.30332705842532e-06 5.636620104355e-06 8.22693070915105e-06 1.02664894020906e-05 1.09510799505918e-05 9.98223035080983e-06 7.77330063981548e-06 5.17114590788274e-06 2.93734352990133e-06 1.42484849454488e-06 5.89837531407605e-07 2.08456637605901e-07 6.27738738245041e-08 1.65817779913785e-08 3.55323814100967e-09 0 0 0 0 0 0 0 0 0 0 0 0 0 0 0 0 0 0 0 0 0 0 0
0 0 0 0 0 0 0 0 0 0 0 0 0 0 0 1.18441271366989e-09 1.53973652777086e-08 6.63271119655138e-08 2.46357844443337e-07 7.82896803735797e-07 2.12957405917846e-06 4.96268927027684e-06 9.8969526354256e-06 1.6888540884219e-05 2.46488129841841e-05 3.07603825867207e-05 3.28129698195106e-05 2.99099742583057e-05 2.3292660427032e-05 1.54933027075158e-05 8.80018646256728e-06 4.26743900735261e-06 1.76714376879548e-06 6.24185500104032e-07 1.88321621473512e-07 4.85609212604655e-08 1.0659714423029e-08 0 0 0 0 0 0 0 0 0 0 0 0 0 0 0 0 0 0 0 0 0 0 0
0 0 0 0 0 0 0 0 0 0 0 0 0 0 0 2.36882542733978e-09 3.43479686964268e-08 1.46867176495066e-07 5.46014261001819e-07 1.73516462552639e-06 4.72225348940185e-06 1.10031941099933e-05 2.19424299334484e-05 3.74428391172462e-05 5.4647618196015e-05 6.81972996403986e-05 7.27466288736046e-05 6.63105301875224e-05 5.16392099032935e-05 3.43479686964268e-05 1.95096462195704e-05 9.46227316950875e-06 3.91685284410632e-06 1.3845784622801e-06 4.16913275211801e-07 1.0778155694396e-07 2.36882542733978e-08 0 0 0 0 0 0 0 0 0 0 0 0 0 0 0 0 0 0 0 0 0 0 0
0 0 0 0 0 0 0 0 0 0 0 0 0 0 0 3.55323814100967e-09 5.56673975424848e-08 2.42804606302327e-07 8.97784836961776e-07 2.85206581451709e-06 7.76145651267879e-06 1.80836133123119e-05 3.60653671312481e-05 6.15397157768601e-05 8.98175693157287e-05 0.00011208689715815 0.000119562910206834 0.000108987289086476 8.48738306488706e-05 5.64538475843616e-05 3.20667898098986e-05 1.55513389304856e-05 6.43846751150952e-06 2.27525682295986e-06 6.85774961214866e-07 1.76477494336814e-07 3.79012068374365e-08 0 0 0 0 0 0 0 0 0 0 0 0 0 0 0 0 0 0 0 0 0 0 0
0 0 0 0 0 0 0 0 0 0 0 0 0 0 0 4.73765085467956e-09 6.86959373928536e-08 2.96103178417472e-07 1.09676617285832e-06 3.48335779090315e-06 9.47885494750013e-06 2.20845594590888e-05 4.40423867578148e-05 7.51533555077818e-05 0.000109687277000255 0.000136881392906115 0.000146012030515797 0.000133096009873227 0.000103649140985966 6.89422952372969e-05 3.91602375520676e-05 1.89920578636967e-05 7.86213159334073e-06 2.77863222626956e-06 8.38564201278282e-07 2.1556311388792e-07 4.73765085467956e-08 0 0 0 0 0 0 0 0 0 0 0 0 0 0 0 0 0 0 0 0 0 0 0
0 0 0 0 0 0 0 0 0 0 0 0 0 0 0 4.73765085467956e-09 6.27738738245041e-08 2.68861686003065e-07 9.97275504910047e-07 3.16948842178062e-06 8.62252455551679e-06 2.00911928619823e-05 4.00674976907387e-05 6.83702238965944e-05 9.97855867139745e-05 0.000124525599477111 0.000132833070250792 0.000121082511718473 9.42934649606872e-05 6.27193908396753e-05 3.56259500144766e-05 1.727939707973e-05 7.15622161599347e-06 2.53227438182622e-06 7.67499438458088e-07 2.02534574037551e-07 4.85609212604655e-08 5.92206356834945e-09 3.55323814100967e-09 2.36882542733978e-09 1.18441271366989e-09 1.18441271366989e-09 1.18441271366989e-09 0 0 0 0 0 0 0 0 0 0 0 0 0 0 0 0 0
0 0 0 0 0 0 0 0 0 0 0 0 0 0 0 3.55323814100967e-09 4.2638857692116e-08 1.82399557905163e-07 6.77484072219177e-07 2.15326231345186e-06 5.86047410723861e-06 1.36539097631865e-05 2.72284638745571e-05 4.64633263445561e-05 6.78123655084558e-05 8.46262883917136e-05 9.0272383797778e-05 8.22882576949292e-05 6.4083834285823e-05 4.26293823904067e-05 2.42212399945492e-05 1.17600338340283e-05 4.89162450745664e-06 1.76359053065447e-06 5.76808991557236e-07 2.00165748610211e-07 9.47530170935912e-08 5.56673975424848e-08 4.14544449784461e-08 2.72414924144075e-08 1.65817779913785e-08 1.0659714423029e-08 8.29088899568923e-09 7.10647628201934e-09 5.92206356834945e-09 4.73765085467956e-09 3.55323814100967e-09 2.36882542733978e-09 1.18441271366989e-09 0 0 0 0 0 0 0 0 0 0 0
0 0 0 0 0 0 0 0 0 0 0 0 0 0 0 1.18441271366989e-09 2.1319428846058e-08 9.35686043799213e-08 3.44664099677938e-07 1.09676617285832e-06 2.98353562573445e-06 6.95013380381491e-06 1.38611819880787e-05 2.36539063047014e-05 3.45268150161909e-05 4.30924877614516e-05 4.59753483065241e-05 4.19222880003457e-05 3.26684714684429e-05 2.17647680263979e-05 1.24233049536835e-05 6.13170461866902e-06 2.71467393973139e-06 1.22112950779366e-06 7.11832040915604e-07 5.73255753416226e-07 5.08113054164382e-07 4.18097687925471e-07 3.07947305554171e-07 2.02534574037551e-07 1.27916573076348e-07 8.88309535252417e-08 7.4618000961203e-08 7.10647628201934e-08 6.51426992518439e-08 5.3298572115145e-08 3.90856195511064e-08 2.36882542733978e-08 1.30285398503688e-08 5.92206356834945e-09 2.36882542733978e-09 1.18441271366989e-09 0 0 0 0 0 0 0 0
0 0 0 0 0 0 0 0 0 0 0 0 0 0 0 0 8.29088899568923e-09 3.55323814100967e-08 1.31469811217358e-07 4.19282100639141e-07 1.14177385597777e-06 2.66019095490257e-06 5.30972219538211e-06 9.07023256128401e-06 1.32595003295344e-05 1.65877000549468e-05 1.77626374669073e-05 1.6296334527384e-05 1.284495587975e-05 8.78005144643489e-06 5.37012724377928e-06 3.23936877188715e-06 2.35698130020308e-06 2.31552685522463e-06 2.61399885906945e-06 2.83548403652572e-06 2.74073101943212e-06 2.31197361708362e-06 1.71147637125299e-06 1.14532709411878e-06 7.58024136748729e-07 5.73255753416226e-07 5.24694832155761e-07 5.18772768587412e-07 4.85609212604655e-07 4.02700322647762e-07 2.91365527562793e-07 1.81215145191493e-07 9.83062552346008e-08 4.61920958331257e-08 1.89506034187182e-08 7.10647628201934e-09 2.36882542733978e-09 0 0 0 0 0 0 0
0 0 0 0 0 0 0 0 0 0 0 0 0 0 0 0 2.36882542733978e-09 1.0659714423029e-08 3.79012068374365e-08 1.23178922221668e-07 3.36373210682249e-07 7.90003280017816e-07 1.59895716345435e-06 2.78573870255158e-06 4.18808335553673e-06 5.46132702273186e-06 6.21698233405325e-06 6.25725236631803e-06 5.72071340702557e-06 5.02901638224235e-06 4.70804053683781e-06 5.17588355873742e-06 6.56401525915853e-06 8.58936099953404e-06 1.05578549296534e-05 1.16190887211016e-05 1.12223104620222e-05 9.46464199493609e-06 7.04014917005382e-06 4.81819091920911e-06 3.37439182124552e-06 2.78929194069259e-06 2.75020632114148e-06 2.81771784582067e-06 2.67558832018028e-06 2.24090885426343e-06 1.63093630672344e-06 1.02925464817913e-06 5.63780451706867e-07 2.70046098716735e-07 1.13703620512309e-07 4.2638857692116e-08 1.42129525640387e-08 4.73765085467956e-09 1.18441271366989e-09 0 0 0 0 0
0 0 0 0 0 0 0 0 0 0 0 0 0 0 0 0 1.18441271366989e-09 2.36882542733978e-09 1.0659714423029e-08 3.79012068374365e-08 1.101503823713e-07 2.90181114849123e-07 6.76299659505507e-07 1.40116024027148e-06 2.57965089037302e-06 4.23072221322884e-06 6.19447849249352e-06 8.16652566075389e-06 9.8969526354256e-06 1.14734059573202e-05 1.34572972527173e-05 1.666942453219e-05 2.15835528812064e-05 2.7670249816756e-05 3.31943507133123e-05 3.58912584623387e-05 3.42982233624527e-05 2.88120236727337e-05 2.15646022777877e-05 1.51782489256796e-05 1.13644399876626e-05 1.02735958783726e-05 1.0795921885101e-05 1.1395234718218e-05 1.09712149667242e-05 9.2869800878856e-06 6.84472107229829e-06 4.39535558042896e-06 2.47186933342906e-06 1.223498333221e-06 5.3772337200613e-07 2.1082546303324e-07 7.4618000961203e-08 2.36882542733978e-08 5.92206356834945e-09 1.18441271366989e-09 0 0 0 0
0 0 0 0 0 0 0 0 0 0 0 0 0 0 0 1.18441271366989e-09 2.36882542733978e-09 5.92206356834945e-09 1.77661907050483e-08 5.56673975424848e-08 1.70555430768464e-07 4.91531276173004e-07 1.29337868332752e-06 3.00603946729418e-06 6.12933579324168e-06 1.09404202361688e-05 1.71313454905213e-05 2.37605034489317e-05 2.97785044470884e-05 3.49129335608473e-05 4.01658039459733e-05 4.73101814348301e-05 5.7442832200276e-05 6.95001536254354e-05 7.9881531060752e-05 8.39535419703491e-05 7.8884255555842e-05 6.58284742130588e-05 4.96434744807597e-05 3.61826239899015e-05 2.91827448521124e-05 2.87255615446358e-05 3.18310916798783e-05 3.44533814279434e-05 3.36775911004896e-05 2.89505999602331e-05 2.17801653916756e-05 1.43906144710892e-05 8.40577702891521e-06 4.37166732615556e-06 2.03718986751221e-06 8.5396156655599e-07 3.2097584540454e-07 1.0778155694396e-07 3.07947305554171e-08 7.10647628201934e-09 2.36882542733978e-09 0 0 0
0 0 0 0 0 0 0 0 0 0 0 0 0 1.18441271366989e-09 2.36882542733978e-09 7.10647628201934e-09 1.65817779913785e-08 4.02700322647762e-08 9.47530170935912e-08 2.27407241024619e-07 5.72071340702557e-07 1.46867176495066e-06 3.6148276021205e-06 8.08835442165167e-06 1.60878778897781e-05 2.82079731887621e-05 4.35875722757656e-05 5.98341614691755e-05 7.425557067082e-05 8.57739843112597e-05 9.58805779970049e-05 0.000107498482305393 0.000122342726845818 0.000138640245785915 0.000150896548546971 0.000152449313614592 0.000139731089895205 0.000115424572185272 8.78703948144554e-05 6.6760607018717e-05 5.80966280182217e-05 6.14911548555997e-05 7.09759318666681e-05 7.85040590747539e-05 7.81712391022127e-05 6.87800306955242e-05 5.34158289737983e-05 3.68103627281465e-05 2.2661368450646e-05 1.25239800343454e-05 6.22408881033527e-06 2.77626340084222e-06 1.10505706185401e-06 3.89671782797394e-07 1.17256858653319e-07 3.07947305554171e-08 7.10647628201934e-09 1.18441271366989e-09 0 0
0 0 0 0 0 0 0 0 0 0 0 0 1.18441271366989e-09 4.73765085467956e-09 1.42129525640387e-08 4.14544449784461e-08 1.0541273151662e-07 2.35698130020308e-07 4.89162450745664e-07 9.70034012495639e-07 1.96138745383734e-06 4.17031716483168e-06 9.0039054493185e-06 1.85526407469251e-05 3.49543880058258e-05 5.89849375534742e-05 8.86461851419092e-05 0.000119309445886109 0.000146089017342185 0.000166931127864634 0.00018365740420708 0.000199684877048461 0.00021632469126281 0.000230670298050779 0.000236440756791779 0.000227395396897482 0.000201656924216722 0.000164413066435372 0.000126729791537251 0.000100586249708415 9.30616757384705e-05 0.000102964550437465 0.000121520744422531 0.00013675702957118 0.00013939708550995 0.000126835204268767 0.000103029693136716 7.50408362999832e-05 4.91637873317234e-05 2.89671817382245e-05 1.52883993080509e-05 7.17990987026687e-06 2.9776135621661e-06 1.08255322029428e-06 3.37557623395918e-07 9.11997789525815e-08 2.1319428846058e-08 2.36882542733978e-09 0 0
0 0 0 0 0 0 0 0 0 0 0 1.18441271366989e-09 4.73765085467956e-09 2.01350161323881e-08 6.63271119655138e-08 1.94243685041862e-07 4.91531276173004e-07 1.08136880758061e-06 2.10943904304607e-06 3.75577271504722e-06 6.43017662251383e-06 1.12175728111675e-05 2.0343472769994e-05 3.70164505403251e-05 6.420227555719e-05 0.00010239840116033 0.000147960389429784 0.000194093264627226 0.000234632158578005 0.000267664244749545 0.000295348707518865 0.000319798539167152 0.000339125785828817 0.000347538669334015 0.000338910222714929 0.000310776867527129 0.000266507073528289 0.000215058554071897 0.000168530085028089 0.000138046855016367 0.000129635155923883 0.00014167234233291 0.000165078706380455 0.000186797282311019 0.000195383090072412 0.00018556786191423 0.00015932601383016 0.000123482131876368 8.61079886965146e-05 5.37024568505065e-05 2.97252058749732e-05 1.44901051390374e-05 6.17789671450214e-06 2.29065418823757e-06 7.29598231620652e-07 2.00165748610211e-07 4.85609212604655e-08 5.92206356834945e-09 0 0
0 0 0 0 0 0 0 0 0 0 0 3.55323814100967e-09 1.77661907050483e-08 7.10647628201934e-08 2.39251368161318e-07 6.94065850210555e-07 1.74582433994942e-06 3.79959598545301e-06 7.22017990253165e-06 1.21947132999452e-05 1.89245463390175e-05 2.83702377305349e-05 4.31386798572847e-05 6.72746421364497e-05 0.000104375185979445 0.000154546908530502 0.000212959774743273 0.000272260950491297 0.000327570655394254 0.000379209865297548 0.000429495291469116 0.000476157599149569 0.000509473944372389 0.000517111037550133 0.000492470515454944 0.000439370924675696 0.000370051986195452 0.000299279773315535 0.000239241892859608 0.000197420279939925 0.00017681860519835 0.000176348393351023 0.000190450011119977 0.000209496551968503 0.000222398359658509 0.000220373013918133 0.000200034278798994 0.000164253170719027 0.000120709421713667 7.86201315206936e-05 4.50005766431738e-05 2.24872597817365e-05 9.75956076063989e-06 3.66575734880831e-06 1.18322830095622e-06 3.28082321686559e-07 7.93556518158826e-08 1.0659714423029e-08 0 0
0 0 0 0 0 0 0 0 0 1.18441271366989e-09 2.36882542733978e-09 1.42129525640387e-08 5.56673975424848e-08 2.00165748610211e-07 6.54980230659449e-07 1.87729415116677e-06 4.68908993341909e-06 1.01551546070056e-05 1.91081303096363e-05 3.15693364701572e-05 4.67156062525678e-05 6.4090940762105e-05 8.54494552277142e-05 0.000115111887228863 0.000157761404635402 0.000214582420161001 0.000281821529916041 0.000354190331133985 0.000430220152049882 0.00051299520337013 0.000603201260055942 0.000690422596703307 0.000752727443093197 0.000768008735924966 0.000728478961606234 0.00064616346241889 0.000545321379564322 0.000448601052953325 0.000367860822675163 0.000304736362687412 0.000257474742173843 0.000226096096150586 0.000211474521200331 0.000211174864783773 0.000217351577085561 0.000218815511199657 0.000206149401639672 0.000176399323097711 0.000134497170113498 9.02486955435046e-05 5.28662614746555e-05 2.69051192037252e-05 1.18547868511219e-05 4.51498126450962e-06 1.48170030480103e-06 4.19282100639141e-07 1.0304390608928e-07 1.42129525640387e-08 0 0
0 0 0 0 0 0 0 1.18441271366989e-09 2.36882542733978e-09 7.10647628201934e-09 1.89506034187182e-08 5.80362229698246e-08 1.69371018054794e-07 4.95084514314014e-07 1.4437990979636e-06 3.92869697124302e-06 9.6055871078628e-06 2.06372071229842e-05 3.86841036411723e-05 6.35330823739665e-05 9.25050017630457e-05 0.000122208888209173 0.000151955413512992 0.000185686303185597 0.000230226143283153 0.000290494984218245 0.000366790113582005 0.000457294642271662 0.000562723955566274 0.000685739428833456 0.000822260760274616 0.000952404029252663 0.00104280788286166 0.00106358603509757 0.00100789258047538 0.000897549138831756 0.000769283164004875 0.000652415977134354 0.000555748949095472 0.000472072559700122 0.000393121977032314 0.00032007213850401 0.000261513589527457 0.000224120495744185 0.000205845007572258 0.000196292719036511 0.000182983473373002 0.000158318078610827 0.00012306640301387 8.44284914685307e-05 5.06573317636612e-05 2.64929435793681e-05 1.20585058378731e-05 4.78265853779901e-06 1.65580897371051e-06 5.03375403309703e-07 1.35023049358367e-07 2.48726669870677e-08 3.55323814100967e-09 1.18441271366989e-09
0 0 0 0 0 0 1.18441271366989e-09 4.73765085467956e-09 1.42129525640387e-08 4.38232704057859e-08 1.1133479508497e-07 2.71230511430405e-07 5.98128420403294e-07 1.29693192146853e-06 2.94089676804234e-06 6.84353665958462e-06 1.54861962312338e-05 3.22551114313721e-05 5.99466806769741e-05 9.85336624756254e-05 0.000143823235820935 0.000189456288853208 0.000231786014827056 0.000273880042670884 0.000324925861804629 0.000394565776130278 0.000487513748248236 0.000603249820977203 0.000739735620036952 0.000894235152058908 0.00105689291885262 0.00120327922378594 0.00129746253836425 0.00131011443497167 0.00123933156237733 0.00111536145246293 0.000982194377826888 0.000869422890120237 0.000777647486588812 0.00068828710058056 0.000586315087997151 0.000474545613446264 0.000369226450534024 0.000285926704381621 0.000229552212449075 0.000193811374401372 0.000167329090536427 0.000140534121715073 0.000109907577764997 7.78502632568082e-05 4.92419585708257e-05 2.76797251184653e-05 1.38007769396816e-05 6.10801636439562e-06 2.40080457060887e-06 8.38564201278282e-07 2.59386384293706e-07 6.63271119655138e-08 1.30285398503688e-08 3.55323814100967e-09
0 0 0 0 0 1.18441271366989e-09 4.73765085467956e-09 1.89506034187182e-08 6.63271119655138e-08 1.96612510469202e-07 5.01006577882363e-07 1.12756090341373e-06 2.2184050127037e-06 3.95238522551642e-06 6.76773424590975e-06 1.18488647875536e-05 2.18263574875087e-05 4.07757764935133e-05 7.26696420472161e-05 0.000118743296608975 0.000175473112355621 0.00023615057567693 0.000296028560416511 0.000357507871144974 0.000430674966531932 0.000527214077997737 0.000652342543546106 0.00080158446753208 0.000964710077347693 0.00113096135231468 0.00128797539252776 0.00141607673398744 0.00148823589415506 0.00148359418073019 0.00140579129398193 0.00128737489528193 0.00117087842959078 0.00107983499311641 0.00100548585384121 0.000920976822308146 0.000808195859299786 0.000672201591516209 0.000533731901161062 0.000412837711064063 0.000319100920078801 0.000251575182447053 0.000203216795760625 0.000165272950065496 0.000131012627909881 9.79142146263761e-05 6.72793797873044e-05 4.18393791103888e-05 2.3278447474468e-05 1.15006474497346e-05 5.01006577882363e-06 1.91756418343155e-06 6.3958286538174e-07 1.82399557905163e-07 4.2638857692116e-08 9.47530170935912e-09
0 0 0 0 0 2.36882542733978e-09 1.53973652777086e-08 6.3958286538174e-08 2.22669590169939e-07 6.62086706941468e-07 1.6913413551206e-06 3.72971563534648e-06 7.09581656759631e-06 1.17635870721693e-05 1.73966539383833e-05 2.39488250704052e-05 3.29290422654503e-05 4.8139270334399e-05 7.47056475020146e-05 0.000116559239564967 0.000173926269351569 0.000243768718251255 0.000323633667534015 0.000416369629776227 0.000531014858395904 0.000676936873545461 0.000854476786086437 0.00105036088273673 0.00124331355792069 0.00141503445079941 0.00155500479206277 0.00165500475747792 0.00170251392024865 0.00168600557584552 0.00160962516876638 0.00149994381382969 0.00139180811748434 0.00130327326713752 0.0012244174374868 0.00113152868600453 0.00101099455737249 0.000869264178816605 0.000723378880461171 0.000587893910144473 0.000470785103080362 0.000375669655696388 0.000302559412119687 0.000246696586479447 0.000200079286482113 0.000156180213662653 0.000113479766509426 7.48489614403687e-05 4.40317270433918e-05 2.28413991831238e-05 1.03624268318979e-05 4.09451475115681e-06 1.40116024027148e-06 4.10991211643452e-07 9.94906679482707e-08 2.25038415597279e-08
0 0 0 0 0 5.92206356834945e-09 4.02700322647762e-08 1.62264541772775e-07 5.64964864420537e-07 1.68186605341124e-06 4.29468049976702e-06 9.42555637538498e-06 1.77756660067577e-05 2.88901949118359e-05 4.07556414773809e-05 5.06810200179346e-05 5.76998497591423e-05 6.47317080402005e-05 7.85881523774245e-05 0.000107516248496098 0.000157902349748329 0.000233116110304508 0.000335279997747531 0.000468482604764988 0.000639482190301078 0.000852586463395419 0.00110032888630104 0.00135865995886686 0.00159448126780939 0.00178220594527522 0.00191436508469193 0.00199586097028141 0.00202925785556876 0.00200992705566896 0.00193668060463018 0.00182338205326595 0.00169423605979281 0.0015666001925296 0.0014415297632042 0.00131216939102989 0.00117701960951116 0.00104151687300376 0.000909169411965571 0.00077828588504148 0.00064901315940798 0.000529104400688754 0.000428749111459504 0.000350709342168509 0.000287705692277553 0.000229549843623648 0.000171513620653823 0.000116411187975759 7.03008166198763e-05 3.72900498771828e-05 1.72225452694739e-05 6.90157288255445e-06 2.38659161804483e-06 7.08278802774594e-07 1.74108668909474e-07 3.90856195511064e-08
0 0 0 0 0 1.18441271366989e-08 7.69868263885428e-08 3.11500543695181e-07 1.07899998215327e-06 3.21331169218641e-06 8.20561128030499e-06 1.79876758825046e-05 3.38540685948265e-05 5.4762506229241e-05 7.63460591104474e-05 9.23095736652902e-05 9.86059116511593e-05 9.75896855428305e-05 9.90157184500891e-05 0.000116933513982487 0.000164782603202037 0.000252265695059122 0.000385248001311837 0.000567950768871699 0.000803993562991685 0.00109250347150182 0.00141880325205431 0.00174846439588819 0.00203555300914192 0.0022448920342195 0.00237043978186851 0.00243119067877807 0.00244784707477041 0.00242477234628269 0.00235398473603749 0.00223224605967565 0.00206956697345309 0.00188357982943822 0.00169185539023833 0.00151050048434663 0.00135246666478708 0.00121971413460082 0.00109773383804539 0.000965551010374399 0.000815288122629241 0.000660700944066474 0.000524694832155761 0.000419729808644908 0.000340362312701889 0.000272366363222814 0.000206126897798112 0.000142215987768485 8.72770040449068e-05 4.69453823190197e-05 2.19282169808843e-05 8.86651357453279e-06 3.0877639445374e-06 9.21473091235174e-07 2.28591653738289e-07 5.09297466878053e-08
0 0 0 0 0 1.77661907050483e-08 1.101503823713e-07 4.46523593053548e-07 1.54921182948022e-06 4.61210310703055e-06 1.17766156120197e-05 2.58142750944352e-05 4.85715809748885e-05 7.8532484979882e-05 0.000109342612900577 0.000131807368840754 0.000139809261134307 0.000136271420358575 0.00013478498240292 0.000155231499079003 0.000216709625394752 0.000332395952789745 0.000508435214422501 0.000746574419045682 0.00104694266764508 0.00140555322702648 0.00180366039717063 0.00219833040161971 0.00253001807560668 0.0027516027437309 0.00285761597249335 0.00288408759664387 0.00287549112916806 0.00284977634474157 0.00279263198454514 0.00268036624106722 0.00250449516603981 0.0022796190149843 0.00203675045039544 0.00181057855183118 0.00162382035513971 0.00147340112491635 0.00133078362123793 0.00116357060314744 0.000963080325453683 0.000752325927183263 0.000566714241998628 0.000427360979759083 0.000330491417146164 0.000257931925481319 0.000194067207547525 0.000134500723351639 8.32180216751601e-05 4.51367841052458e-05 2.12353355433874e-05 8.6379219207945e-06 3.02143683257189e-06 9.04891313243796e-07 2.27407241024619e-07 5.09297466878053e-08
0 0 0 0 0 1.89506034187182e-08 1.18441271366989e-07 4.80871561749975e-07 1.6676531008472e-06 4.96387368299051e-06 1.26744004489815e-05 2.77886910881229e-05 5.23095874992307e-05 8.46890622655381e-05 0.000118301510666776 0.000143794809915807 0.000155624724099941 0.000158562067629843 0.000169215859989303 0.00021049619629884 0.000303031992792441 0.000458942160356377 0.000680982827375358 0.000966907162931551 0.00131450268407582 0.00171975896935968 0.00216350629901239 0.00259757342355627 0.00295185613888192 0.00317050938553981 0.00325174233150686 0.00325058279146017 0.00323513331202306 0.00323466428458845 0.00322529794884875 0.0031603625218218 0.00301166187444597 0.00278889634684622 0.00253080452564856 0.00228088633658793 0.00206284543130301 0.0018676613225665 0.0016619513380436 0.00141597132125592 0.00113086304605945 0.000841475487728482 0.000592253733343492 0.000408821367552008 0.000287826502374347 0.000208307401603978 0.000149605538689071 0.000101290975273049 6.20419067674561e-05 3.35307239239946e-05 1.57586111553779e-05 6.41477925723612e-06 2.24564650511811e-06 6.72746421364497e-07 1.69371018054794e-07 3.79012068374365e-08
0 0 0 0 0 1.53973652777086e-08 9.5937429807261e-08 3.89671782797394e-07 1.34904608087e-06 4.01042144848625e-06 1.02321414333942e-05 2.24363300350487e-05 4.22705053381647e-05 6.86615894241572e-05 9.67558589924069e-05 0.000120191833357793 0.000136727419253338 0.000153572136867152 0.000188016042993386 0.000261450815653632 0.000390973452369717 0.000583927311966392 0.000838566570103709 0.00115001855287763 0.00151596418019479 0.00193375865846556 0.00238480078602176 0.00281920428377632 0.00316458376873332 0.00336689685759341 0.0034341229388086 0.00343698447992483 0.00345647280671555 0.00352256303613833 0.00359778034993265 0.0036157632881643 0.00353456232134052 0.00336105888732773 0.00313577411388601 0.00289873641308654 0.00266336518097521 0.0024124437943461 0.00211652301548653 0.0017623113649237 0.00137066279730719 0.000989691710304419 0.000668175772702445 0.000431155838093681 0.00027418206791287 0.000175477850006476 0.00011221599814394 6.93710526396454e-05 3.98400904497141e-05 2.06158876941381e-05 9.40423694653892e-06 3.75458830233355e-06 1.29693192146853e-06 3.83749719229044e-07 9.47530170935912e-08 2.1319428846058e-08
0 0 0 0 0 1.0659714423029e-08 6.27738738245041e-08 2.51095495298017e-07 8.57514804697e-07 2.52161466740319e-06 6.37214039954401e-06 1.39002676076298e-05 2.61234068127031e-05 4.26199070886973e-05 6.11808387246181e-05 7.97429547732526e-05 0.000100313834784271 0.000132197040623551 0.000191354902433221 0.000294688989637351 0.000453365945300419 0.000669618387387695 0.00093921914692409 0.00125743057305492 0.00162260041004463 0.00203109724851309 0.00246222347628893 0.00286676437629374 0.00317967318670547 0.00335991829788447 0.00342778514637775 0.00345879188680892 0.0035296825409602 0.0036614674059594 0.0038089789029707 0.00390340028450446 0.00390537351608544 0.0038236217973498 0.00369070226497091 0.00352507162226588 0.00331392755221267 0.00302653572930424 0.00264359614837134 0.00217939637997899 0.00168218584484393 0.00121375298541292 0.000822683595613396 0.000528946873797836 0.000325867469911997 0.000193184820075841 0.000109684908174827 5.88818936473849e-05 2.93686976481586e-05 1.34004454424611e-05 5.49804381685563e-06 2.01468602595248e-06 6.51426992518439e-07 1.81215145191493e-07 4.02700322647762e-08 9.47530170935912e-09
0 0 0 0 1.18441271366989e-09 1.18441271366989e-08 5.3298572115145e-08 1.95428097755532e-07 6.17079023822012e-07 1.68423487883858e-06 3.98199554335817e-06 8.22574629643738e-06 1.48087121590146e-05 2.36195583360049e-05 3.43799478396959e-05 4.83714152262783e-05 7.09451371361127e-05 0.000112950334026415 0.000189039375577996 0.000312549933359492 0.000490801677941383 0.000723775658720251 0.00100711560573522 0.00133613716670372 0.00170652197287171 0.00210877340310099 0.00251767175747939 0.00288796654828114 0.00316934510784227 0.00333811207541309 0.0034205543067608 0.00348030555934002 0.00357359227349409 0.00371042510547894 0.0038554031436957 0.00396552983781273 0.00402673554920433 0.00405427314479716 0.00405897171003229 0.0040158851443344 0.00386920036739724 0.00357036474884933 0.00311648003078033 0.00255823315527173 0.00197559566875052 0.00144214092016446 0.00100118169803973 0.000663261644353429 0.000417972140177822 0.000247877445954975 0.000136285633311139 6.84176004051412e-05 3.09546262717626e-05 1.25251644470591e-05 4.4960306610909e-06 1.42721731997222e-06 4.01515909934093e-07 9.35686043799213e-08 1.42129525640387e-08 2.36882542733978e-09
0 0 0 0 5.92206356834945e-09 2.84259051280773e-08 1.101503823713e-07 3.68352353951336e-07 1.0541273151662e-06 2.58320412851403e-06 5.44237641931314e-06 9.94196031854505e-06 1.57799305842239e-05 2.22930160966947e-05 2.94539753635428e-05 3.99348434668077e-05 6.11097739617979e-05 0.000105505115708286 0.000188468488650007 0.000323518779500789 0.000518548914584528 0.000774334684228677 0.00108572033989063 0.00144307542179554 0.00183272825398952 0.0022357424460064 0.00262533131991384 0.00296809206836091 0.00323497696954486 0.00341822456695301 0.00353901334431849 0.0036334039311217 0.00372589827317032 0.00381610669868156 0.00389165327921028 0.00395426488849302 0.00402893855685176 0.00413920856490714 0.00426606390419204 0.0043321091259317 0.00423629013739581 0.00391737398570034 0.00339560465294734 0.0027605616414971 0.00212092429313053 0.00155635976020721 0.00109965969311781 0.000748168638558282 0.000485166242249742 0.000294543306873569 0.000164122885320523 8.24801325545438e-05 3.68743210146847e-05 1.45386660602979e-05 5.01480342967831e-06 1.49946649550608e-06 3.92040608224733e-07 8.05400645295525e-08 7.10647628201934e-09 1.18441271366989e-09
0 0 0 0 1.65817779913785e-08 7.22491755338633e-08 2.79521400426094e-07 9.14366614953155e-07 2.5607002869543e-06 6.12341372967333e-06 1.25133203199224e-05 2.19163728537476e-05 3.29314110908776e-05 4.29764153155119e-05 5.02451561393041e-05 5.69785424165174e-05 7.18073895916644e-05 0.000109656482269699 0.0001886757608749 0.000325493195494477 0.000531085923158724 0.000807353741860366 0.00114525247611782 0.00152486741056344 0.00191948530085312 0.00230285956125193 0.00265520339296531 0.0029652317116574 0.00323057095425001 0.00345692643678489 0.00365303083419992 0.0038203990103559 0.00394728632878407 0.00401882248786431 0.00403944429762201 0.0040471974632457 0.00409835461717453 0.00422270729239544 0.00438020220417027 0.00446111180546648 0.00434325800280548 0.00396891015169754 0.00338209050388437 0.00269913681375347 0.00204245813526261 0.00148832354069587 0.00105611949735059 0.000729593493969797 0.00048412632788714 0.000301899694238173 0.000172955050926359 8.93224848014147e-05 4.09960772582559e-05 1.65675650388144e-05 5.84862998010191e-06 1.78372554678685e-06 4.74949498181626e-07 1.00675080661941e-07 1.0659714423029e-08 0
0 0 0 0 3.31635559827569e-08 1.46867176495066e-07 5.61411626279528e-07 1.83583970618833e-06 5.12850705019062e-06 1.223498333221e-05 2.49247811464692e-05 4.33921441780101e-05 6.46132667688335e-05 8.27561007168288e-05 9.25831730021479e-05 9.47080094104717e-05 9.87456723513723e-05 0.00012232732948054 0.000186473937640187 0.000310037793993799 0.000505066744664824 0.000772089037723559 0.00109669273927007 0.00145027665109466 0.00179896064752279 0.00211818711534924 0.00240352871985031 0.00266932040809954 0.00293735655844118 0.00322207516185485 0.00351883332050299 0.00379962559577085 0.00402161414863043 0.00415089516515292 0.00418923697351984 0.00418196112621977 0.00419222050914558 0.00425180949718302 0.00432251419853826 0.00430415698588909 0.00409344877971451 0.00365370121179586 0.00304199942169391 0.00237462194316048 0.00176330982484133 0.00126976504705508 0.000900498326488794 0.00063018455049877 0.000428900716286854 0.000276784222644803 0.000164947236569237 8.88416132396647e-05 4.25571332148728e-05 1.79462214375262e-05 6.6042852914233e-06 2.09996374133671e-06 5.80362229698246e-07 1.32654223931028e-07 1.89506034187182e-08 0
0 0 0 1.18441271366989e-09 4.97453339741354e-08 2.20300764742599e-07 8.45670677560301e-07 2.76797251184653e-06 7.73303060755071e-06 1.84448591899812e-05 3.75683868648952e-05 6.53547091275908e-05 9.72011981727468e-05 0.000124066047344207 0.000137312519133891 0.000135905436830051 0.000130151559867043 0.00013923245214275 0.000184350285644577 0.000282156718714009 0.000440742474598126 0.000656456008900682 0.000912123337273464 0.00117976626259416 0.00143145159542359 0.00165479630084032 0.00186219525789291 0.00208456163840815 0.00235366020695395 0.0026829458919576 0.00305698579575998 0.0034328840431101 0.00375374855371956 0.00397256998698278 0.00407567548253317 0.00408920976661228 0.00405887458818977 0.00401299873055119 0.00393482630703627 0.00376851344260817 0.00345918392741714 0.00299848409859368 0.0024400489014636 0.00187296512269831 0.00137666421652736 0.000989994919959118 0.000709502301107815 0.000508317957563847 0.000357992295944865 0.000240560144209923 0.000149598432212789 8.40388196857333e-05 4.1896230920645e-05 1.83382620457509e-05 6.98448177251134e-06 2.29657625180592e-06 6.51426992518439e-07 1.56342478204425e-07 2.60570797007376e-08 0
0 0 0 1.18441271366989e-09 5.56673975424848e-08 2.47542257157007e-07 9.49898996363251e-07 3.10553013524245e-06 8.67819195305928e-06 2.0698796584095e-05 4.21721990829301e-05 7.33850273262727e-05 0.00010923720016906 0.000139675422497663 0.000155095291616931 0.000154076696683175 0.000146850594717075 0.00015136083833073 0.00018477075215793 0.000256727377751517 0.000367549322131467 0.000509022683128481 0.00066634111740897 0.000822086651605706 0.000964527677789788 0.00109744839458139 0.00124328157877742 0.00143344969967155 0.00169175234633225 0.00202069573606164 0.00239851746965877 0.00278529810102209 0.00313291020394436 0.0033975328768452 0.0035524268183008 0.00359483471551375 0.00354067033770492 0.0034092905418538 0.00320901701168664 0.00293553611610027 0.00258525553133411 0.00217274945582987 0.0017367162061813 0.00132723156750963 0.000984198404138418 0.000722675339309251 0.000533460670649632 0.00039506678270816 0.000287342077574456 0.000198810780465773 0.00012690390020616 7.29799581781976e-05 3.71562112405381e-05 1.65734871023828e-05 6.42307014623181e-06 2.14615583716984e-06 6.14710198394673e-07 1.51604827349746e-07 2.72414924144075e-08 0
0 0 0 1.18441271366989e-09 4.61920958331257e-08 2.06087812178561e-07 7.90003280017816e-07 2.58557295394137e-06 7.22491755338633e-06 1.72343893966106e-05 3.51356031510173e-05 6.11962360898959e-05 9.13122981603801e-05 0.000117442811449365 0.000132236126243102 0.000135361791394477 0.000135784626733257 0.00014717512380062 0.000179594868599193 0.000234015079554183 0.000303384947781115 0.000377429692988902 0.000447638125417112 0.000510588476735953 0.000571048008117946 0.000644080080455545 0.000752224067689888 0.000915562871793961 0.00114084764523568 0.00141765437172205 0.00172445753459481 0.00203736989824469 0.00233235143782231 0.00258181599681361 0.0027541326492873 0.00282114790503945 0.0027693736720868 0.0026062492466839 0.00235662952962712 0.00205303730962111 0.00172677069262461 0.00140435223253482 0.0011078807017634 0.000854037368969665 0.000651032583084787 0.000496540157539114 0.000379995130926711 0.000288460163176161 0.000212282290671054 0.000147339757167821 9.40246032746842e-05 5.40518586010391e-05 2.75387800055386e-05 1.23072325077438e-05 4.78502736322635e-06 1.6048792270227e-06 4.59552132903917e-07 1.14888033225979e-07 2.1319428846058e-08 0
0 0 0 0 2.84259051280773e-08 1.26732160362678e-07 4.86793625318325e-07 1.59421951259967e-06 4.45339180339878e-06 1.06241820416189e-05 2.1685412374582e-05 3.78372485508983e-05 5.67191560322237e-05 7.37924652997751e-05 8.5374837226753e-05 9.25417185571695e-05 0.000101976750234264 0.000121864224109495 0.000155438771303895 0.000197622814513962 0.000238046820431515 0.000267680826527536 0.000284473429981948 0.000294832303575705 0.000312228957514088 0.000354146507863579 0.000436659803974105 0.000566960599843071 0.0007386826771345 0.000935745264434896 0.001143535077683 0.00135717707414935 0.00157636212211567 0.00178976486721386 0.00196498688407418 0.00205685467179727 0.00203058321339536 0.00188267849136312 0.00164406907489261 0.00136471822989728 0.00109177861092105 0.000855012140633015 0.000664905609200003 0.000518582078140511 0.000407067252323063 0.000320144387679544 0.000249185037590867 0.000188663916747763 0.000136330640994259 9.22669348075981e-05 5.74274348349983e-05 3.23392047340427e-05 1.62276385899912e-05 7.17754104483953e-06 2.77271016270121e-06 9.26210742089853e-07 2.62939622434715e-07 6.63271119655138e-08 1.18441271366989e-08 0
0 0 0 0 1.30285398503688e-08 5.80362229698246e-08 2.21485177456269e-07 7.26044993479642e-07 2.02889897851652e-06 4.84187917348251e-06 9.90169028628027e-06 1.73350644772725e-05 2.620631570266e-05 3.4802783178476e-05 4.21804899719258e-05 4.99526061990276e-05 6.22574698813441e-05 8.28674355119138e-05 0.000111195034384757 0.000140756791305243 0.000162430359552689 0.000170243930224769 0.000165711182769554 0.000157807596731235 0.000159838864535179 0.000185175821306005 0.000242538113441752 0.000331830987925325 0.000443534135364246 0.000565186349597994 0.000692054717422744 0.000832417099294335 0.000998418463178738 0.00118643332175941 0.00136421959214483 0.00147969983172764 0.00148844908844352 0.00138006703425373 0.00118400882893453 0.000952504704333325 0.000734598822097766 0.000558250428746743 0.000428077549450853 0.000334100322684716 0.000262876848560891 0.000204453322633696 0.000154128810842576 0.000110987762159864 7.55311831634425e-05 4.81416391598263e-05 2.8412876588227e-05 1.53369602293114e-05 7.45943127069296e-06 3.22515581932311e-06 1.22705157136201e-06 4.06253560788772e-07 1.13703620512309e-07 2.84259051280773e-08 4.73765085467956e-09 0
0 0 0 0 4.73765085467956e-09 1.89506034187182e-08 7.4618000961203e-08 2.43989019015997e-07 6.82221723073856e-07 1.6285674812961e-06 3.3435970906901e-06 5.88890001236669e-06 9.03825341801493e-06 1.24351490808202e-05 1.62169788755681e-05 2.16261917388985e-05 3.07438008087293e-05 4.48975327370845e-05 6.26803052201242e-05 7.94421139439805e-05 8.95344946771616e-05 8.9917059983677e-05 8.26116023657611e-05 7.41927967969955e-05 7.32310536734956e-05 8.72675287431975e-05 0.000120089973864417 0.000170164574572953 0.000231601246443724 0.000299543897350683 0.000377044758856959 0.000476843374110784 0.000611977758264236 0.000779008376796819 0.000947813245574479 0.00107012754651517 0.00110424929238328 0.00103868138896723 0.000897474520830795 0.000724929276703365 0.000562295198163925 0.000431765810641221 0.000334863084472319 0.0002614306806375 0.000200733082300059 0.000147554135868995 0.00010195306197999 6.57728068155163e-05 3.96517688282406e-05 2.24458053367581e-05 1.19246672012284e-05 5.91969474292211e-06 2.70756746344937e-06 1.11927001441805e-06 4.12175624357122e-07 1.33838636644698e-07 3.67167941237666e-08 9.47530170935912e-09 1.18441271366989e-09 0
0 0 0 0 1.18441271366989e-09 4.73765085467956e-09 1.89506034187182e-08 6.04050483971644e-08 1.69371018054794e-07 4.03884735361432e-07 8.35010963137272e-07 1.48762236836938e-06 2.34395276035271e-06 3.41703067893763e-06 4.94729190499913e-06 7.56365958949591e-06 1.20928538065696e-05 1.88961204338894e-05 2.707449022178e-05 3.43609972362772e-05 3.82032320794223e-05 3.74025690849814e-05 3.31682936336116e-05 2.87350368463452e-05 2.80634748376944e-05 3.44036360939693e-05 4.92384053326846e-05 7.20833577539495e-05 0.000101608397880312 0.00013880961680397 0.000190025991368483 0.000266155302952329 0.000375077449339553 0.00051060387410123 0.000647292207735018 0.000748452897609563 0.000784378504040598 0.00074830366160764 0.000658645988008257 0.000546974819712605 0.000441205579969171 0.000354731607744132 0.00028626544641773 0.000227616882074938 0.000172639997144523 0.000121244776260246 7.73812358221949e-05 4.45860321933893e-05 2.3264234521904e-05 1.1137032746638e-05 4.96150485756317e-06 2.09404167776836e-06 8.39748613991952e-07 3.11500543695181e-07 1.0422831880295e-07 3.31635559827569e-08 8.29088899568923e-09 2.36882542733978e-09 0 0
0 0 0 0 0 1.18441271366989e-09 3.55323814100967e-09 1.0659714423029e-08 3.07947305554171e-08 7.34335882475331e-08 1.55158065490756e-07 2.80705813139764e-07 4.63105371044927e-07 7.36704707902671e-07 1.21520744422531e-06 2.12128317018277e-06 3.71194944464143e-06 6.05945544313515e-06 8.81558382784499e-06 1.11938845568941e-05 1.23403960637266e-05 1.18950568833867e-05 1.03209723869194e-05 8.75399436673415e-06 8.55738185626495e-06 1.08586957589255e-05 1.63721369410589e-05 2.56958338230682e-05 4.01800168985373e-05 6.33826619593305e-05 0.000101540886355633 0.000161347806332394 0.000244378690798795 0.000341393936175495 0.000432130609757032 0.000493196560448424 0.000509797289043221 0.000483059172032123 0.000427966214655769 0.000364183221199218 0.000306316369247448 0.000259007372225331 0.00021848387563983 0.00017849336477548 0.000136260760644152 9.44024309303449e-05 5.82517860837125e-05 3.17114659957976e-05 1.5187724227389e-05 6.43609868608218e-06 2.43278371387795e-06 8.40933026705621e-07 2.72414924144075e-07 8.05400645295525e-08 2.01350161323881e-08 5.92206356834945e-09 1.18441271366989e-09 0 0 0
0 0 0 0 0 0 0 1.18441271366989e-09 4.73765085467956e-09 9.47530170935912e-09 2.1319428846058e-08 4.02700322647762e-08 7.10647628201934e-08 1.26732160362678e-07 2.40435780874988e-07 4.69027434613276e-07 8.71727757261039e-07 1.46038087595497e-06 2.1437870117425e-06 2.72059600329974e-06 2.98235121302078e-06 2.84614375094874e-06 2.43515253930529e-06 2.04429634379423e-06 2.05614047093093e-06 2.85206581451709e-06 4.98400869912289e-06 9.58663650444408e-06 1.90228525942521e-05 3.73990158468404e-05 6.97180855647507e-05 0.000118930433817735 0.000181726811483798 0.000246481023365559 0.000296700122425162 0.000319129345983929 0.000310843194639094 0.000279995165511562 0.000240174025665266 0.000203129149219813 0.000174356211166631 0.00015278094917442 0.000133501079021302 0.00011181566664672 8.64396242563422e-05 5.99916883600936e-05 3.67392979653263e-05 1.96541445706381e-05 9.13537526053586e-06 3.68826119036804e-06 1.29219427061385e-06 3.96778259079413e-07 1.0896596965763e-07 2.36882542733978e-08 3.55323814100967e-09 1.18441271366989e-09 0 0 0 0
0 0 0 0 0 0 0 0 0 1.18441271366989e-09 2.36882542733978e-09 4.73765085467956e-09 8.29088899568923e-09 1.77661907050483e-08 3.79012068374365e-08 7.93556518158826e-08 1.53973652777086e-07 2.62939622434715e-07 3.87302957370054e-07 4.90346863459334e-07 5.3535454657879e-07 5.08113054164382e-07 4.3112622777584e-07 3.65983528523996e-07 4.3349505320318e-07 8.21982423286903e-07 2.04666516922157e-06 5.34643898950588e-06 1.31967264557099e-05 2.94006767914277e-05 5.77638080456805e-05 9.90121652119481e-05 0.00014749136199517 0.000190987734491983 0.000215840266462919 0.000214699677019655 0.000190904825602026 0.000155834365150261 0.00012181092553738 9.62607744780929e-05 8.02984443359638e-05 7.07200987205154e-05 6.29882525256784e-05 5.37190386284978e-05 4.20241474937213e-05 2.93319808540348e-05 1.79829382316499e-05 9.58900532987142e-06 4.42259707284337e-06 1.76122170522713e-06 6.02866071257974e-07 1.78846319764153e-07 4.61920958331257e-08 8.29088899568923e-09 0 0 0 0 0 0
0 0 0 0 0 0 0 0 0 0 0 0 1.18441271366989e-09 2.36882542733978e-09 4.73765085467956e-09 1.0659714423029e-08 2.01350161323881e-08 3.55323814100967e-08 5.21141594014751e-08 6.51426992518439e-08 7.10647628201934e-08 6.75115246791837e-08 5.68518102561547e-08 5.44829848288149e-08 1.20810096794329e-07 3.80196481088035e-07 1.25903071463109e-06 3.79130509645732e-06 1.00023653669422e-05 2.28674562628246e-05 4.5082301120417e-05 7.65047704140792e-05 0.000111719729216912 0.000140496220508236 0.000152503796599421 0.00014357332473835 0.000118401001334724 8.73066143627486e-05 5.99952415982346e-05 4.12803363095367e-05 3.08977744615064e-05 2.5847438650418e-05 2.28177109288504e-05 1.95949239349546e-05 1.54565859133921e-05 1.08468516317888e-05 6.67179681610249e-06 3.56034461729169e-06 1.6404116084328e-06 6.51426992518439e-07 2.21485177456269e-07 6.51426992518439e-08 1.65817779913785e-08 3.55323814100967e-09 0 0 0 0 0 0
0 0 0 0 0 0 0 0 0 0 0 0 0 0 0 1.18441271366989e-09 2.36882542733978e-09 3.55323814100967e-09 4.73765085467956e-09 5.92206356834945e-09 7.10647628201934e-09 7.10647628201934e-09 5.92206356834945e-09 9.47530170935912e-09 5.3298572115145e-08 2.1556311388792e-07 7.68683851171758e-07 2.38066955447648e-06 6.34371449441593e-06 1.45244531077339e-05 2.85467152248717e-05 4.81416391598263e-05 6.96505740400715e-05 8.64668657487566e-05 9.21757350286455e-05 8.45339042000474e-05 6.69903830851689e-05 4.63614668511805e-05 2.87504342116229e-05 1.69560524088981e-05 1.05886496602088e-05 7.72118648041401e-06 6.41714808266346e-06 5.43645435574479e-06 4.29349608705335e-06 3.02262124528556e-06 1.86545002403008e-06 9.97275504910047e-07 4.59552132903917e-07 1.82399557905163e-07 6.15894611108342e-08 1.77661907050483e-08 4.73765085467956e-09 1.18441271366989e-09 0 0 0 0 0 0
0 0 0 0 0 0 0 0 0 0 0 0 0 0 0 0 0 0 0 0 0 0 0 2.36882542733978e-09 2.48726669870677e-08 1.0304390608928e-07 3.74274417519685e-07 1.16190887211016e-06 3.09723924624676e-06 7.08515685317328e-06 1.39002676076298e-05 2.33767537297026e-05 3.36953572911947e-05 4.16226315837873e-05 4.40601529485199e-05 3.99893264516365e-05 3.11678205602231e-05 2.09510764921067e-05 1.22953883806071e-05 6.51545433789806e-06 3.39215801195056e-06 1.99928866067477e-06 1.44261468524993e-06 1.15835563396915e-06 9.03706900530126e-07 6.34845214527061e-07 3.93225020938403e-07 2.1082546303324e-07 9.71218425209309e-08 3.90856195511064e-08 1.30285398503688e-08 3.55323814100967e-09 1.18441271366989e-09 0 0 0 0 0 0 0
0 0 0 0 0 0 0 0 0 0 0 0 0 0 0 0 0 0 0 0 0 0 0 1.18441271366989e-09 9.47530170935912e-09 3.79012068374365e-08 1.37391874785707e-07 4.287574023485e-07 1.14295826869144e-06 2.61163003364211e-06 5.11903174848126e-06 8.60002071395707e-06 1.23794816832777e-05 1.52623422283502e-05 1.61139349694788e-05 1.45682763781396e-05 1.12827155104194e-05 7.4973324775304e-06 4.29468049976702e-06 2.1556311388792e-06 9.92537854055367e-07 4.72580672754286e-07 2.72414924144075e-07 1.93059272328192e-07 1.44498351067727e-07 1.00675080661941e-07 6.27738738245041e-08 3.31635559827569e-08 1.53973652777086e-08 5.92206356834945e-09 2.36882542733978e-09 1.18441271366989e-09 0 0 0 0 0 0 0 0
0 0 0 0 0 0 0 0 0 0 0 0 0 0 0 0 0 0 0 0 0 0 0 0 2.36882542733978e-09 1.0659714423029e-08 3.79012068374365e-08 1.18441271366989e-07 3.1742260726353e-07 7.24860580765972e-07 1.4201108436902e-06 2.38422279261749e-06 3.430059218788e-06 4.22598456237417e-06 4.45812945425346e-06 4.02463440105029e-06 3.11026778609713e-06 2.0573248836446e-06 1.16783093567851e-06 5.72071340702557e-07 2.47542257157007e-07 1.00675080661941e-07 4.61920958331257e-08 2.60570797007376e-08 1.77661907050483e-08 1.18441271366989e-08 7.10647628201934e-09 3.55323814100967e-09 2.36882542733978e-09 1.18441271366989e-09 0 0 0 0 0 0 0 0 0 0
0 0 0 0 0 0 0 0 0 0 0 0 0 0 0 0 0 0 0 0 0 0 0 0 0 2.36882542733978e-09 8.29088899568923e-09 2.48726669870677e-08 6.63271119655138e-08 1.51604827349746e-07 2.96103178417472e-07 4.97453339741354e-07 7.16569691770283e-07 8.82387471684068e-07 9.29763980230863e-07 8.39748613991952e-07 6.4787375437743e-07 4.2757298963483e-07 2.41620193588657e-07 1.17256858653319e-07 4.97453339741354e-08 1.89506034187182e-08 7.10647628201934e-09 3.55323814100967e-09 1.18441271366989e-09 1.18441271366989e-09 1.18441271366989e-09 0 0 0 0 0 0 0 0 0 0 0 0 0
0 0 0 0 0 0 0 0 0 0 0 0 0 0 0 0 0 0 0 0 0 0 0 0 0 0 1.18441271366989e-09 3.55323814100967e-09 1.0659714423029e-08 2.36882542733978e-08 4.61920958331257e-08 7.81712391022127e-08 1.12519207798639e-07 1.38576287499377e-07 1.45682763781396e-07 1.31469811217358e-07 1.01859493375611e-07 6.75115246791837e-08 3.79012068374365e-08 1.77661907050483e-08 7.10647628201934e-09 2.36882542733978e-09 1.18441271366989e-09 0 0 0 0 0 0 0 0 0 0 0 0 0 0 0 0 0
0 0 0 0 0 0 0 0 0 0 0 0 0 0 0 0 0 0 0 0 0 0 0 0 0 0 0 0 1.18441271366989e-09 2.36882542733978e-09 5.92206356834945e-09 9.47530170935912e-09 1.30285398503688e-08 1.65817779913785e-08 1.77661907050483e-08 1.53973652777086e-08 1.18441271366989e-08 8.29088899568923e-09 4.73765085467956e-09 2.36882542733978e-09 1.18441271366989e-09 0 0 0 0 0 0 0 0 0 0 0 0 0 0 0 0 0 0 0
0 0 0 0 0 0 0 0 0 0 0 0 0 0 0 0 0 0 0 0 0 0 0 0 0 0 0 0 0 0 0 1.18441271366989e-09 1.18441271366989e-09 1.18441271366989e-09 1.18441271366989e-09 1.18441271366989e-09 1.18441271366989e-09 1.18441271366989e-09 0 0 0 0 0 0 0 0 0 0 0 0 0 0 0 0 0 0 0 0 0 0
0 0 0 0 0 0 0 0 0 0 0 0 0 0 0 0 0 0 0 0 0 0 0 0 0 0 0 0 0 0 0 0 0 0 0 0 0 0 0 0 0 0 0 0 0 0 0 0 0 0 0 0 0 0 0 0 0 0 0 0
0 0 0 0 0 0 0 0 0 0 0 0 0 0 0 0 0 0 0 0 0 0 0 0 0 0 0 0 0 0 0 0 0 0 0 0 0 0 0 0 0 0 0 0 0 0 0 0 0 0 0 0 0 0 0 0 0 0 0 0
