-3.71107222858936e-18
-6.0304923714577e-18
-1.02054486286207e-17
-8.81379654289972e-18
-1.66998250286521e-17
0
-3.71107222858936e-18
-5.56660834288403e-18
9.27060751663309e-07
5.91264505256719e-05
0.00073913324908242
0.00219784421358344
0.00437824645480862
0.00833582468990201
0.00829907397078078
0.0122270354079727
0.0360196701648512
0.0876109356182115
0.140205934463059
0.169141894075838
0.166549110776012
0.142186981493433
0.100559481307642
0.0605390765393537
0.0343342660293761
0.0158608172852611
0.0042721692256984
0.00065889059521877
0.00179704867351342
0.00402651225512409
