0.0134320029935812
0.0233999179913987
0.0349013155452773
0.0478151364860158
0.0618045157837274
0.0746748845411794
0.0842871927598509
0.0901160234349608
0.0919299638241001
0.0896492774475122
0.083634411926822
0.073955018719708
0.0613679868337963
0.0484284060404241
0.0375354088650859
0.0286143117108012
0.0204370489023401
0.0130284681370489
0.00733139062283968
0.00380464531353735
0.00214112882169947
0.00160180599741121
0.00148861453959394
0.00145738455454781
0.00133471170710496
0.000997334371537438
0.000549332597531446
0.000212991688633145
5.7264866724113e-05
1.06484116821519e-05
1.37121113202133e-06
8.33523951056747e-08
-6.97972380277283e-18
-8.3756685633274e-18
-8.3756685633274e-18
-5.58377904221826e-18
-5.58377904221826e-18
0
-5.58377904221826e-18
-1.11675580844365e-17
-1.11675580844365e-17
-5.58377904221826e-18
0
-5.58377904221826e-18
0
2.79188952110913e-18
0
0
-1.39594476055457e-18
-4.1878342816637e-18
