2.40172852498012e-08 4.23905084658991e-07 4.45520641383812e-06 2.84616838852769e-05 0.000111910942349974 0.000277901605896925 0.000457283106834902 0.00054000464155653 0.000507264278304001 0.000419579571585502 0.000356441731256562 0.000395415780895677 0.000544599148224817 0.000688209304511741 0.000671524496448704 0.000486853188434458 0.000283381149526667 0.000156583092914604 8.49047059508347e-05 3.81394489766843e-05 1.22692301698609e-05 2.64310224174062e-06 3.68665328584448e-07 3.24233350872316e-08 1.20086426249006e-09 0 0 0 0 0
2.64190137747813e-08 4.26306813183971e-07 4.36874418693884e-06 2.82911611600033e-05 0.00011840521628152 0.000334784144282554 0.000681440032664084 0.00106076663417092 0.00131109159314402 0.001350316623414 0.00131982667978938 0.00144022052728958 0.00171259575585052 0.00188676430502503 0.0017274768657913 0.00129253103510298 0.000860899589779124 0.000568369055436545 0.000350144399064064 0.000170310172299128 5.82899513012675e-05 1.32467336795279e-05 1.93459232687149e-06 1.77727910848529e-07 1.08077783624105e-08 0 0 0 0 0
5.16371632870726e-08 6.43663244694672e-07 5.34985028939322e-06 3.11396111906297e-05 0.000133258706344259 0.000432085372015073 0.00106330045776477 0.0019643749614455 0.00275883313330958 0.00317020599852522 0.00340993573211037 0.00376668848721092 0.00410345525839085 0.00404771834451163 0.00347268809501105 0.00264242855688936 0.0019203548801754 0.0013894095586151 0.00091034397492289 0.000465411757027698 0.000167384866955702 4.00031903120689e-05 6.16403625936148e-06 6.040347240325e-07 3.72267921371919e-08 1.20086426249006e-09 0 0 0 0
2.19758160035681e-07 2.00664418262089e-06 1.39180168022598e-05 6.64606317432499e-05 0.000237956057069455 0.000694004675442518 0.0016533823399314 0.00308278308021594 0.00449592291752211 0.00553205141961952 0.00638714122809672 0.00718141806945716 0.00751883570906735 0.00699810493892378 0.00578350158840658 0.00442216463365571 0.00329414239559977 0.00240408702239165 0.00158696614016586 0.000836459600308926 0.000317404035811535 8.15122644093003e-05 1.37595027196111e-05 1.51188810647499e-06 1.08077783624105e-07 4.80345704996024e-09 0 0 0 0
1.29933513201424e-06 5.54318943565412e-06 3.38367523241824e-05 0.000150743290006115 0.000477751838189045 0.00117911300810358 0.0024233164618269 0.00417270309608733 0.00603787345994427 0.00772521984381168 0.00926209673472482 0.0104535810464606 0.0107389916565908 0.00981163743938978 0.00810214111420075 0.00630090836627157 0.00470211131139165 0.00332308922864709 0.0021425135678718 0.00116017417781985 0.000475616701530338 0.000136873307774355 2.65883356357924e-05 3.42006141957169e-06 2.88207422997614e-07 1.56112354123708e-08 0 0 0 0
9.79184719634395e-06 1.50936629152376e-05 5.92146167833848e-05 0.000252325598834411 0.000775526546765918 0.0017741700709097 0.00326918483363244 0.00515349096951215 0.00723960714816037 0.00938947120618288 0.0114046655423527 0.0128061209703848 0.013009073035067 0.0118461921091995 0.00991969360745716 0.00791169965340524 0.00595936215532693 0.00413678764772478 0.00263438516805921 0.00147798650748063 0.00066238351768263 0.00021562958870124 4.79841342005778e-05 7.05387667786661e-06 6.72483986994434e-07 4.0829384924662e-08 1.20086426249006e-09 0 0 0
5.39079976074413e-05 5.164556933691e-05 9.2053450905438e-05 0.000327624591549588 0.000966645295005474 0.00211070507528697 0.00367720968928426 0.00558078969657694 0.00784267757819009 0.0103795117387502 0.0127766109319984 0.0144080198576548 0.0146562625179967 0.0133631766836045 0.0112399273802315 0.0090395801894782 0.00688978217899013 0.00485987605474055 0.00315321136748246 0.00182598616297189 0.000868125190046527 0.000306358486325152 7.43407030337096e-05 1.18801501488142e-05 1.22728327626484e-06 8.16587698493241e-08 3.60259278747018e-09 0 0 0
0.000175975849889556 0.000148857933114005 0.000151765225493494 0.000386656676965074 0.00102955737285307 0.00207678306160015 0.00342686791821148 0.00518755708691047 0.00757140354215785 0.010410240654363 0.0131342487240604 0.0150923924008478 0.0155604904912307 0.0142604360415233 0.0119381206702216 0.00949547749895419 0.00725034287466703 0.00525516094143161 0.0035242940358273 0.00208661693904568 0.00101305149356514 0.000367675816432157 9.22203710379241e-05 1.5280997740186e-05 1.64638490387387e-06 1.15282969199046e-07 4.80345704996024e-09 0 0 0
0.000333620506812201 0.000273119764403689 0.000219624864102545 0.000427537699053024 0.00103631103346531 0.00195579478629001 0.00307494143658188 0.00459437337235383 0.00678470055170094 0.00948732483147614 0.0122149907337171 0.0143324866964084 0.014979246970036 0.0138230008192188 0.0115684826415845 0.00906402378154119 0.00677170239692375 0.00488897659841347 0.0033390547190169 0.00201389019758076 0.000982589169818554 0.000355884530238767 8.98366554768814e-05 1.54251014516848e-05 1.82891627177236e-06 1.54911489861218e-07 9.60691409992048e-09 0 0 0
0.000366010217700083 0.000297966846858871 0.000223962385818659 0.000387049359578909 0.000902844577603639 0.00169780711245796 0.00268698302275627 0.00397543712368809 0.00568026809121736 0.00771406261394888 0.00987288031591252 0.0116937507971262 0.0124020589667992 0.0117206153315424 0.0100816373584395 0.00793004285501477 0.00569807930995861 0.00386787691256112 0.00253652433758037 0.00151168636127889 0.000739332497894468 0.000277968854295624 8.05695859632456e-05 1.88295516358441e-05 3.51973315335837e-06 4.79144840733534e-07 4.32311134496422e-08 2.40172852498012e-09 0 0
0.000229599242666787 0.000193665781340297 0.000163068960796313 0.000281847645863467 0.000610467753886659 0.00114050762379305 0.00189311567610934 0.00290969290714915 0.00412808618527878 0.00544200581376097 0.0068165402667566 0.00805424464309133 0.00873384495170528 0.00865060464362226 0.00781538313436796 0.00628097161778571 0.00440801965350784 0.00276622205111668 0.0016232886815134 0.000899470149026042 0.000470807240159065 0.000243984395667155 0.000119912300930945 4.61059824940434e-05 1.18189060714272e-05 1.87935257079694e-06 1.80129639373509e-07 1.08077783624105e-08 0 0
8.42526366563026e-05 9.21891485670994e-05 0.000136204426380148 0.00025638572090589 0.000421104669198864 0.00063390622256194 0.00103369795283013 0.00174496985550299 0.00270128051266548 0.00371404259794336 0.00462863402976267 0.0053416808098155 0.00577149414664594 0.00582117390118515 0.00533207389571558 0.00430336313216757 0.00303268542491338 0.00186299920127035 0.00100295702857465 0.000534252501739203 0.000384086827443346 0.000338301475707387 0.000234335451318048 0.000104135346250351 2.81422539914545e-05 4.56088246893725e-06 4.40717184333852e-07 2.52181495122913e-08 1.20086426249006e-09 0
2.40641189560383e-05 5.87042494718266e-05 0.000155967049547946 0.000305849319877856 0.000402870746237215 0.000417676201729455 0.000548428704357898 0.00102803107437544 0.00185979649628229 0.0027714782339936 0.00343176624353818 0.00374453013983945 0.00381736375822374 0.00367976753016337 0.00325575797031354 0.00259623611216842 0.0018655270205429 0.00116970423660697 0.000622045286241326 0.00036297563370877 0.000368335090912264 0.000404799334242774 0.000301127521597745 0.000136658353071369 3.71739541096423e-05 6.03794551180002e-06 5.84820895832659e-07 3.36241993497217e-08 1.20086426249006e-09 0
1.01761237603408e-05 4.45112347534566e-05 0.00013707865556324 0.000269972299171703 0.000337042969960298 0.000301599461252903 0.000342727861378926 0.00068432691035111 0.00131754023423359 0.00194009348605795 0.00225819882659878 0.00229906543831558 0.00223728457460326 0.00210550293130186 0.00185310167801891 0.00149573888387302 0.00108681578175285 0.000671227882975869 0.000343857874649929 0.000209172541561831 0.000242324801256394 0.000280502677889478 0.000211218814265114 9.61471971762666e-05 2.61764391937583e-05 4.2522603534773e-06 4.11896442034091e-07 2.40172852498012e-08 1.20086426249006e-09 0
4.73260605847333e-06 2.3195894094258e-05 7.27639682570602e-05 0.000143402406769513 0.000178705414358196 0.000163868736395131 0.000209554416397303 0.000443536813622179 0.000813706825127527 0.00108044759856887 0.00110896932566727 0.00103441727052336 0.00100496247189301 0.000997945822007277 0.000943356934363004 0.000820150662760049 0.000626831931191611 0.000387425230093068 0.000185400232621578 9.2960103423618e-05 9.22828159795736e-05 0.000104206197241837 7.83359784350141e-05 3.56608651389048e-05 9.71018842649462e-06 1.57793564091194e-06 1.52509761336238e-07 8.40604983743042e-09 0 0
1.42902847236317e-06 7.10071038410372e-06 2.23240666396902e-05 4.40921331258475e-05 5.59698815461367e-05 5.81902795674808e-05 9.69829987029597e-05 0.000218343541934468 0.000375973788485963 0.000445919328318959 0.000394038389586601 0.000326709532981571 0.00032584611157684 0.000379349417927822 0.000462988412945993 0.000543178525802291 0.0005300939087982 0.000378148553665332 0.000185480690527165 6.62684934612515e-05 2.80029537370057e-05 2.15975437608837e-05 1.53362374962606e-05 6.93499111588009e-06 1.88655775637188e-06 3.06220386934965e-07 3.00216065622515e-08 1.20086426249006e-09 0 0
2.47378038072952e-07 1.22728327626484e-06 3.85957773964305e-06 7.66031313042409e-06 1.01268883255787e-05 1.30521936690045e-05 2.88579690918986e-05 6.80854010903989e-05 0.000112677093749442 0.000124045675722436 9.75870334269922e-05 7.35289187922664e-05 8.89336055514888e-05 0.000173474449630789 0.000358394336547371 0.000585153535233369 0.000664757626329572 0.000501838773566071 0.000247996483168135 8.03606355815723e-05 1.81594693773747e-05 4.23784998232742e-06 1.72924453798569e-06 7.13313371919096e-07 1.9213828199841e-07 3.12224708247416e-08 3.60259278747018e-09 0 0 0
2.40172852498012e-08 1.16483833461536e-07 3.66263600059468e-07 7.34928928643917e-07 1.04715363689133e-06 1.80129639373509e-06 5.00520224605857e-06 1.21551480649244e-05 1.97145885972993e-05 2.08818286604396e-05 1.56028293625333e-05 1.389880297406e-05 3.62264722065376e-05 0.000126689978828439 0.000326857239285857 0.000562212224362759 0.000633823362927829 0.00046629078966784 0.000223443612457263 6.97113713018105e-05 1.41894121255825e-05 1.94780183375888e-06 2.34168531185562e-07 4.56328419746223e-08 1.08077783624105e-08 1.20086426249006e-09 0 0 0 0
1.20086426249006e-09 6.0043213124503e-09 1.80129639373509e-08 3.72267921371919e-08 6.0043213124503e-08 1.46505440023787e-07 4.77943976471044e-07 1.18044957002773e-06 1.89496380620931e-06 1.97542171179615e-06 1.62236761862407e-06 3.52934006745829e-06 1.87562989158322e-05 7.57841418772227e-05 0.000197737912054401 0.000332336782915599 0.000362181862431264 0.000256802420804974 0.000118534909621869 3.56140314326677e-05 6.95780753686741e-06 8.79032640142724e-07 7.08509914869135e-08 3.60259278747018e-09 0 0 0 0 0 0
0 0 0 0 1.20086426249006e-09 6.0043213124503e-09 2.40172852498012e-08 6.0043213124503e-08 9.48682767367147e-08 1.02073462311655e-07 1.56112354123708e-07 1.01112770901663e-06 6.45824800367154e-06 2.63277480908321e-05 6.76807098339398e-05 0.000111139987493455 0.000117828801435525 8.10739489534914e-05 3.6244485170475e-05 1.05267761249879e-05 1.98622949015856e-06 2.42574581022992e-07 1.9213828199841e-08 1.20086426249006e-09 0 0 0 0 0 0
0 0 0 0 0 0 0 0 0 1.20086426249006e-09 1.68120996748608e-08 1.86133960685959e-07 1.22127895495239e-06 4.95116335424652e-06 1.25838566066333e-05 2.0355850113469e-05 2.1198856825737e-05 1.42938873164192e-05 6.24689589347329e-06 1.76887305864786e-06 3.24233350872316e-07 3.84276563996819e-08 2.40172852498012e-09 0 0 0 0 0 0 0
0 0 0 0 0 0 0 0 0 0 1.20086426249006e-09 1.9213828199841e-08 1.22488154773986e-07 4.93555211883415e-07 1.24769796872717e-06 2.00063986130844e-06 2.06068307443294e-06 1.37258785202614e-06 5.92026081407599e-07 1.64518403961138e-07 3.00216065622515e-08 3.60259278747018e-09 0 0 0 0 0 0 0 0
0 0 0 0 0 0 0 0 0 0 0 1.20086426249006e-09 6.0043213124503e-09 2.52181495122913e-08 6.36458059119732e-08 1.02073462311655e-07 1.03274326574145e-07 6.84492629619334e-08 2.88207422997614e-08 8.40604983743042e-09 1.20086426249006e-09 0 0 0 0 0 0 0 0 0
0 0 0 0 0 0 0 0 0 0 0 0 0 0 0 0 0 0 0 0 0 0 0 0 0 0 0 0 0 0
0 0 0 0 0 0 0 0 0 0 0 0 0 0 0 0 0 0 0 0 0 0 0 0 0 0 0 0 0 0
0 0 0 0 0 0 0 0 0 0 0 0 0 0 0 0 0 0 0 0 0 0 0 0 0 0 0 0 0 0
0 0 0 0 0 0 0 0 0 0 0 0 0 0 0 0 0 0 0 0 0 0 0 0 0 0 0 0 0 0
0 0 0 0 0 0 0 0 0 0 0 0 0 0 0 0 0 0 0 0 0 0 0 0 0 0 0 0 0 0
0 0 0 0 0 0 0 0 0 0 0 0 0 0 0 0 0 0 0 0 0 0 0 0 0 0 0 0 0 0
0 0 0 0 0 0 0 0 0 0 0 0 0 0 0 0 0 0 0 0 0 0 0 0 0 0 0 0 0 0
