0 0 0 0 0 0 0 0 0 0 0 0 0 0 0 0 0 0 0 0
0 0 0 0 0 0 0 0 0 0 0 0 0 0 0 0 0 0 0 0
0 0 0 0 0 0 0 0 0 0 0 0 0 0 0 0 0 0 0 0
0 0 0 0 0 0 0 0 0 0 0 0 0 0 0 0 0 0 0 0
0 0 0 0 0 0 0 0 0 0 0 0 0 0 0 0 0 0 0 0
0 0 0 0 3.01493528844651e-09 1.50746764422325e-08 3.01493528844651e-08 2.86418852402418e-08 1.2059741153786e-08 3.01493528844651e-09 0 0 0 0 0 0 0 0 0 0
0 0 4.52240293266976e-09 8.2910720432279e-08 6.9946498691959e-07 2.81896449469749e-06 5.3093010429543e-06 4.80429938213951e-06 2.09839496075877e-06 4.14553602161395e-07 3.46717558171349e-08 1.50746764422325e-09 0 0 0 0 0 0 0 0
1.52254232066549e-07 4.19076005094065e-07 9.99451048120018e-07 6.67506672862057e-06 3.92830993408138e-05 0.000121488324915596 0.000196312988904262 0.000165724962935328 7.09308750636368e-05 1.45500777020429e-05 1.80594623777946e-06 3.91941587498046e-07 8.14032527880558e-08 7.53733822111627e-09 0 0 0 0 0 0
2.06975307551853e-05 5.51160320080906e-05 7.57517565898628e-05 9.25675581611732e-05 0.000271283877254417 0.000701225709128043 0.0010471322497068 0.000916446864693797 0.00048556588047782 0.000187667661964641 9.70100653086991e-05 4.84243831353836e-05 1.20778307655167e-05 1.67630402037626e-06 2.02000664325916e-07 1.65821440864558e-08 1.50746764422325e-09 0 0 0
0.00021649044332219 0.0005621090575809 0.000823880814000268 0.000849093210349902 0.00101447145572706 0.00130265253780557 0.00141149471665378 0.00159078085851654 0.00153629947038667 0.00108907904437496 0.000769907442466499 0.000489325504782513 0.000249846179885918 0.000101294288353582 2.27024627220022e-05 2.34561965441138e-06 1.13060073316744e-07 1.50746764422325e-09 0 0
0.000683742099390342 0.00169761509046264 0.0027818265218144 0.00358246821461132 0.0041370942028063 0.00426489127981297 0.0043789734161925 0.00512938779455155 0.00514690456857742 0.00381586340009583 0.00265720567913411 0.00199585098172813 0.00141863106848153 0.000707341505360657 0.000193047813986874 2.7380134822027e-05 2.21748490465241e-06 1.46224361489656e-07 9.04480586533953e-09 0
0.000526697135150451 0.00119572182793024 0.00268084578673082 0.00565639245310142 0.00913540919316028 0.0121940881777069 0.0146076674884551 0.0154844996109264 0.0141824591049844 0.010947362689502 0.00757685497794194 0.00523285434378045 0.00357478766696401 0.0020473973303547 0.000821327163810954 0.000246722706927087 7.04349182086874e-05 1.35129399628173e-05 1.16979489191725e-06 4.22090940382511e-08
0.00021488046787816 0.000979644430742568 0.00368335397923332 0.0095102138884788 0.017149048398613 0.0248138460239836 0.0306576890637089 0.0316583867875707 0.0282838993614299 0.0221771856213726 0.0152744490693803 0.0102638195758407 0.0075944667224294 0.00489311636080186 0.00228527421714548 0.000976968675674072 0.000400427122867379 0.000101464632197379 1.30938639577232e-05 8.32122139611237e-07
0.000597174262453177 0.00221434786448478 0.00627782639235308 0.0142077981286161 0.0242571955067424 0.0331596074858763 0.0404633138490879 0.0421888758822068 0.036569208355854 0.0284138747291825 0.0195862271153315 0.0112249749159268 0.00626870018323495 0.00345042158631559 0.00167892852154485 0.000966549059317201 0.000635545343869236 0.00027899155931933 5.78611305882212e-05 4.98670296709053e-06
0.00132771267992314 0.00356236311864032 0.006503245566532 0.0104425374024016 0.0162864648603149 0.0226066993324353 0.0290919291531512 0.0324282128267844 0.0279769518146485 0.0193633043075715 0.0118182207176992 0.0067890840438914 0.0043042090509096 0.00300557843677882 0.00218651096696655 0.00158300383293999 0.0010824401568698 0.000500215451044381 0.000107883429426481 9.47141920865471e-06
0.000832613574063253 0.00224497508461246 0.00387190350976983 0.00548627322198318 0.00820820654682495 0.0111823768952364 0.0141429167212087 0.0165546011451282 0.0149167646840972 0.0101155932973195 0.00550419248987006 0.00261293286189092 0.00173944279518691 0.00173060451238882 0.00147388729498054 0.000874145815129248 0.000377243777966869 0.000120479829061611 2.19969678645057e-05 1.81046864071213e-06
0.000189441951381892 0.000721002177152608 0.0016883758212712 0.00277696041625885 0.00432463373002118 0.00559496163913168 0.00501722617195076 0.00437799356222375 0.00400556765084782 0.00301070081183389 0.00176199300367684 0.000758553196170209 0.000416588683481096 0.000511678235011055 0.000497866816454682 0.000282639631018351 8.97199517812354e-05 1.50173926717521e-05 1.22255625946506e-06 4.52240293266976e-08
1.48515712308875e-05 8.28745412088176e-05 0.000247306096905402 0.000554341076810217 0.00123825352004436 0.00181454031081918 0.00135384010913282 0.000817843406085154 0.000799770376498561 0.000704037136284519 0.000384398219406353 0.000130551220392667 9.9183833651669e-05 0.000309825302514273 0.000565680248430065 0.000499274791234386 0.000213571985962974 4.17101222480132e-05 3.42345902003101e-06 1.10045138028298e-07
1.10045138028298e-07 7.52226354467404e-07 4.76510522338971e-06 3.24859277330111e-05 0.000125342919681875 0.000208259669984731 0.00015252256130722 8.29453921880961e-05 8.67004940898563e-05 8.03811897252724e-05 3.81555135429348e-05 1.17069937250378e-05 4.20508099356077e-05 0.000192933246445913 0.000383935426839577 0.000351678634188487 0.000153161727588371 3.01659350285515e-05 2.48581414532415e-06 7.98957851438325e-08
0 1.50746764422325e-09 2.41194823075721e-08 2.26120146633488e-07 9.27092601197302e-07 1.55419914119418e-06 1.13663060374433e-06 6.13539331198865e-07 6.45196151727553e-07 5.99972122400855e-07 2.98478593556204e-07 5.90927316535516e-07 6.23488617650738e-06 2.91740213186526e-05 5.81174000877391e-05 5.32558169351191e-05 2.31984195769517e-05 4.56913442964068e-06 3.76866911055814e-07 1.2059741153786e-08
