0 0 0 0 0 0 0 0 0 0 0 0 0 0 0 0 0 0 0 0
0 0 0 0 0 0 0 0 0 0 0 0 0 0 0 0 0 0 0 0
0 0 0 0 0 0 0 0 0 0 0 0 0 0 0 0 0 0 0 0
0 0 0 0 0 0 0 0 0 0 0 0 0 0 0 0 0 0 0 0
0 0 0 0 0 0 1.51393589802835e-09 3.0278717960567e-09 4.54180769408505e-09 3.0278717960567e-09 1.51393589802835e-09 0 0 0 0 0 0 0 0 0
0 0 0 0 4.54180769408505e-09 6.96410513093041e-08 5.34419372004008e-07 1.85911328277882e-06 3.01121850117839e-06 2.34962851374e-06 9.26528769593351e-07 1.90755923151572e-07 1.96811666743686e-08 1.51393589802835e-09 0 0 0 0 0 0
0 0 1.51393589802835e-09 2.11951025723969e-08 3.69400359118918e-07 4.42069282224279e-06 2.97261313577867e-05 9.89856708207877e-05 0.000158331958023499 0.000124359236471743 5.03232292504624e-05 1.09699795171134e-05 1.31106848769255e-06 8.6294346187616e-08 3.0278717960567e-09 0 0 0 0 0
0 1.51393589802835e-09 4.54180769408505e-08 9.15931218307152e-07 9.87843173463499e-06 6.24453139859754e-05 0.000246443027288749 0.000600885699735147 0.000864204570479218 0.000721146711730927 0.000357561380396336 0.000107651439901102 1.92648343024108e-05 1.91967071869995e-06 1.02947641065928e-07 6.0557435921134e-09 1.51393589802835e-09 0 0 0
7.56967949014176e-09 7.72107307994459e-08 7.41828590033892e-07 8.87923404193628e-06 7.33456524517795e-05 0.000331744231527258 0.000849157561588714 0.00138008579741187 0.00169667553059986 0.00165199474044135 0.00107448723884356 0.000406625014979639 8.55903659950328e-05 1.2281048004806e-05 4.55543311716731e-06 2.76293301390174e-06 9.81030461922372e-07 1.87728051355516e-07 2.11951025723969e-08 1.51393589802835e-09
4.17846307855825e-07 3.81966027072553e-06 1.89423659561307e-05 6.61468872566547e-05 0.000236414715900209 0.000745528649368673 0.00152982616921406 0.00214075683363262 0.00260157167014629 0.00270564113771265 0.00182961424180573 0.000717248326793504 0.000226822418050302 0.000196057726666468 0.000225962502460222 0.000152651670534097 5.61488545860755e-05 1.22008094022105e-05 2.4404646676217e-06 7.82704859280657e-07
4.1224474503312e-06 3.8449430002226e-05 0.000200734274655477 0.000608458407097084 0.00115990653008212 0.00174851118181246 0.00274502012435627 0.00413562020657994 0.00502393420623526 0.00482923750794112 0.00367698543775944 0.00231296704203335 0.00163455874070376 0.00173017590415143 0.00179155994907289 0.00124193157703729 0.000547605753675835 0.000192739179177989 8.74933834188545e-05 4.07551543749232e-05
3.11658843968116e-05 0.000183732774520619 0.000748508075215993 0.00212482720011357 0.00405190106535488 0.00576627904841038 0.00793260323148891 0.0116036389011691 0.015148601558941 0.0161597139271572 0.0144125138138324 0.0109194746155552 0.00788779072890727 0.00656777790792917 0.00569698166054993 0.00411688524984184 0.00241115032682818 0.0012847744490156 0.000698290821478393 0.000314641297687232
0.000136974864310013 0.000563327977976859 0.0013516495394392 0.00245204324936982 0.00420119785393894 0.00742826273790693 0.0133760339357088 0.0219821312326023 0.0295652514456468 0.031865898077342 0.02884211390821 0.0228000850613968 0.0169096148233993 0.0127888978017996 0.00944955186195433 0.00685889112782514 0.00508803576609368 0.00335099264870879 0.00185848651331703 0.000793051097207783
0.000235011297322737 0.000949081872666279 0.00209299821179342 0.00314751815007788 0.00476983217723839 0.00901095857655193 0.0169376408047436 0.0262473594914125 0.0330321919029779 0.0350338089439663 0.0314768332048436 0.0250352630491176 0.0198763205813039 0.0153286918036909 0.0100271607972573 0.00619522856214235 0.00422861523305223 0.00264881101197247 0.00139547949762302 0.000577639214020921
7.44341723624619e-05 0.000387116436997645 0.00128158610001435 0.00305913608628689 0.00576972930832199 0.00958302196466041 0.0150748925618737 0.0213599187178717 0.0260749600410245 0.0270400427021971 0.0231211060849583 0.0177170437698307 0.0142848647946542 0.011390367723342 0.00755416770293056 0.00429894966700284 0.00222281367324166 0.000947421084986142 0.000349051546713519 0.000119437430867253
1.14635226198707e-05 0.000100490523103428 0.000490656026999702 0.0014703602810754 0.00305127875897612 0.00508783895442694 0.00778380906962299 0.0110048590862681 0.0137350789732853 0.0143646673837111 0.0122954954950809 0.00985882626475552 0.00820360078510778 0.00652998098429899 0.00451224506780425 0.0025945772862974 0.00111135006402465 0.000298004656103799 4.71303384415206e-05 5.4304880662277e-06
1.73497053914049e-06 1.6182460814025e-05 8.38659930071785e-05 0.000281672315635869 0.000712370425330056 0.00152360692054496 0.00289828948073676 0.00457859633640714 0.00561929252600671 0.0055395974263986 0.00523816976122936 0.00545047656188936 0.00495377236097704 0.00317577273574279 0.00149066367540386 0.000619360259498787 0.00022222459472799 5.15252943534969e-05 6.27526429732752e-06 3.73942166813003e-07
3.48205256546521e-08 3.75456102711031e-07 3.08691529607981e-06 2.19596402009012e-05 0.000116445893532749 0.000402140736849679 0.000878642977138714 0.00124643553633393 0.00123176701141793 0.00102468480354202 0.00105831083377313 0.00134115190792227 0.00129740673014874 0.000759503791643373 0.000259169172447575 5.84121887536279e-05 1.20857502739603e-05 2.31934979577943e-06 2.70994525747075e-07 1.51393589802835e-08
0 4.54180769408505e-09 1.25656679536353e-07 1.97871421872305e-06 1.55784003907117e-05 6.1941173331932e-05 0.000134018147501164 0.00019407447064005 0.000260922310217492 0.000298328638385977 0.000224716533216144 0.000148085639865643 0.000121394949983403 0.000125621859010698 0.000197442978013163 0.00024476104450604 0.000154109590803898 4.47519451457181e-05 5.85893192536972e-06 3.43663448852436e-07
0 0 1.51393589802835e-09 3.48205256546521e-08 3.23982282178067e-07 2.55098198817777e-06 2.61804934846043e-05 0.000182800190007433 0.000608412989020144 0.000910300890702385 0.000607902792622508 0.000185655473111115 6.65980401542672e-05 0.00022918113017943 0.000637898404570144 0.000871518394802593 0.000556430486025442 0.00016193209758901 2.12087279954792e-05 1.24294137228128e-06
