0 0 0 0 0 0 0 0 0 0 0 0 0 0 0 0 0 0 0 0 0 0 0 0 0 0 0 0 0 0 0 0 0 0 0 0 0 0 0 0 0 0 0 0 0 0 0 0 0 0 0 0 0 0 0 0 0 0 0 0
0 0 0 0 0 0 0 0 0 0 0 0 0 0 0 0 0 0 0 0 0 0 0 0 0 0 0 0 0 0 0 0 0 0 0 0 0 0 0 0 0 0 0 0 0 0 0 0 0 0 0 0 0 0 0 0 0 0 0 0
0 0 0 0 0 0 0 0 0 0 0 0 0 0 0 0 0 0 0 0 0 0 0 0 0 0 0 0 0 0 0 0 0 0 0 0 0 0 0 0 0 0 0 0 0 0 0 0 0 0 0 0 0 0 0 0 0 0 0 0
0 0 0 0 0 0 0 0 0 0 0 0 0 0 0 0 0 0 0 0 0 0 0 0 0 0 0 0 0 0 0 0 0 0 0 0 0 0 0 0 0 0 0 0 0 0 0 0 0 0 0 0 0 0 0 0 0 0 0 0
0 0 0 0 0 0 0 0 0 0 0 0 0 0 0 0 0 0 0 0 0 0 0 0 0 0 0 0 0 0 0 0 0 0 0 0 0 0 0 0 0 0 0 0 0 0 0 0 0 0 0 0 0 0 0 0 0 0 0 0
0 0 0 0 0 0 0 0 0 0 0 0 0 0 0 0 0 0 0 0 0 0 0 0 0 0 0 0 0 0 0 0 0 0 0 0 0 0 0 0 0 0 0 0 0 0 0 0 0 0 0 0 0 0 0 0 0 0 0 0
0 0 0 0 0 0 0 0 0 0 0 0 0 0 0 0 0 0 0 0 0 0 0 0 0 0 0 0 0 0 0 0 0 0 0 0 0 0 0 0 0 0 0 0 0 0 0 0 0 0 0 0 0 0 0 0 0 0 0 0
0 0 0 0 0 0 0 0 0 0 0 0 0 0 0 0 0 0 0 0 0 0 0 0 0 0 0 0 0 0 0 0 0 0 0 0 0 0 0 0 0 0 0 0 0 0 0 0 0 0 0 0 0 0 0 0 0 0 0 0
0 0 0 0 0 0 0 0 0 0 0 0 0 0 0 0 0 0 0 0 0 0 0 0 0 0 0 0 0 0 0 0 0 0 0 0 0 0 0 0 0 0 0 0 0 0 0 0 0 0 0 0 0 0 0 0 0 0 0 0
0 0 0 0 0 0 0 0 0 0 0 0 0 0 0 0 0 0 0 0 0 0 0 0 0 0 0 0 0 0 0 0 0 0 0 0 0 0 0 0 0 0 0 0 0 0 0 0 0 0 0 0 0 0 0 0 0 0 0 0
0 0 0 0 0 0 0 0 0 0 0 0 0 0 0 0 0 0 0 0 0 0 0 0 0 0 0 0 0 0 0 0 0 0 0 0 0 0 0 0 0 0 0 0 0 0 0 0 0 0 0 0 0 0 0 0 0 0 0 0
0 0 0 0 0 0 0 0 0 0 0 0 0 0 0 0 0 0 0 0 0 0 0 0 0 0 0 0 0 0 0 0 0 0 0 0 0 0 0 0 0 0 0 0 0 0 0 0 0 0 0 0 0 0 0 0 0 0 0 0
0 0 0 0 0 0 0 0 0 0 0 0 0 0 0 0 0 0 0 0 0 0 0 0 0 0 0 0 0 0 0 0 0 0 0 0 0 0 0 0 0 0 0 0 0 0 0 0 0 0 0 0 0 0 0 0 0 0 0 0
0 0 0 0 0 0 0 0 0 0 0 0 0 0 0 0 0 0 0 0 0 0 0 0 0 0 0 0 0 0 0 0 0 0 0 0 0 0 0 0 0 0 0 0 0 0 0 0 0 0 0 0 0 0 0 0 0 0 0 0
0 0 0 0 0 0 0 0 0 0 0 0 0 0 0 1.68338349184309e-10 1.68338349184309e-10 3.36676698368618e-10 3.36676698368618e-10 3.36676698368618e-10 5.05015047552927e-10 5.05015047552927e-10 3.36676698368618e-10 3.36676698368618e-10 3.36676698368618e-10 1.68338349184309e-10 1.68338349184309e-10 0 0 0 0 0 0 0 0 0 0 0 0 0 0 0 0 0 0 0 0 0 0 0 0 0 0 0 0 0 0 0 0 0
0 0 0 0 0 0 0 0 0 0 1.68338349184309e-10 1.68338349184309e-10 5.05015047552927e-10 1.01003009510585e-09 2.02006019021171e-09 3.19842863450187e-09 5.05015047552927e-09 7.07021066574098e-09 9.09027085595269e-09 1.07736543477958e-08 1.16153460937173e-08 1.16153460937173e-08 1.06053159986115e-08 9.09027085595269e-09 7.07021066574098e-09 5.05015047552927e-09 3.36676698368618e-09 2.18839853939602e-09 1.34670679347447e-09 8.41691745921546e-10 5.05015047552927e-10 3.36676698368618e-10 3.36676698368618e-10 1.68338349184309e-10 1.68338349184309e-10 1.68338349184309e-10 0 0 0 0 0 0 0 0 0 0 0 0 0 0 0 0 0 0 0 0 0 0 0 0
0 0 0 0 0 0 0 0 1.68338349184309e-10 6.73353396737236e-10 1.68338349184309e-09 3.87178203123911e-09 8.41691745921545e-09 1.64971582200623e-08 3.01325645039913e-08 5.01648280569241e-08 7.69306255772293e-08 1.08241558525511e-07 1.39552491473792e-07 1.65476597248176e-07 1.80122033627211e-07 1.80122033627211e-07 1.6564493559736e-07 1.40562521568898e-07 1.10261618715722e-07 8.08024076084684e-08 5.58883319291906e-08 3.75394518681009e-08 2.50824140284621e-08 1.73388499659838e-08 1.24570378396389e-08 9.09027085595269e-09 6.73353396737236e-09 4.71347377716065e-09 3.36676698368618e-09 2.52507523776464e-09 2.02006019021171e-09 1.68338349184309e-09 1.68338349184309e-09 1.51504514265878e-09 1.34670679347447e-09 1.17836844429016e-09 1.01003009510585e-09 6.73353396737236e-10 5.05015047552927e-10 3.36676698368618e-10 1.68338349184309e-10 0 0 0 0 0 0 0 0 0 0 0 0 0
0 0 0 0 0 0 1.68338349184309e-10 6.73353396737236e-10 2.18839853939602e-09 6.06018057063513e-09 1.54871281249564e-08 3.65294217729951e-08 7.87823474182567e-08 1.56049649693855e-07 2.83650118375561e-07 4.73367437906277e-07 7.25033269936819e-07 1.01945704266018e-06 1.31606921392293e-06 1.56015982024018e-06 1.6993756350156e-06 1.70190071025336e-06 1.56992344449287e-06 1.33828987601526e-06 1.06137329160707e-06 7.92536947959727e-07 5.68646943544596e-07 4.03843699693157e-07 2.92908727580698e-07 2.20523237431445e-07 1.70695086072889e-07 1.32482280808051e-07 1.00497994463033e-07 7.42372119902803e-08 5.43732867865318e-08 4.12428955501557e-08 3.40043465352304e-08 3.11425945990972e-08 2.97958878056227e-08 2.86175193613325e-08 2.60924441235679e-08 2.22206620923288e-08 1.75071883151681e-08 1.26253761888232e-08 8.41691745921545e-09 5.21848882471358e-09 2.86175193613325e-09 1.51504514265878e-09 6.73353396737236e-10 3.36676698368618e-10 1.68338349184309e-10 0 0 0 0 0 0 0 0 0
0 0 0 0 0 0 1.01003009510585e-09 4.04012038042342e-09 1.24570378396389e-08 3.4846038281152e-08 8.90509867184995e-08 2.09581244734465e-07 4.52493482607423e-07 8.96401709406446e-07 1.62985189680248e-06 2.71984270777088e-06 4.16637414231165e-06 5.85901624335988e-06 7.56546208904122e-06 8.97361237996796e-06 9.78416153129041e-06 9.81984926131749e-06 9.09784608166599e-06 7.82285142494403e-06 6.30696459053932e-06 4.85386796038037e-06 3.66422084669486e-06 2.80182348382364e-06 2.21869944224919e-06 1.81536075760359e-06 1.49787463104198e-06 1.21203611412703e-06 9.4656653746337e-07 7.1644801412842e-07 5.41039454278369e-07 4.2892611372162e-07 3.73542796839982e-07 3.55698931826445e-07 3.51153796398469e-07 3.40380142050673e-07 3.12772652784446e-07 2.67489636853867e-07 2.10927951527939e-07 1.53019559408537e-07 1.02013039605691e-07 6.22851891981944e-08 3.50143766303363e-08 1.80122033627211e-08 8.41691745921545e-09 3.7034436820548e-09 1.51504514265878e-09 5.05015047552927e-10 1.68338349184309e-10 0 0 0 0 0 0 0
0 0 0 0 0 0 3.36676698368618e-09 1.43087596806663e-08 4.3599632438736e-08 1.22045303158624e-07 3.12772652784446e-07 7.35638585935431e-07 1.58793564785559e-06 3.145570392858e-06 5.7192954135369e-06 9.54512107544869e-06 1.4622710701895e-05 2.05677478416881e-05 2.6570188358553e-05 3.15437448852034e-05 3.44546516192985e-05 3.47061491129798e-05 3.23859416461725e-05 2.8238926414017e-05 2.33675512653215e-05 1.88108004912514e-05 1.52066764352154e-05 1.26797494756097e-05 1.09579848401526e-05 9.61986330248653e-06 8.3273614574494e-06 6.95018542277257e-06 5.55718558327241e-06 4.31939370172019e-06 3.39487948799996e-06 2.84895822159525e-06 2.63752525501975e-06 2.63096005940157e-06 2.66967787971396e-06 2.62338483368827e-06 2.42474558165079e-06 2.07864193572785e-06 1.64214059629294e-06 1.19200385057409e-06 7.93883654753202e-07 4.85487799047547e-07 2.72203110631028e-07 1.39889168172161e-07 6.59886328802492e-08 2.84491810121482e-08 1.12786693953487e-08 4.04012038042342e-09 1.34670679347447e-09 3.36676698368618e-10 0 0 0 0 0 0
0 0 0 0 0 0 7.4068873641096e-09 3.08059179007286e-08 9.39327988448445e-08 2.62271148029154e-07 6.72175028292946e-07 1.58086543718985e-06 3.41238667631513e-06 6.75962641149593e-06 1.22905512122956e-05 2.05145529233458e-05 3.14329782514401e-05 4.4228881187987e-05 5.71793187290851e-05 6.79852940399243e-05 7.44865210854223e-05 7.54886392781165e-05 7.12874190975237e-05 6.3576344336438e-05 5.47520480721965e-05 4.69527640161383e-05 4.13038340325605e-05 3.77101469541738e-05 3.52091441003425e-05 3.26377758165522e-05 2.92459264188376e-05 2.49899962747599e-05 2.04350972225308e-05 1.64023837294715e-05 1.35657142073667e-05 1.21816363003733e-05 1.20356869516305e-05 1.25588825408954e-05 1.30615408515597e-05 1.29854519177284e-05 1.20651461627378e-05 1.03657705277222e-05 8.19639422178401e-06 5.9521073504588e-06 3.96554649173477e-06 2.4245772433016e-06 1.3593321696633e-06 6.98772487464067e-07 3.29269811004509e-07 1.42245905060741e-07 5.63933469767435e-08 2.05372786004857e-08 6.90187231655667e-09 2.02006019021171e-09 0 0 0 0 0 0
0 0 0 0 0 0 9.93196260187424e-09 4.09062188517871e-08 1.24402040047204e-07 3.47113676018045e-07 8.89331498740705e-07 2.0909306352183e-06 4.51197277318704e-06 8.93624126644905e-06 1.6247512448222e-05 2.71228431589251e-05 4.15687985941766e-05 5.85253521691628e-05 7.5757643960113e-05 9.0309147540303e-05 9.94638919839933e-05 0.000101848573038538 9.80993413255053e-05 9.06688865925099e-05 8.27869484070022e-05 7.70634445347357e-05 7.44212058059388e-05 7.39060904574348e-05 7.33854199434077e-05 7.07500830869274e-05 6.4988366409396e-05 5.66339024777279e-05 4.74569373719453e-05 3.96387994207784e-05 3.48600103641343e-05 3.36777701378129e-05 3.53988614198733e-05 3.83951156970048e-05 4.07328303521273e-05 4.08669960164272e-05 3.81220708946278e-05 3.28083025642759e-05 2.59604668578074e-05 1.88582719057214e-05 1.25669627816562e-05 7.68329893347024e-06 4.3074416789281e-06 2.2143226451704e-06 1.04369776494272e-06 4.50978437464764e-07 1.78606988484552e-07 6.49786027851433e-08 2.15473086955916e-08 6.22851891981944e-09 0 0 0 0 0 0
0 0 1.68338349184309e-10 3.36676698368618e-10 6.73353396737236e-10 1.34670679347447e-09 1.04369776494272e-08 3.77077902172852e-08 1.09083250271432e-07 2.96443832913568e-07 7.47927285425885e-07 1.74280692910515e-06 3.73980476547861e-06 7.37927987484337e-06 1.3384245466946e-05 2.23108914474916e-05 3.41671297188917e-05 4.81112685352247e-05 6.23739035082145e-05 7.46562061414e-05 8.29435030717436e-05 8.64144714935749e-05 8.59508676799213e-05 8.38734041126377e-05 8.29162322591757e-05 8.49009413960587e-05 8.97610378753589e-05 9.55183777558115e-05 9.91932039185049e-05 9.82654912761502e-05 9.1940346143899e-05 8.16107683612514e-05 7.03283955222206e-05 6.15790098233662e-05 5.79238792475273e-05 6.00452791239479e-05 6.65232754772585e-05 7.43575739099471e-05 8.00487568191702e-05 8.08416304438283e-05 7.56254983560033e-05 6.51620915857542e-05 5.15874554458807e-05 3.74825535060766e-05 2.49814110189515e-05 1.52733384214924e-05 8.56269846960907e-06 4.40171115447131e-06 2.07460181534743e-06 8.9657004775563e-07 3.55193916778892e-07 1.28947175475181e-07 4.29262790419988e-08 1.22886994904546e-08 0 0 0 0 0 0
3.36676698368618e-10 8.41691745921546e-10 2.18839853939602e-09 4.88181212634496e-09 1.02686393002429e-08 1.95272485053799e-08 3.9222835359944e-08 7.72673022755979e-08 1.5116783756751e-07 3.03682381928494e-07 6.19148448299889e-07 1.25024891939186e-06 2.43821264958553e-06 4.50978437464764e-06 7.82049468805545e-06 1.26282379407593e-05 1.89015348614618e-05 2.61964772233638e-05 3.36409040393415e-05 4.01734420177878e-05 4.49820269622376e-05 4.79680126000689e-05 4.99594552709193e-05 5.24634882150358e-05 5.69756293265721e-05 6.41318608887462e-05 7.31204553817916e-05 8.18077242297971e-05 8.75290397035242e-05 8.82911074102815e-05 8.37904133064899e-05 7.57371066815125e-05 6.73153074101707e-05 6.20075992603894e-05 6.22686920399743e-05 6.85559610436591e-05 7.90676809201241e-05 9.02849068180205e-05 9.81665083268299e-05 9.95691034522335e-05 9.33136503965446e-05 8.04623641431161e-05 6.37185902414988e-05 4.63023046348901e-05 3.08618062326578e-05 1.88685405450217e-05 1.05785502010912e-05 5.43817037039911e-06 2.56328804302947e-06 1.10783467598194e-06 4.39026414672678e-07 1.59416416677541e-07 5.31949183422417e-08 1.51504514265878e-08 0 0 0 0 0 0
3.53510533287049e-09 9.09027085595269e-09 2.13789703464073e-08 4.74714144699752e-08 9.67945507809777e-08 1.82310432166607e-07 3.2152624694203e-07 5.34642597009366e-07 8.47920264841365e-07 1.30260214598818e-06 1.96400351993333e-06 2.92790890736269e-06 4.31198681435608e-06 6.22330043099472e-06 8.70544938971736e-06 1.16811663882484e-05 1.49117476474445e-05 1.80335823330675e-05 2.06438367755194e-05 2.2454652397695e-05 2.34594640039761e-05 2.40387162635193e-05 2.49250176719747e-05 2.69834590058005e-05 3.0841942307454e-05 3.65105678778864e-05 4.31658245128881e-05 4.93281864614781e-05 5.33646033982195e-05 5.41881146024291e-05 5.18170689541681e-05 4.75158557941598e-05 4.34215304652991e-05 4.17884801398621e-05 4.41327599906028e-05 5.05915657721063e-05 5.97385666517341e-05 6.89554279462734e-05 7.52802364018263e-05 7.64387409209127e-05 7.16326810517007e-05 6.17429713754717e-05 4.88746829487756e-05 3.5506429625002e-05 2.36655101433777e-05 1.44720478793751e-05 8.11879024281004e-06 4.17849450345292e-06 1.97326212913847e-06 8.55327152205475e-07 3.40380142050673e-07 1.24402040047204e-07 4.17479105977087e-08 1.21203611412703e-08 1.68338349184309e-10 1.68338349184309e-10 0 0 0 0
2.13789703464073e-08 5.52149785324534e-08 1.30798897316208e-07 2.88026915454353e-07 5.81440658082604e-07 1.08207890855674e-06 1.86821899924746e-06 3.00904799166952e-06 4.55759246581598e-06 6.56384891139458e-06 9.10070783360212e-06 1.22853327234709e-05 1.62537409671418e-05 2.10655243402261e-05 2.65607614109987e-05 3.22561527789514e-05 3.73675784135837e-05 4.10115986583765e-05 4.25101466428152e-05 4.16730000323216e-05 3.89221830683008e-05 3.5197697092598e-05 3.16787522412492e-05 2.94144331063711e-05 2.89871903761413e-05 3.03162216429514e-05 3.26756519451187e-05 3.49690936144057e-05 3.61417385548236e-05 3.56020458073387e-05 3.34634754193013e-05 3.05088007144183e-05 2.78970312268237e-05 2.67397050761816e-05 2.76859349369466e-05 3.06628303039219e-05 3.48463749578504e-05 3.88846436164327e-05 4.13267280480495e-05 4.11200085552512e-05 3.79675362900766e-05 3.23921701650923e-05 2.54855843747585e-05 1.8480688988501e-05 1.23545197849856e-05 7.62219211271633e-06 4.34666451428804e-06 2.29664009792153e-06 1.12786693953487e-06 5.16967070345013e-07 2.22038282574104e-07 8.98926784644211e-08 3.43410232335991e-08 1.19520227920859e-08 2.69341358694895e-09 1.01003009510585e-09 3.36676698368618e-10 1.68338349184309e-10 0 0
8.40008362429702e-08 2.16483117051022e-07 5.11916919869484e-07 1.11978669877402e-06 2.24664360821379e-06 4.14802526225056e-06 7.07509247786733e-06 1.11881033634876e-05 1.64916030545392e-05 2.28522675784683e-05 3.01009168943447e-05 3.81867128207146e-05 4.72508912325437e-05 5.75040434046616e-05 6.89042530881214e-05 8.08140229545621e-05 9.18900129774929e-05 0.000100353055144385 0.000104584407889482 0.000103778403873587 9.83311432323321e-05 8.97965572670368e-05 8.04046240893458e-05 7.23341469527517e-05 6.7003208110783e-05 6.46511846959798e-05 6.43848734275702e-05 6.4673237019723e-05 6.40584653685019e-05 6.17589635186442e-05 5.78976184650545e-05 5.32987831036884e-05 4.90179388839314e-05 4.58782603332949e-05 4.41608724949165e-05 4.35599045883286e-05 4.33405597193414e-05 4.26123280207701e-05 4.06382241998857e-05 3.70909985058739e-05 3.21389892879191e-05 2.63454566623919e-05 2.04330771623406e-05 1.50368230408884e-05 1.05452192079527e-05 7.07660752300999e-06 4.55607742067333e-06 2.81310215321899e-06 1.65931110790973e-06 9.30237717592492e-07 4.9222133301492e-07 2.44090606317248e-07 1.12281678905934e-07 4.73030761207909e-08 1.8517218410274e-08 6.90187231655667e-09 2.35673688858033e-09 6.73353396737236e-10 0 0
2.20354899082261e-07 5.664585450052e-07 1.33694316922178e-06 2.9073716287622e-06 5.80093951289129e-06 1.06391520067975e-05 1.79771889860907e-05 2.80473573726453e-05 4.05365478369784e-05 5.45934733472649e-05 6.91003672649211e-05 8.3190455429997e-05 9.67086982228937e-05 0.000110277442520546 0.000124816994077944 0.000140745673692811 0.000157324812688926 0.000172558086583312 0.00018380797012095 0.000188843306821751 0.000186839575451411 0.000178899560535434 0.000167799161451872 0.000157024497073981 0.000149459203323289 0.000146300502539194 0.000146742222367454 0.000148560108200295 0.000149288676575565 0.000147360529124008 0.000142646045316752 0.00013621585705461 0.000129585514495288 0.0001239283359326 0.00011956147081641 0.000115898596676508 0.000111772623738001 0.000105949126886319 9.76367475419468e-05 8.68317822612028e-05 7.42942786906538e-05 6.12122005604936e-05 4.87410222995232e-05 3.76631805547514e-05 2.82959931143905e-05 2.06189226998401e-05 1.44784447366441e-05 9.70605253726889e-06 6.15007324909955e-06 3.6541205457438e-06 2.02191191205274e-06 1.03645921592779e-06 4.89191242729602e-07 2.11264628226308e-07 8.51792046872604e-08 3.16476096466501e-08 1.09419926969801e-08 3.7034436820548e-09 6.73353396737236e-10 5.05015047552927e-10
4.17647444326271e-07 1.06844350227281e-06 2.50857807954457e-06 5.41594970830678e-06 1.07317380988489e-05 1.95343187160456e-05 3.27057845096227e-05 5.04355161224125e-05 7.17678567460957e-05 9.45913384668535e-05 0.000116159857794442 0.000134150345510119 0.000147762184425162 0.000158204212225064 0.000168213273790865 0.00018074741059443 0.000197504146548935 0.000217973248118001 0.000239549847686351 0.000258603223738777 0.000272040495785716 0.000278720498158048 0.000280006098130768 0.000279158346204276 0.000279790120028765 0.000284127862610546 0.000292010305811101 0.000301094011471436 0.000308115404015913 0.000310494361566586 0.000307386835640644 0.000299765316881324 0.000289617712854145 0.00027884170176946 0.000268345805697819 0.000257753115075396 0.000245735777003826 0.000230780429723943 0.000211989493157896 0.000189623050055173 0.000164995654584556 0.000139880246239654 0.000115808030644647 9.36594173657692e-05 7.37268101155535e-05 5.605768030847e-05 4.07656563302182e-05 2.8061666132326e-05 1.81196032295007e-05 1.09027698616201e-05 6.08256957107664e-06 3.1347967385102e-06 1.486932638345e-06 6.47765967661221e-07 2.64122869870181e-07 1.02518054653244e-07 4.10745572009714e-08 2.10422936480386e-08 1.29620528871918e-08 1.31303912363761e-08
6.49112674454696e-07 1.6360804157223e-06 3.79417805226514e-06 8.09118275354382e-06 1.58552840946225e-05 2.85557391871819e-05 4.72933124965382e-05 7.20922447449738e-05 0.000101261408876583 0.000131405757065018 0.00015820926237554 0.000177986998344506 0.000189355897095018 0.000194090244827477 0.000196754367541668 0.000203120082216073 0.00021813030779779 0.000244199184552472 0.000280590063864088 0.000323871031807819 0.000369276261379906 0.000412445789336476 0.000450809594100532 0.000484021740364501 0.000513270528535275 0.000539848292119541 0.000563825059870561 0.000583538322251789 0.000596175313786706 0.000599176281537615 0.000591505607980333 0.000574196217225457 0.000549825032722298 0.000521356997815042 0.00049099532481781 0.000459621938341982 0.000427011601676346 0.000392602738088026 0.000356248051521484 0.000318626113862283 0.000280947277841058 0.000244287730524143 0.000209114105815478 0.000175280286027972 0.000142581403390666 0.000111328883849551 8.2544709522526e-05 5.75641401953204e-05 3.74766616638552e-05 2.26613718904933e-05 1.2683621257641e-05 6.55762039247476e-06 3.13345003171673e-06 1.39838666667406e-06 6.15108327919465e-07 3.03009028531756e-07 2.03857740862198e-07 1.90390672927454e-07 1.94262454958693e-07 2.01332665624434e-07
1.01760532081915e-06 2.42323053650813e-06 5.38312373021584e-06 1.11005674219117e-05 2.11949765307488e-05 3.7398889346532e-05 6.09235002916425e-05 9.16363270852721e-05 0.000127368666774879 0.000164008013489892 0.000196501860017892 0.000220682822186472 0.000235180457494923 0.000242320023560528 0.000247819637428379 0.000259207053397301 0.000283827546995601 0.000326965595680874 0.000390732330690239 0.000473531062781684 0.000570336723893708 0.00067374882351947 0.000775651096491398 0.00086890953190941 0.000948513202133337 0.00101168991122881 0.0010571766165619 0.00108426562371264 0.00109227701408867 0.00108095070494051 0.00105108394668988 0.00100499206499147 0.000946186261132563 0.000878546902400212 0.000805569366276878 0.000730109176179774 0.000654630805540958 0.000581572130333317 0.000513278103760988 0.000451533280663676 0.000396825337238965 0.000347960754591141 0.000302547949793341 0.000258039458607358 0.000213083019074197 0.000168202668474867 0.000125578051754606 8.79258131925516e-05 5.73936134475967e-05 3.47983985283328e-05 1.9574888258199e-05 1.02462502998013e-05 5.07893633323979e-06 2.54174073433388e-06 1.51672852615062e-06 1.27398462662685e-06 1.39030642591321e-06 1.62396005458103e-06 1.81300402071501e-06 1.88959796959387e-06
2.18772518599928e-06 4.49311887807839e-06 8.81890943706759e-06 1.64628171968287e-05 2.91016604535866e-05 4.84666307903528e-05 7.57310465009419e-05 0.000110771347237053 0.000151616459268086 0.000194660406816164 0.000235729240513264 0.000271796741856097 0.000302607204892253 0.000331160587342547 0.000363227022801967 0.000405864264898417 0.000465973512595055 0.000548933681163368 0.000657747590076105 0.000792035636355856 0.000947325743418191 0.00111503602222169 0.00128364623783994 0.00144080439556317 0.0015756954298097 0.00168060927584853 0.0017513098674608 0.00178649897929759 0.00178694036244915 0.00175501263778946 0.00169425983258389 0.00160899208192496 0.00150365250820104 0.00138241977425392 0.00124944308371432 0.00110956182744457 0.000968878270602608 0.000834462287177476 0.000712901966802852 0.00060841250174231 0.00052145631744106 0.000448785157113242 0.000385123128557069 0.000325396177251428 0.000266815946780432 0.000209526029755932 0.000155985007767768 0.000109282562876867 7.17491711893362e-05 4.41034691178447e-05 2.55051116232639e-05 1.41518683392265e-05 8.04068124878852e-06 5.43042680633663e-06 5.03651506924534e-06 5.95193901210962e-06 7.50469194498568e-06 9.13538553353409e-06 1.03386680535035e-05 1.07822396036042e-05
6.32733353079063e-06 1.1275302628365e-05 1.90705465640428e-05 3.07569314411159e-05 4.75022203878759e-05 7.04066728545914e-05 0.000100239426758685 0.000137142728005219 0.000180499448206082 0.000229239292137161 0.000282588745083954 0.000340990705243164 0.000406640641364855 0.000482966595591814 0.000573611073123692 0.000681171198011705 0.000806850757790869 0.000950627531799092 0.00111194044831854 0.00128954851703904 0.00148068156208639 0.00167995073622652 0.00187896083764726 0.00206700908244582 0.00223277235990265 0.00236608353874209 0.00245934045911496 0.00250834004911883 0.00251244497976369 0.00247423402622069 0.00239824121358677 0.00228937713984597 0.00215161105493372 0.0019879082388709 0.00180162367495675 0.00159844837776215 0.00138751520774538 0.00118055684282956 0.000989191827537027 0.000821685406474387 0.000680855563606984 0.000564196582607211 0.000466115758500115 0.000380718050635614 0.00030414531238875 0.000235194261239556 0.000174729314611091 0.000124144145696254 8.42898731885197e-05 5.49045626165575e-05 3.47736527910027e-05 2.22356442054062e-05 1.57125331745142e-05 1.38848837174202e-05 1.56955310012466e-05 2.0111887592097e-05 2.59224223908918e-05 3.16822873465821e-05 3.58920927829833e-05 3.74170698882439e-05
1.64788093400012e-05 2.74630549626266e-05 4.2885372823147e-05 6.31071853572613e-05 8.81606451896637e-05 0.000117927242122528 0.000152598040182179 0.000193097553582337 0.000241484391995177 0.000301117242163623 0.000376567163621427 0.000473067122291332 0.000595335137085927 0.000745685523629798 0.000922394665565646 0.0011190493768046 0.0013260432611121 0.00153348307370659 0.00173459252268001 0.00192734952778194 0.00211360042402626 0.00229619080286756 0.00247569907487364 0.002648381563497 0.00280625061406884 0.00293882548096894 0.0030359030085149 0.00309024498436848 0.0030991985644849 0.00306454577862861 0.00299048077676954 0.00288087887604427 0.00273737683022192 0.00255972230011705 0.00234831458429394 0.00210737055839964 0.00184674458105707 0.00158090466002521 0.00132550794516169 0.00109323586932563 0.000891043163075211 0.000719930766234694 0.000576938448933669 0.000457687562371505 0.000358383591819236 0.000276330598614678 0.000209637301404743 0.000156488507770178 0.000114950851770601 8.313204202283e-05 5.9517370060906e-05 4.31971354458364e-05 3.3822204441413e-05 3.11893926601704e-05 3.4844186559311e-05 4.36088910479412e-05 5.5365304678275e-05 6.71712097832689e-05 7.58694206239714e-05 7.89880568809599e-05
3.07991843667612e-05 4.98623240434399e-05 7.53391548240408e-05 0.000106868254272865 0.000143517532950479 0.000184492433848734 0.000230345106752953 0.000283846064214011 0.000350462599136718 0.000437890299154033 0.000554829563505199 0.000709073111050655 0.00090506440085547 0.00114123552953534 0.00140832452111815 0.0016897382645248 0.00196509502578945 0.00221593869332257 0.00243161025119217 0.00261215733915108 0.00276666803965669 0.00290796603147317 0.00304615397228848 0.00318402156522528 0.00331600522784305 0.00343049028740146 0.00351423137757164 0.00355684791405114 0.00355379223633674 0.00350649421036643 0.00341993244281732 0.00329904648586952 0.00314601850954353 0.00296022061179687 0.00274078719683804 0.00249013425665454 0.00221632721823249 0.00193239732152058 0.00165321372456393 0.00139149085453807 0.00115519953227688 0.000947421864615575 0.00076810145820718 0.000615959951627989 0.000489552665165301 0.000387011379819869 0.000305481413866226 0.00024098644715829 0.000189197154031737 0.00014663987265115 0.000111495033800196 8.36814983945676e-05 6.41951561080395e-05 5.40460370357175e-05 5.33829522782805e-05 6.08694636815543e-05 7.35877626391272e-05 8.73837637081781e-05 9.78490222002682e-05 0.000101521996641121
3.91245257640204e-05 6.25525104966991e-05 9.34225653084668e-05 0.00013132074619868 0.000175606357410342 0.000226496387075552 0.00028651069194325 0.000361104276218753 0.000458508548500477 0.000588328894992876 0.000759429003133903 0.000977592473586483 0.00124314689277813 0.00154889899470984 0.00187939329886632 0.00221242463028335 0.00252370395357218 0.00279343047041001 0.00301232200422281 0.00318394429792301 0.00332186609580825 0.00344314327107955 0.00356099442426824 0.00367986099437922 0.00379422283026603 0.0038910077857611 0.00395433987115287 0.00397070168534019 0.00393308294610962 0.00384238005517058 0.00370588862823835 0.00353373758378337 0.00333507156594836 0.00311611219178084 0.00288071609286061 0.00263247560955927 0.00237672757256101 0.00212051509005735 0.00187098176823428 0.00163333077712672 0.00141003685880605 0.00120193497148422 0.00101013160313041 0.000837036012198155 0.000685814811373954 0.00055848620912618 0.000454292009530108 0.000369476920692133 0.000298765050410471 0.000237627087061967 0.000183828844076249 0.000137681410722609 0.000101010079721251 7.56276867545427e-05 6.20806581039354e-05 5.90320506002076e-05 6.34315733561395e-05 7.1058478942633e-05 7.75979187933959e-05 7.96955829625815e-05
3.51549391519052e-05 5.6362709397192e-05 8.47445550696665e-05 0.000120649778243886 0.00016476368433938 0.000219149596502101 0.000288383792754624 0.00037969926694635 0.000502212045700659 0.000665055157814196 0.000875011123713945 0.00113440873612252 0.00143936055754221 0.0017787879045365 0.00213498663292168 0.00248617578037348 0.00281130682472494 0.00309546650328348 0.00333363210472449 0.00353059622184924 0.00369702864424408 0.00384390082381711 0.00397783401285678 0.00409897836917057 0.00420112961456094 0.0042733905343318 0.00430280749251341 0.00427758030750465 0.00419074886192014 0.0040428077338298 0.00384218057422679 0.00360320307692767 0.00334230859991815 0.00307443380492134 0.00281090129764175 0.00255899861355391 0.00232260746665165 0.00210257072704935 0.00189702303749969 0.00170210641971607 0.00151353245425301 0.00132891747008607 0.00114945902623135 0.000979772455208419 0.000825888310038472 0.000692201063326959 0.000579316396454247 0.000483869394158489 0.000400479121108011 0.000324544216866207 0.000254191412283354 0.000190526521975245 0.000136338912387864 9.42654354228327e-05 6.53295882431926e-05 4.84371715792455e-05 4.08587474373171e-05 3.89447404070915e-05 3.91506182081439e-05 3.87632716666709e-05
2.75231517532854e-05 4.5280154178643e-05 7.00900284197757e-05 0.000103054380633745 0.000145632367631282 0.00020037381038748 0.000271747250381437 0.000366319061599785 0.000492239345218282 0.000657824352363333 0.000869474138732575 0.00112956850356843 0.00143443682916692 0.00177331673984967 0.00212929275659887 0.00248244405584876 0.00281477812982347 0.0031147372041447 0.003379041879432 0.00361059666556219 0.00381395646158751 0.00399131017106238 0.00414126630919246 0.00426022024690666 0.00434409903784648 0.00438876896550933 0.00438915429199061 0.00433868561321341 0.00423100798815766 0.0040634138628151 0.00384010294232116 0.00357328733221743 0.00328098176094186 0.00298276700859487 0.00269532473222723 0.00242948851463906 0.00218949560041765 0.00197393379915172 0.00177790345484989 0.00159563544394728 0.00142276239631264 0.00125791757288895 0.00110281684646945 0.000960877822219274 0.000835155841176115 0.00072631466145081 0.000631816750767754 0.000546674917194013 0.000465622358798656 0.000385442634743821 0.000306280852686503 0.000231269452628324 0.00016485256698775 0.000110793062884097 7.07315658685171e-05 4.38869860007937e-05 2.77887896682982e-05 1.91633009944434e-05 1.49240363469349e-05 1.27167839124303e-05
2.57694028314832e-05 4.37437300656378e-05 6.96232261774876e-05 0.000104630869273857 0.000149779551201787 0.000206317669158829 0.000276549270130268 0.000364544102045985 0.000476471933741934 0.000620089459671829 0.000803171723169446 0.00103115638959014 0.00130418014967344 0.00161488106239447 0.00194850039966521 0.00228578362110593 0.00260805072512272 0.00290207486260512 0.00316221787722388 0.00338859306068802 0.00358304859973323 0.00374605516838382 0.00387671754329884 0.00397506097523067 0.00404356895984481 0.00408574865830817 0.00410204364217087 0.00408632656386092 0.00402658143201357 0.00391021923152341 0.00373124189867065 0.00349520779740702 0.00321876727385032 0.00292429266294551 0.00263252510103393 0.00235703265905984 0.00210276364279752 0.00186847588356832 0.00165106572722834 0.00144925178226359 0.00126485816302582 0.00110183240380342 0.000963722235305441 0.00085125016572658 0.000761331058141337 0.000687566708573915 0.000621893373421688 0.000556699970902986 0.000486892414233141 0.000411100260911445 0.000331742533015677 0.000253839080118511 0.000183090175400028 0.000124036072476078 7.88126483211098e-05 4.70453501081897e-05 2.66092428555637e-05 1.45371948205094e-05 7.95769044264066e-06 4.59732031622348e-06
2.53642124249966e-05 4.3670839560441e-05 7.02905193936542e-05 0.000106362060856868 0.00015241640310341 0.000208593266963102 0.000275397499145149 0.000354654392369756 0.000450320571196152 0.000568572201317558 0.000716836202361639 0.00090166952136747 0.00112565766704018 0.00138465513919274 0.00166706931740859 0.00195594937161661 0.00223344891172802 0.00248580644603537 0.00270615073980163 0.00289383015527712 0.00305143508297909 0.00318212068858629 0.00328934632517448 0.0033783826664566 0.00345672783918202 0.00353131940339734 0.00360282886077743 0.00366095440936728 0.0036851283013252 0.00365169327508691 0.00354431663899951 0.00336209508948127 0.00312050060420573 0.00284490311910175 0.00256051264866647 0.00228424096847401 0.00202237921931007 0.00177414664791114 0.00153792282932798 0.00131597443943234 0.00111518314993888 0.000944171082754477 0.000808878056530096 0.00070932595525113 0.00063928003147884 0.000588367612813189 0.00054522249391725 0.000500427659199306 0.000448356567676218 0.000387665037629752 0.000320724283046516 0.00025226275981675 0.000187683623934221 0.00013159513770785 8.66821294687779e-05 5.35044925663916e-05 3.09099510005245e-05 1.67048877429557e-05 8.45967539990827e-06 4.03557524499544e-06
1.91745796638387e-05 3.35580815715428e-05 5.50197060473996e-05 8.49537996377026e-05 0.000124367025670574 0.000173832071209939 0.000233823313723799 0.000305252810388034 0.000390019417781444 0.000491160801415059 0.000612464237468827 0.000757231514323651 0.000926346744989446 0.0011164786818742 0.00131971744262645 0.00152523230619802 0.00172247014147854 0.00190474370754668 0.00207075292733168 0.00222342032291372 0.00236687338227646 0.00250385517881986 0.00263556478660515 0.00276340951423153 0.00289012048307614 0.00301806991715571 0.00314449841425039 0.0032570326006801 0.00333368479462778 0.00334902344832876 0.00328419466667439 0.0031356650277153 0.00291742361660705 0.00265538948897354 0.002377205316796 0.00210294342815444 0.00184146801550189 0.00159328813400625 0.0013569787995417 0.00113456731084745 0.000932985504466227 0.000761471789001255 0.0006271121989231 0.000531314042830944 0.000469067234776364 0.000430780865652932 0.000405136874891591 0.000382026376285474 0.000354312328844214 0.000318536221183819 0.000274755288343011 0.000225680619435405 0.000175497105821721 0.000128623629168049 8.84840231584468e-05 5.69362381528629e-05 3.41745366062558e-05 1.908350861693e-05 9.89307644321266e-06 4.74983486058447e-06
1.04852907556431e-05 1.91488238964135e-05 3.29537468979712e-05 5.36570071107526e-05 8.30604982244267e-05 0.000122726905134471 0.000173796888494959 0.000236899360378444 0.000312182795208904 0.00039932768679959 0.000497562708834538 0.000605408503901116 0.000720283940091282 0.000838314373621861 0.000955063752315146 0.00106728533443042 0.00117486330318345 0.00128225525806063 0.00139745238883608 0.00152891470758643 0.00168153042329527 0.00185387303679163 0.00203866932136064 0.00222591004709815 0.00240632145434761 0.00257272307082456 0.0027181047826539 0.00283239052960688 0.00290107173438233 0.00290788724912575 0.00284099649103223 0.00269946535060212 0.00249576130265273 0.0022524100383651 0.00199432900018549 0.00174086009609684 0.00150177923905131 0.00127868614838122 0.00107003598305609 0.000876095222682692 0.000701117103991506 0.000552032621833502 0.000435152780919598 0.000352979594133722 0.000302838333445683 0.000277628823963587 0.000267613365540518 0.000262964533689444 0.000255600909281075 0.000240476213621912 0.000216036683748985 0.000183755785232703 0.000147161048180225 0.00011053870363848 7.76182877336472e-05 5.08151190998231e-05 3.09463120839483e-05 1.74932162321858e-05 9.16164631600684e-06 4.4362205160541e-06
4.77508561296211e-06 9.42964096790826e-06 1.7547252842274e-05 3.07998577201579e-05 5.10879955638509e-05 8.01851108820095e-05 0.000119330005586281 0.000168853969547861 0.000227954197179488 0.000294664833239388 0.000366025647857157 0.000438341109253149 0.000507610656559 0.000570251208012323 0.000624428548960404 0.000671766302781127 0.000718409660911464 0.000774966464425266 0.000853925567110166 0.000965552241499424 0.00111353646420716 0.00129250857857109 0.00148903922444669 0.00168556498851017 0.0018653010223027 0.00201569147337368 0.0021287904349649 0.00219932824339351 0.00222252762464799 0.00219378351484808 0.00211084859703214 0.00197712700929739 0.00180332523899031 0.00160585509678791 0.00140234733135366 0.00120656966291396 0.00102563186164661 0.000860632166941669 0.000709906722555816 0.00057258589257716 0.000450497494801145 0.000347724744225584 0.000268570705732329 0.000215176138107955 0.000186064714030115 0.000176168944173316 0.000177791894197802 0.000182649970616912 0.000183671111043064 0.000176488450360067 0.00016005004222387 0.00013613741138389 0.000108286168188045 8.04182594956298e-05 5.56853158800743e-05 3.59163335052658e-05 2.1551348815972e-05 1.20143079812841e-05 6.21404182178959e-06 2.97723204367369e-06
2.07729522893437e-06 4.40541459815337e-06 8.71302461543065e-06 1.60911261218297e-05 2.7809663623597e-05 4.5070067918861e-05 6.86970285802755e-05 9.88526554381051e-05 0.000134841542771869 0.000175104540791423 0.00021732346209015 0.000258670390740101 0.000296223478014486 0.000327668239950369 0.000352420374137731 0.000372909339632001 0.000395173938033467 0.000428387262665881 0.000482497099935939 0.000564817582777351 0.000676741879367967 0.000812115707999958 0.000958371937553316 0.00109991418831447 0.00122231653711171 0.00131547413785856 0.00137443144623173 0.00139815671648907 0.00138753675505408 0.00134411690797227 0.00127033622958498 0.00117070888106393 0.00105250253395845 0.000925030170760476 0.00079760898242065 0.000677263728250439 0.000567577490012228 0.00046913608516118 0.000381143609982352 0.00030318376373821 0.000236153453153208 0.000182087552192287 0.000143131364777451 0.000120201998235056 0.000112001395554542 0.000114851363806233 0.000123191350639871 0.000131009656929387 0.000133341479742288 0.000127534985063874 0.000113716594994381 9.42235191738858e-05 7.24913749708898e-05 5.17983833974086e-05 3.43915247383543e-05 2.12326843209661e-05 1.21934199848162e-05 6.51418909838521e-06 3.23697811646508e-06 1.49518121745503e-06
7.70989639264136e-07 1.68927533406454e-06 3.42501205250395e-06 6.44820046550496e-06 1.13126737418839e-05 1.85547578621421e-05 2.85656711497838e-05 4.14794109307597e-05 5.70830291933517e-05 7.48168009265219e-05 9.37701839995324e-05 0.000112758749787522 0.000130473330948886 0.000145836898725541 0.000158622701361137 0.000170180980754481 0.000183772450729272 0.000204238353869704 0.000236646684516318 0.000284352762645056 0.000347256090261455 0.000421081883326329 0.000498266363134128 0.00057003506157197 0.000628813426279957 0.000669905490669243 0.000691797724642314 0.000695290745387888 0.000682208835596077 0.000654514483741671 0.000614200142525616 0.000563672882002898 0.000505985181459276 0.00044461676291074 0.000382884228512918 0.000323351371323887 0.000267696693023364 0.000216945037481183 0.000171880188051147 0.000133409320097009 0.000102647843520465 8.0780186946376e-05 6.86711044745011e-05 6.63280029922047e-05 7.23934020516646e-05 8.39707036784662e-05 9.68856218278864e-05 0.00010664857272718 0.000109695160170717 0.000104457144097498 9.17555106364946e-05 7.42471439528822e-05 5.53361821438661e-05 3.80023823283578e-05 2.40649770459921e-05 1.40665207961901e-05 7.59744637538624e-06 3.79619811245535e-06 1.75694735043663e-06 7.54155804345705e-07
2.02006019021171e-07 4.47611670481078e-07 9.1491892781672e-07 1.73472668834431e-06 3.06476798524953e-06 5.0659742803526e-06 7.87419462144524e-06 1.15769649501033e-05 1.61874156575632e-05 2.16446082614201e-05 2.77763326304586e-05 3.43097123006508e-05 4.08900583702654e-05 4.72128467656281e-05 5.32760574265485e-05 5.96838566882492e-05 6.77807629456653e-05 7.94686628678811e-05 9.65888413182745e-05 0.000120049483690695 0.000149115119737556 0.000181233740085224 0.0002126593114493 0.000239586040431425 0.000259305868008272 0.000270836034897302 0.000274766567012407 0.000272535578870667 0.000265610139185224 0.00025500532820166 0.000241264710449491 0.000224706277070326 0.000205634888814537 0.000184427623584298 0.000161563740659736 0.000137643534594042 0.00011354135477288 9.04357379788896e-05 6.97223774651571e-05 5.28488146963187e-05 4.11144533897281e-05 3.55569311297573e-05 3.67905145525799e-05 4.47325495287465e-05 5.82319384265346e-05 7.48358231599797e-05 9.09474865604099e-05 0.000102605085579773 0.000106667426622288 0.000101882240708375 8.93122478364336e-05 7.18250917848183e-05 5.29850004208088e-05 3.58572467447021e-05 2.22644300631167e-05 1.2687324701323e-05 6.63724443163894e-06 3.18883334859837e-06 1.40764527587919e-06 5.71340357131545e-07
3.40043465352304e-08 7.57522571329391e-08 1.55544634646302e-07 2.96612171262753e-07 5.28077401391178e-07 8.82429626424148e-07 1.39266316280179e-06 2.09025728182157e-06 3.00130442760705e-06 4.15442211951956e-06 5.54843198911483e-06 7.1858591116306e-06 9.07646711131958e-06 1.13066135613133e-05 1.41463131737034e-05 1.81576476964163e-05 2.42011627704822e-05 3.32515374376782e-05 4.59873435835663e-05 6.22614534909594e-05 8.07312004867634e-05 9.89184757326362e-05 0.000113848067245094 0.000123039004433859 0.000125402474856407 0.000121581362668272 0.000113559871991291 0.000103782949009015 9.42654354228327e-05 8.60902518330459e-05 7.94035159267468e-05 7.37289985140929e-05 6.8342171340195e-05 6.25584023389205e-05 5.59309215315342e-05 4.8335326877989e-05 4.00668838427541e-05 3.17856470929812e-05 2.43950885487425e-05 1.89057433201914e-05 1.62863986068835e-05 1.74092153959429e-05 2.29091659404926e-05 3.29244560252131e-05 4.67329141321036e-05 6.24890469390566e-05 7.73263890361616e-05 8.7994663577368e-05 9.18832794435255e-05 8.79668877497526e-05 7.71966001689405e-05 6.20902533898389e-05 4.57700187747693e-05 3.09225763767133e-05 1.91478138663184e-05 1.08674188082914e-05 5.65364345735502e-06 2.69610700053589e-06 1.17870512098853e-06 4.72357407811171e-07
3.53510533287049e-09 7.91190241166253e-09 1.64971582200623e-08 3.16476096466501e-08 5.70667003734808e-08 9.6962889130162e-08 1.56723003090592e-07 2.42743899523774e-07 3.63105819190555e-07 5.41544469325922e-07 7.89843534372778e-07 1.16422802295868e-06 1.7766429372912e-06 2.86074190603815e-06 4.84797611815892e-06 8.42365099318283e-06 1.44823165186753e-05 2.3906907336108e-05 3.71465501611047e-05 5.37049835402701e-05 7.1805564536313e-05 8.85256027306953e-05 0.000100534860561504 0.000105217191744065 0.000101667945989863 9.1047142863127e-05 7.60921322599422e-05 6.00609345904221e-05 4.56516769152928e-05 3.43706507830555e-05 2.64939310863725e-05 2.14437806108432e-05 1.82825547515111e-05 1.60988696858922e-05 1.4228125611407e-05 1.22977897613105e-05 1.02363183371995e-05 8.20144437225954e-06 6.50913894790968e-06 5.59573506523562e-06 5.94234372620611e-06 8.06828873805475e-06 1.24205084178659e-05 1.91811448594569e-05 2.80143630562052e-05 3.78813470552943e-05 4.70953465978974e-05 5.3710370367444e-05 5.61506030772198e-05 5.37975696323215e-05 4.72343940743237e-05 3.80038973735004e-05 2.80202548984266e-05 1.8931835764315e-05 1.1721904268751e-05 6.65104817627205e-06 3.45851138399163e-06 1.64803243851439e-06 7.19814781112106e-07 2.88026915454353e-07
1.68338349184309e-10 5.05015047552927e-10 1.01003009510585e-09 2.02006019021171e-09 3.87178203123911e-09 6.73353396737236e-09 1.12786693953487e-08 1.81805417119054e-08 2.96275494564384e-08 6.12751591030885e-08 1.21371949761887e-07 2.60251087838942e-07 5.82955703225262e-07 1.30159211589308e-06 2.79525828820545e-06 5.64724660008602e-06 1.06009392015327e-05 1.83731207833722e-05 2.93031614575602e-05 4.29358743279023e-05 5.77472923192329e-05 7.1264861758733e-05 8.06864224858804e-05 8.38200408559463e-05 7.99231764106787e-05 7.00019874631523e-05 5.64059723529324e-05 4.19394796390804e-05 2.89461158189403e-05 1.87650124602733e-05 1.16865532154223e-05 7.26750321098499e-06 4.7505082139812e-06 3.39370111955567e-06 2.64106036035263e-06 2.1478289972426e-06 1.7562739970399e-06 1.43592611854216e-06 1.24099031018673e-06 1.30108710084552e-06 1.77697961398957e-06 2.87370395892534e-06 4.78282917702459e-06 7.59811972878298e-06 1.12052738751043e-05 1.52033096682317e-05 1.89252705686968e-05 2.15956218018075e-05 2.2583431234821e-05 2.16412414944364e-05 1.90037162394167e-05 1.52916873015535e-05 1.12754709667142e-05 7.61882534573265e-06 4.71751389754108e-06 2.6767480903797e-06 1.39198980940505e-06 6.63253095786178e-07 2.89710298946196e-07 1.15985122587989e-07
0 0 0 1.68338349184309e-10 1.68338349184309e-10 3.36676698368618e-10 5.05015047552927e-10 8.41691745921546e-10 2.18839853939602e-09 1.24570378396389e-08 3.60244067254421e-08 1.00161317764664e-07 2.63112839775075e-07 6.41200772043033e-07 1.44249131416034e-06 2.98497560773617e-06 5.67367572090795e-06 9.89728490194227e-06 1.58384502597041e-05 2.32461793155596e-05 3.12877022560941e-05 3.86137872125952e-05 4.36954169594219e-05 4.53367158639689e-05 4.3131988504702e-05 3.76296812232637e-05 3.01130372554859e-05 2.21161239774853e-05 1.49247097003317e-05 9.2779681152932e-06 5.34289086476079e-06 2.88565598171743e-06 1.50039970627975e-06 7.88328489230119e-07 4.47780008830262e-07 2.88026915454353e-07 2.09917921432833e-07 1.72883484612285e-07 1.72378469564733e-07 2.34831997112111e-07 3.94416752138836e-07 7.03485961241228e-07 1.21270946752376e-06 1.94851639180838e-06 2.88414093657477e-06 3.91773840056643e-06 4.87878203605965e-06 5.56812757596939e-06 5.8233285133328e-06 5.58058461380903e-06 4.90066602145361e-06 3.94349416799163e-06 2.90787664380976e-06 1.96484521167926e-06 1.216581249555e-06 6.90355570004852e-07 3.59065698810131e-07 1.71031762771258e-07 7.47422270378332e-08 2.9964226154807e-08
0 0 0 0 0 0 0 0 3.36676698368618e-10 3.7034436820548e-09 1.1447007744533e-08 3.36676698368618e-08 9.02293551627897e-08 2.22374959272472e-07 5.02826649013531e-07 1.04352942659353e-06 1.98639252037485e-06 3.46760165484758e-06 5.55129374105096e-06 8.14909114566322e-06 1.09689268328496e-05 1.35372650263546e-05 1.53174430689787e-05 1.58894567795069e-05 1.51112285912279e-05 1.31746642222116e-05 1.05304054332245e-05 7.7169666033071e-06 5.18583118497183e-06 3.1970819277084e-06 1.81014226877888e-06 9.43536447178052e-07 4.5552357289274e-07 2.06382816099963e-07 9.07343702103426e-08 4.141123389934e-08 2.20523237431445e-08 1.61604815216937e-08 1.81805417119054e-08 3.14792712974658e-08 6.00967906587983e-08 1.1211334055675e-07 1.9611417679972e-07 3.16644434815685e-07 4.69327317525854e-07 6.37834005059347e-07 7.94388669800755e-07 9.06670348706689e-07 9.48081582606029e-07 9.086904088969e-07 7.97923775133625e-07 6.42042463788955e-07 4.73535776255461e-07 3.20011201799372e-07 1.98134236989932e-07 1.12450017255118e-07 5.84134071669553e-08 2.7775827615411e-08 1.21203611412703e-08 4.88181212634496e-09
0 0 0 0 0 0 0 0 0 8.41691745921546e-10 2.52507523776464e-09 7.57522571329391e-09 2.03689402513014e-08 5.03331664061084e-08 1.13965062397777e-07 2.36515380603954e-07 4.50305084068027e-07 7.86140090690724e-07 1.25849749850189e-06 1.84768172064698e-06 2.4868624324998e-06 3.06914478232832e-06 3.4728201436723e-06 3.60227233419503e-06 3.42568540590069e-06 2.98632231452964e-06 2.38653277638595e-06 1.74819375627905e-06 1.17382330886219e-06 7.22676533048239e-07 4.07883820073581e-07 2.11096289877124e-07 1.00329656113848e-07 4.39363091371047e-08 1.78438650135368e-08 6.90187231655667e-09 2.69341358694895e-09 1.51504514265878e-09 1.51504514265878e-09 2.86175193613325e-09 5.89184222145082e-09 1.12786693953487e-08 1.98639252037485e-08 3.2152624694203e-08 4.76397528191595e-08 6.4810264435959e-08 8.08024076084684e-08 9.20810770038171e-08 9.62895357334248e-08 9.24177537021857e-08 8.1139084306837e-08 6.53152794835119e-08 4.81447678667124e-08 3.24893013925717e-08 2.02006019021171e-08 1.1447007744533e-08 5.89184222145082e-09 2.86175193613325e-09 1.17836844429016e-09 5.05015047552927e-10
0 0 0 0 0 0 0 0 0 1.68338349184309e-10 3.36676698368618e-10 1.17836844429016e-09 3.03009028531756e-09 7.4068873641096e-09 1.66654965692466e-08 3.46776999319677e-08 6.58202945310649e-08 1.14975092492883e-07 1.84162154007634e-07 2.7035138879e-07 3.63947510936476e-07 4.49126715623737e-07 5.08213476187429e-07 5.27235709645256e-07 5.01311603870873e-07 4.37006354482466e-07 3.49302074557441e-07 2.5587429076015e-07 1.71705116167995e-07 1.05716483287746e-07 5.95917756112454e-08 3.08059179007286e-08 1.46454363790349e-08 6.39685726900375e-09 2.52507523776464e-09 1.01003009510585e-09 3.36676698368618e-10 1.68338349184309e-10 0 1.68338349184309e-10 3.36676698368618e-10 6.73353396737236e-10 1.17836844429016e-09 2.02006019021171e-09 3.03009028531756e-09 4.04012038042342e-09 5.05015047552927e-09 5.72350387226651e-09 6.06018057063513e-09 5.72350387226651e-09 5.05015047552927e-09 4.04012038042342e-09 3.03009028531756e-09 2.02006019021171e-09 1.34670679347447e-09 6.73353396737236e-10 3.36676698368618e-10 1.68338349184309e-10 0 0
0 0 0 0 0 0 0 0 0 0 0 1.68338349184309e-10 3.36676698368618e-10 6.73353396737236e-10 1.51504514265878e-09 3.19842863450187e-09 6.22851891981944e-09 1.07736543477958e-08 1.73388499659838e-08 2.54190907268307e-08 3.41726848844147e-08 4.20845872960773e-08 4.76397528191595e-08 4.94914746601869e-08 4.69663994224222e-08 4.09062188517871e-08 3.28259780909403e-08 2.40723839333562e-08 1.61604815216937e-08 9.93196260187424e-09 5.5551655230822e-09 2.86175193613325e-09 1.34670679347447e-09 6.73353396737236e-10 1.68338349184309e-10 1.68338349184309e-10 0 0 0 0 0 0 0 0 1.68338349184309e-10 1.68338349184309e-10 1.68338349184309e-10 1.68338349184309e-10 1.68338349184309e-10 1.68338349184309e-10 1.68338349184309e-10 1.68338349184309e-10 1.68338349184309e-10 0 0 0 0 0 0 0
0 0 0 0 0 0 0 0 0 0 0 0 0 0 1.68338349184309e-10 1.68338349184309e-10 3.36676698368618e-10 6.73353396737236e-10 1.01003009510585e-09 1.51504514265878e-09 2.02006019021171e-09 2.52507523776464e-09 2.86175193613325e-09 2.86175193613325e-09 2.86175193613325e-09 2.35673688858033e-09 2.02006019021171e-09 1.34670679347447e-09 1.01003009510585e-09 5.05015047552927e-10 3.36676698368618e-10 1.68338349184309e-10 0 0 0 0 0 0 0 0 0 0 0 0 0 0 0 0 0 0 0 0 0 0 0 0 0 0 0 0
0 0 0 0 0 0 0 0 0 0 0 0 0 0 0 0 0 0 0 0 0 1.68338349184309e-10 1.68338349184309e-10 1.68338349184309e-10 1.68338349184309e-10 1.68338349184309e-10 0 0 0 0 0 0 0 0 0 0 0 0 0 0 0 0 0 0 0 0 0 0 0 0 0 0 0 0 0 0 0 0 0 0
0 0 0 0 0 0 0 0 0 0 0 0 0 0 0 0 0 0 0 0 0 0 0 0 0 0 0 0 0 0 0 0 0 0 0 0 0 0 0 0 0 0 0 0 0 0 0 0 0 0 0 0 0 0 0 0 0 0 0 0
0 0 0 0 0 0 0 0 0 0 0 0 0 0 0 0 0 0 0 0 0 0 0 0 0 0 0 0 0 0 0 0 0 0 0 0 0 0 0 0 0 0 0 0 0 0 0 0 0 0 0 0 0 0 0 0 0 0 0 0
0 0 0 0 0 0 0 0 0 0 0 0 0 0 0 0 0 0 0 0 0 0 0 0 0 0 0 0 0 0 0 0 0 0 0 0 0 0 0 0 0 0 0 0 0 0 0 0 0 0 0 0 0 0 0 0 0 0 0 0
0 0 0 0 0 0 0 0 0 0 0 0 0 0 0 0 0 0 0 0 0 0 0 0 0 0 0 0 0 0 0 0 0 0 0 0 0 0 0 0 0 0 0 0 0 0 0 0 0 0 0 0 0 0 0 0 0 0 0 0
