0 0 0 0 0 0 0 0 0 0 0 0 0 0 0 0 0 0 0 0
0 0 0 0 0 0 0 0 0 0 0 0 0 0 0 0 0 0 0 0
0 0 0 0 0 0 0 0 0 0 0 0 0 0 0 0 0 0 0 0
0 0 0 0 0 0 0 0 0 0 0 0 0 0 0 0 0 0 0 0
0 0 0 0 0 0 0 0 0 0 0 1.51414988894082e-09 4.54244966682245e-09 4.54244966682245e-09 3.02829977788163e-09 1.51414988894082e-09 0 0 0 0
0 0 0 0 0 1.51414988894082e-09 1.51414988894082e-09 3.02829977788163e-09 4.54244966682245e-09 2.57405481119939e-08 2.21065883785359e-07 1.01750872536823e-06 2.49834731675235e-06 3.15397421866372e-06 1.95476750662259e-06 5.73862807908569e-07 7.72216443359816e-08 4.54244966682245e-09 0 0
0 0 0 9.08489933364489e-09 9.23631432253897e-08 5.02697763128351e-07 1.41270184638178e-06 2.02290425162493e-06 1.72310257361465e-06 2.66793210431372e-06 1.31428210360063e-05 5.33722694352748e-05 0.000125560879540417 0.000156189103493912 9.63120461357474e-05 2.82070982810784e-05 3.83079921902026e-06 2.39235682452649e-07 6.05659955576326e-09 0
0 1.51414988894082e-09 2.72546980009347e-08 4.78471364905298e-07 4.71657690405064e-06 2.5354439890314e-05 7.14527332591171e-05 0.000104008470021234 8.90456408187204e-05 8.50846247092512e-05 0.000174240798469864 0.000402741158209923 0.000695857864460531 0.000756458685465609 0.000443175016844198 0.000127299123612921 1.71568323915884e-05 1.06444737192539e-06 3.02829977788163e-08 0
2.4226398223053e-08 2.16523434118537e-07 1.1870935129296e-06 6.06265615531902e-06 3.37821981721585e-05 0.000150863838334507 0.00042064295234687 0.000691197311102371 0.000752226636526019 0.000703505835549571 0.000791835283470822 0.0010801369930746 0.00124715983902388 0.00102608638448908 0.000519983298260499 0.000139989213832134 1.83620957031853e-05 1.13712656659455e-06 3.48254474456388e-08 0
1.20072086193007e-06 1.00615260120117e-05 4.47522141175347e-05 0.000122034424449074 0.000259148267642109 0.000533665156656968 0.00103570123628385 0.00168205245597557 0.00216385797893632 0.0020997852122359 0.00163892643883876 0.00136164016967703 0.00118568232523311 0.000819367070901433 0.000376722006518364 0.000108896145862734 2.74015705401619e-05 9.19997472520439e-06 2.56799821164362e-06 4.17905369347665e-07
5.88398646842401e-06 4.95762956637002e-05 0.00022090689804702 0.00058308246658233 0.00109355084694072 0.00178480720988876 0.00266624534133744 0.00360854927002175 0.00443996443158949 0.00471618928167907 0.00429874269974775 0.00339830955794232 0.00229697598057244 0.00143883001686534 0.00104795979378472 0.000965821704759344 0.000793534159646213 0.000420255329975301 0.000126529935469339 2.11965842952825e-05
1.49007490570666e-05 0.000114424307107257 0.000487254948411043 0.00125146608130803 0.00234701106365249 0.00423033037946563 0.00761180107649304 0.0118470282166995 0.0151287315775446 0.0163086010813541 0.0153294715132208 0.012336581644642 0.00883511608306588 0.0063394291276684 0.00505971960848196 0.00458621919766206 0.00367252664527917 0.00195712049555001 0.000627834680699864 0.000129229664721321
7.64146024451761e-05 0.000390223681078049 0.00124089125848367 0.0027352269819778 0.00488423569295328 0.00865381783196366 0.0151786924672801 0.0231261775458515 0.0292534969863277 0.0309533270761493 0.0279742220281593 0.0225341237411772 0.0175372231832876 0.013180739891675 0.00916684815393415 0.0064399656519943 0.00446433618820188 0.00244537781118753 0.00100322423531596 0.000332024301796831
0.000194380506142666 0.000777520510420775 0.00188810857191186 0.00366203207239892 0.00669816454765604 0.0116234654997473 0.0187818392504981 0.0272447969748109 0.0341380824479053 0.0351573279031961 0.02919783986471 0.0221261602800004 0.0182122902556231 0.0148468589483693 0.0101950074096212 0.00616171941180298 0.00358077521860891 0.00199164462716775 0.00108367101891539 0.000481107499861944
0.000113674802912232 0.000503148979795255 0.00142771161423085 0.00312628193134488 0.00563368083613331 0.00877578563381762 0.0132105747010867 0.0191052586384761 0.0243871873139096 0.0264195550023404 0.0239081436003462 0.0190394067456562 0.0150644861977568 0.0122329138583457 0.00906263830197768 0.00548409494030507 0.00256658399564735 0.000979704945091043 0.000395860861114576 0.000161390208362424
8.70272790167623e-05 0.000350375798450794 0.000816075309042875 0.00139765573893538 0.00226327403234439 0.00385139317165975 0.0069393973938122 0.0110766287532064 0.014044518492969 0.0149338907698357 0.0135284583570707 0.0103512025697147 0.00738052830830633 0.00584887636079925 0.00463132723700349 0.00274918290150417 0.00115549471889729 0.000546705015500527 0.000406653721522946 0.000228085482670489
2.04758489481466e-05 7.89810865069308e-05 0.000175783717206695 0.000338289854037268 0.000746728758279275 0.00152059259671826 0.00287497393182771 0.00487577916582354 0.00652676278022794 0.00679357416045798 0.005624564139652 0.00400235391558715 0.00275682481599365 0.00195319733318776 0.0012995267129329 0.00068841127530672 0.000429954974163856 0.000590946961105488 0.000681883775135496 0.000411532312465113
4.33046868237073e-07 2.10315419573879e-06 1.15529636526184e-05 6.68073213998467e-05 0.000234111799228473 0.000486596293209354 0.000820351268329244 0.00133133597379977 0.0017459601803381 0.0016553776773821 0.00116656012628567 0.000723871151555824 0.000476112319378328 0.000304672698203004 0.000160587708921285 7.33287649715147e-05 7.45582546813347e-05 0.000143692824460483 0.000172779643827036 0.000104665611073034
3.02829977788163e-09 8.02499441138632e-08 1.26280100737664e-06 9.7677809335572e-06 4.0806339506955e-05 0.000120034232445783 0.00028595174897614 0.000475807975250651 0.00053796534234156 0.000440331443352767 0.000236760047384231 7.54894568630333e-05 1.82818457590714e-05 6.60926426522666e-06 3.05706862577151e-06 1.34607925126838e-06 1.47932444149518e-06 2.94653568387883e-06 3.55370978934409e-06 2.15312114207384e-06
0 1.51414988894082e-09 6.96508948912775e-08 1.78518271906122e-06 2.63734627655711e-05 0.000190180254350744 0.000652559234236379 0.00114153879937093 0.00124732033891211 0.00103187043706483 0.000563032093752975 0.000161185798127417 2.18840083448616e-05 1.37333394926932e-06 4.39103467792836e-08 1.51414988894082e-09 3.02829977788163e-09 4.54244966682245e-09 6.05659955576326e-09 3.02829977788163e-09
