0 0 0 0 0 0 0 0 0 0 0 0 0 0 0 0 0 0 0 0
0 0 0 0 0 0 0 0 0 0 0 0 0 0 0 0 0 0 0 0
0 0 0 0 0 0 0 0 0 0 0 0 0 0 0 0 0 0 0 0
0 0 0 0 0 0 0 0 0 0 0 0 0 0 0 0 0 0 0 0
0 0 0 0 0 0 0 0 0 0 0 0 0 0 0 0 0 0 0 0
0 0 0 0 0 0 1.06563448457983e-08 1.38532482995377e-07 9.27102001584449e-07 2.29111414184663e-06 2.31242683153822e-06 9.48414691276046e-07 1.38532482995377e-07 1.06563448457983e-08 0 0 0 0 0 0
0 0 0 2.13126896915965e-08 3.83628414448738e-07 2.30177048669243e-06 4.75272980122603e-06 1.14236016746957e-05 6.07837910004333e-05 0.000148027286252984 0.000149188827841176 6.20945214164665e-05 1.04964996731113e-05 1.27876138149579e-06 1.49188827841176e-07 1.06563448457983e-08 0 0 0 0
0 0 3.19690345373948e-08 1.38532482995377e-06 2.48719088700932e-05 0.000149082264392718 0.000285408884005015 0.000224443935142203 0.000335781426091103 0.000693653455047547 0.000691948439872219 0.000341503883273297 0.000149135546116947 5.92386209977926e-05 9.36692711945668e-06 5.86098966518905e-07 3.19690345373948e-08 0 0 0
0 1.06563448457983e-08 3.94284759294536e-07 8.49310684210122e-06 0.000126053903180948 0.000736396054224043 0.0014206506131176 0.00112477719847401 0.000917990826741292 0.000922573055024985 0.000687749840002974 0.000570700548216726 0.000626827516519546 0.00032605218324689 7.24844576411198e-05 1.47696939562764e-05 2.01404917585587e-06 9.59071036121844e-08 0 0
1.06563448457983e-08 7.45944139205879e-07 1.62402695449966e-05 0.000110772704672073 0.000333500968294103 0.000891413902695871 0.00160494144088083 0.00197283043399232 0.00254346704413998 0.00199028552684974 0.00100036437239931 0.000790636849489157 0.00090648197430783 0.000622905981616292 0.00041055699787407 0.000186496691146315 2.93049483259452e-05 1.51320096810335e-06 8.52507587663861e-08 1.06563448457983e-08
6.39380690747896e-08 4.55025924915586e-06 9.78678710638113e-05 0.000636087880190544 0.00135290822893286 0.00135552968976492 0.00164499864115619 0.00308236905933684 0.0048348369382629 0.0052183161638838 0.00475163219770691 0.00354959649910087 0.00227664282554603 0.00170759401078041 0.00146657945940299 0.000671712041010048 0.000121631520069941 2.2026664796265e-05 7.29959621937181e-06 1.07629082942563e-06
1.06563448457983e-07 7.69388097866635e-06 0.000166420137456832 0.0011029956296092 0.00251971405147869 0.00316835510589759 0.0050079279475932 0.00935910536233986 0.0151192540362531 0.0199127550128592 0.0207129292909853 0.0166358117529829 0.0110261413246372 0.00643002782360983 0.00331768246622176 0.00156617365833182 0.000897999523810574 0.000565137936207219 0.000205944520489897 2.88467254975759e-05
4.26253793831931e-08 3.27149786766007e-06 7.32623708148631e-05 0.000541278380097477 0.00167758574369464 0.00356416372250507 0.00771726099925803 0.0163268736595584 0.0285419433786412 0.0374338426139068 0.0375165571625998 0.0315535756208917 0.0226435712557331 0.0140922914271187 0.00884647123718789 0.00555064493424486 0.00366053970529047 0.00222419229621501 0.000774130171323015 0.000106275727147146
1.06563448457983e-08 1.08694717427142e-06 2.736549356401e-05 0.000271182663635874 0.00131314940631318 0.00395741481634957 0.0101994966859141 0.0224725688899926 0.0363269254493943 0.0416545437423615 0.036857963082095 0.0316449750906341 0.026086465773893 0.0174752866309003 0.0106485657140608 0.00609475790207132 0.00289996440461131 0.00107699414818545 0.000261336200998357 3.03705828105251e-05
0 2.34439586607562e-07 8.78082815293777e-06 0.000144755788385324 0.001035008149493 0.00375596727338459 0.009384872404177 0.0180263049101869 0.0266867589917465 0.0316737045963384 0.0311482615446817 0.0270126513298207 0.0198571928308332 0.0111970158142395 0.00613435687951831 0.00373016826251292 0.0017281394436431 0.000462773087618481 5.85139895482783e-05 3.03705828105251e-06
0 2.13126896915965e-08 1.90748572739789e-06 4.75592670467977e-05 0.000469806275216708 0.00218734265573824 0.00539980437295259 0.0087499354092298 0.0125440950225417 0.0169579530576714 0.0182583255065145 0.0154269133682962 0.0112632663101459 0.00610614953471148 0.00259560853947047 0.0012235721715394 0.000575208182086499 0.000174135331125189 2.26660454870129e-05 1.00169641550504e-06
0 0 3.51659379911343e-07 9.76121187875121e-06 0.000111358803638592 0.000575954126225705 0.00140679736481806 0.0021262072053579 0.00339402452069706 0.00570578000251 0.00731622011733126 0.00752151460078556 0.00633204273275271 0.00372843127830305 0.0015801547827695 0.00106931092355163 0.000878967291915979 0.000351712661635572 5.05643562933128e-05 2.30177048669243e-06
0 0 4.26253793831931e-08 1.04432179488823e-06 1.15834468473827e-05 5.86844910658111e-05 0.000140109622032556 0.000208597950356501 0.000390714883771193 0.000832100687284158 0.00149154727537669 0.00209858595951759 0.00188268841294172 0.00112473457309462 0.000472864646187452 0.00029949657189116 0.000250626574428329 0.000101181994310855 1.45672234042062e-05 6.60693380439493e-07
0 0 1.06563448457983e-08 7.03318759822686e-07 1.51213533361877e-05 0.000102236972450589 0.000237220892612315 0.000219648579961594 9.03764606372151e-05 6.26166823139106e-05 0.00026906205101156 0.000513369412946331 0.000360930399927187 0.00014550173252453 4.82945548411577e-05 1.82010369966234e-05 1.25318615386588e-05 4.99782573267939e-06 7.24631449514282e-07 3.19690345373948e-08
0 0 3.19690345373948e-08 2.67474255629537e-06 5.83648007204371e-05 0.000395691396814181 0.000917958857706754 0.000845559650824401 0.000328183452216049 0.000145032853351314 0.000626880798243775 0.0011523238499004 0.000626273386587564 0.000101235276035084 5.33882876774493e-06 2.98377655682351e-07 1.49188827841176e-07 5.32817242289913e-08 1.06563448457983e-08 0
