0 0 0 0 0 0 0 0 0 0 0 0 0 0 0 0 0 0 0 0 0 0 0 0 0 0 0 0 0 0 0 0 0 0 0 0 0 0 0 0 0 0 0 0 0 0 0 0 0 0 0 0 0 0 0 0 0 0 0 0
0 0 0 0 0 0 0 0 0 0 0 0 0 0 0 0 0 0 0 0 0 0 0 0 0 0 0 0 0 0 0 0 0 0 0 0 0 0 0 0 0 0 0 0 0 0 0 0 0 0 0 0 0 0 0 0 0 0 0 0
0 0 0 0 0 0 0 0 0 0 0 0 0 0 0 0 0 0 0 0 0 0 0 0 0 0 0 0 0 0 0 0 0 0 0 0 0 0 0 0 0 0 0 0 0 0 0 0 0 0 0 0 0 0 0 0 0 0 0 0
0 0 0 0 0 0 0 0 0 0 0 0 0 0 0 0 1.68126189310478e-10 1.68126189310478e-10 1.68126189310478e-10 1.68126189310478e-10 1.68126189310478e-10 0 0 0 0 0 0 0 0 0 0 0 0 0 0 0 0 0 0 0 0 0 0 0 0 0 0 0 0 0 0 0 0 0 0 0 0 0 0 0
0 0 0 0 0 0 0 0 0 0 0 1.68126189310478e-10 3.36252378620955e-10 6.7250475724191e-10 1.00875713586287e-09 1.5131357037943e-09 1.84938808241525e-09 2.18564046103621e-09 2.35376665034669e-09 2.18564046103621e-09 1.84938808241525e-09 1.34500951448382e-09 1.00875713586287e-09 5.04378567931433e-10 3.36252378620955e-10 1.68126189310478e-10 0 0 0 0 0 0 0 0 0 0 0 0 0 0 0 0 0 0 0 0 0 0 0 0 0 0 0 0 0 0 0 0 0 0
0 0 0 0 0 0 0 0 1.68126189310478e-10 3.36252378620955e-10 1.00875713586287e-09 2.01751427172573e-09 4.20315473276194e-09 7.73380470828197e-09 1.24413380089753e-08 1.81576284455316e-08 2.37057926927773e-08 2.77408212362288e-08 2.90858307507126e-08 2.74045688576078e-08 2.30332879355354e-08 1.74851236882897e-08 1.17688332517334e-08 7.22942614035053e-09 3.86690235414098e-09 1.84938808241525e-09 8.40630946552388e-10 3.36252378620955e-10 1.68126189310478e-10 0 0 0 0 0 0 0 0 0 0 0 0 0 0 0 0 0 0 0 0 0 0 0 0 0 0 0 0 0 0 0
0 0 0 0 0 0 1.68126189310478e-10 3.36252378620955e-10 1.17688332517334e-09 3.36252378620955e-09 8.2381832762134e-09 1.8662007013463e-08 3.7660266405547e-08 6.82592328600539e-08 1.10795158755605e-07 1.61401141738058e-07 2.10662115206028e-07 2.46809245907781e-07 2.59082457727446e-07 2.43782974500192e-07 2.05786455716025e-07 1.55684851301502e-07 1.0558324688698e-07 6.40560781272919e-08 3.49702473765793e-08 1.69807451203582e-08 7.39755232966101e-09 2.85814521827812e-09 1.00875713586287e-09 3.36252378620955e-10 1.68126189310478e-10 0 0 0 0 0 0 0 0 0 0 0 0 0 0 0 0 0 0 0 0 0 0 0 0 0 0 0 0 0
0 0 0 0 0 0 6.7250475724191e-10 2.35376665034669e-09 7.56567851897149e-09 2.11838998531202e-08 5.29597496328004e-08 1.19369594410439e-07 2.40924829281914e-07 4.36119335071379e-07 7.08315635565042e-07 1.03145417141978e-06 1.34702702875555e-06 1.5773599081109e-06 1.65587483851889e-06 1.55852977490813e-06 1.31508305278656e-06 9.94634535960785e-07 6.74354145324325e-07 4.09891649538944e-07 2.23271579404314e-07 1.08945770673189e-07 4.77478377641756e-08 1.8662007013463e-08 6.55692138310862e-09 2.01751427172573e-09 5.04378567931433e-10 0 0 0 0 0 0 0 0 0 0 0 0 0 0 0 0 0 0 0 0 0 0 0 0 0 0 0 0 0
0 0 0 0 0 1.68126189310478e-10 3.19439759689907e-09 1.10963284944915e-08 3.46339949979584e-08 9.70088112321455e-08 2.43278595932261e-07 5.47586998584225e-07 1.10526156852708e-06 2.00137415755192e-06 3.25021549175015e-06 4.73342473384718e-06 6.18132747618902e-06 7.23800057600537e-06 7.59863125207634e-06 7.1519199670784e-06 6.03455331292097e-06 4.56428978740084e-06 3.09453064044865e-06 1.880659553627e-06 1.02439287146874e-06 5.00175413198671e-07 2.18732172292931e-07 8.57443565483435e-08 3.00945878865755e-08 9.41506660138674e-09 2.69001902896764e-09 0 0 0 0 0 0 0 0 0 0 0 0 0 0 0 0 0 0 0 0 0 0 0 0 0 0 0 0 0
0 0 0 0 0 5.04378567931433e-10 1.05919499265601e-08 3.66515092696841e-08 1.14493934920435e-07 3.19944138257839e-07 8.0263442776822e-07 1.80617965176246e-06 3.64648891995495e-06 6.60265170660107e-06 1.07222477232757e-05 1.56152242107785e-05 2.03920255014678e-05 2.38777857844419e-05 2.50677829523815e-05 2.35938206506966e-05 1.99076539500643e-05 1.50575496408357e-05 1.02089584673108e-05 6.20402451174593e-06 3.3793364051406e-06 1.64982229570372e-06 7.21933856899191e-07 2.83124502798844e-07 9.95307040718027e-08 3.12714712117488e-08 8.74256184414483e-09 0 0 0 0 0 0 0 0 0 0 0 0 0 0 0 0 0 0 0 0 0 0 0 0 0 0 0 0 0
0 0 0 0 0 1.17688332517334e-09 2.50508022072612e-08 8.72574922521378e-08 2.71860048115042e-07 7.60266628061979e-07 1.90705536534875e-06 4.29175723452856e-06 8.66404691373684e-06 1.568802285075e-05 2.54766658447846e-05 3.71024237094148e-05 4.84522864973865e-05 5.67345188351993e-05 5.95618969608336e-05 5.60598284374963e-05 4.73011264791777e-05 3.57770849590803e-05 2.42567422151478e-05 1.47411361525534e-05 8.0295386752791e-06 3.92003022996309e-06 1.71522338334549e-06 6.7250475724191e-07 2.36385422170531e-07 7.44799018645415e-08 2.06795212851887e-08 0 0 0 0 0 0 0 0 0 0 0 0 0 0 0 0 0 0 0 0 0 0 0 0 0 0 0 0 0
0 0 0 0 0 2.18564046103621e-09 4.30403044634823e-08 1.49632308486325e-07 4.66382049147265e-07 1.30398672429206e-06 3.27123126541396e-06 7.36174145133788e-06 1.48615145040997e-05 2.69101097348457e-05 4.37007041350938e-05 6.36426558277775e-05 8.31115004237415e-05 9.73179952942875e-05 0.000102167931477327 9.61607827332635e-05 8.11368583302899e-05 6.13694216221105e-05 4.16080374567463e-05 2.52858426199172e-05 1.37730655545036e-05 6.72403881528324e-06 2.94204018674405e-06 1.1536819110485e-06 4.05352242427561e-07 1.27607777686652e-07 3.54746259445108e-08 0 0 0 0 0 0 0 0 0 0 0 0 0 0 0 0 0 0 0 0 0 0 0 0 0 0 0 0 0
0 0 0 0 0 2.69001902896764e-09 5.34641282007319e-08 1.85947565377388e-07 5.79194722174595e-07 1.61939145543852e-06 4.06243311230907e-06 9.14236592232515e-06 1.8456220557747e-05 3.34189470278115e-05 5.42707976570435e-05 7.90362897210448e-05 0.000103214012627217 0.00012085667055489 0.000126879623160749 0.000119419527888664 0.000100761724029934 7.62129466239539e-05 5.16720711488715e-05 3.14017690084644e-05 1.71044859956907e-05 8.35032344448349e-06 3.65355021990599e-06 1.43277138530389e-06 5.0353793698488e-07 1.5854299651978e-07 4.40490615993451e-08 0 0 0 0 0 0 0 0 0 0 0 0 0 0 0 0 0 0 0 0 0 0 0 0 0 0 0 0 0
0 0 0 0 0 2.35376665034669e-09 4.82522163321071e-08 1.67621810742546e-07 5.22536196376964e-07 1.46084845891874e-06 3.66464654840048e-06 8.24743021662547e-06 1.66495365274166e-05 3.01472113838297e-05 4.89576738224538e-05 7.12984499842194e-05 9.31089561448997e-05 0.000109023949351219 0.000114456947158787 0.000107727192053067 9.08959111150059e-05 6.87508338375977e-05 4.66126497339513e-05 2.83272453845437e-05 1.54297810239691e-05 7.53289391205595e-06 3.2959458152426e-06 1.29255414341895e-06 4.5427696351691e-07 1.43075387103216e-07 3.98459068665832e-08 0 0 0 0 0 0 0 0 0 0 0 0 0 0 0 0 0 0 0 0 0 0 0 0 0 0 0 0 0
0 0 0 0 0 1.68126189310478e-09 3.17758497796803e-08 1.10458906376984e-07 3.43986183329237e-07 9.61513676666621e-07 2.41193831184811e-06 5.42744964332084e-06 1.09559431264173e-05 1.98367046981753e-05 3.22119691147516e-05 4.6908719953327e-05 6.1255432065758e-05 7.1722800486039e-05 7.52941369993722e-05 7.08648525419877e-05 5.9791725461621e-05 4.52242636626253e-05 3.06621819016876e-05 1.86347705707947e-05 1.01514593105666e-05 4.95703256563012e-06 2.17000472543033e-06 8.51727275046879e-07 2.99768995540581e-07 9.46550445817989e-08 2.65639379110555e-08 1.68126189310478e-10 0 0 0 0 0 0 0 0 0 0 0 0 0 0 0 0 0 0 0 0 0 0 0 0 0 0 0 0
0 0 0 0 0 8.40630946552388e-10 1.56357356058744e-08 5.43047591472842e-08 1.68630567878409e-07 4.70417077690716e-07 1.17822833468783e-06 2.6476512292614e-06 5.33750213203973e-06 9.65262890688245e-06 1.56575920104848e-05 2.27792492634873e-05 2.9720170862981e-05 3.47721947255716e-05 3.64800205565874e-05 3.43165727525402e-05 2.89452772564491e-05 2.18928879934425e-05 1.48510906803624e-05 9.03846393733127e-06 4.9390430633739e-06 2.42656529031812e-06 1.07483072826188e-06 4.31243675581375e-07 1.58038617951849e-07 5.36322543900423e-08 1.69807451203582e-08 2.18564046103621e-09 8.40630946552388e-10 3.36252378620955e-10 1.68126189310478e-10 0 0 0 0 0 0 0 0 0 0 0 0 0 0 0 0 0 0 0 0 0 0 0 0 0
0 0 0 0 0 1.00875713586287e-09 7.90193089759244e-09 2.65639379110555e-08 8.03643184904083e-08 2.18227793725e-07 5.33968777250077e-07 1.17469768471231e-06 2.32266330532425e-06 4.12632106424705e-06 6.5855028352914e-06 9.440117403594e-06 1.21535059728758e-05 1.40540044168414e-05 1.4601255163047e-05 1.36382283506766e-05 1.14683917514356e-05 8.70473345154997e-06 5.99252176559335e-06 3.77359231907367e-06 2.20413434186036e-06 1.21841049393303e-06 6.52497740713963e-07 3.449949404651e-07 1.80567527319453e-07 9.23012779314522e-08 4.4721566356587e-08 1.93345117707049e-08 8.2381832762134e-09 3.19439759689907e-09 1.17688332517334e-09 3.36252378620955e-10 1.68126189310478e-10 0 0 0 0 0 0 0 0 0 0 0 0 0 0 0 0 0 0 0 0 0 0 0
0 0 0 1.68126189310478e-10 5.04378567931433e-10 4.20315473276194e-09 1.49632308486325e-08 4.4721566356587e-08 1.2323649676458e-07 3.09520314520589e-07 7.0428060702159e-07 1.44790274234183e-06 2.68379835996315e-06 4.47938606179905e-06 6.728241970016e-06 9.09596309407545e-06 1.10771621089101e-05 1.21758667560541e-05 1.21284551706685e-05 1.10307592806604e-05 9.28174253326353e-06 7.37889032264755e-06 5.69661967240691e-06 4.38086411486311e-06 3.38690208365957e-06 2.59704524627895e-06 1.92269110095462e-06 1.33794821453278e-06 8.58284196429988e-07 5.01520422713154e-07 2.64294369596071e-07 1.25758389604237e-07 5.39685067686633e-08 2.08476474744992e-08 7.22942614035053e-09 2.18564046103621e-09 5.04378567931433e-10 0 0 0 0 0 0 0 0 0 0 0 0 0 0 0 0 0 0 0 0 0 0 0
0 1.68126189310478e-10 5.04378567931433e-10 1.5131357037943e-09 4.37128092207242e-09 2.06795212851887e-08 6.0189175773151e-08 1.64091160767026e-07 4.19642968518952e-07 9.95643293096648e-07 2.17151786113413e-06 4.32067493908996e-06 7.79920579592374e-06 1.27237900070169e-05 1.87274081011048e-05 2.48532539348213e-05 2.97722899816673e-05 3.2304774771251e-05 3.19849987591825e-05 2.92956522349721e-05 2.53867183335035e-05 2.14529017560169e-05 1.81821748691709e-05 1.56032872513375e-05 1.33418218789223e-05 1.10287417663887e-05 8.56535684061159e-06 6.1265183384738e-06 3.98828946282315e-06 2.3475459813422e-06 1.24278879138305e-06 5.93317322076675e-07 2.54711176805373e-07 9.81856945573189e-08 3.41296164300269e-08 1.07600761158706e-08 2.69001902896764e-09 1.68126189310478e-10 0 0 0 0 0 0 0 0 0 0 0 0 0 0 0 0 0 0 0 0 0 0
1.68126189310478e-10 1.17688332517334e-09 3.86690235414098e-09 1.1264454683802e-08 2.97583355079545e-08 9.51594231497303e-08 2.44119226878813e-07 5.89954798290466e-07 1.36014087152176e-06 2.97415228890235e-06 6.10819258383896e-06 1.16603918596282e-05 2.04856717889138e-05 3.28701831459022e-05 4.79418553866399e-05 6.34082879198787e-05 7.60735700130156e-05 8.31093147832804e-05 8.34302676786741e-05 7.82457603789069e-05 7.031810617435e-05 6.23756568651337e-05 5.57543431515192e-05 5.01179126548854e-05 4.4265608131177e-05 3.72865218867098e-05 2.92307555258982e-05 2.09907228616024e-05 1.36809324027615e-05 8.05324446797187e-06 4.26468891804957e-06 2.03584002636057e-06 8.75096815361036e-07 3.39278650028544e-07 1.1953772059975e-07 3.90052759200308e-08 1.10963284944915e-08 1.84938808241525e-09 1.34500951448382e-09 8.40630946552388e-10 5.04378567931433e-10 1.68126189310478e-10 1.68126189310478e-10 0 0 0 0 0 0 0 0 0 0 0 0 0 0 0 0 0
1.34500951448382e-09 6.89317376172958e-09 2.11838998531202e-08 5.93485448265986e-08 1.52826706083224e-07 4.00140330558937e-07 9.2234027455728e-07 1.98775593621778e-06 4.06714064560976e-06 7.94026366875523e-06 1.47935915236182e-05 2.61690094923651e-05 4.35290472958078e-05 6.73701815709801e-05 9.61922223306645e-05 0.000125980652426506 0.000151064575493061 0.000166366580613154 0.000169902610626732 0.000163798621197626 0.000152887904016133 0.000141714069348369 0.000132014196982291 0.00012238073446099 0.000110094576924748 9.3560711215577e-05 7.35854705374098e-05 5.2872324014359e-05 3.44498968206634e-05 2.02773634403581e-05 1.07552004563806e-05 5.154076459502e-06 2.23910458923694e-06 8.91405055724152e-07 3.35916126242334e-07 1.28616534822515e-07 5.2119118686248e-08 2.32014141248459e-08 1.59719879844954e-08 1.00875713586287e-08 5.71629043655624e-09 3.02627140758860e-09 1.34500951448382e-09 6.7250475724191e-10 1.68126189310478e-10 0 0 0 0 0 0 0 0 0 0 0 0 0 0 0
6.89317376172958e-09 2.97583355079545e-08 8.86025017666217e-08 2.41765460228467e-07 6.02228010110131e-07 1.42554195916354e-06 3.05855163593621e-06 6.06969168648686e-06 1.12710116051851e-05 1.97519690987628e-05 3.29433180382522e-05 5.25792800663908e-05 8.02557089721137e-05 0.000116449410628305 0.000159253665921996 0.000203581312617028 0.000242079519950099 0.000267956998630199 0.000278332065772549 0.000275707952209791 0.000266125263797662 0.000255017334596108 0.000243742287962379 0.000229338749197961 0.000207521517989709 0.00017646945145501 0.000138615335553188 9.9491866922072e-05 6.48647650978753e-05 3.83267186199737e-05 2.05369502766534e-05 1.0060166789771e-05 4.58900433722948e-06 2.03331813352092e-06 9.51257979118682e-07 5.14634265479372e-07 3.17590371607492e-07 2.09148979502234e-07 1.4425227042839e-07 9.09562684169683e-08 5.2119118686248e-08 2.69001902896764e-08 1.26094641982858e-08 5.38003805793528e-09 2.01751427172573e-09 6.7250475724191e-10 1.68126189310478e-10 0 0 0 0 0 0 0 0 0 0 0 0 0
2.67320641003659e-08 1.01211965964907e-07 2.91867064642989e-07 7.69681694663366e-07 1.85325498476939e-06 4.13287798563016e-06 8.42379458921217e-06 1.58016761547239e-05 2.74775356237686e-05 4.45874016575173e-05 6.81297756942848e-05 9.90142204182409e-05 0.000137943671426893 0.000184865337096797 0.000237915706745635 0.000292390609596502 0.000341144682603701 0.000377013564462144 0.000396195081400577 0.000400123854192384 0.000393995318339639 0.000382665966946763 0.000367008711188657 0.000343655142862485 0.000308346625593013 0.00026018855992692 0.000203522132198391 0.000146276509747688 9.6249889613598e-05 5.81072691709193e-05 3.25117381102922e-05 1.73053967919168e-05 9.21785458132555e-06 5.28370175146038e-06 3.4467550070541e-06 2.50659335642991e-06 1.87847391316597e-06 1.36804280241936e-06 9.42851669653158e-07 5.93989826833917e-07 3.39614902407165e-07 1.75355615450828e-07 8.17093280048921e-08 3.42977426193374e-08 1.29457165769068e-08 4.37128092207242e-09 1.34500951448382e-09 3.36252378620955e-10 0 0 0 0 0 0 0 0 0 0 0 0
8.12049494369606e-08 2.75054445711941e-07 7.65310413741294e-07 1.94908691267637e-06 4.53049642334944e-06 9.66540649727004e-06 1.8887296107139e-05 3.39236618481216e-05 5.63130264785979e-05 8.68607144453651e-05 0.000125490732710855 0.00017151241888938 0.000224070515055918 0.000282279164318991 0.000344548901684859 0.000407317637580601 0.000464577718883585 0.000509259775585684 0.000536107174251917 0.000544042057882614 0.000535968470145735 0.000515949684784537 0.000486002375439797 0.000445220678203512 0.000391981166591699 0.000327298986535415 0.000256438841526728 0.000187548631078192 0.000128284317472438 8.3073335778768e-05 5.2298341204053e-05 3.34495459942661e-05 2.28545697962984e-05 1.70876733767597e-05 1.36856399360622e-05 1.11529870202891e-05 8.80829918416523e-06 6.54162189988137e-06 4.49569430216217e-06 2.82166183519774e-06 1.60762262218679e-06 8.28525860922033e-07 3.85345225899614e-07 1.62241772684611e-07 6.15341852876348e-08 2.10157736638097e-08 6.55692138310862e-09 1.5131357037943e-09 0 0 0 0 0 0 0 0 0 0 0 0
2.03096436687057e-07 6.21394395691525e-07 1.65301669330062e-06 4.0388954458056e-06 9.02871261835126e-06 1.84972433479387e-05 3.47683278232174e-05 6.01190671522085e-05 9.61438019881431e-05 0.000143012171656036 0.000199493828702512 0.00026358504520337 0.000333397259674085 0.000407503417019789 0.000484208300873665 0.000560002277033858 0.000628629369996123 0.000682017505159286 0.000713027372020468 0.000718397658759423 0.000699790629009865 0.000662177942315893 0.000610814887102974 0.000549106354957024 0.000478868949353543 0.000402351862453127 0.000323887538028116 0.000249712617070984 0.00018585190157567 0.000136036447935355 0.000100727090034936 7.76980052541334e-05 6.33358255322858e-05 5.38723385883777e-05 4.63507091310055e-05 3.89381935704959e-05 3.10458458656942e-05 2.30529586996847e-05 1.57603171121535e-05 9.84160274366742e-06 5.58700139697648e-06 2.87495783720917e-06 1.33962947642589e-06 5.67089636544241e-07 2.17891541346379e-07 7.58249113790254e-08 2.43782974500192e-08 6.05254281517719e-09 6.7250475724191e-10 3.36252378620955e-10 1.68126189310478e-10 0 0 0 0 0 0 0 0 0
4.75965241937962e-07 1.2981023076662e-06 3.21474086580564e-06 7.37771343932237e-06 1.56164010941037e-05 3.04673236482768e-05 5.48351972745588e-05 9.11913088296244e-05 0.000140827035573567 0.00020319075547926 0.00027633001911024 0.000357858611461623 0.000445846107627747 0.000538608219444099 0.000633398437482104 0.000724794692136498 0.000804350323656322 0.000862358230249359 0.000891175731601932 0.000888344150321565 0.000857541751177993 0.000806682906406816 0.000744207214459043 0.000675782881681086 0.000603525776165418 0.000527882441070848 0.000450300442887339 0.000374671230392671 0.000306305741780973 0.000249812820279813 0.000207158533546987 0.000177109339731526 0.000155981594025635 0.00013902455469797 0.000122188229974229 0.000103199385648747 8.20800462523217e-05 6.06094912464271e-05 4.11843594596839e-05 2.56069636415002e-05 1.45250939992894e-05 7.51019687649903e-06 3.54712634207246e-06 1.54171715597708e-06 6.20049386177041e-07 2.3251851981639e-07 8.35587160873073e-08 2.58914331538135e-08 6.55692138310862e-09 2.52189283965716e-09 8.40630946552388e-10 3.36252378620955e-10 0 0 0 0 0 0 0 0
1.17167141330472e-06 2.84688076359432e-06 6.4104834722192e-06 1.34679165209051e-05 2.63524351649029e-05 4.80099464933107e-05 8.14921089683029e-05 0.000128972626091475 0.000191073228510897 0.000266455968012036 0.000352642496438266 0.000447095285214324 0.000547810942668387 0.000652394679359916 0.000756380054943689 0.000852080340044431 0.000929531367926468 0.000979552103643931 0.000997493858062388 0.000985588001966367 0.000952284221378233 0.00090864908645697 0.000863492241396258 0.000819678892714327 0.000774013970309519 0.000720768069902512 0.000656518478531323 0.000583390647481217 0.000508459158672187 0.00044031778227084 0.00038490002775032 0.000343006007645557 0.000310526213511234 0.000280704158177531 0.000247603305899894 0.000208532797018411 0.000164933136723093 0.000121126176836355 8.20686136714486e-05 5.11567643786349e-05 2.93640795940215e-05 1.55930315537895e-05 7.73296407733541e-06 3.63572884383908e-06 1.64040722910233e-06 7.15376935516082e-07 3.05317159787827e-07 1.20042099167681e-07 4.30403044634823e-08 1.66444927417373e-08 5.88441662586671e-09 1.84938808241525e-09 5.04378567931433e-10 0 0 0 0 0 0 0
2.94943773907371e-06 6.5580982664338e-06 1.35526521203176e-05 2.61189078879506e-05 4.70459109238044e-05 7.93923809900044e-05 0.000125816393139549 0.000187567797463773 0.000263995104979098 0.000352422923635026 0.000449172316157066 0.000550611420603731 0.000653644361325061 0.000754685679207818 0.000848358362465476 0.000927127331545517 0.000983146305319011 0.00101166824083078 0.00101417903734194 0.00099925380301209 0.000979986877969488 0.000968706619423891 0.000971237254825392 0.000983352932405673 0.000992081035397537 0.000981714878943221 0.00094167596321131 0.000872148218252908 0.000783953590621554 0.000693019851113953 0.000612661248913982 0.000548024294802622 0.000495375242367667 0.000445731277440448 0.000390775869940532 0.000327168016233942 0.000257799823029196 0.000189551686497637 0.000129723141400557 8.2874610623003e-05 4.98595027019152e-05 2.86285275157881e-05 1.59233995157846e-05 8.67211697082374e-06 4.6133826346795e-06 2.36486297884118e-06 1.15485879437367e-06 5.17996789265581e-07 2.12511503288444e-07 8.28862113300654e-08 2.90858307507126e-08 9.07881422276579e-09 2.35376665034669e-09 1.68126189310478e-10 0 0 0 0 0 0
6.91065888541787e-06 1.4356463431411e-05 2.77156023078322e-05 4.98645464875945e-05 8.39526357488618e-05 0.000132823556457631 0.000198215397158995 0.000279875968568987 0.000375245885707734 0.000479576088105783 0.00058708152171515 0.000692089777034688 0.000789893657016082 0.000876297572605091 0.000947058186909706 0.000997941578104522 0.00102636381478603 0.00103389923059092 0.00102807281750037 0.00102195588235468 0.00103070029358691 0.00106566112589689 0.00112834764808606 0.00120681550316104 0.00127772205099798 0.00131425671256609 0.00129711507068257 0.00122325673133991 0.00110722208802063 0.000973955855306543 0.000847231076366149 0.000740095520373266 0.000652199316727937 0.000574207090642511 0.000495902149844966 0.000412463139604448 0.000326376814387047 0.000244647815618005 0.000174474129840273 0.000119712067458064 8.01788753035988e-05 5.29642890399118e-05 3.44734344871669e-05 2.182765503199e-05 1.31784032229125e-05 7.4407607603138e-06 3.88236996355755e-06 1.84098177294973e-06 7.91874351652349e-07 3.11874081170936e-07 1.10458906376984e-07 3.51383735658898e-08 9.07881422276579e-09 8.40630946552388e-10 0 0 0 0 0 0
1.44109363167476e-05 2.81149020074446e-05 5.09620742514133e-05 8.61705564382456e-05 0.00013669836074267 0.000204635631950194 0.00029052575390467 0.000392792543581311 0.000507461834117197 0.000628266553679591 0.00074775803957728 0.000858624315710963 0.000955165568010636 0.00103359475406208 0.00109197085700971 0.00113003731628863 0.0011499039474485 0.00115731831239709 0.00116239589144046 0.00117876415285316 0.00122032696436498 0.001295849921108 0.00140324960334429 0.00152589244653442 0.00163447607339583 0.00169528428979803 0.00168266843680455 0.00159011496958913 0.00143360697246476 0.00124451292545443 0.00105601438140663 0.000890450267095058 0.000754125314618846 0.000640984459269982 0.000541183240159579 0.000448330172074809 0.000362111363420232 0.000285861765287008 0.000222735256860414 0.000172920307598666 0.000133836348622038 0.000102008884102239 7.49846166848516e-05 5.20402675034614e-05 3.35204952461551e-05 1.9801902576988e-05 1.06597047808522e-05 5.19274548304341e-06 2.28718867937974e-06 9.12588955577272e-07 3.273416905875e-07 1.0558324688698e-07 2.85814521827812e-08 3.36252378620955e-09 0 0 0 0 0 0
2.64422145499947e-05 4.85950256321111e-05 8.28046701282498e-05 0.00013161943668979 0.000196732187916898 0.000278903526690015 0.000377886643763234 0.000492308956927023 0.000619044159691154 0.000752673376847961 0.000885996099961655 0.00101132038774509 0.00112256007214523 0.00121627108817405 0.00129181455631217 0.00135073521998698 0.00139653716523607 0.00143513473514703 0.00147508370336766 0.00152660109842236 0.00159885971707373 0.00169574899058528 0.00181185945881594 0.00193008260074147 0.00202340776716582 0.00206152567305867 0.00202118446643838 0.00189612649053881 0.00170130287112296 0.00146765017203348 0.00123015461263494 0.0010154803340472 0.000835638943739381 0.000690089579760461 0.000572610732475007 0.000477461228770447 0.000401670447007851 0.000343167072534916 0.000298395740826293 0.000261446480075341 0.000225954537133331 0.000187854116364169 0.000146977595957113 0.00010651214408292 7.07530486260962e-05 4.27955127318462e-05 2.34863880157272e-05 1.1654339316813e-05 5.22435320663378e-06 2.11519558771512e-06 7.69849820852677e-07 2.51853031587095e-07 7.0781125699711e-08 1.0928202305181e-08 0 0 0 0 0 0
4.19135227427234e-05 7.31873477211226e-05 0.000118044255660105 0.000177282005327948 0.000250575776926904 0.000337553675326218 0.000438677711294116 0.000555369559887407 0.00068831719347275 0.0008354027264434 0.000990895913889088 0.00114660783350707 0.0012948638610077 0.00143074092531559 0.00155275060527677 0.00166193847766256 0.00176091386093108 0.00185349641397724 0.00194438005188043 0.00203768168063828 0.00213462761267562 0.00223119526078702 0.00231758673503802 0.00237921742475832 0.00239926865847405 0.00236216942916223 0.0022581865754713 0.00208816526775491 0.00186615076786808 0.00161655415786772 0.00136665122195043 0.00113815074993237 0.000942460944389201 0.000782151614124524 0.000655442134667358 0.000559804728761418 0.000492393020021678 0.000447868161306584 0.000417167646633734 0.00038872338542143 0.000352329781726148 0.000303095540322279 0.000243064739419458 0.000179531029362354 0.000121202169873923 7.44119788840601e-05 4.14283105603734e-05 2.08595844339403e-05 9.48719273660094e-06 3.89329816586273e-06 1.43579765671148e-06 4.75965241937962e-07 1.38367853802523e-07 2.48826760179507e-08 0 0 0 0 0 0
5.5601012066868e-05 9.34230158665317e-05 0.000144481090172041 0.000207687794790937 0.00028131865939946 0.000365430174397221 0.000463552485381169 0.000582436867609258 0.000728542729274796 0.000903705672112674 0.00110256734634338 0.00131379604680738 0.00152463166824078 0.00172539333653688 0.00191149793177509 0.00208253152727731 0.00224016109421057 0.00238628360036885 0.00252174942801768 0.00264446523797397 0.0027477575974054 0.00282018635976036 0.00284864692921302 0.00282281333146833 0.00273854915789068 0.00259833780042237 0.00240984026513171 0.00218470921007362 0.00193843359669071 0.00168891768726122 0.00145299192209226 0.00124240933057378 0.00106192754761087 0.000911552121367794 0.000789991506458261 0.000696585807589228 0.000629998925934246 0.000585226921720866 0.000552310167620525 0.00051823367906632 0.000471560840156595 0.000407119080551025 0.00032805841253253 0.000243884354592347 0.00016597753661109 0.000102848338165466 5.78384353942119e-05 2.94323388268815e-05 1.35296188323821e-05 5.60902592777615e-06 2.08896790218268e-06 6.99573073720897e-07 2.08140222366371e-07 4.13590425703775e-08 0 0 0 0 0 0
5.98586396849666e-05 9.81910745953768e-05 0.000148104545804061 0.000207942842220121 0.000276619364282043 0.000356839934880591 0.000456952019315029 0.00058976347068703 0.000767092383221795 0.000993289022067733 0.0012610829382943 0.00155307710633641 0.00184817824635697 0.00212891048160812 0.00238527484323298 0.00261399993183996 0.00281517670369747 0.00298893663348555 0.00313387586752347 0.00324576485526672 0.00331688122458792 0.00333653551237069 0.00329454078467853 0.00318584283200839 0.0030137675266372 0.00278961748789374 0.00252959772666088 0.00225173372419937 0.00197433509502988 0.00171446496610551 0.00148518489294762 0.00129271335892023 0.00113552108820537 0.00100740220690321 0.000901736746309659 0.000814457565779101 0.00074339583746943 0.000685462410778258 0.000634462676260439 0.00058157337150096 0.000518431563591138 0.00044113453929851 0.000352616100626544 0.000261433534358764 0.000178133396350616 0.000110798016900823 6.26431456323267e-05 3.20751143966529e-05 1.48401624780572e-05 6.19124692135834e-06 2.31997328629528e-06 7.82123032672341e-07 2.36217295981221e-07 4.94290996572804e-08 0 0 0 0 0 0
5.15796017447507e-05 8.42337427373889e-05 0.000127119707359084 0.000180192101538723 0.000245276943818405 0.000328994034776043 0.000443926947176768 0.00060651455543279 0.000830631977695526 0.00112035963657954 0.00146525370133105 0.00184206215184224 0.0022220732381336 0.00257998312808296 0.00289889934281936 0.00316999475302541 0.00338896768202144 0.00355306724909793 0.00366105739051108 0.00371368660405569 0.00371321736386133 0.00366148661667239 0.00355879530836774 0.00340454827223722 0.00319956663658942 0.00294837652656678 0.00266067747828299 0.00235187892949311 0.00204231221214427 0.00175409920209975 0.00150555119514212 0.00130572145031337 0.00115201208173627 0.00103325211288827 0.000935572141908393 0.000848291784494509 0.000766018224998291 0.000687279854884704 0.000611447041574781 0.000536698474059722 0.000460120021100207 0.000379889194804111 0.000297519971506175 0.000217909698974824 0.000147568727638728 9.15981742077557e-05 5.18099346241061e-05 2.65768836276324e-05 1.23268440740549e-05 5.15643022615235e-06 1.93782245799256e-06 6.55860264500173e-07 1.99733912900847e-07 4.28721782741718e-08 0 0 0 0 0 0
3.64737998875829e-05 6.14692885785609e-05 9.71808043238102e-05 0.000146856713226998 0.000216312163923996 0.000315498209307712 0.000458411186512055 0.000660554347705721 0.000933121366446814 0.00127706551822872 0.00167920453292618 0.002113977009095 0.00254993595178177 0.00295777141802545 0.00331495718847745 0.0036060322106426 0.00382053415988629 0.00395246227625965 0.00400295611907384 0.00398245783782073 0.00390906840242005 0.00380195638409367 0.00367329025204531 0.00352342727442725 0.00334275702200613 0.00311914229704943 0.00284725871126789 0.00253518472805786 0.00220466511624001 0.00188496677847095 0.00160270678053754 0.0013728123742839 0.00119463459261931 0.00105538794322526 0.000937617397001355 0.000827447331417607 0.000718624797241182 0.000612007574289942 0.00051161371036222 0.000420673077680857 0.000339608009233403 0.00026700355501062 0.000201763364132014 0.000144257986718826 9.62137424828963e-05 5.91773923658805e-05 3.32874723477708e-05 1.70180691343852e-05 7.87637571681725e-06 3.28989327242742e-06 1.23539123905339e-06 4.18466085193779e-07 1.27775903875963e-07 2.72364426682974e-08 0 0 0 0 0 0
2.34119081138626e-05 4.31835479767748e-05 7.58444140169854e-05 0.00012807651350245 0.000209044909391051 0.000330226567869878 0.00050400852218876 0.000741236424693926 0.00104709797708274 0.00141785640667159 0.00183878352302449 0.00228595177500498 0.00273078088731359 0.003145591236647 0.00350676815470704 0.0037955766677141 0.00399801976602949 0.00410686550162004 0.0041262006858955 0.00407411973185423 0.00397951966453633 0.00387183820280676 0.00376807525817145 0.00366453188633937 0.00353932864941223 0.00336492210630006 0.00312421029290001 0.00282148933772751 0.0024820119625432 0.0021415892137964 0.00183199879065487 0.00156996790394549 0.00135426519745774 0.00117148748325361 0.00100537208316729 0.000845651026439009 0.000691171135536295 0.00054780051884465 0.000422916889803395 0.00032074357828801 0.000240447014651894 0.000177885410221383 0.000128451771156991 8.89369047571602e-05 5.79897489645913e-05 3.50812106615242e-05 1.94641370626633e-05 9.83050641517293e-06 4.50073808784148e-06 1.86098878947768e-06 6.92679899959167e-07 2.32854772195011e-07 7.06129995104006e-08 1.32819689555277e-08 0 0 0 0 0 0
1.59740054987671e-05 3.33184075666039e-05 6.54806113293196e-05 0.000121260341535425 0.000211494676095494 0.000347530115273713 0.000538876548842239 0.000790935871263618 0.00110252968607697 0.00146520460848377 0.00186324924609296 0.00227597045939799 0.00268080739505532 0.00305655446493339 0.00338467945543689 0.00364990255410271 0.00384062776140173 0.0039517097434363 0.00398899441593493 0.00397156090698676 0.00392794191217967 0.00388517397214287 0.00385496388156424 0.0038251784777398 0.00376392539944069 0.00363547749518606 0.00341989331766178 0.00312502973994671 0.00278336621992279 0.00243673003159764 0.0021181936139229 0.00184097504790216 0.00159877178707673 0.00137566194506653 0.00115787212006468 0.000942263059864382 0.000736605556935559 0.000553948389209166 0.00040470394784158 0.000291811751126706 0.00021039597144835 0.000151862334261339 0.000108197945383136 7.43060593847945e-05 4.80763563380883e-05 2.87959812003413e-05 1.57599808597749e-05 7.82627411240273e-06 3.51921739464692e-06 1.42722322105664e-06 5.2102306067317e-07 1.71488713096687e-07 5.07741091717642e-08 6.38879519379815e-09 0 0 0 0 0 0
1.19850435311867e-05 2.7226523223128e-05 5.71324735252972e-05 0.000110853162290917 0.000199299979206237 0.000333045203433668 0.000519486723555251 0.000760412225341922 0.00105019469336365 0.0013764408737016 0.00172172146056234 0.00206704845025133 0.00239521883482594 0.00269323175231917 0.00295214171257639 0.00316639500318609 0.00333274981496599 0.00345150440377593 0.00352948654229 0.00358161709355712 0.00362787247513879 0.00368416297270802 0.00375061451278061 0.0038049819829965 0.00380841192538463 0.00372292698754639 0.00353169504791278 0.00324973145645113 0.00291751192073316 0.00258176677882536 0.00227532451857866 0.00200681858794037 0.00176421031112489 0.00152818165272807 0.00128599352325968 0.00103962123731791 0.000803754988819974 0.00059716135926907 0.00043270788656408 0.00031234365761768 0.000228030727445126 0.000167973194478205 0.000122223200221606 8.53201741727132e-05 5.57380349111561e-05 3.3491745667783e-05 1.82928019017372e-05 9.03190701594816e-06 4.02729473874318e-06 1.61720581497748e-06 5.84070381664599e-07 1.89646341542219e-07 5.53135162831471e-08 4.53940711138289e-09 0 0 0 0 0 0
8.77971773198245e-06 2.08357105150582e-05 4.52520044838616e-05 9.02195394554098e-05 0.000165709375339139 0.000281514694536196 0.00044435566895951 0.000655028712367843 0.000906325918773078 0.00118356516431511 0.00146707366733034 0.00173689316788572 0.00197760010562629 0.00218169554813023 0.00234927431856831 0.00248615240620735 0.00260026133215427 0.00269991964400376 0.0027943082085755 0.00289420744525427 0.00301022376281891 0.00314651004627158 0.00329224754345634 0.00341757384875405 0.00348025263713851 0.00344285195756926 0.00329162295466305 0.00304517064065518 0.00274647328144526 0.00244285671806231 0.00216623180561602 0.00192387084242501 0.00170291402439513 0.00148400330208915 0.00125506452509555 0.00101897803128962 0.000791333994079905 0.000591507611774937 0.000432580446912582 0.000316422735222731 0.000234721645401115 0.00017559906217295 0.000129343344338905 9.10354558521336e-05 5.97537289428368e-05 3.59786682600636e-05 1.9657314054181e-05 9.70104924940386e-06 4.31630365816789e-06 1.7298503618155e-06 6.23411909963251e-07 2.01751427172573e-07 5.86760400693567e-08 4.37128092207242e-09 0 0 0 0 0 0
5.83784567142771e-06 1.42777803748137e-05 3.18533559529524e-05 6.51216619151417e-05 0.000122408307156037 0.000212394991839251 0.000341611569031416 0.00051151602904623 0.000716049104020945 0.000941262709037985 0.00116730517616832 0.00137311432891991 0.00154218858181191 0.00166753001846665 0.00175267853580008 0.00181012019338752 0.00185630563447443 0.00190725711677592 0.00197623660223098 0.00207310620497838 0.00220328227833293 0.00236412120609394 0.00253962443633898 0.00269858169578922 0.00280087219125856 0.00281217985437301 0.00271958670937692 0.00253819183307987 0.00230402685349156 0.00205732403146161 0.00182627022700649 0.00161946374969992 0.00142917852863832 0.00124169815679299 0.00104812136119707 0.000850602847092771 0.000661124127361295 0.000494809497740637 0.000362031503480309 0.000264436268099849 0.000195427528687849 0.000145465637136643 0.000106616382320293 7.47452049912735e-05 4.89215266917521e-05 2.93972004533156e-05 1.60360440626227e-05 7.90949657611142e-06 3.51350110421036e-06 1.4072162045287e-06 5.0690046077109e-07 1.63923034577716e-07 4.75797115748651e-08 3.36252378620955e-09 0 0 0 0 0 0
3.69339612677257e-06 9.24626790731902e-06 2.10383025731773e-05 4.38286481651591e-05 8.38040121975113e-05 0.000147741225108961 0.000241202909999034 0.000366247435803459 0.000519302457251766 0.000690161705895675 0.000862768626277466 0.00101831107469662 0.00114005999093818 0.00121869983910483 0.0012551817090495 0.00126102022722569 0.00125435267881001 0.00125475702229531 0.00127881772937372 0.00133765231243959 0.00143557388075351 0.00156837188203036 0.00172095177886768 0.00186739708730943 0.00197608444802965 0.00202018983190242 0.00198822164576217 0.00188806736165421 0.0017419641900077 0.00157563342027287 0.00140802623650879 0.00124688215971419 0.0010906843554091 0.000934535812077483 0.000776226679087034 0.000619549210763843 0.000473390389348672 0.000347665288729918 0.000248606010492942 0.00017659369670891 0.00012655749338203 9.15351268867643e-05 6.5585858323828e-05 4.5271170869443e-05 2.93380200346783e-05 1.75246333427776e-05 9.52115422684165e-06 4.68937567224784e-06 2.07820782606681e-06 8.31888384708243e-07 2.99600869351271e-07 9.6840685042835e-08 2.80770736148497e-08 2.01751427172573e-09 0 0 0 0 0 0
2.66732199341073e-06 6.68520166555252e-06 1.51490102878206e-05 3.13743644396068e-05 5.94907795827552e-05 0.000103903666255768 0.000168138966900865 0.000253572962503742 0.000358335249208318 0.000476571841228994 0.000598354887086985 0.000710638466996555 0.000799685998786282 0.000855043732257218 0.000873249781045271 0.000860254635368707 0.000830108096489634 0.000800933158858587 0.000789804382009559 0.000808679236778689 0.000862105200334447 0.000946457640161489 0.00104996536924143 0.00115462442646577 0.00124041014205669 0.00129149595718343 0.00130116237243784 0.00127241800597761 0.00121404946870851 0.0011351367517366 0.00104121238357355 0.000934246971284248 0.000815091065260422 0.000686315146810441 0.000553705783117991 0.000425724765291069 0.000311364995069704 0.000217466854592181 0.000146716327858924 9.75442931450994e-05 6.52215288715922e-05 4.42893139238698e-05 3.02216912856942e-05 2.01879203076449e-05 1.28177725468415e-05 7.5690410427577e-06 4.08025448837598e-06 2.00456855514882e-06 8.85520639098285e-07 3.54073754687866e-07 1.27607777686652e-07 4.1190916381067e-08 1.19369594410439e-08 8.40630946552388e-10 0 0 0 0 0 0
2.52660037295786e-06 6.20452889031386e-06 1.37105226120801e-05 2.75671468826711e-05 5.05111598116826e-05 8.49168394445574e-05 0.000131976368589696 0.000191280023723749 0.00026089553055297 0.000337525766378793 0.000416333404482375 0.000490435190547157 0.000550984660744001 0.000589099035986875 0.000599196190538295 0.000582471837856635 0.000547846249168142 0.000509678746049445 0.000483116825652662 0.000479341552071695 0.000502483281399336 0.000549125689468795 0.000609836224554998 0.000672598067276977 0.000726877103117297 0.000767016053931848 0.000792781056191301 0.000806634822316673 0.000809412098837893 0.000797889066074932 0.000765681468241102 0.000707375473914418 0.000622697541784871 0.000518174162395304 0.000405472620779108 0.000297547376075033 0.000204782237987273 0.000132720999482152 8.18006205256877e-05 4.88460380327517e-05 2.89794068728791e-05 1.75024406857886e-05 1.08387591724679e-05 6.76321221739258e-06 4.11152595958773e-06 2.37377366687463e-06 1.2596014103141e-06 6.16518736201521e-07 2.711875433578e-07 1.08273265915948e-07 3.90052759200308e-08 1.26094641982858e-08 3.69877616483051e-09 3.36252378620955e-10 0 0 0 0 0 0
2.57989637496928e-06 6.24118039958355e-06 1.35497939750993e-05 2.66456472390603e-05 4.7534149377562e-05 7.73763798539825e-05 0.000115791196597155 0.000160864651067969 0.000209932783796799 0.000260454535558409 0.000310093456699949 0.000355741902738204 0.000392450238659875 0.00041400603364375 0.000415462510821747 0.000396448951946436 0.000362884071386303 0.000325751048710433 0.000297334192066987 0.000286806634470933 0.000297126892475567 0.00032459366802322 0.000360913632447584 0.000397247215093282 0.000428269691418662 0.000454240816386209 0.00047934995838116 0.000507134996805178 0.000535669037402573 0.00055635629249247 0.000557120257896697 0.000528630770739469 0.000469464810954462 0.000387264554476783 0.000295547346926995 0.000208348194462548 0.000135724910106562 8.19319270795392e-05 4.6112138068374e-05 2.449514515159e-05 1.25430543535082e-05 6.38795456285159e-06 3.33881799351677e-06 1.80987842792729e-06 9.94970788339406e-07 5.47082620016294e-07 2.80098231391256e-07 1.36350339530797e-07 5.95166710159091e-08 2.37057926927773e-08 8.57443565483435e-09 2.69001902896764e-09 8.40630946552388e-10 0 0 0 0 0 0 0
2.22027445603417e-06 5.34607656769457e-06 1.15369872366743e-05 2.25068848368043e-05 3.97714269647186e-05 6.39821026039953e-05 9.43759551075435e-05 0.000128891084889659 0.0001650022365869 0.000200640785565988 0.000234331760768104 0.000264307147186458 0.000287401969307281 0.000299271005767844 0.000296263900745837 0.000277977992017861 0.000248701338042281 0.000216623197374221 0.00019106263656097 0.000179041277772892 0.000182747283363863 0.000199046613038946 0.000221258436413511 0.000242716045702828 0.000260301036347568 0.000275913402413128 0.000294449146658419 0.000319344432140568 0.000348318627101579 0.000372758794989264 0.000381193181528403 0.000365141837982553 0.000323590459051604 0.000263528218551383 0.000196602898877318 0.000134223206983641 8.38724395565607e-05 4.80450848668765e-05 2.53028233650376e-05 1.23175971336428e-05 5.60112399687856e-06 2.4262290379395e-06 1.03128604523047e-06 4.42003751697245e-07 1.95194505789464e-07 9.60000540962827e-08 4.48896925458975e-08 2.16882784210516e-08 9.41506660138674e-09 3.69877616483051e-09 1.34500951448382e-09 5.04378567931433e-10 1.68126189310478e-10 0 0 0 0 0 0 0
1.4554684208608e-06 3.50576729950208e-06 7.56080285948148e-06 1.47379417549565e-05 2.60462773741685e-05 4.19421041949062e-05 6.20160349461986e-05 8.5096398214741e-05 0.000109790604774475 0.000135034920225632 0.000160072944842506 0.000183758562392566 0.000203743050011145 0.000216583351467354 0.00021899814792442 0.000209655879963005 0.000190402405015548 0.000166140619014721 0.000143315135049173 0.000127611980841385 0.00012187601964068 0.000125208785091381 0.000133817854741214 0.000143412648238973 0.000151817444568793 0.00016014994663721 0.000171480474913411 0.000187781485850387 0.000207080186742769 0.000223234591642666 0.000228533424751164 0.000217682392366877 0.000190625676594952 0.000152527609592441 0.000111207572297983 7.38184934357941e-05 4.46131249644818e-05 2.45755094700804e-05 1.23581155452667e-05 5.68485083915518e-06 2.40168261430017e-06 9.38648514920396e-07 3.4163241667889e-07 1.13317051595262e-07 3.54746259445108e-08 1.39544737127696e-08 5.2119118686248e-09 2.52189283965716e-09 1.00875713586287e-09 3.36252378620955e-10 1.68126189310478e-10 0 0 0 0 0 0 0 0 0
7.07138752239869e-07 1.70782583101583e-06 3.68919297203981e-06 7.20824224049741e-06 1.28091981111867e-05 2.08039346652785e-05 3.11827005837929e-05 4.37065885517197e-05 5.81849434703808e-05 7.47122522581686e-05 9.35311210062583e-05 0.000114455770275462 0.000136139173037023 0.000155798168353097 0.00016972271560417 0.000174513471368572 0.000168570883081204 0.000153109494333644 0.000132060263558162 0.000110687389868257 9.35302803753117e-05 8.27342252549288e-05 7.77565131680134e-05 7.65705510286173e-05 7.7465486734317e-05 8.01637439465609e-05 8.54410569028274e-05 9.36599056672701e-05 0.000103318755243157 0.000110986990737608 0.000112727096796971 0.000106096031764377 9.14677082848508e-05 7.18117392401843e-05 5.12095560020783e-05 3.3140866310692e-05 1.94631283055274e-05 1.03826328208685e-05 5.03655625317398e-06 2.22414135838831e-06 8.95776336646224e-07 3.29863583427157e-07 1.09786401619742e-07 2.97583355079545e-08 6.55692138310862e-09 1.84938808241525e-09 5.04378567931433e-10 1.68126189310478e-10 1.68126189310478e-10 0 0 0 0 0 0 0 0 0 0 0
2.53198041101579e-07 6.13996843361864e-07 1.33004628363519e-06 2.60982283666654e-06 4.69072068176232e-06 7.74893606531991e-06 1.19346056743936e-05 1.74642760408152e-05 2.47807915472285e-05 3.4676026545286e-05 4.81669763541266e-05 6.60061737971042e-05 8.78967080238963e-05 0.000111789625165376 0.000133762204972552 0.000148887005089112 0.000153009122998626 0.000144658799554142 0.000125965689195657 0.000101873878772223 7.80418233112733e-05 5.86355216577328e-05 4.52612514242737e-05 3.73820175622381e-05 3.35840469457144e-05 3.26844037067141e-05 3.4021343164111e-05 3.70398807669913e-05 4.07142786343718e-05 4.34764237985536e-05 4.37566901561342e-05 4.0688387201218e-05 3.45660720174769e-05 2.6677927467408e-05 1.86578038587302e-05 1.18137229442793e-05 6.77077789591155e-06 3.51551861848209e-06 1.65520233376165e-06 7.07138752239869e-07 2.7455006714401e-07 9.70088112321455e-08 3.04308402651964e-08 6.89317376172958e-09 1.17688332517334e-09 3.36252378620955e-10 0 0 0 0 0 0 0 0 0 0 0 0 0 0
6.67460971562596e-08 1.62746151252542e-07 3.53737502309245e-07 6.98228064206413e-07 1.2853247172786e-06 2.19707304190932e-06 3.57200901809041e-06 5.6868683534269e-06 9.06603663237819e-06 1.4579566884626e-05 2.33759291093502e-05 3.65138139206388e-05 5.42593650761704e-05 7.52953138826974e-05 9.63455534153157e-05 0.00011275416511345 0.000120090351384013 0.000116096345630753 0.00010183554600106 8.1260935458001e-05 5.94442086283162e-05 4.05464886974399e-05 2.66513635294969e-05 1.78339855311089e-05 1.30306203025086e-05 1.09604825335287e-05 1.06104438073842e-05 1.12545352386327e-05 1.22648055101993e-05 1.30156570716599e-05 1.3002711355083e-05 1.19757965907746e-05 1.00544504993345e-05 7.6541128945488e-06 5.26991540393692e-06 3.27846069155431e-06 1.8421586562749e-06 9.35622243512808e-07 4.29898666066891e-07 1.78718139237038e-07 6.7250475724191e-08 2.30332879355354e-08 6.89317376172958e-09 1.17688332517334e-09 1.68126189310478e-10 0 0 0 0 0 0 0 0 0 0 0 0 0 0 0
1.29457165769068e-08 3.17758497796803e-08 6.94361161852272e-08 1.38031601423902e-07 2.69001902896764e-07 4.95299753708667e-07 8.97289472350019e-07 1.65621109089751e-06 3.12227146168488e-06 5.88307161635223e-06 1.07382197112602e-05 1.84770682052215e-05 2.9419056857926e-05 4.28540206457262e-05 5.6731660689981e-05 6.79873728119388e-05 7.3588833061196e-05 7.18541070398905e-05 6.32721057065372e-05 5.02851982132493e-05 3.61659608349554e-05 2.36918382190646e-05 1.43441902195913e-05 8.28878925919585e-06 4.8813757804404e-06 3.25240113221119e-06 2.66782637197866e-06 2.62394543656862e-06 2.78938160685013e-06 2.93195261538542e-06 2.91194559885747e-06 2.66463197438176e-06 2.21808881557313e-06 1.67134244793546e-06 1.13720554449607e-06 6.98059938017103e-07 3.86353983035477e-07 1.92840739139118e-07 8.69212398735169e-08 3.53064997552003e-08 1.29457165769068e-08 4.37128092207242e-09 1.17688332517334e-09 1.68126189310478e-10 0 0 0 0 0 0 0 0 0 0 0 0 0 0 0 0
1.84938808241525e-09 4.53940711138289e-09 1.00875713586287e-08 2.01751427172573e-08 4.53940711138289e-08 9.73450636107665e-08 2.10493989016718e-07 4.67558932472438e-07 1.03195854998771e-06 2.18177355868207e-06 4.30150855350857e-06 7.78239317699269e-06 1.28031455683715e-05 1.90591210726144e-05 2.56029286129568e-05 3.09893554660858e-05 3.37673044920629e-05 3.31087542085337e-05 2.92077222379627e-05 2.31888046606476e-05 1.65836310612069e-05 1.07074526186164e-05 6.27547814220288e-06 3.38370768606267e-06 1.73724791414516e-06 9.22676526935901e-07 5.84911012611151e-07 4.84707803782107e-07 4.81177153806587e-07 4.94122870383494e-07 4.87397822811074e-07 4.44357518347592e-07 3.67691976022014e-07 2.75054445711941e-07 1.85611312998767e-07 1.1281267302733e-07 6.17023114769453e-08 3.04308402651964e-08 1.34500951448382e-08 5.38003805793528e-09 2.01751427172573e-09 6.7250475724191e-10 1.68126189310478e-10 0 0 0 0 0 0 0 0 0 0 0 0 0 0 0 0 0
1.68126189310478e-10 5.04378567931433e-10 1.00875713586287e-09 2.18564046103621e-09 6.89317376172958e-09 1.84938808241525e-08 4.84203425214175e-08 1.24245253900443e-07 3.01282131244376e-07 6.74858523892257e-07 1.37779412139936e-06 2.5466073894858e-06 4.24653128960404e-06 6.37786699149297e-06 8.6184847164337e-06 1.04737572154748e-05 1.14433409492283e-05 1.12394038815947e-05 9.92331207167232e-06 7.87688009538518e-06 5.62314852767823e-06 3.61303180828216e-06 2.09333918310476e-06 1.09904089952259e-06 5.30270001085246e-07 2.45127984014676e-07 1.21050856303544e-07 7.63292899469568e-08 6.47285828845339e-08 6.23748162341872e-08 6.06935543410824e-08 5.53135162831471e-08 4.55621973031394e-08 3.39614902407165e-08 2.26970355569145e-08 1.37863475234592e-08 7.39755232966101e-09 3.69877616483051e-09 1.68126189310478e-09 6.7250475724191e-10 1.68126189310478e-10 0 0 0 0 0 0 0 0 0 0 0 0 0 0 0 0 0 0 0
0 0 0 1.68126189310478e-10 1.00875713586287e-09 3.36252378620955e-09 1.00875713586287e-08 2.80770736148497e-08 7.0781125699711e-08 1.62409898873921e-07 3.36084252431645e-07 6.26438181370839e-07 1.05011617843324e-06 1.58273994616884e-06 2.14394516608721e-06 2.60965471047723e-06 2.85427831592398e-06 2.80535359483463e-06 2.47784377805782e-06 1.96690828874328e-06 1.40334930217456e-06 9.00315743757607e-07 5.19509924969376e-07 2.70178786221937e-07 1.27271525308031e-07 5.53135162831471e-08 2.33695403141564e-08 1.10963284944915e-08 7.22942614035053e-09 6.05254281517719e-09 5.54816424724576e-09 5.04378567931433e-09 4.20315473276194e-09 3.19439759689907e-09 2.01751427172573e-09 1.17688332517334e-09 6.7250475724191e-10 3.36252378620955e-10 1.68126189310478e-10 0 0 0 0 0 0 0 0 0 0 0 0 0 0 0 0 0 0 0 0 0
0 0 0 0 1.68126189310478e-10 5.04378567931433e-10 1.68126189310478e-09 4.87565949000385e-09 1.27775903875963e-08 2.94220831293336e-08 6.11979329090138e-08 1.14325808731125e-07 1.92168234381876e-07 2.89849550371263e-07 3.93079030607896e-07 4.7882338715624e-07 5.23881205891448e-07 5.15138644047303e-07 4.54949468274152e-07 3.61135054638906e-07 2.57737448212962e-07 1.65268044092199e-07 9.51594231497303e-08 4.94290996572804e-08 2.30332879355354e-08 9.7513189800077e-09 3.86690235414098e-09 1.5131357037943e-09 6.7250475724191e-10 5.04378567931433e-10 3.36252378620955e-10 3.36252378620955e-10 3.36252378620955e-10 1.68126189310478e-10 1.68126189310478e-10 1.68126189310478e-10 0 0 0 0 0 0 0 0 0 0 0 0 0 0 0 0 0 0 0 0 0 0 0 0
0 0 0 0 0 0 1.68126189310478e-10 6.7250475724191e-10 1.68126189310478e-09 3.86690235414098e-09 8.2381832762134e-09 1.54676094165639e-08 2.58914331538135e-08 3.91734021093413e-08 5.31278758221109e-08 6.47285828845339e-08 7.0781125699711e-08 6.96042423745377e-08 6.15341852876348e-08 4.87565949000385e-08 3.48021211872688e-08 2.23607831782935e-08 1.27775903875963e-08 6.7250475724191e-09 3.02627140758860e-09 1.34500951448382e-09 5.04378567931433e-10 1.68126189310478e-10 0 0 0 0 0 0 0 0 0 0 0 0 0 0 0 0 0 0 0 0 0 0 0 0 0 0 0 0 0 0 0 0
0 0 0 0 0 0 0 0 1.68126189310478e-10 3.36252378620955e-10 8.40630946552388e-10 1.5131357037943e-09 2.52189283965716e-09 3.86690235414098e-09 5.2119118686248e-09 6.38879519379815e-09 7.06129995104006e-09 6.89317376172958e-09 6.05254281517719e-09 4.87565949000385e-09 3.53064997552003e-09 2.18564046103621e-09 1.34500951448382e-09 6.7250475724191e-10 3.36252378620955e-10 1.68126189310478e-10 0 0 0 0 0 0 0 0 0 0 0 0 0 0 0 0 0 0 0 0 0 0 0 0 0 0 0 0 0 0 0 0 0 0
0 0 0 0 0 0 0 0 0 0 0 1.68126189310478e-10 1.68126189310478e-10 3.36252378620955e-10 3.36252378620955e-10 5.04378567931433e-10 5.04378567931433e-10 5.04378567931433e-10 5.04378567931433e-10 3.36252378620955e-10 1.68126189310478e-10 1.68126189310478e-10 1.68126189310478e-10 0 0 0 0 0 0 0 0 0 0 0 0 0 0 0 0 0 0 0 0 0 0 0 0 0 0 0 0 0 0 0 0 0 0 0 0 0
0 0 0 0 0 0 0 0 0 0 0 0 0 0 0 0 0 0 0 0 0 0 0 0 0 0 0 0 0 0 0 0 0 0 0 0 0 0 0 0 0 0 0 0 0 0 0 0 0 0 0 0 0 0 0 0 0 0 0 0
0 0 0 0 0 0 0 0 0 0 0 0 0 0 0 0 0 0 0 0 0 0 0 0 0 0 0 0 0 0 0 0 0 0 0 0 0 0 0 0 0 0 0 0 0 0 0 0 0 0 0 0 0 0 0 0 0 0 0 0
