0 0 0 0 0 0 0 0 0 0 0 0 0 0 0 0 0 0 0 0
0 0 0 0 0 0 0 0 0 0 0 0 0 0 0 0 0 0 0 0
0 0 0 0 0 0 0 0 0 0 0 0 0 0 0 0 0 0 0 0
0 0 0 0 0 0 0 0 0 0 0 0 0 0 0 0 0 0 0 0
0 0 0 0 0 0 0 0 4.45745896994453e-09 1.48581965664818e-08 2.97163931329635e-08 3.12022127896117e-08 1.78298358797781e-08 4.45745896994453e-09 0 0 0 0 0 0
0 0 0 0 0 0 2.08014751930745e-08 3.16479586866061e-07 2.38771218823362e-06 8.99812384066135e-06 1.76782822748e-05 1.85474867739392e-05 1.02640421881256e-05 2.892890871494e-06 4.36830979054564e-07 1.12922293905261e-07 9.65782776821314e-08 5.49753272959825e-08 1.63440162231299e-08 1.48581965664818e-09
0 0 1.48581965664818e-09 8.91491793988906e-09 2.67447538196672e-08 4.90320486693898e-08 3.12022127896117e-07 4.47380298616766e-06 3.43491788223925e-05 0.000133989730816876 0.000275450162867379 0.000302471279143182 0.00017406080113702 5.598271302319e-05 3.14741177867783e-05 5.12340334005424e-05 5.6033230891516e-05 3.22036552381926e-05 9.25814228057478e-06 1.28523400300067e-06
1.48581965664818e-09 4.75462290127416e-08 7.14679254847773e-07 4.94629363698178e-06 1.59324441782384e-05 2.40851366342669e-05 1.8349872759605e-05 2.21832874737573e-05 0.000127053924659642 0.000513401209240271 0.0011148936942839 0.00128830222059165 0.000772835722028639 0.000281386012395688 0.000252523965565297 0.000458155462766778 0.000503131223773519 0.000289191023052061 8.31449821663753e-05 1.15448187321563e-05
2.82305734763153e-08 7.72626221457051e-07 1.07573343141328e-05 7.36654527569599e-05 0.000248252234052434 0.000435380819069675 0.000463703513364703 0.000384659393450676 0.000316812410469151 0.000337792184021023 0.000446326852480202 0.000495327698936802 0.000359185015437443 0.00018963813441732 0.000200067102587334 0.000346664013190869 0.000377624037376447 0.000216792974462222 6.240591139888e-05 8.82131130152022e-06
1.19459900394513e-06 1.23724202809094e-05 8.91863248903068e-05 0.000448188584509982 0.00140197633924318 0.00268662344347947 0.0036061125372586 0.00397100310017757 0.00384524035279956 0.00341839556765733 0.00288256591069995 0.0024333788553807 0.00186231595690523 0.00104729335736538 0.000515013323567734 0.00042853861955081 0.000392880433610911 0.000235930331639851 0.000130444565116113 0.000111213601300116
3.17816824557045e-05 0.000181947531874509 0.000739259169427703 0.00225924822071982 0.00505224892251702 0.00801217997691898 0.0102505776903971 0.0130179465172974 0.0158541711987262 0.0162088378365877 0.0136879248877749 0.0100530439103243 0.00666427558662054 0.00396804483324118 0.0022596909949775 0.0014778229752561 0.00103075767040654 0.000675368924191832 0.00072242037525891 0.00088096179008224
0.000221330667693626 0.000994334287343466 0.00312371295515429 0.00753172236110591 0.0140380478891265 0.0202611197294429 0.0245333311620555 0.028157402801504 0.0318682552238187 0.0329778534568463 0.0289441829410103 0.0222813902024071 0.016012740844123 0.0103635430730724 0.00595732259398734 0.00342416649120375 0.00199611698862571 0.000955769838155162 0.000356200003747237 0.000155076483384027
0.00029386838333119 0.00111718334237479 0.00305484967152762 0.00677052060698883 0.0132058328703395 0.0224288266011167 0.0322467246925798 0.0391797761401701 0.0413838543912189 0.0399953455213436 0.0354872007854518 0.0279505261874303 0.0191852793190144 0.0113981698178648 0.00633492434406894 0.00378696056258719 0.00221504508593453 0.000991432481554032 0.000290425739186736 5.16901800351334e-05
0.00039262784426928 0.0011937089979708 0.00241755636185705 0.00392782369513572 0.00633209385762302 0.0106720155778087 0.0170515828592813 0.0236089968103761 0.0281598603472161 0.0297586453865396 0.0272323285116356 0.02107299536295 0.0144464670247066 0.00955778604491136 0.00626694363731832 0.00376252031505498 0.00181368805118245 0.000619898818950185 0.000135408688588975 1.74479802280195e-05
4.73857604898236e-05 0.00015910008301423 0.000379873568336612 0.000757075632930572 0.00144395668782211 0.00261405898308809 0.00430044052026926 0.00633865375140713 0.00861134715419995 0.0104316084715434 0.0100178834739694 0.00744104130164102 0.00479967889654236 0.00325505495534302 0.0023464851502206 0.00144251990021413 0.000624287930215924 0.000171060931250248 2.80270161833545e-05 2.64475898883375e-06
5.2152269948351e-07 3.77249610822972e-06 1.63930482717993e-05 5.00929239042366e-05 0.000120222125878374 0.000225623200681682 0.000363657332603954 0.000607573944898289 0.00105906253486569 0.0014604804882237 0.00140041474278404 0.00115593500483983 0.0010593775286329 0.000901732063062525 0.000545291356530911 0.000222226616946584 6.60342830004149e-05 1.41509464099172e-05 1.90779243913626e-06 1.47096146008169e-07
1.48581965664818e-09 1.18865572531854e-08 1.11436474248613e-07 6.83477042058161e-07 2.21684292771908e-06 3.79181176376614e-06 5.20631207689521e-06 1.52489671361802e-05 4.47053418292303e-05 7.23103852300968e-05 8.31880709364181e-05 0.00013234344263731 0.00021718820249089 0.000222079520800576 0.000123117988389181 3.48380134894298e-05 4.85120117895629e-06 3.32823603089191e-07 1.18865572531854e-08 0
0 0 0 1.48581965664818e-09 2.97163931329635e-09 5.9432786265927e-09 7.42909828324088e-09 2.5258934163019e-08 9.21208187121869e-08 4.05628766264952e-07 2.30153464814802e-06 8.44688474804488e-06 1.67288435142018e-05 1.77674314541989e-05 9.92973276537976e-06 2.8067133314084e-06 3.86313110728526e-07 2.5258934163019e-08 1.48581965664818e-09 0
0 0 0 0 0 0 0 0 0 0 4.45745896994453e-09 1.48581965664818e-08 2.82305734763153e-08 2.97163931329635e-08 1.63440162231299e-08 4.45745896994453e-09 0 0 0 0
0 0 0 0 0 0 0 0 0 0 0 0 0 0 0 0 0 0 0 0
