0 0 0 0 0 0 0 0 0 0 7.29982750806891e-09 3.52824996223331e-08 1.39183377820514e-07 4.68405598434422e-07 1.34414157181909e-06 3.29319551647349e-06 6.88763058144662e-06 1.23021559717649e-05 1.87712631094156e-05 2.44765649621387e-05 2.72848086044928e-05 2.6011475359502e-05 2.12159753418679e-05 1.48108633587046e-05 8.85274414661877e-06 4.53221957217639e-06 1.98798635803077e-06 7.47259009242654e-07 2.40894307766274e-07 6.64284303234271e-08 1.58162929341493e-08 1.94662066881838e-09 0 0 0 0 0 0 0 0 0 0 0 0 0 0 0 0 0 0
0 0 0 0 0 0 0 0 0 0 5.83986200645513e-09 2.77393445306619e-08 1.09740740204636e-07 3.69127944324685e-07 1.0594482990044e-06 2.59581866186931e-06 5.42888171775085e-06 9.69684753413514e-06 1.47957770485213e-05 1.92929574486589e-05 2.15062651491054e-05 2.05027821943296e-05 1.67226881830679e-05 1.16741274784874e-05 6.97790511496308e-06 3.57253558244893e-06 1.56702963839879e-06 5.89096079901161e-07 1.89795515209792e-07 5.25587580580962e-08 1.24097067637172e-08 1.45996550161378e-09 0 0 0 0 0 0 0 0 0 0 0 0 0 0 0 0 0 0
0 0 0 0 0 0 0 0 0 0 2.91993100322757e-09 1.36263446817286e-08 5.37753959761077e-08 1.80792394616507e-07 5.18774408240097e-07 1.2711432967384e-06 2.6585971784387e-06 4.74878112158243e-06 7.2458087845092e-06 9.44792341610999e-06 1.05319478010582e-05 1.00404260821816e-05 8.18943315371891e-06 5.71698157673597e-06 3.41704925652706e-06 1.74952532610052e-06 7.67455198681645e-07 2.88586514152324e-07 9.29511369360775e-08 2.57927238618435e-08 6.08318959005743e-09 7.29982750806891e-10 0 0 0 0 0 0 0 0 0 0 0 0 0 0 0 0 0 0
0 0 0 0 0 0 0 0 0 0 9.73310334409188e-10 4.13656892123905e-09 1.63029481013539e-08 5.49920338941192e-08 1.57919601757891e-07 3.8664753034405e-07 8.08820887894036e-07 1.44487919143044e-06 2.20454790743681e-06 2.87467207267754e-06 3.20438094845865e-06 3.05497781212684e-06 2.49167445608752e-06 1.73954889517282e-06 1.03998209231622e-06 5.32400752921826e-07 2.33594480258205e-07 8.78412576804293e-08 2.82259996978665e-08 7.78648267527351e-09 1.94662066881838e-09 2.43327583602297e-10 0 0 0 0 0 0 0 0 0 0 0 0 0 0 0 0 0 0
0 0 0 0 0 0 0 0 0 0 2.43327583602297e-10 7.29982750806891e-10 3.16325858682986e-09 1.04630860948988e-08 2.99292927830825e-08 7.29982750806891e-08 1.52809722502243e-07 2.7325687638538e-07 4.17063478294337e-07 5.44080476934736e-07 6.06858993504129e-07 5.79606304140672e-07 4.74245460440877e-07 3.32872134367942e-07 2.012319116391e-07 1.0487418853259e-07 4.76922063860502e-08 1.89795515209792e-08 6.81317234086432e-09 2.18994825242067e-09 7.29982750806891e-10 2.43327583602297e-10 0 0 0 0 0 0 0 0 0 0 0 0 0 0 0 0 0 0
0 0 0 0 0 0 0 0 0 0 0 0 2.43327583602297e-10 1.21663791801149e-09 3.40658617043216e-09 8.75979300968270e-09 1.82495687701723e-08 3.33358789535147e-08 5.23154304744939e-08 7.17816371626776e-08 8.78412576804293e-08 9.73310334409188e-08 1.00007636860544e-07 9.61143955229074e-08 8.63812921788155e-08 7.12949819954731e-08 5.28020856416985e-08 3.45525168715262e-08 1.97095342717861e-08 9.73310334409188e-09 4.13656892123905e-09 1.45996550161378e-09 4.86655167204594e-10 2.43327583602297e-10 0 0 0 0 0 0 0 0 0 0 0 0 0 0 0 0
0 0 0 0 0 0 0 0 0 0 0 0 0 0 4.86655167204594e-10 1.45996550161378e-09 4.37989650484135e-09 1.24097067637172e-08 3.18759134519009e-08 7.3728257831496e-08 1.48673153581004e-07 2.58657221369242e-07 3.87134185511255e-07 4.96144942965084e-07 5.44080476934736e-07 5.10257942814017e-07 4.08790340451859e-07 2.79826721142642e-07 1.63759463764346e-07 8.20013956739741e-08 3.50391720387308e-08 1.28963619309217e-08 4.13656892123905e-09 9.73310334409188e-10 2.43327583602297e-10 0 0 0 0 0 0 0 0 0 0 0 0 0 0 0
0 0 2.43327583602297e-10 4.86655167204594e-10 9.73310334409188e-10 1.45996550161378e-09 1.94662066881838e-09 2.18994825242067e-09 2.18994825242067e-09 1.70329308521608e-09 1.21663791801149e-09 7.29982750806891e-10 4.86655167204594e-10 2.43327583602297e-10 9.73310334409188e-10 4.13656892123905e-09 1.60596205177516e-08 5.32887408089031e-08 1.52079739751436e-07 3.69614599491889e-07 7.66481888347236e-07 1.3560646234156e-06 2.04687163326252e-06 2.63669769591449e-06 2.89924815862137e-06 2.7218623501753e-06 2.182405097329e-06 1.49500467365251e-06 8.75249318217463e-07 4.38232978067737e-07 1.87605566957371e-07 6.86183785758478e-08 2.16561549406044e-08 5.83986200645513e-09 1.21663791801149e-09 0 0 0 0 0 0 0 0 0 0 0 0 0 0 0
4.86655167204594e-10 1.70329308521608e-09 3.89324133763675e-09 8.2731378424781e-09 1.45996550161378e-08 2.2142810107809e-08 2.87126548650711e-08 3.18759134519009e-08 3.04159479502871e-08 2.48194135274343e-08 1.75195860193654e-08 1.09497412621034e-08 5.83986200645513e-09 2.91993100322757e-09 4.13656892123905e-09 1.41129998489332e-08 5.32887408089031e-08 1.77872463613279e-07 5.07338011810789e-07 1.23367084886365e-06 2.55931952432896e-06 4.52832633083875e-06 6.83604513372294e-06 8.80626857815074e-06 9.68297786186981e-06 9.09071852338182e-06 7.28936442197402e-06 4.99356867068634e-06 2.9235809169816e-06 1.46361541536782e-06 6.26811855359517e-07 2.29701238920568e-07 7.202496474628e-08 1.94662066881838e-08 4.62322408844365e-09 4.86655167204594e-10 0 0 0 0 0 0 0 0 0 0 0 0 0 0
5.10987925564824e-09 1.45996550161378e-08 3.57691547895377e-08 7.44582405823029e-08 1.32126877896047e-07 2.00988584055497e-07 2.61333824788867e-07 2.9126311757195e-07 2.79096738391835e-07 2.3091787683858e-07 1.66679394767574e-07 1.06334154034204e-07 6.15618786513812e-08 3.33358789535147e-08 2.33594480258205e-08 3.72291202911515e-08 1.15580602211091e-07 3.74481151163935e-07 1.06334154034204e-06 2.5848689206072e-06 5.36147997709302e-06 9.48734248465356e-06 1.43227482259984e-05 1.8452260647313e-05 2.02918171793464e-05 1.90527931236435e-05 1.52790256295554e-05 1.04689259569052e-05 6.13088179644348e-06 3.07055077747739e-06 1.31615889970483e-06 4.83978563784969e-07 1.53539705253049e-07 4.28256547140043e-08 1.11930688457057e-08 1.94662066881838e-09 7.29982750806891e-10 2.43327583602297e-10 2.43327583602297e-10 0 0 0 0 0 0 0 0 0 0 0
2.96859651994803e-08 8.46779990935994e-08 2.06828446061953e-07 4.30933150559668e-07 7.67698526265247e-07 1.16943236679264e-06 1.52639393193721e-06 1.71205287822576e-06 1.65876413741686e-06 1.40108022638203e-06 1.04728191982429e-06 7.09299906200696e-07 4.4918271932984e-07 2.73986859136187e-07 1.70815963688813e-07 1.30666912394434e-07 1.97095342717861e-07 5.16827787571279e-07 1.41592320898177e-06 3.42337577370072e-06 7.0973789585118e-06 1.25630031413866e-05 1.89763882623923e-05 2.44639119277914e-05 2.69239537980106e-05 2.53041220739701e-05 2.03163932652902e-05 1.39419405576608e-05 8.18432327446326e-06 4.11783269730167e-06 1.78578113605726e-06 6.79370613417614e-07 2.38704359513853e-07 8.7597930096827e-08 3.86890857927652e-08 1.84928963537746e-08 1.02197585112965e-08 5.10987925564824e-09 2.18994825242067e-09 7.29982750806891e-10 2.43327583602297e-10 0 0 0 0 0 0 0 0 0
1.1120070570625e-07 3.18759134519009e-07 7.79378250278158e-07 1.62713155154856e-06 2.90508802062783e-06 4.44389165932875e-06 5.84132197195674e-06 6.63262327383142e-06 6.56497820558998e-06 5.7515340936075e-06 4.56652876146431e-06 3.38882325682919e-06 2.41964949134124e-06 1.68236691302628e-06 1.13195991891789e-06 7.36552595564153e-07 5.27777528833382e-07 6.25838545025108e-07 1.29352943442981e-06 2.9659199165284e-06 6.11068560700449e-06 1.08407305046495e-05 1.64474846860137e-05 2.13227961510693e-05 2.36263783850322e-05 2.23880843120802e-05 1.8159780891823e-05 1.26335681406313e-05 7.57649097062473e-06 3.97597271606153e-06 1.90720160027481e-06 9.27808076275559e-07 5.27047546082576e-07 3.55744927226558e-07 2.49897428359559e-07 1.61326187928323e-07 9.24644817688729e-08 4.57455857172319e-08 1.94662066881838e-08 7.05649992446662e-09 2.18994825242067e-09 4.86655167204594e-10 2.43327583602297e-10 0 0 0 0 0 0 0
2.78853410808233e-07 7.99817767300751e-07 1.9592737031657e-06 4.10469300778715e-06 7.36625593839234e-06 1.1359261585306e-05 1.51315691138925e-05 1.75684948636695e-05 1.80471202206152e-05 1.67835200789684e-05 1.45604792751779e-05 1.21220935598992e-05 9.80415499850376e-06 7.62053326325674e-06 5.55492540605684e-06 3.71512554643987e-06 2.2884959237796e-06 1.44536584659765e-06 1.33367848572419e-06 2.15661237346716e-06 4.16430826576971e-06 7.45190724782035e-06 1.16196220997605e-05 1.56106811260054e-05 1.80456602551136e-05 1.79709586869477e-05 1.54700377826832e-05 1.16152422032557e-05 7.79232253727996e-06 4.95804284348041e-06 3.33261458501706e-06 2.58219231718758e-06 2.20795449360724e-06 1.85537282496752e-06 1.41251662281133e-06 9.39001145121265e-07 5.38727270095486e-07 2.65470393710106e-07 1.11930688457057e-07 4.03923788779813e-08 1.26530343473195e-08 3.40658617043216e-09 7.29982750806891e-10 0 0 0 0 0 0 0
4.89818425791424e-07 1.40667676080488e-06 3.46011823882466e-06 7.29763755981649e-06 1.32258274791193e-05 2.0700120864631e-05 2.82133466635191e-05 3.39534443606973e-05 3.68570724158236e-05 3.71208395164484e-05 3.56740137043492e-05 3.31959655929434e-05 2.97027548027488e-05 2.49921761117919e-05 1.93073137760915e-05 1.34825380798197e-05 8.50770563307072e-06 5.03688098056755e-06 3.27153936153288e-06 3.22068389656e-06 4.96096277448363e-06 8.60357670101002e-06 1.38998448856976e-05 1.98083252707286e-05 2.45529698233898e-05 2.64080993207737e-05 2.47534717522781e-05 2.05458511766272e-05 1.57162852972888e-05 1.19685538546462e-05 9.89953941127586e-06 8.99217085202289e-06 8.28481756649101e-06 7.11100530319353e-06 5.41768864890515e-06 3.58664858229786e-06 2.04541166776091e-06 1.00226631685786e-06 4.21443374799179e-07 1.51836412167833e-07 4.69622236352433e-08 1.24097067637172e-08 2.91993100322757e-09 2.43327583602297e-10 0 0 0 0 0 0
6.91293665014126e-07 1.94297075506434e-06 4.78017037986713e-06 1.01788794772513e-05 1.87379272304621e-05 2.99869614203963e-05 4.21730501347829e-05 5.304468324255e-05 6.1163064741857e-05 6.64795291159836e-05 6.95225838765139e-05 7.01014601979038e-05 6.70781149716453e-05 5.95575893452491e-05 4.8223390501054e-05 3.54097599485571e-05 2.38560796239528e-05 1.54157757315399e-05 1.07219866438516e-05 9.78103887806154e-06 1.26279716062084e-05 1.93674156892412e-05 2.94801100637527e-05 4.09856115268037e-05 5.04775772355457e-05 5.45569641746382e-05 5.19022602375372e-05 4.42965699568802e-05 3.55092809302504e-05 2.88579214324816e-05 2.53625206940346e-05 2.3747068866499e-05 2.1923815282567e-05 1.86184533869134e-05 1.39959592812205e-05 9.1520370744496e-06 5.16535794470956e-06 2.50992402485769e-06 1.0484985577423e-06 3.76427771832754e-07 1.165539125455e-07 3.13892582846963e-08 7.78648267527351e-09 1.21663791801149e-09 4.86655167204594e-10 2.43327583602297e-10 0 0 0 0
1.10008400546599e-06 2.6264779374032e-06 6.12917850335826e-06 1.29632770164124e-05 2.41451527932723e-05 3.94665174223746e-05 5.7089517664771e-05 7.43475265317639e-05 8.93024398199611e-05 0.00010151505124096 0.000111053979173338 0.000116821329559879 0.000116356573875199 0.000107763946915451 9.18907153267387e-05 7.24690375863541e-05 5.40778521625253e-05 4.0019357692319e-05 3.17829623149648e-05 2.99044733695551e-05 3.47639685416766e-05 4.63514714004016e-05 6.31607842032319e-05 8.12548666474823e-05 9.4890944432555e-05 9.90859119738586e-05 9.26598738185055e-05 7.92464407724289e-05 6.50088572006913e-05 5.4718047034983e-05 4.92171403524858e-05 4.59348945772744e-05 4.15245821244828e-05 3.43595580977296e-05 2.52119009197848e-05 1.61562215684417e-05 8.97538124875433e-06 4.31225143659991e-06 1.79235098081452e-06 6.49441320634531e-07 2.11938325317601e-07 6.83750509922455e-08 2.60360514454458e-08 1.19230515965126e-08 7.05649992446662e-09 3.64991375403446e-09 1.70329308521608e-09 7.29982750806891e-10 2.43327583602297e-10 0
2.78123428057426e-06 4.63539046762376e-06 8.80432195748192e-06 1.71331818166049e-05 3.11744000283755e-05 5.10430705398375e-05 7.47385539586128e-05 9.88861400277211e-05 0.00012061285996757 0.00013884807241031 0.000153572067821669 0.000163867014556298 0.000167250727933872 0.000161487514116251 0.00014702679915035 0.000127392939757065 0.000107232032817696 9.03280655848447e-05 7.92841565478873e-05 7.62398851494389e-05 8.28873514058701e-05 9.91934627658108e-05 0.000121856020592194 0.000144069639026832 0.000157728589604763 0.00015740350395307 0.000143576170687286 0.000122444143361761 0.000101980536908392 8.71533706015856e-05 7.77925584604052e-05 7.02112009381084e-05 6.07017156433471e-05 4.81270327779475e-05 3.4090681117849e-05 2.12821604446077e-05 1.1635195065111e-05 5.57779819891546e-06 2.38242037105009e-06 9.62117265563483e-07 4.26066598887622e-07 2.4040765259907e-07 1.63272808597141e-07 1.10470722955443e-07 6.83750509922455e-08 3.67424651239469e-08 1.70329308521608e-08 6.56984475726202e-09 2.18994825242067e-09 7.29982750806891e-10
8.41937772022308e-06 1.10884379847567e-05 1.6375703048851e-05 2.67983967648718e-05 4.4530407764722e-05 6.99647100959193e-05 0.000100804291369258 0.000132691154562421 0.000161314751531894 0.000184454474749721 0.000202092317974717 0.00021472734608085 0.000221896506676525 0.000222547407962661 0.000216458865165764 0.000204839243066004 0.00018976096269292 0.000173834442363399 0.000160718355624484 0.000155189709597457 0.000161408675979164 0.000179915685332788 0.000205619351299033 0.000228770754240873 0.000239253793197627 0.000231909680069343 0.000209276078225408 0.000179556290491807 0.000151279678656551 0.000128707395363684 0.000110976844329336 9.46826560209914e-05 7.71915393289075e-05 5.8370637392437e-05 4.01269084842712e-05 2.48023805965821e-05 1.37694213008868e-05 7.00880771808057e-06 3.52265342781046e-06 2.033731943748e-06 1.49013812198047e-06 1.23683410745048e-06 9.94236506598986e-07 7.12949819954731e-07 4.44072840074192e-07 2.38217704346649e-07 1.09497412621034e-07 4.30689822976066e-08 1.45996550161378e-08 4.13656892123905e-09
2.0862907018061e-05 2.62586961844419e-05 3.50910008140381e-05 5.06841623540241e-05 7.56189131560859e-05 0.000110051469528896 0.000150849232161159 0.000192306899200151 0.000228463918157951 0.000255825131623695 0.000274494440475581 0.000287009751410582 0.000296002652245355 0.000302575660261204 0.000306085417327084 0.000304830090323279 0.00029734582050684 0.000284199561147559 0.000269433226736653 0.000259938827752075 0.000262184498021141 0.000277911489732108 0.000301762216149222 0.00032287623723356 0.000330189691086311 0.000318319684903023 0.00028994866196533 0.00025303781415353 0.000215422289659618 0.000181143029664478 0.000150484484113339 0.000122254347846551 9.56931954756918e-05 7.10786637736506e-05 4.94166689710397e-05 3.18878365034974e-05 1.92698413282167e-05 1.15025815320478e-05 7.64632598711858e-06 6.22018301962552e-06 5.76102386936799e-06 5.25490249547521e-06 4.33025767778648e-06 3.11507972527661e-06 1.93299432413665e-06 1.03146562689014e-06 4.72298839772059e-07 1.8541561870495e-07 6.22918614021881e-08 1.800624118657e-08
3.80087418690132e-05 4.99393366206175e-05 6.75355708288176e-05 9.43865263517475e-05 0.000132458776720081 0.000180547850394986 0.000233981614443716 0.00028582620604394 0.000329390359974177 0.000361081831117708 0.000381718443483018 0.00039530853235479 0.000406183328721144 0.000416538377368924 0.000425646858805908 0.000430627531114664 0.000428435149586407 0.000418340948108249 0.000403614519421055 0.00039076049648968 0.000386259909503372 0.000392640202073008 0.000406330785236807 0.000418710076052574 0.00042011821277888 0.000404704140340426 0.000372939184266648 0.000330105743069968 0.000282565129768502 0.000235171242999948 0.000190994146886617 0.000151892864167229 0.000118494693352312 9.02231913963121e-05 6.61902126190805e-05 4.63412516418903e-05 3.15413380244478e-05 2.24513494838168e-05 1.84607771127391e-05 1.75726314325907e-05 1.73400102626669e-05 1.59944087253462e-05 1.30954038943084e-05 9.32455633122363e-06 5.72817464558168e-06 3.02869843309779e-06 1.37553083010379e-06 5.36050666675861e-07 1.79089101531291e-07 5.13421201400847e-08
5.22674949405242e-05 7.48169054405327e-05 0.000106986515285842 0.000151290141742646 0.000207584221536621 0.000272355347688133 0.000339475558331742 0.000402015127214037 0.000454598948013244 0.000495449999386316 0.000526580113794476 0.000551696143646321 0.000573439166534272 0.000592095335696643 0.000606175972976957 0.000613582377966644 0.000612807622940454 0.000604045883310103 0.000589786156928257 0.000573981057062954 0.00056014155741799 0.00054972300027089 0.000541567632978875 0.000532082967097641 0.000516129680733924 0.00048900011512777 0.000448767359144631 0.000397180208127859 0.00033874119568443 0.000279252954700507 0.000224510331579581 0.000178660601656567 0.000142533025336383 0.000113764891782251 8.93372356644162e-05 6.83346586133675e-05 5.22616550785178e-05 4.27962120763884e-05 3.95064231460854e-05 3.94434013019324e-05 3.87942033088814e-05 3.50172725562066e-05 2.79860787004346e-05 1.94949193430488e-05 1.17515056500729e-05 6.1116589173389e-06 2.73621867760783e-06 1.05287845424714e-06 3.47958444551285e-07 9.8304343775328e-08
5.96451872753459e-05 9.46055211769895e-05 0.000144494488987801 0.000210207292887854 0.000289120618198331 0.000375442295119164 0.00046199586322717 0.000542477434813964 0.000613399152296192 0.000674881949482902 0.000729359102210119 0.00077863877775159 0.000821729416204138 0.000855399870585105 0.000876728993253348 0.000885122091594542 0.000882672269482834 0.000872991724896801 0.000859147358700164 0.000841560614267725 0.000817754173470827 0.000784916872736113 0.000743059418477262 0.000695156490403813 0.000644001975830685 0.000589501463655443 0.000529459409091241 0.00046256257316938 0.000390785802558374 0.000319671612957518 0.000256373348669551 0.00020610819641449 0.000169221194705883 0.000141568474794984 0.000118387385887944 9.81172248635379e-05 8.25999815296358e-05 7.38348353131138e-05 7.09170942581387e-05 6.98174969078399e-05 6.59094125876034e-05 5.68206406848904e-05 4.35376312236246e-05 2.92418923594061e-05 1.70864629205533e-05 8.65053892464527e-06 3.78398725259932e-06 1.42662962266027e-06 4.62809064011569e-07 1.28233636558411e-07
6.51295476821581e-05 0.00011164380523599 0.000179056252307504 0.000268037256389527 0.000374937877038357 0.00049239915814311 0.00061170023910748 0.000725484110441252 0.000829528065258591 0.000922741752657376 0.00100546023472023 0.00107713480774612 0.00113529618341666 0.00117676601683483 0.00120028216782449 0.00120852902628794 0.00120800927856936 0.00120583417329954 0.00120440097383213 0.00119755251899164 0.0011727287255677 0.0011195185795683 0.00103811382312932 0.000939734534458242 0.000838517072852027 0.000742546970586196 0.000651671904593413 0.000561997416898124 0.000472008063309654 0.000385445005425888 0.0003095233927558 0.000250060457840573 0.000207473507486082 0.000177047339777284 0.000153227029308121 0.000133666411517499 0.000119230029309958 0.000110579003730146 0.000105454038164314 9.9253321351377e-05 8.80775287641071e-05 7.12606728061851e-05 5.1497363138423e-05 3.28426539415529e-05 1.8342763234692e-05 8.92744571478468e-06 3.77303751133722e-06 1.37991072660863e-06 4.35556374648112e-07 1.17040567712705e-07
7.79689709585169e-05 0.000136011602768258 0.000220653102724317 0.000333801645737303 0.000472211241841962 0.000627417011059936 0.000788259220424474 0.000944286706892274 0.00108769595485721 0.00121307462887721 0.0013164827687186 0.00139541264030476 0.00144959171674207 0.00148162992969223 0.00149729876611072 0.0015055154519538 0.00151685086743591 0.00153864839570259 0.0015679569598199 0.00158820035481011 0.00157535022512007 0.00151220525720978 0.00140037773964817 0.00125946478936341 0.00111394613457622 0.000978964050814188 0.000855940787803453 0.000738625746576445 0.000622518340146855 0.000510058414195463 0.000409135622292991 0.00032730869249646 0.000266864904091731 0.000224379178012019 0.000194334547954309 0.000172737278288936 0.000157462632555886 0.000146138410142618 0.000134921981848887 0.000119836401648295 9.92302052309348e-05 7.48551078711583e-05 5.06605595784147e-05 3.04519604326603e-05 1.61396752927568e-05 7.50300604037683e-06 3.04816463978598e-06 1.07842785052538e-06 3.33358789535147e-07 8.97878783492476e-08
0.000104682689724295 0.000178587603381486 0.000284170118509943 0.000423707051309431 0.000593549704663834 0.000783627479870605 0.000980227894283418 0.00117005723202733 0.00134238377335515 0.00148861197137611 0.00160197172273167 0.0016791703185605 0.00172256170990638 0.00174034433304362 0.00174492813806352 0.00175081374565569 0.00177119267410997 0.00181160914241872 0.00186308679602288 0.00190170361352331 0.00189867150850404 0.00183644631885976 0.00171930550018261 0.00156969991530125 0.00141338116571587 0.00126499781528694 0.00112441214060213 0.000983828412537981 0.000838341390336666 0.00069178299678475 0.000555109786316678 0.000439877142550138 0.000352226167040086 0.000291117607676955 0.000250756618057259 0.00022405092910174 0.00020445600212183 0.000186314470798777 0.000165240112110566 0.000139165128251744 0.000109036550177691 7.82395512314826e-05 5.08072861113268e-05 2.95871742005377e-05 1.53388842151216e-05 7.04482020045371e-06 2.86834555550388e-06 1.05068850599472e-06 3.73751168413128e-07 1.51836412167833e-07
0.000144749252967833 0.000241017188195993 0.000373610525069806 0.000542393730125205 0.000740534651469805 0.00095512451746592 0.00117098504010361 0.00137512885293567 0.00155845526100782 0.00171436497692515 0.00183739894634956 0.00192409121118022 0.00197497173889422 0.00199559107500109 0.00199646827093998 0.00199217986560657 0.00199763210677235 0.0020203708261324 0.0020533923258479 0.00207618263065567 0.00206542073828811 0.00200828790831346 0.00190865864584542 0.00178227527223272 0.00164565559383304 0.00150685375366361 0.00136385451267705 0.0012103593363718 0.00104412596106497 0.000871832755616103 0.000707537727840248 0.000566170728284487 0.000456870654333755 0.000380086688707381 0.000329188398079787 0.000294318095384077 0.000265976758411583 0.000237268970098184 0.000204762108222002 0.000168316989405217 0.000130114072124489 9.34871876027534e-05 6.17081185291262e-05 3.70130453969126e-05 2.00027440100268e-05 9.72969675792145e-06 4.35702371198273e-06 1.95830039283129e-06 1.06212490242403e-06 7.54072181583519e-07
0.000191216791625613 0.000312133324417519 0.000472664804457797 0.000667899177816267 0.00088553939840042 0.0011093552730564 0.00132518805634956 0.00152542524482689 0.00170852243831528 0.00187458499765842 0.00202120641305449 0.00214245995454968 0.0022308340996382 0.00228067050869095 0.0022923971949275 0.00227566112372733 0.00224733998294428 0.00222288969736117 0.00220683980994676 0.00219115053401125 0.00216227022644108 0.00210990759041537 0.00203088744429569 0.0019276291942458 0.00180469474580308 0.00166582063734133 0.00151266660630829 0.00134619136338336 0.00116997790723508 0.000992677020115679 0.000826809366167003 0.000684029363333263 0.000570345499636352 0.000484496608210458 0.00041999387238366 0.000368716477380813 0.000323861957274733 0.00028125724400664 0.000239128722819656 0.000197197540302974 0.000155913852486257 0.000116465097977485 8.08446163415288e-05 5.13956522084772e-05 2.97047014234176e-05 1.58189695375689e-05 8.30988030760205e-06 5.03006780822669e-06 3.93363371651474e-06 3.53627977249218e-06
0.000234581416937296 0.000375731611616067 0.000557707308271632 0.00077101532455733 0.000998626622862339 0.00122247340012144 0.00143161783812412 0.00162597671883678 0.0018123707577554 0.00199630962135547 0.00217578877700327 0.00234032226581106 0.00247417068636109 0.00256170413464826 0.00259414748802513 0.00257559375977545 0.00252357664891845 0.00246128186758526 0.00240603287976286 0.00236268991060612 0.00232465464603049 0.00227882000241766 0.00221084741524869 0.00211011514884418 0.00197370789542498 0.00180719542337976 0.00162169755995155 0.00143006711143382 0.0012443928355075 0.00107456234853227 0.000926543989478745 0.000800787914376573 0.000692818842308145 0.000596574753183178 0.000508353904472329 0.000428296696191337 0.000358731043332526 0.000301166793552147 0.000254327450346623 0.000214406640325663 0.000176995511001977 0.000139542042678744 0.000102608808729253 6.92510302932138e-05 4.28675070583839e-05 2.52425601953187e-05 1.58050998653036e-05 1.22196679209238e-05 1.15295908938276e-05 1.12434376555113e-05
0.000272285026016472 0.000428563139895382 0.000626178716986984 0.000853571507121918 0.00109249242818518 0.00132574819644701 0.00154522481030461 0.00175359497993626 0.00195804708881676 0.00216172054942972 0.00235963420281124 0.00254028814403268 0.00268933821204068 0.00279272104581337 0.0028406093742318 0.00283304577962311 0.00278359650475587 0.0027157767273094 0.00265266363531256 0.00260644161418663 0.00257350892903915 0.00253656206874497 0.00247241678113849 0.00236244755633285 0.00220098437497496 0.00199743452477446 0.00177202777437689 0.00154878688280096 0.0013483452991534 0.00118198636681343 0.00104831338545118 0.000934852166493262 0.000825437485250653 0.000709935964504233 0.000590065010339066 0.000477065140479661 0.000383411030154556 0.000314892415887985 0.000268088598509667 0.000233590830344451 0.000201528527963511 0.000166150157273239 0.000127430655532523 8.96997937639836e-05 5.84129763919838e-05 3.71592852746576e-05 2.6202974167797e-05 2.28791193757896e-05 2.30565051842357e-05 2.29591741507947e-05
0.000312296597226116 0.000483323039274744 0.000695585963588871 0.000937484240965088 0.00119302102940221 0.00144853835163265 0.00169763304229391 0.00193969848572006 0.00217352120725168 0.00239269609490562 0.00258747057913108 0.00275003846771852 0.002876822845189 0.00296573328427178 0.00301343352046809 0.00301819179136543 0.00298643145851574 0.00293516525658174 0.00288532325099456 0.00285015925190544 0.00282687961532704 0.00279698341509533 0.00273493658456983 0.00261993072211121 0.00244501931186279 0.00222010651645993 0.00196885205016662 0.00172142610007371 0.00150448641960274 0.0013312461831985 0.00119626628938472 0.0010792451878787 0.00095746776209601 0.000819850927258728 0.000673174763156348 0.000536122691640607 0.00042623327828239 0.000349725732790988 0.000300133137977004 0.000264357170015126 0.000230207360294461 0.000191339185400165 0.000148238083861523 0.000106091069778185 7.11261126524531e-05 4.73773404928689e-05 3.51146035896475e-05 3.12863307168326e-05 3.11580970802741e-05 3.0422761122628e-05
0.000355279198231544 0.000539239961314136 0.000761225525886259 0.00101047229628727 0.0012756380438627 0.00154901999062605 0.00182691980063415 0.00210490623526201 0.00237211520455695 0.00261108746774035 0.00280524316992071 0.00294794555125528 0.00304466193922002 0.00310609388094176 0.00313917158932907 0.00314538958240044 0.00312728966009419 0.00309459689594413 0.00306141480002346 0.00303660414628903 0.00301615148957692 0.00298371470604482 0.00291786588202553 0.00280059926298766 0.00262416194546247 0.00239516830315502 0.00213486740395854 0.00187400271475086 0.00164200203016525 0.00145478432737614 0.00130798187625787 0.00118075634587832 0.00104936991381918 0.000902295909117609 0.000746496663923228 0.000600734194897276 0.000481876700117812 0.0003951362564256 0.000333763443306678 0.000285774133941049 0.000241062690454127 0.000195167214945396 0.000149248379988639 0.000107666859209594 7.48222586473719e-05 5.27741029695842e-05 4.04955497734287e-05 3.47934111792925e-05 3.18304111937673e-05 2.85836912457618e-05
0.000376234083076206 0.000560632105826532 0.000777672280589522 0.00101955936489689 0.00128162974228132 0.00156312788059573 0.00186348074338073 0.00217571091217652 0.00248178221650375 0.00275492959547651 0.00296992654851999 0.00311518824937889 0.0031975497698766 0.00323573273429547 0.00324789254363083 0.00324430808499678 0.00322957289651658 0.00320816542236642 0.00318463686166999 0.00315904974961629 0.00312433639321201 0.0030687387169623 0.00297974943974244 0.00284642952670399 0.00266228456464061 0.00243031989253737 0.00216691024013279 0.00189940903440994 0.00165646031185531 0.00145610900274127 0.00129845827796326 0.00116741445114183 0.00104134253683614 0.000906508396244932 0.000764243517905678 0.000627203856096701 0.000508621808141875 0.000413808971863657 0.000339227120868884 0.000277465713598949 0.000222635735875509 0.000172874028390921 0.000129687762198018 9.55596086322941e-05 7.15395262169934e-05 5.62021019673734e-05 4.63349251247166e-05 3.87323981026465e-05 3.14919425249765e-05 2.4191871689324e-05
0.000343577088080942 0.000509299962117375 0.000705562637844148 0.000930084162492575 0.00118458023885463 0.00147235014563639 0.00179256510908809 0.00213432454011952 0.00247410450125835 0.00277945482595537 0.0030194432251279 0.00317743874509187 0.00325808772605618 0.00328321640894238 0.00327931075789798 0.00326630733183027 0.00325386550582552 0.00324285687928818 0.00322689166987287 0.0031944320135479 0.00313379769964521 0.00303846876556218 0.00290712515915774 0.00273922888314458 0.00253357400601834 0.00229311282135087 0.00203058669140236 0.00176787830909372 0.0015284953089492 0.00132846056902142 0.00117059522931468 0.00104461407619767 0.000933317256095899 0.000822158402734028 0.000706280454215775 0.000590584271402473 0.000483597026133881 0.000390925472591362 0.000312983267667041 0.000247065825269179 0.00019070191045871 0.000143559867739185 0.000107019851164795 8.21208695175229e-05 6.754384396666e-05 5.93222915719056e-05 5.25860107474596e-05 4.41315938551978e-05 3.36543947604501e-05 2.2918051789166e-05
0.000262511286965919 0.000397155875369499 0.000564790574230295 0.000767798777229692 0.00100980387541511 0.00129219964918542 0.00160971829968323 0.00194753752715339 0.0022814399105103 0.00258175895076118 0.00282127188783535 0.00298459165865612 0.00307374931856384 0.00310640753019702 0.00310773926206208 0.00310117063394273 0.00310115141106363 0.0031082760427115 0.00310834709436592 0.00307907965261023 0.00300275143954795 0.00287546167068633 0.00270525475593927 0.00250298188889752 0.0022767181387505 0.00203409912507166 0.00178685177742511 0.00155052278178238 0.00133949571826537 0.00116199822245842 0.00101815658137743 0.000901025252476038 0.000799816064007665 0.000704436274459653 0.000609234357375255 0.000514222479133649 0.000423237185745495 0.000340749864887067 0.000269492598667052 0.000209826241891933 0.000160768237779123 0.000121574977233134 9.24382023898439e-05 7.35311624887782e-05 6.32469221678271e-05 5.76620674689872e-05 5.2093272390665e-05 4.36717047221895e-05 3.26285256679828e-05 2.13074665133024e-05
0.000173888947742126 0.000276563698246535 0.000413964214861995 0.000589598794688884 0.000804151431564708 0.00105321570627801 0.0013265287913352 0.00160919855196466 0.00188396040945462 0.00213352399236947 0.0023432835625035 0.0025041574044539 0.00261417553810385 0.00267882548711872 0.00271069969727754 0.00272762069744124 0.00274607709465748 0.00277045438196551 0.00278648553315598 0.00276786561980356 0.00269305528420779 0.00255812405591072 0.00237565026769152 0.0021641708581966 0.00193975591102979 0.00171497597248758 0.00150116767468999 0.00130823737022065 0.00114188476439786 0.00100169644365707 0.000882437458364658 0.000777420679868077 0.000681424298223217 0.000591548335288705 0.000506308736132152 0.000425095478501466 0.000348647061612879 0.000279379241716397 0.000220283974779992 0.000172767207581719 0.000135694303599241 0.00010663855684129 8.39297667740223e-05 6.72119451426265e-05 5.60517255207072e-05 4.86078480831457e-05 4.20165904985267e-05 3.41777923927787e-05 2.50255119907455e-05 1.60720302245153e-05
0.000112976510411379 0.000189949298242628 0.000298470237270666 0.000440976496572853 0.000614762030091948 0.00081113809647268 0.00101775119762314 0.00122291138977192 0.00141890299857056 0.00160199970540378 0.00177000596548474 0.00191948234341921 0.00204445514702977 0.00213863241165962 0.00220103158052618 0.00224036718770857 0.00227109386498312 0.00230076036397591 0.00231986522920245 0.00230587389314531 0.00223920116192795 0.00211641246670781 0.00195023992329688 0.00176010496610796 0.0015634741357472 0.00137338565412675 0.00119962883326252 0.0010489363040652 0.000923295079582487 0.000818669571840339 0.000726890057219306 0.000640317266232196 0.000555833685877895 0.000474841126365536 0.000399772376875974 0.000331469837503642 0.000269857590042456 0.000215925247774924 0.000171801440402402 0.000138399133018564 0.000113716956248281 9.39227439774015e-05 7.61257645127295e-05 5.99133342724756e-05 4.63169188835301e-05 3.5871109047067e-05 2.78235358745883e-05 2.09422318103153e-05 1.46332342226749e-05 9.15568698820363e-06
8.89654311166719e-05 0.000150289822046457 0.000236377661159448 0.000348141426894154 0.00048154285467311 0.000627271501164942 0.000774025286766491 0.000913903851493356 0.00104571270023764 0.0011731353259599 0.00129946735745246 0.0014231137824048 0.00153668303880983 0.00163045686630607 0.00169875283583364 0.00174471717304853 0.00177791922183107 0.00180443852185755 0.00181836610608778 0.00180406623065464 0.00174787945832503 0.00164792827346388 0.00151416769417153 0.00136150445487461 0.00120361405242676 0.00105117418785159 0.000912594749093576 0.000793915856760477 0.000697087051452113 0.000618428976776835 0.000550064632198268 0.000484489551710534 0.00041884487953389 0.000355051686940875 0.000296180768036552 0.000243534412048359 0.000197170530941194 0.000157874586154924 0.000127330404568079 0.000105945559883191 9.12553870059531e-05 7.89668573788699e-05 6.57760690717894e-05 5.12272695206244e-05 3.70894502581637e-05 2.53445144528481e-05 1.67436143552577e-05 1.08229675910466e-05 6.7477172208753e-06 3.92779385450828e-06
8.91693396317306e-05 0.000144524661608168 0.000217801060116915 0.00030769210936161 0.000409171634775364 0.000513775243034988 0.000613025887782946 0.000703350790109204 0.000787936081393451 0.000872972988672863 0.000961547149035103 0.00105060285468529 0.00113282738175343 0.00120107857900562 0.00125227762252655 0.00128873709767076 0.00131566494471011 0.00133556184122127 0.00134412624218132 0.00133203164463837 0.00129151857527892 0.00122143439133945 0.00112698897971247 0.00101632627129357 0.000898064685766349 0.000780822156159254 0.000672902966245465 0.000580691058508371 0.000506310196097653 0.000446560377961359 0.000394895848773001 0.000345658998886243 0.000297202013904931 0.000251140102329016 0.000209185073709141 0.000171451778664765 0.000137719032422395 0.00010914994083165 8.7857317300947e-05 7.45584915467471e-05 6.70552421787866e-05 6.11603881384374e-05 5.33045571018372e-05 4.2537068199852e-05 3.04553670188307e-05 1.95075723773962e-05 1.13003763100743e-05 6.04401384909746e-06 3.05230120870722e-06 1.47407850146272e-06
9.22975590465217e-05 0.000145028836361392 0.000210300487352374 0.00028405307794223 0.000359710680184109 0.000429781481106479 0.000489483363708804 0.000540177015838588 0.00058865152040592 0.000641506164805677 0.000699447572340639 0.000756773117761504 0.000806103162112782 0.000843497015178032 0.000870000498911578 0.000889580826236471 0.000905633390254298 0.000918171330654574 0.000923427449787967 0.00091605754393582 0.000892302445259063 0.000851309777232334 0.000794352629773043 0.000723851139027697 0.000643852572694354 0.000560788808790372 0.000482503755300755 0.000415323929399164 0.000361082074445291 0.000316667490610364 0.000276888783898228 0.000238464438516422 0.000201706157099541 0.000168526007799531 0.000139537906109822 0.00011359188587031 8.9848223589981e-05 6.94396091705055e-05 5.46701115010133e-05 4.66361646732163e-05 4.37522461523618e-05 4.24205142873065e-05 3.92064002355037e-05 3.27433762874431e-05 2.40770210698637e-05 1.54269688003856e-05 8.59919680450518e-06 4.18888435171355e-06 1.80159742899141e-06 6.96890199436979e-07
8.57649434095509e-05 0.00013322671857393 0.000189420304075877 0.000248650861148765 0.00030367574426667 0.000348264307323873 0.000380555094305816 0.000404801958029034 0.000428872652581724 0.000458357142541981 0.000492216175800241 0.000523910323547191 0.000546997974662128 0.000560046173005217 0.000566974682620709 0.000573299496501284 0.000581723984100763 0.000590371116439237 0.000594638352272871 0.000590605927557414 0.00057707448063329 0.000554687369631544 0.000523865307944225 0.000484170792576015 0.000436082935539027 0.000382967687297233 0.000330682429443105 0.000284581828781398 0.000246372098328329 0.0002137472225741 0.000183205230935507 0.000153352099686092 0.000125645361051633 0.000102086871062426 8.2853772199333e-05 6.63994743409784e-05 5.14886033454133e-05 3.86345804140383e-05 2.94599138743137e-05 2.48829220267545e-05 2.39804200191736e-05 2.4344194756659e-05 2.3515177679326e-05 2.03346428340604e-05 1.53281778014431e-05 9.96499453126487e-06 5.56660513006975e-06 2.67027690245161e-06 1.10081398821679e-06 3.91514082016096e-07
6.90264389335488e-05 0.00010785981798339 0.000153855301128982 0.000201881839614901 0.000245415334269605 0.000278904022945622 0.000300578427454996 0.000313647795297859 0.000324115991272014 0.000336249277900759 0.000349457342466275 0.000359314786205588 0.000361965110246184 0.000358005927133391 0.000352525946623084 0.000351308822049905 0.00035634618968564 0.000364372836685929 0.000369582723578437 0.000367935882492617 0.000359279503705965 0.000345738567006081 0.000328601978603306 0.000307012982075776 0.000279716250419686 0.000247600415970353 0.00021414165658712 0.000183151212211947 0.000156146473656181 0.000132009350673167 0.000109047256591369 8.71117615847896e-05 6.77348561197879e-05 5.23536329051194e-05 4.08547012868257e-05 3.18644770554716e-05 2.41609690862065e-05 1.76283534492356e-05 1.29399175683866e-05 1.05543339387496e-05 1.00703553749647e-05 1.03467755099369e-05 1.01776628393333e-05 8.94447864563684e-06 6.82679868554605e-06 4.47747086586587e-06 2.51430392136254e-06 1.2073914698346e-06 4.95414960214277e-07 1.7373589469204e-07
4.66996731725365e-05 7.56091800527418e-05 0.000112190075661177 0.000153224109377117 0.000193233490638509 0.000226111427079684 0.000247848853433211 0.000258483728802133 0.000261391250098597 0.000260249313748752 0.000256369212100629 0.000248679817131213 0.000236305636194702 0.000221212026183852 0.000208316880890848 0.000202651728089419 0.0002057103558153 0.000214082771311888 0.000221662668868683 0.000223653331830133 0.000219041057482952 0.000209755433565105 0.000197872531019886 0.000183755881257199 0.000166756286283992 0.000147066461546478 0.000126408679681393 0.000106801099667137 8.90323462021625e-05 7.26084642917583e-05 5.70092195621822e-05 4.26674917846628e-05 3.07149975505344e-05 2.18958326104527e-05 1.5927250312272e-05 1.18262072182388e-05 8.68265816568077e-06 6.14596810662682e-06 4.31225143659991e-06 3.30292861981758e-06 2.98976601972142e-06 3.00217572648514e-06 2.94231714091898e-06 2.59338538603328e-06 1.98749970286356e-06 1.30812908944595e-06 7.36552595564153e-07 3.54284961724945e-07 1.45509894994174e-07 5.08554649728801e-08
2.64265922171275e-05 4.62295642810168e-05 7.40995757240731e-05 0.000108499769528264 0.000144802541708642 0.000176371862405204 0.000197422618317806 0.000205758534676853 0.000203179262290669 0.000193360264309565 0.000179315152856457 0.000162543069173918 0.000144147990508752 0.000126349551078578 0.000112701063586742 0.000106574075031636 0.000108925106144401 0.000117139358711647 0.000126056098012754 0.000130724337704164 0.000128873831430868 0.000121371555373242 0.000110615259540103 9.85749240482938e-05 8.61805469223436e-05 7.39039403468569e-05 6.23120575916271e-05 5.18377784278826e-05 4.23810952187629e-05 3.35144813998788e-05 2.51043501278326e-05 1.75760380187611e-05 1.15733898588761e-05 7.39764519667704e-06 4.81058632781741e-06 3.26715946502804e-06 2.26489314817018e-06 1.53880363870093e-06 1.02586909246728e-06 7.24386216384039e-07 6.00775803914072e-07 5.71333166298194e-07 5.48217045855975e-07 4.80328650030935e-07 3.67911306406673e-07 2.42110945684286e-07 1.36506774400889e-07 6.56984475726202e-08 2.7009361779855e-08 9.48977576048959e-09
1.31250898595079e-05 2.53520576079397e-05 4.41225907346045e-05 6.87707016431828e-05 9.57912564918835e-05 0.000119546111841058 0.000134711990144238 0.000138873378479005 0.00013329631026284 0.000121485919337535 0.000107011091371785 9.22751729088303e-05 7.86398251065084e-05 6.71438134192179e-05 5.89903927478721e-05 5.53993642690694e-05 5.68301304606509e-05 6.21025525421455e-05 6.82550904935296e-05 7.17422180941341e-05 7.02734927995106e-05 6.394016245351e-05 5.47185336901502e-05 4.49569610187768e-05 3.62200408019527e-05 2.90764296025565e-05 2.34740553176972e-05 1.90488998823058e-05 1.53104148878401e-05 1.18605164075268e-05 8.6016300803412e-06 5.72622802491286e-06 3.49369744536178e-06 1.99942275446008e-06 1.12952664308186e-06 6.67447561821101e-07 4.18036788628746e-07 2.65957048877311e-07 1.67166049934778e-07 1.0803744711942e-07 8.02981025887581e-08 7.03216716610639e-08 6.49684648218133e-08 5.62086718121306e-08 4.28256547140043e-08 2.82259996978665e-08 1.58162929341493e-08 7.54315509167121e-09 3.16325858682986e-09 1.21663791801149e-09
5.76053721420078e-06 1.19812068889935e-05 2.19744274199562e-05 3.54601287583628e-05 5.04128520983075e-05 6.34272279072764e-05 7.12141972377171e-05 7.22914084503245e-05 6.76450682414386e-05 5.99600531685273e-05 5.21351247350446e-05 4.60791878343506e-05 4.22591880993781e-05 3.99867517961163e-05 3.82496361767795e-05 3.66152047977229e-05 3.54705918444577e-05 3.53170521392046e-05 3.58010307029896e-05 3.56100185498618e-05 3.33979274873333e-05 2.88654645875733e-05 2.29404379268574e-05 1.70353641279968e-05 1.21907119384751e-05 8.73424361340446e-06 6.47008044798508e-06 4.98967542934871e-06 3.90784099265289e-06 2.9761396750397e-06 2.11476002908756e-06 1.36385110609088e-06 7.90814646707466e-07 4.16090167959928e-07 2.06098463311146e-07 1.02927567863772e-07 5.49920338941192e-08 3.13892582846963e-08 1.82495687701723e-08 1.07064136785011e-08 7.05649992446662e-09 5.59653442285283e-09 4.86655167204594e-09 4.13656892123905e-09 3.16325858682986e-09 1.94662066881838e-09 1.21663791801149e-09 4.86655167204594e-10 2.43327583602297e-10 0
2.03008202999396e-06 4.37989650484135e-06 8.23323211876732e-06 1.35037075795931e-05 1.93919917751851e-05 2.45072242376726e-05 2.74904204126367e-05 2.77709771165302e-05 2.5950886791185e-05 2.35536234375352e-05 2.22834534511312e-05 2.31591894245158e-05 2.59061145158022e-05 2.89946715344661e-05 3.05135223113117e-05 2.94246313746914e-05 2.62058940988002e-05 2.22929432268917e-05 1.88642142463517e-05 1.61267789308258e-05 1.35951987510275e-05 1.08543568493313e-05 7.97919812148653e-06 5.37145640802071e-06 3.37665687764908e-06 2.07290768470797e-06 1.32467536513091e-06 9.19048283265876e-07 6.80343923752023e-07 5.04661408391164e-07 3.52581668639729e-07 2.22888066579704e-07 1.25557033138785e-07 6.25351889857904e-08 2.82259996978665e-08 1.21663791801149e-08 5.35320683925054e-09 2.67660341962527e-09 1.21663791801149e-09 7.29982750806891e-10 4.86655167204594e-10 2.43327583602297e-10 2.43327583602297e-10 2.43327583602297e-10 2.43327583602297e-10 0 0 0 0 0
5.23154304744939e-07 1.15848262553054e-06 2.23812711397393e-06 3.7920170628582e-06 5.67464257718917e-06 7.55702476393654e-06 9.05081279967105e-06 9.90659591120032e-06 1.02058888390311e-05 1.04368067158697e-05 1.13303056028574e-05 1.34234094770043e-05 1.65333793230253e-05 1.9601253497083e-05 2.12264384279628e-05 2.06078997104457e-05 1.8088242582244e-05 1.47901805140984e-05 1.17305794778831e-05 9.25618128023138e-06 7.182300285189e-06 5.27704530558302e-06 3.53895637591181e-06 2.12254651176284e-06 1.13804310850794e-06 5.57950149200067e-07 2.67903669546129e-07 1.39670032987719e-07 8.5164654260804e-08 5.76686373137444e-08 3.84457582091629e-08 2.40894307766274e-08 1.33830170981263e-08 6.32651717365973e-09 2.67660341962527e-09 9.73310334409188e-10 4.86655167204594e-10 2.43327583602297e-10 0 0 0 0 0 0 0 0 0 0 0 0
1.20203826299535e-07 3.08052720840508e-07 7.1611307854156e-07 1.51033431141946e-06 2.87880864159878e-06 4.9149738611828e-06 7.45336721332196e-06 9.98324410003505e-06 1.18186640631472e-05 1.2519934159089e-05 1.22396207827791e-05 1.16378716685307e-05 1.13609648783913e-05 1.15765531174629e-05 1.20138127851962e-05 1.24007036431239e-05 1.27403889498327e-05 1.31044070149017e-05 1.3260866651158e-05 1.26819903297681e-05 1.1000110071909e-05 8.40915796171179e-06 5.57317497482701e-06 3.17664160392799e-06 1.55218665579905e-06 6.50171303385338e-07 2.35297773343421e-07 7.51882233331098e-08 2.28727928586159e-08 7.78648267527351e-09 2.67660341962527e-09 1.70329308521608e-09 9.73310334409188e-10 4.86655167204594e-10 2.43327583602297e-10 0 0 0 0 0 0 0 0 0 0 0 0 0 0 0
7.59182060839167e-08 2.54520652448003e-07 7.44339078239427e-07 1.88627542808501e-06 4.12829578339657e-06 7.78283276151947e-06 1.26196984683659e-05 1.75906376737773e-05 2.10872550501423e-05 2.17992315597626e-05 1.95698642387983e-05 1.55469292991016e-05 1.14619458255862e-05 8.73400028582085e-06 8.08334232726831e-06 9.65061529325071e-06 1.31012437563149e-05 1.74655672958057e-05 2.11140210843385e-05 2.23515851745398e-05 2.04100743849771e-05 1.59695893118188e-05 1.0672834471964e-05 6.08416290039184e-06 2.95643014076791e-06 1.22418107310316e-06 4.3214978847768e-07 1.29936929643627e-07 3.33358789535147e-08 7.29982750806891e-09 2.43327583602297e-10 0 0 0 0 0 0 0 0 0 0 0 0 0 0 0 0 0 0 0
8.39480163427925e-08 2.94913031325984e-07 8.8765902498118e-07 2.29214583753364e-06 5.07581339394392e-06 9.6396655519886e-06 1.56987657112694e-05 2.19221119894818e-05 2.62489630810978e-05 2.6964102849305e-05 2.37991409693899e-05 1.81736505640884e-05 1.23508214884854e-05 8.32034339369695e-06 7.22561259507021e-06 9.3744384858621e-06 1.42823558471204e-05 2.051227197009e-05 2.57786108619946e-05 2.78091795471557e-05 2.56206912602367e-05 2.01287876983328e-05 1.34766982178132e-05 7.68769167633098e-06 3.73605171862967e-06 1.5465901213762e-06 5.4554044243635e-07 1.64002791347948e-07 4.18523443795951e-08 9.24644817688729e-09 0 0 0 0 0 0 0 0 0 0 0 0 0 0 0 0 0 0 0 0
