0 0 0 0 0 0 0 0 0 0 0 0 0 0 0 0 0 0 0 0 0 0 0 0 0 0 0 0 0 0 0 0 0 0 0 0 0 0 0 0
0 0 0 0 0 0 0 0 0 0 0 0 0 0 0 0 0 0 0 0 0 0 0 0 0 0 0 0 0 0 0 0 0 0 0 0 0 0 0 0
0 0 0 0 0 0 0 0 0 0 0 0 0 0 0 0 0 0 0 0 0 0 0 0 0 0 0 0 0 0 0 0 0 0 0 0 0 0 0 0
0 0 0 0 0 0 0 0 0 0 0 0 0 0 0 0 0 0 0 0 0 0 0 0 0 0 0 0 0 0 0 0 0 0 0 0 0 0 0 0
0 0 0 0 0 0 0 0 0 0 0 0 0 0 0 0 0 0 0 0 0 0 0 0 0 0 0 0 0 0 0 0 0 0 0 0 0 0 0 0
0 0 0 0 0 0 0 0 0 0 0 0 0 0 0 0 0 0 0 0 0 0 0 0 0 0 0 0 0 0 0 0 0 0 0 0 0 0 0 0
0 0 0 0 0 0 0 0 0 0 0 0 0 0 0 0 0 0 0 0 0 0 0 0 0 0 0 0 0 0 0 0 0 0 0 0 0 0 0 0
0 0 0 0 0 0 0 0 0 0 0 0 0 0 0 0 0 0 0 0 0 0 0 0 0 0 0 0 0 0 0 0 0 0 0 0 0 0 0 0
0 0 0 0 0 0 0 0 0 0 0 0 0 0 0 0 0 0 0 0 0 0 0 0 0 0 0 0 0 0 0 0 0 0 0 0 0 0 0 0
0 0 0 0 0 0 0 0 0 0 0 0 0 0 0 0 0 0 0 0 0 0 0 0 0 0 0 0 0 0 0 0 0 0 0 0 0 0 0 0
0 0 0 0 0 0 0 0 0 0 0 0 0 0 0 0 0 0 0 2.66489242392909e-09 2.66489242392909e-09 5.32978484785819e-09 7.99467727178728e-09 1.86542469675037e-08 4.53031712067946e-08 7.99467727178728e-08 9.59361272614474e-08 7.46169878700146e-08 3.73084939350073e-08 1.06595696957164e-08 2.66489242392909e-09 0 0 0 0 0 0 0 0 0
0 0 0 0 0 0 0 0 0 0 0 0 0 0 0 0 0 7.99467727178728e-09 3.99733863589364e-08 1.27914836348596e-07 2.69154134816838e-07 3.83744509045789e-07 4.50366819644017e-07 7.00866707493352e-07 1.46835572558493e-06 2.54763715727621e-06 3.00866354661595e-06 2.32378619366617e-06 1.16455798925701e-06 3.83744509045789e-07 9.32712348375183e-08 2.39840318153618e-08 7.99467727178728e-09 2.66489242392909e-09 0 0 0 0 0 0
0 0 0 0 0 0 0 0 0 0 0 0 0 0 0 2.66489242392909e-09 2.39840318153618e-08 1.91872254522895e-07 9.48701702918757e-07 3.02998268600738e-06 6.32378972198374e-06 8.8394481701728e-06 9.31912880648004e-06 1.11952130729261e-05 1.9917405976446e-05 3.33324744385051e-05 3.91685888469098e-05 3.0329140676737e-05 1.55096739072673e-05 5.74017828114327e-06 2.17188732550221e-06 1.12991438774594e-06 5.67622086296897e-07 2.0519671664254e-07 5.06329560546528e-08 7.99467727178728e-09 0 0 0 0
0 0 0 0 0 0 0 0 0 0 0 0 0 0 0 1.59893545435746e-08 2.02531824218611e-07 1.55629717557459e-06 7.67755507333972e-06 2.45143454077237e-05 5.10779930894489e-05 7.07475640704696e-05 7.06756119750235e-05 7.09980639583189e-05 0.000107123345657102 0.000171429864738935 0.000200357272000685 0.000156951504199728 8.64704293716512e-05 4.42132302054076e-05 3.05956299191299e-05 2.2363777221613e-05 1.21678988076602e-05 4.47968416462481e-06 1.10593035593057e-06 1.83877577251107e-07 2.13191393914327e-08 0 0 0
0 0 0 0 0 0 0 0 0 0 0 0 0 0 0 5.32978484785819e-08 6.58228428710486e-07 5.03131689637813e-06 2.48128133592038e-05 7.92192570861402e-05 0.000164866234698797 0.0002266970687188 0.000216290663803357 0.000179075441103187 0.000207190056175639 0.00030132471615851 0.000348570593942349 0.000284631830015019 0.000194558466086215 0.000168469169255949 0.000173228667125087 0.000141012782612208 7.81959383953514e-05 2.88847689829674e-05 7.13125212643425e-06 1.18054734380059e-06 1.30579728772526e-07 7.99467727178728e-09 0 0
0 0 0 0 0 0 0 0 0 0 0 0 0 0 0 7.19520954460855e-08 8.76749607472672e-07 6.7048693386056e-06 3.30659851961122e-05 0.000105567048481527 0.000219592465516605 0.000300602530311626 0.000277804375624912 0.000193764328143884 0.000150760959098941 0.000172671704608486 0.00019383628023933 0.00018092221155297 0.000194342609799877 0.000272109500514976 0.000329884368265759 0.000277036886606821 0.000154491808492441 5.72738679750841e-05 1.42598393604446e-05 2.42238721335155e-06 2.87808381784342e-07 2.13191393914327e-08 0 0
0 0 0 0 0 0 0 0 0 0 0 0 0 0 0 3.99733863589364e-08 4.55696604491875e-07 3.35776445415066e-06 1.63411203435332e-05 5.22052425847709e-05 0.000109873514638597 0.000154419856396995 0.000149956161586914 0.000111315221439942 8.11326498465212e-05 7.17175849127798e-05 6.80986610010841e-05 7.33218501519851e-05 0.000113876183059338 0.000186454528225047 0.000228597137017062 0.000191168722922977 0.000108978110784156 4.4274522731158e-05 1.41292596316721e-05 3.98934395862185e-06 1.02864847563663e-06 2.26515856033973e-07 3.99733863589364e-08 5.32978484785819e-09
0 0 0 0 0 0 0 0 0 0 0 2.66489242392909e-09 7.99467727178728e-09 1.33244621196455e-08 3.46436015110782e-08 1.7588289997932e-07 9.14058101407679e-07 3.57628563291284e-06 1.11339205471758e-05 2.98601196101255e-05 6.95563571569733e-05 0.000134009445322122 0.000208080130245231 0.000267603167426112 0.000297052893602952 0.000282451948012245 0.00022671039318092 0.000176186697715648 0.000167443185672737 0.000173734996685633 0.000155395207024153 0.000119256600863251 9.16056770725626e-05 7.27435684959925e-05 5.02438817607591e-05 2.65023551559748e-05 1.04330538396824e-05 3.13391349054061e-06 7.22185846884784e-07 1.22585051500738e-07
0 0 0 0 0 0 0 0 2.66489242392909e-09 1.59893545435746e-08 7.46169878700146e-08 2.47834995425406e-07 5.70286978720826e-07 9.30047455951254e-07 1.20719626803988e-06 2.27581813003545e-06 7.99734216421121e-06 2.66782380559542e-05 6.88315064176645e-05 0.000149452496918791 0.000302982279246194 0.000559917882299318 0.000859377173761078 0.00104928273767511 0.00103390097860419 0.000848549715842654 0.000606180414778727 0.000431691253537122 0.000363923039196605 0.000326326736879813 0.000265524551335447 0.000228866291151878 0.000246867639475519 0.000259656458217955 0.00021287427171588 0.000130283925713469 6.05170420550058e-05 2.14017510565745e-05 5.58028473570752e-06 1.02065379836484e-06
0 0 0 0 0 0 2.66489242392909e-09 2.39840318153618e-08 1.38574406044313e-07 6.04930580231904e-07 2.14790329368685e-06 6.10260365079762e-06 1.31645685742097e-05 2.05862939748522e-05 2.37974893456868e-05 2.63104829014519e-05 4.95643341926572e-05 0.00013228525992384 0.000309713797509039 0.000596776009414681 0.00102496559430676 0.00161820262658246 0.00221262820087924 0.00246560910357525 0.00222460955721722 0.00170286625889069 0.00119566261362911 0.000830375149511458 0.000598353625729647 0.000451166287371196 0.000369903057795902 0.000377980346732831 0.000455488742882809 0.000505780592707198 0.000454222918981442 0.000319560575015457 0.00017243719407518 6.86343043782938e-05 1.9243188193192e-05 3.65889729805465e-06
0 0 0 0 0 5.32978484785819e-09 6.12925257503692e-08 4.79680636307237e-07 2.51299355576513e-06 9.15657036862037e-06 2.50366643228138e-05 5.54857251586277e-05 0.00010161501301684 0.000147392535075094 0.000166393218057709 0.000169852248423969 0.000237878957329607 0.000491691306461885 0.00101280036039152 0.00175904752097196 0.00263375049106306 0.0035657459833762 0.00434022234940332 0.00459657167612318 0.0042258131878592 0.00350478656917883 0.00273524824881325 0.00201444548109648 0.00137955085044992 0.0009290614457544 0.000722105900112066 0.000677626180664266 0.000657671466193885 0.000602124448509507 0.000512338892962488 0.000381036978343077 0.00022301418738893 9.42865588510352e-05 2.73497909467843e-05 5.28981146149925e-06
0 0 0 0 0 3.19787090871491e-08 3.94404078741506e-07 3.07262096479024e-06 1.55416526163545e-05 5.23571414529349e-05 0.000122883519452218 0.000217596461091082 0.000321847052715188 0.000423843145348651 0.000506049746842015 0.000590921240759309 0.000791475714799365 0.00128628761028967 0.00221140501525666 0.00348890114543978 0.00486189636052684 0.00613155237719877 0.00714304427541014 0.00764595477897677 0.00742317243722872 0.00655584588936706 0.00542424462471678 0.004332123741327 0.0032953926469686 0.002348401804986 0.00166771099803422 0.0012515107641574 0.000914697675589422 0.000598438902287213 0.000366625240114469 0.000221620448651215 0.00011928324978749 4.90180312457517e-05 1.40413181816824e-05 2.69154134816838e-06
0 0 0 0 0 6.66223105982273e-08 8.26116651418019e-07 6.38508224773411e-06 3.19627197326055e-05 0.000105340532625493 0.000236144112361629 0.000389564634099651 0.000555667378883151 0.000818497723978006 0.00125076992406354 0.00179650258399029 0.00237348377248002 0.00306490077143812 0.00409961454223161 0.00553882966916088 0.0070972347746428 0.00846106275979153 0.00957993916311756 0.0103685474536688 0.0103928725917144 0.00941399098209464 0.00795159662086204 0.00661063341271062 0.00532627518453587 0.00392804077330179 0.0026812415389499 0.00179207086788929 0.00115349602080528 0.000675840702740233 0.000362449353686172 0.000179776307810681 7.59441042971313e-05 2.42984891213855e-05 5.47635393117429e-06 8.42106005961593e-07
0 0 0 0 0 5.06329560546528e-08 6.23584827199408e-07 4.83677974943131e-06 2.43731061092555e-05 8.18788197252214e-05 0.00019376166325146 0.000368943696523287 0.000690900009827857 0.00136115776293996 0.00249146655476464 0.00386614598186361 0.00511648952313933 0.00613178422283965 0.00714289770632682 0.00833597537430473 0.00954421894506721 0.0105861892179311 0.011596628483635 0.0125076939108506 0.012588863869191 0.0112790266045511 0.00911271423399976 0.00706376372579825 0.00547246585312777 0.00423495909865813 0.00330467180238872 0.00255317746862556 0.00181073577442649 0.00112880312760516 0.000632802690093779 0.000317220799467248 0.00012906340498331 3.80546638137075e-05 7.5842838385022e-06 9.86010196853765e-07
0 0 0 0 0 1.59893545435746e-08 1.94537146946824e-07 1.55629717557459e-06 8.26649629902805e-06 3.13311402281344e-05 9.42305961101327e-05 0.000255270045288168 0.00064980736865087 0.0014775069661687 0.00284854615021659 0.00460712198522952 0.00637355658800061 0.0077982187374028 0.00879279389850708 0.00950955135952432 0.0102011335818127 0.0112072264079732 0.0126729385602736 0.0139975553182966 0.0140264694010963 0.0122506543769929 0.00945621087276695 0.00688462432727689 0.00520191264978837 0.00436585061984425 0.00391365568399742 0.00330694229073391 0.00237934653581267 0.0014168007167516 0.000720608230569818 0.000321812409113677 0.00011980556870258 3.35136871233323e-05 6.48101837499556e-06 8.2345175899409e-07
0 0 0 0 0 2.66489242392909e-09 2.39840318153618e-08 2.23850963610044e-07 1.46036104831314e-06 7.63758168698078e-06 3.36096232505937e-05 0.000122806237571924 0.000364714512246512 0.000885847550207966 0.00179538599406466 0.00309384683294684 0.00461024257425794 0.00607847038500652 0.00731870598931827 0.00836612063740421 0.00952765663865249 0.0111379658538753 0.0129823885334327 0.0142221870953869 0.0140391862677432 0.0123115604933418 0.00976773146733942 0.00743514579888943 0.00591837963753141 0.00514596589824041 0.00458276220358238 0.00371876943614306 0.00252579036918484 0.00138448623121903 0.000611787348438674 0.000221727044348172 6.60813374361697e-05 1.5520333476963e-05 2.67288710120088e-06 3.11792413599704e-07
0 0 0 0 0 0 0 1.86542469675037e-08 2.45170103001477e-07 2.1159245845997e-06 1.31938823908729e-05 5.86276333264401e-05 0.000187344602294639 0.000446897129708061 0.000850281895918208 0.00140271409539871 0.00217122110239623 0.00331336468147558 0.00494388177594901 0.00689743713005114 0.00884384257777986 0.0106166889117229 0.0120700546174233 0.0128430732872945 0.0125587505848006 0.0111439805160761 0.00905791072130166 0.00707846593730107 0.00568096703637599 0.00480680237455453 0.00410223413148434 0.00323168572868215 0.00216626440248772 0.00117102568316989 0.000492477449726944 0.000156978153123967 3.7319153504703e-05 6.54231090074592e-06 8.31446436265877e-07 6.92872030221564e-08
0 0 0 0 0 0 0 2.66489242392909e-09 1.43904190892171e-07 1.60693013162924e-06 1.16908830637769e-05 5.6826166047864e-05 0.000187032809881039 0.000426662601533167 0.000707518278983479 0.000946143406191785 0.00126759072504338 0.00208220836565215 0.00370888002035786 0.00580797314440802 0.00759144173955287 0.0087424141072327 0.0094826652598593 0.00978048031269549 0.00929859048056882 0.00801796310178757 0.00639529678039503 0.00494046005407669 0.00385476955610586 0.0030805676739984 0.00246090823333944 0.0018345359286646 0.0011762168936117 0.000609956567343435 0.000245074166874215 7.37162542307266e-05 1.61412534117385e-05 2.50499887849335e-06 2.66489242392909e-07 1.59893545435746e-08
0 0 0 0 0 0 0 2.66489242392909e-09 6.92872030221564e-08 8.44770898385523e-07 6.576954502257e-06 3.46809100050132e-05 0.000125561736338267 0.000316360039214318 0.000566963857868186 0.000766569630205323 0.000938703026544175 0.00138404652396909 0.00236094811851786 0.00361691458280807 0.00460844377187179 0.00519557820049669 0.00562248064234802 0.00586845021307667 0.00560623812302417 0.00476304750584603 0.00366374207248135 0.00266277116955965 0.00190448668990032 0.00136796922797552 0.000967888928371047 0.000633378306857347 0.000355592585479402 0.000161617730834028 5.72525488356926e-05 1.53924186406144e-05 3.06729117994239e-06 4.397072499483e-07 4.26382787828655e-08 2.66489242392909e-09
0 0 0 0 0 0 0 0 1.06595696957164e-08 1.7588289997932e-07 1.58294609981388e-06 9.69487863825404e-06 4.08394763967134e-05 0.000117769590890698 0.000233724390040701 0.000333047595572962 0.000399227534028817 0.000539728657295631 0.000854535064226799 0.0012566113682568 0.00158767095408151 0.00185687305696198 0.00218563550551726 0.00254368512181153 0.00267835812534721 0.00238315999687131 0.00176392693900018 0.00112241271557258 0.000662095187617607 0.00039229081904933 0.000233215395587731 0.00012764568221378 5.91606118112259e-05 2.21159422261875e-05 6.48634815984341e-06 1.465690833161e-06 2.50499887849335e-07 3.19787090871491e-08 2.66489242392909e-09 0
0 0 0 0 0 0 0 0 0 1.86542469675037e-08 2.0519671664254e-07 1.46835572558493e-06 6.90473627040028e-06 2.14577137974771e-05 4.44210918144741e-05 6.4080003225799e-05 7.54137907047694e-05 9.80493869536231e-05 0.000151261958874639 0.000227704398055045 0.0003266705080025 0.000481820544923652 0.000714692169388696 0.000966980200054487 0.00108436871132856 0.000945874252056968 0.000629743393591108 0.000328221475393227 0.000144740967113285 6.21666104654179e-05 2.87248754375317e-05 1.30686324469483e-05 5.05263603576956e-06 1.53764292860709e-06 3.62425369654357e-07 6.66223105982273e-08 7.99467727178728e-09 0 0 0
0 0 0 0 0 0 0 0 0 2.66489242392909e-09 1.59893545435746e-08 1.19920159076809e-07 5.8894122568833e-07 1.85476512705465e-06 3.84277487530575e-06 5.47102414632643e-06 6.3664280007666e-06 8.9220598353146e-06 1.91792307750177e-05 5.30846570846675e-05 0.000140431836063791 0.000288698455853934 0.000436005714371463 0.000495278251664494 0.000436989059675893 0.000299568552051141 0.000156389211898279 6.19800679957429e-05 1.93950870613559e-05 5.35909866452141e-06 1.60426523920531e-06 5.54297624177251e-07 1.83877577251107e-07 4.79680636307237e-08 1.06595696957164e-08 2.66489242392909e-09 0 0 0 0
0 0 0 0 0 0 0 0 0 0 0 5.32978484785819e-09 2.13191393914327e-08 6.66223105982273e-08 1.35909513620384e-07 1.91872254522895e-07 2.74483919664697e-07 9.48701702918757e-07 5.55630070389216e-06 2.58814352211994e-05 8.13325167783159e-05 0.000168884892474082 0.000234188081322465 0.000222689070513211 0.000150843570764082 7.55950033895966e-05 2.85942957087592e-05 8.16256549449481e-06 1.76415878464106e-06 3.01132843903988e-07 4.79680636307237e-08 7.99467727178728e-09 2.66489242392909e-09 0 0 0 0 0 0 0
0 0 0 0 0 0 0 0 0 0 0 0 0 0 2.66489242392909e-09 2.66489242392909e-09 1.86542469675037e-08 1.91872254522895e-07 1.43371212407385e-06 7.00333729008566e-06 2.21425911504268e-05 4.55003732461653e-05 6.13085151049127e-05 5.48967839329393e-05 3.32791765900265e-05 1.39746958710842e-05 4.15989707375332e-06 8.92738962016246e-07 1.38574406044313e-07 1.59893545435746e-08 0 0 0 0 0 0 0 0 0 0
0 0 0 0 0 0 0 0 0 0 0 0 0 0 0 0 2.66489242392909e-09 2.13191393914327e-08 1.62558437859675e-07 7.99467727178728e-07 2.52098823303692e-06 5.16456151757458e-06 6.90740116282421e-06 6.08927918867798e-06 3.57895052533677e-06 1.41772276953028e-06 3.83744509045789e-07 7.19520954460855e-08 7.99467727178728e-09 0 0 0 0 0 0 0 0 0 0 0
0 0 0 0 0 0 0 0 0 0 0 0 0 0 0 0 0 0 7.99467727178728e-09 3.19787090871491e-08 1.03930804533235e-07 2.10526501490398e-07 2.82478596936484e-07 2.47834995425406e-07 1.43904190892171e-07 5.5962740902511e-08 1.59893545435746e-08 2.66489242392909e-09 0 0 0 0 0 0 0 0 0 0 0 0
0 0 0 0 0 0 0 0 0 0 0 0 0 0 0 0 0 0 0 0 2.66489242392909e-09 2.66489242392909e-09 2.66489242392909e-09 2.66489242392909e-09 2.66489242392909e-09 0 0 0 0 0 0 0 0 0 0 0 0 0 0 0
0 0 0 0 0 0 0 0 0 0 0 0 0 0 0 0 0 0 0 0 0 0 0 0 0 0 0 0 0 0 0 0 0 0 0 0 0 0 0 0
0 0 0 0 0 0 0 0 0 0 0 0 0 0 0 0 0 0 0 0 0 0 0 0 0 0 0 0 0 0 0 0 0 0 0 0 0 0 0 0
0 0 0 0 0 0 0 0 0 0 0 0 0 0 0 0 0 0 0 0 0 0 0 0 0 0 0 0 0 0 0 0 0 0 0 0 0 0 0 0
