0 0 0 0 0 0 0 0 0 0 0 0 0 0 0 0 0 0 0 0 0 0 0 0 0 0 0 0 0 0 0 0 0 0 0 0 0 0 0 0 0 0 0 0 0 0 0 0 0 0 0 0 0 0 0 0 0 0 0 0
0 0 0 0 0 0 0 0 0 0 0 0 0 0 0 0 0 0 0 0 0 0 0 0 0 0 0 0 0 0 0 0 0 0 0 0 0 0 0 0 0 0 0 0 0 0 0 0 0 0 0 0 0 0 0 0 0 0 0 0
0 0 0 0 0 0 0 0 0 0 0 0 0 0 0 0 0 0 0 0 0 0 0 0 0 0 0 0 0 0 0 0 0 0 0 0 0 0 0 0 0 0 0 0 0 0 0 0 0 0 0 0 0 0 0 0 0 0 0 0
0 0 0 0 0 0 0 0 0 0 0 0 0 0 0 0 0 0 0 0 0 0 0 0 0 0 0 0 0 0 0 0 0 0 0 0 0 0 0 0 0 0 0 0 0 0 0 0 0 0 0 0 0 0 0 0 0 0 0 0
0 0 0 0 0 0 0 0 0 0 0 0 0 0 0 0 0 0 0 0 0 0 0 0 0 0 0 0 0 0 0 0 0 0 0 0 0 0 0 0 0 0 0 0 0 0 0 0 0 0 0 0 0 0 0 0 0 0 0 0
0 0 0 0 0 0 0 0 0 0 0 0 0 0 0 0 0 0 0 0 0 0 0 0 0 0 0 0 0 0 0 0 0 0 0 0 0 0 0 0 0 0 0 0 0 0 0 0 0 0 0 0 0 0 0 0 0 0 0 0
0 0 0 0 0 0 0 0 0 0 0 0 0 0 0 0 0 0 0 0 0 0 0 0 0 0 0 0 0 0 0 0 0 0 0 0 0 0 0 0 0 0 0 0 0 0 0 0 0 0 0 0 0 0 0 0 0 0 0 0
0 0 0 0 0 0 0 0 0 0 0 0 0 0 0 0 0 0 0 0 0 0 0 0 0 0 0 0 0 0 0 0 0 0 0 0 0 0 0 0 0 0 0 0 0 0 0 0 0 0 0 0 0 0 0 0 0 0 0 0
0 0 0 0 0 0 0 0 0 0 0 0 0 0 0 0 0 0 0 0 0 0 0 0 0 0 0 0 0 0 0 0 0 0 0 0 0 0 0 0 0 0 0 0 0 0 0 0 0 0 0 0 0 0 0 0 0 0 0 0
0 0 0 0 0 0 0 0 0 0 0 0 0 0 0 0 0 0 0 0 0 0 0 0 0 0 0 0 0 0 0 0 0 0 0 0 0 0 0 0 0 0 0 0 0 0 0 0 0 0 0 0 0 0 0 0 0 0 0 0
0 0 0 0 0 0 0 0 0 0 0 0 0 0 0 0 0 0 0 0 0 0 0 0 0 0 0 0 0 0 0 0 0 0 0 0 0 0 0 0 0 0 0 0 0 0 0 0 0 0 0 0 0 0 0 0 0 0 0 0
0 0 0 0 0 0 0 0 0 0 0 0 0 0 0 0 0 0 0 0 0 0 0 0 0 0 0 0 0 0 0 0 0 0 0 0 0 0 0 0 0 0 0 0 0 0 0 0 0 0 0 0 0 0 0 0 0 0 0 0
0 0 0 0 0 0 0 0 0 0 0 0 0 0 0 0 0 0 0 0 0 0 0 0 0 0 0 0 0 0 0 0 0 0 0 0 0 0 0 0 0 0 0 0 0 0 0 0 0 0 0 0 0 0 0 0 0 0 0 0
0 0 0 0 0 0 0 0 0 0 0 0 0 0 0 0 0 0 0 0 0 0 0 0 0 0 0 0 0 0 0 0 0 0 0 0 0 0 0 0 0 0 0 0 0 0 0 0 0 0 0 0 0 0 0 0 0 0 0 0
0 0 0 0 0 0 0 0 0 0 0 0 0 0 0 0 0 0 0 1.68344847632711e-10 1.68344847632711e-10 3.36689695265423e-10 5.05034542898134e-10 6.73379390530846e-10 8.41724238163557e-10 8.41724238163557e-10 8.41724238163557e-10 8.41724238163557e-10 6.73379390530846e-10 6.73379390530846e-10 5.05034542898134e-10 3.36689695265423e-10 1.68344847632711e-10 1.68344847632711e-10 0 0 0 0 0 0 0 0 0 0 0 0 0 0 0 0 0 0 0 0 0 0 0 0 0 0
0 0 0 0 0 0 0 0 0 0 0 0 0 0 1.68344847632711e-10 3.36689695265423e-10 5.05034542898134e-10 1.01006908579627e-09 1.68344847632711e-09 3.0302072573888e-09 4.88200058134863e-09 7.23882844820659e-09 1.02690357055954e-08 1.34675878106169e-08 1.64977950680057e-08 1.85179332395983e-08 1.91913126301291e-08 1.81812435443328e-08 1.59927605251076e-08 1.29625532677188e-08 9.76400116269726e-09 6.73379390530845e-09 4.20862119081778e-09 2.52517271449067e-09 1.34675878106169e-09 6.73379390530846e-10 3.36689695265423e-10 1.68344847632711e-10 0 0 0 0 0 0 0 0 0 0 0 0 0 0 0 0 0 0 0 0 0 0
0 0 0 0 0 0 0 0 0 0 1.68344847632711e-10 1.68344847632711e-10 5.05034542898134e-10 1.17841393342898e-09 2.35682786685796e-09 4.71365573371592e-09 8.75393207690099e-09 1.56560708298422e-08 2.69351756212338e-08 4.42746949274031e-08 6.91897323770444e-08 1.02353667360689e-07 1.42083051402008e-07 1.84169263310186e-07 2.21878509179914e-07 2.47635270867718e-07 2.55547478706456e-07 2.43426649676901e-07 2.13797956493543e-07 1.7322684821406e-07 1.29457187829555e-07 8.93911140929697e-08 5.70689033474892e-08 3.3837314374175e-08 1.8686278087231e-08 9.76400116269726e-09 4.88200058134863e-09 2.18848301922525e-09 1.01006908579627e-09 5.05034542898134e-10 1.68344847632711e-10 0 0 0 0 0 0 0 0 0 0 0 0 0 0 0 0 0 0 0
0 0 0 0 0 0 0 0 1.68344847632711e-10 5.05034542898134e-10 1.17841393342898e-09 2.69351756212338e-09 6.73379390530845e-09 1.43093120487805e-08 2.87869689451936e-08 5.43753857853658e-08 9.76400116269726e-08 1.66829744004017e-07 2.73392032555523e-07 4.29616051158679e-07 6.45939180366713e-07 9.24549903198851e-07 1.25198063184447e-06 1.59355232769125e-06 1.8953946394967e-06 2.09757680150358e-06 2.15279391152711e-06 2.04471651934691e-06 1.79539780000287e-06 1.45702465626112e-06 1.09390481991736e-06 7.61255400995121e-07 4.92913713868579e-07 2.9864375970043e-07 1.70533330651937e-07 9.2758011045624e-08 4.86516609658536e-08 2.47466926020086e-08 1.22891738771879e-08 5.8920696671449e-09 2.69351756212338e-09 1.01006908579627e-09 5.05034542898134e-10 1.68344847632711e-10 0 0 0 0 0 0 0 0 0 0 0 0 0 0 0 0
0 0 0 0 0 0 0 3.36689695265423e-10 1.17841393342898e-09 3.53524180028694e-09 9.59565631506455e-09 2.32315889733142e-08 5.45437306329985e-08 1.15316220628407e-07 2.26592164913629e-07 4.16485153043328e-07 7.20684292715637e-07 1.18127579583874e-06 1.84590125429268e-06 2.76186557026226e-06 3.96384778235982e-06 5.44679754515638e-06 7.13293953904561e-06 8.84803684672768e-06 1.03296398507432e-05 1.12870169992304e-05 1.1493912816971e-05 1.087743398494e-05 9.55390679285164e-06 7.78982113450845e-06 5.90738904827947e-06 4.18303277397761e-06 2.78307702106398e-06 1.75465834687575e-06 1.05922578130502e-06 6.18330625354949e-07 3.51167352161836e-07 1.94438299015782e-07 1.04373805532281e-07 5.38703512424676e-08 2.64301410783357e-08 1.12791047913917e-08 5.05034542898134e-09 2.02013817159254e-09 8.41724238163557e-10 3.36689695265423e-10 0 0 0 0 0 0 0 0 0 0 0 0 0 0
0 0 0 0 0 0 0 2.02013817159254e-09 6.73379390530845e-09 1.91913126301291e-08 5.06717991374461e-08 1.23228428467145e-07 2.84502792499282e-07 5.94594001838737e-07 1.15215213719828e-06 2.07687038524476e-06 3.49921600289354e-06 5.54258576345939e-06 8.30731319613141e-06 1.18568643084671e-05 1.61961211010479e-05 2.12212148028843e-05 2.6643602345134e-05 3.19271053880866e-05 3.6309626806509e-05 3.89607214670289e-05 3.9249432880719e-05 3.70023658545176e-05 3.26073869173704e-05 2.68930894093256e-05 2.08400820678439e-05 1.52749380948017e-05 1.06850158240958e-05 7.20364437505135e-06 4.718201044602e-06 3.01236270353974e-06 1.86896449841836e-06 1.11865151251937e-06 6.39205386461405e-07 3.45106937647058e-07 1.74573606995122e-07 7.96271129302725e-08 3.51840731552367e-08 1.43093120487805e-08 5.38703512424676e-09 1.85179332395982e-09 5.05034542898134e-10 0 0 0 0 0 0 0 0 0 0 0 0 0
0 0 0 0 0 0 0 6.90213875294117e-09 2.25582095827833e-08 6.46444214909612e-08 1.71038365194835e-07 4.15811773652797e-07 9.48454871562696e-07 1.96980306215036e-06 3.78119362267833e-06 6.72537666292682e-06 1.11195138758359e-05 1.71676392167363e-05 2.48887756534106e-05 3.40984172328533e-05 4.44408512920166e-05 5.54041411492493e-05 6.62827535481227e-05 7.61031502347769e-05 8.36347303730168e-05 8.76005982935482e-05 8.70874831979637e-05 8.19607092081571e-05 7.30261431097462e-05 6.17987201865778e-05 4.99854571936476e-05 3.89622365706576e-05 2.94957007537274e-05 2.17801196970249e-05 1.56670132449383e-05 1.09042008157136e-05 7.26828879654231e-06 4.59497261613486e-06 2.72954335951678e-06 1.51274680082754e-06 7.7859492030129e-07 3.65308319362984e-07 1.61611053727403e-07 6.58228354243901e-08 2.45783477543759e-08 8.41724238163557e-09 2.35682786685796e-09 0 0 0 0 0 0 0 0 0 0 0 0 0
0 0 0 0 0 0 0 1.49826914393113e-08 4.86516609658536e-08 1.39894568382783e-07 3.69685285401434e-07 8.98793141511046e-07 2.03326906970789e-06 4.2055909835604e-06 8.02483054180372e-06 1.41471959605102e-05 2.30943879224935e-05 3.50206103081853e-05 4.95391750025732e-05 6.5717956584315e-05 8.22931902822317e-05 9.79543114575029e-05 0.000111557248525616 0.000122157250201658 0.000128944914458209 0.000131265716527673 0.000128822359409132 0.000121934024933697 0.000111604721772649 9.92519135430558e-05 8.62218539914363e-05 7.33958283951477e-05 6.11226472784848e-05 4.94587061654048e-05 3.84898609282002e-05 2.8492533806684e-05 1.98646920206599e-05 1.29521158871655e-05 7.85227707298019e-06 4.40996162858651e-06 2.28864820356671e-06 1.08885447448838e-06 4.8180295392482e-07 1.96290092339741e-07 7.35666984154949e-08 2.54200719925394e-08 7.07048360057388e-09 0 0 0 0 0 0 0 0 0 0 0 0 0
0 0 0 0 0 0 0 2.10431059540889e-08 6.78429735959827e-08 1.95111678406312e-07 5.15808613146628e-07 1.25400077001607e-06 2.82314309480057e-06 5.82439503839655e-06 1.10710305597176e-05 1.94072990696419e-05 3.14190406379311e-05 4.70771316059448e-05 6.54755400037239e-05 8.48579240359161e-05 0.000103046743098392 0.000118058726541192 0.000128663273528119 0.000134602143062906 0.00013642380265914 0.000135123170366329 0.000131802568246774 0.000127437554692505 0.000122681476057186 0.000117667493115293 0.000111913129533512 0.000104499559133463 9.45518937419981e-05 8.18033067756205e-05 6.69044510704303e-05 5.12761571404475e-05 3.65909310469032e-05 2.42202782634611e-05 1.48261307310129e-05 8.37835472183241e-06 4.36636031304963e-06 2.09168473183644e-06 9.27411765608607e-07 3.79112596868866e-07 1.43093120487805e-07 5.0166764594548e-08 1.43093120487805e-08 5.05034542898134e-10 3.36689695265423e-10 1.68344847632711e-10 0 0 0 0 0 0 0 0 0 0
0 0 0 0 0 1.68344847632711e-10 1.68344847632711e-10 1.95280023253945e-08 6.26242833193686e-08 1.78950573033572e-07 4.71702263066857e-07 1.14440827420717e-06 2.56574382277015e-06 5.28131455993342e-06 1.00106263644792e-05 1.74824440818094e-05 2.81521405247707e-05 4.18611348468929e-05 5.75890889266742e-05 7.34948151655557e-05 8.73878104061405e-05 9.74087058063253e-05 0.000102691198780192 0.00010365918165408 0.000101835670264523 9.92812055465439e-05 9.79070065553181e-05 9.88778512916159e-05 0.00010222269506923 0.000106738545606978 0.000110273619062417 0.000110404086319332 0.000105325795645644 9.45911180914965e-05 7.93225771009049e-05 6.17871043920912e-05 4.45531373053876e-05 2.96911491218289e-05 1.82660893475397e-05 1.03725677868895e-05 5.44208388942266e-06 2.64183569390014e-06 1.19642683212568e-06 5.0974819863185e-07 2.07905886826399e-07 8.33306995781921e-08 3.11437968120516e-08 8.58558722926828e-09 4.54531088608321e-09 2.18848301922525e-09 1.01006908579627e-09 3.36689695265423e-10 1.68344847632711e-10 0 0 0 0 0 0 0
0 0 0 1.68344847632711e-10 5.05034542898134e-10 1.34675878106169e-09 3.0302072573888e-09 1.78445538490674e-08 4.94933852040171e-08 1.28615463591391e-07 3.18171762025824e-07 7.40548984736297e-07 1.61324867486427e-06 3.26117638834088e-06 6.10637265818134e-06 1.05715513967914e-05 1.69073780822961e-05 2.49884358032091e-05 3.41617148955632e-05 4.32833121196941e-05 5.10290269041227e-05 5.63409802263253e-05 5.88710349413973e-05 5.9181462840432e-05 5.86008414609468e-05 5.87838323103236e-05 6.11374616250765e-05 6.62938643080665e-05 7.37852100277221e-05 8.20329291477915e-05 8.87216066339344e-05 9.15072088277129e-05 8.88325458885244e-05 8.05124384839729e-05 6.78027391773985e-05 5.29175194048665e-05 3.8238353725837e-05 2.56111433946025e-05 1.5950842658047e-05 9.30576648744102e-06 5.15556095875179e-06 2.77213460596786e-06 1.49119866033056e-06 8.23206304923958e-07 4.69850469742897e-07 2.72718653164992e-07 1.53867190736298e-07 8.14789062542323e-08 4.34329706892395e-08 2.12114508017216e-08 9.59565631506455e-09 4.04027634318507e-09 1.5151036286944e-09 5.05034542898134e-10 1.68344847632711e-10 0 0 0 0 0
3.36689695265423e-10 6.73379390530846e-10 1.17841393342898e-09 2.86186240975609e-09 6.39710421004303e-09 1.44776568964132e-08 3.1480486507317e-08 6.91897323770444e-08 1.39221188992252e-07 2.64974790173888e-07 4.81971298772453e-07 8.43070996944619e-07 1.43059451518278e-06 2.35834297048665e-06 3.77260803544906e-06 5.82692021111104e-06 8.63322882114834e-06 1.22019712461142e-05 1.63924111933876e-05 2.09400789073377e-05 2.55715823554089e-05 3.01507305558662e-05 3.48051289032154e-05 3.99349331002794e-05 4.6076489831616e-05 5.3655206527193e-05 6.27141794680045e-05 7.27064562440917e-05 8.2443858920863e-05 9.0252197988611e-05 9.43586338569158e-05 9.34297069876785e-05 8.70735105756102e-05 7.60689762307075e-05 6.21810313355517e-05 4.76144883595884e-05 3.43489143661308e-05 2.36470640572717e-05 1.58878816850324e-05 1.0743599831072e-05 7.51912261951505e-06 5.4855168601119e-06 4.09212655625595e-06 3.02128498046427e-06 2.14319825521205e-06 1.43143623942094e-06 8.88019071262552e-07 5.0974819863185e-07 2.71540239231563e-07 1.32992429629842e-07 5.97624209096125e-08 2.47466926020086e-08 9.42731146743184e-09 3.36689695265423e-09 1.01006908579627e-09 0 0 0 0 0
6.22875936241032e-09 1.06057254008608e-08 1.73395193061693e-08 3.0302072573888e-08 5.62271791093256e-08 1.11444289132855e-07 2.24908716437302e-07 4.45440466836154e-07 8.40545824230128e-07 1.49002024639713e-06 2.46743043175265e-06 3.81368417827144e-06 5.51598727753342e-06 7.49572268569411e-06 9.63807921666799e-06 1.18550125151432e-05 1.41680707216166e-05 1.67777525496189e-05 2.00907791510307e-05 2.47296897723977e-05 3.14724059546307e-05 4.11298448287764e-05 5.43612448181646e-05 7.14245102293686e-05 9.19203270838036e-05 0.000114615401027712 0.000137446665953356 0.000157733398507031 0.000172618954969258 0.000179634894839199 0.000177298941733448 0.000165586853993945 0.000146090332155057 0.000121747835532215 9.6147466207861e-05 7.26253140275327e-05 5.34770976783976e-05 3.95650794700304e-05 3.04199139672309e-05 2.47288480481595e-05 2.09602802890536e-05 1.78825997846324e-05 1.48236055582984e-05 1.16454231798404e-05 8.54467943129353e-06 5.80840227787144e-06 3.64214077853371e-06 2.10582569903759e-06 1.12134503008149e-06 5.48972548130272e-07 2.47298581172453e-07 1.02353667360689e-07 3.9056004650789e-08 1.36359326582496e-08 4.3769660384505e-09 0 0 0 0 0
8.1647251101865e-08 1.28952153286657e-07 1.91071402063127e-07 2.82650999175322e-07 4.29447706311047e-07 6.97116014047058e-07 1.21241959265079e-06 2.1825909495581e-06 3.90004508510702e-06 6.69978824608665e-06 1.08676699837773e-05 1.65154712770071e-05 2.34591912073136e-05 3.117662405734e-05 3.89226755314639e-05 4.59998929259431e-05 5.21160295852871e-05 5.7652891623927e-05 6.37700383523569e-05 7.2288792677115e-05 8.53420838177078e-05 0.000104887257317561 0.000132161479461927 0.000167137141695794 0.0002081048704363 0.00025155063533396 0.000292492438967931 0.000325270527560801 0.000344729676843513 0.000347398279368187 0.000332386464270235 0.000301720430135765 0.000259965015853186 0.000213243091875746 0.000167839644744966 0.000128819834236418 9.90389573108004e-05 7.88271382143218e-05 6.64032884590277e-05 5.8818006314393e-05 5.30676830089549e-05 4.70007030451196e-05 3.9732077558882e-05 3.15099468556527e-05 2.32201415236751e-05 1.58153250557027e-05 9.93150428609181e-06 5.74628302909497e-06 3.06034098511506e-06 1.49927921301693e-06 6.76409597788234e-07 2.81135895546628e-07 1.07740702484935e-07 3.82142804126255e-08 1.24575187248206e-08 5.05034542898134e-10 1.68344847632711e-10 0 0 0
6.7927146019799e-07 1.04289633108465e-06 1.49187203972109e-06 2.04118127754663e-06 2.7342570152505e-06 3.72867003021692e-06 5.37558767460774e-06 8.28121974474834e-06 1.33189393101572e-05 2.14993204911736e-05 3.36876558046295e-05 5.02238334978955e-05 7.05519788840883e-05 9.31056431559855e-05 0.000115616716181432 0.000135849746728712 0.000152520095265541 0.000165943913415774 0.000178200260047673 0.000192677580254391 0.000213157067658606 0.000242766401184485 0.000283065464190194 0.000333351753626561 0.000390315778133975 0.000448179437507138 0.00049948017299534 0.000536412844082938 0.000552597517734347 0.000544599454023317 0.000512811233134527 0.000461419591428604 0.000397424981049505 0.000329168384162888 0.000264595340887324 0.000209770137669083 0.000167884929508979 0.000138964294754765 0.000120366734402236 0.000107929753748827 9.74310956710604e-05 8.58866793997996e-05 7.21977181145457e-05 5.69929798212068e-05 4.18683736753411e-05 2.84733424940539e-05 1.78844515779564e-05 1.03681908208511e-05 5.54645769495494e-06 2.74065411946054e-06 1.25719932212109e-06 5.38030133034145e-07 2.16828163750932e-07 8.36673892734575e-08 3.1480486507317e-08 5.72372481951219e-09 2.69351756212338e-09 1.34675878106169e-09 5.05034542898134e-10 1.68344847632711e-10
3.55864173410788e-06 5.41649547258249e-06 7.66137401576469e-06 1.01910920411414e-05 1.29223188491346e-05 1.59932655596505e-05 1.99904456218416e-05 2.61057405569474e-05 3.61769710665744e-05 5.24173668625497e-05 7.68265280450547e-05 0.000110385568386093 0.000152281887306141 0.000199629212392536 0.000248013541740349 0.00029283670418134 0.000330979269688874 0.000361976438138637 0.000388254900509256 0.000414276300297539 0.000444960515675553 0.000484069717298194 0.000533060593132028 0.000590492279626166 0.000652043196197028 0.000711084932813925 0.000759808477029718 0.000790689150844919 0.000798121070833361 0.000779556674415816 0.000735935494186923 0.000671385177465788 0.00059226124728509 0.000506147975720377 0.000420701349752289 0.000342584626794977 0.000276484695751384 0.000224350821612248 0.000185249868887141 0.000156003486852757 0.000132510121641374 0.000111275775940375 9.04409125628073e-05 6.99376885350765e-05 5.08685942643288e-05 3.45750014965015e-05 2.19274214387036e-05 1.30100265147512e-05 7.26660534806599e-06 3.86620777073285e-06 1.99993678987661e-06 1.02370501845452e-06 5.2590930400459e-07 2.71876928926829e-07 1.40062913230416e-07 6.36343524051649e-08 3.24905555931133e-08 1.54877259822094e-08 6.90213875294117e-09 2.86186240975609e-09
1.17723551949555e-05 1.78977508209193e-05 2.52843860453475e-05 3.34149371514645e-05 4.16732619969348e-05 4.97290679907029e-05 5.8047996981321e-05 6.8221412813461e-05 8.30956901708969e-05 0.000106385526461492 0.000141802083851309 0.000191825250290827 0.000256483981093837 0.000332720797137634 0.000414904226579209 0.000496427239183521 0.000571830916576384 0.000638491940997138 0.00069715422832747 0.000751165315862559 0.000804740558587127 0.000861182714066879 0.000921669691200703 0.000984761468161947 0.00104664250897902 0.00110190406204232 0.00114462846926788 0.00116945630408644 0.00117241833168054 0.00115119105646314 0.00110497181020073 0.00103440249179734 0.000941628656336037 0.000830887880321439 0.000708797294679444 0.00058392043346428 0.000465405997420546 0.000360916707322789 0.000274902085838789 0.000207939387451077 0.000157474989165915 0.000119501273540556 9.02464742637915e-05 6.71020879215511e-05 4.87056996619437e-05 3.44435241705004e-05 2.3883420223348e-05 1.64390427161819e-05 1.13452643165113e-05 7.87685542073456e-06 5.46784065111046e-06 3.72833334052166e-06 2.45463622333256e-06 1.54052370068694e-06 9.13775832950357e-07 5.04697853202869e-07 2.66489893802582e-07 1.32150705391678e-07 6.17825590812051e-08 2.76085550117647e-08
2.47106668046152e-05 3.76915696607259e-05 5.35026860952378e-05 7.10561717027482e-05 8.89480304540004e-05 0.000106026446901491 0.000122231321934616 0.000139111596496443 0.000160101842168376 0.000190128334226689 0.000234675242772714 0.000298379458289647 0.000383501347046651 0.000488725630749172 0.000609117280188858 0.000737216093442865 0.000865018283075343 0.000986089372320074 0.00109685792523453 0.0011968237892764 0.00128750492993678 0.00137096340325432 0.00144849647462489 0.00151988243388415 0.00158336982123733 0.00163626646588109 0.00167568188678158 0.00169902188983677 0.00170387830200128 0.00168733084520322 0.00164530086047415 0.00157291223930239 0.00146605787244024 0.00132412128105567 0.00115226273976317 0.000961834415018001 0.000768467967647097 0.000588154643071938 0.000433285127112834 0.000310132622171972 0.000218729450460096 0.000154685683385488 0.000111757242204604 8.37948263231155e-05 6.5810546250513e-05 5.4114956306078e-05 4.60355820336412e-05 3.96980718996602e-05 3.38682898261394e-05 2.80120776115403e-05 2.21381891879397e-05 1.6545773349581e-05 1.16329656611156e-05 7.6788818799185e-06 4.75843546318622e-06 2.7687677090152e-06 1.52251080199024e-06 7.93240922045336e-07 3.95105357393974e-07 1.91576436606026e-07
3.32418786480981e-05 5.11312122266358e-05 7.34557591609049e-05 9.91461929787425e-05 0.000126762491853498 0.000155071866465958 0.000183966239423941 0.000214951792079218 0.000251469324772553 0.000298568509553538 0.000362182660576987 0.000447962609343388 0.000559789714659759 0.000698133826995845 0.000859260720941456 0.00103538411060388 0.00121615415475067 0.00139111529158504 0.00155203815157532 0.00169450671267841 0.00181784877391771 0.00192388750999308 0.00201521189631626 0.00209369123407537 0.00215988190299184 0.00221334267122002 0.00225324612383379 0.00227874784307743 0.00228849837665232 0.00227934799245924 0.00224510143176047 0.00217673978768893 0.00206469619089851 0.00190307671992872 0.00169389578922635 0.0014489439352299 0.00118817776624683 0.000934677697577282 0.000708718340945904 0.000523196258440142 0.000382169065922486 0.000282374408590662 0.000216351074452741 0.000175226953348784 0.000150697257255374 0.000135792341135669 0.000125032243509529 0.000114568937849766 0.000102187510996075 8.73825917158639e-05 7.0979743141923e-05 5.44620833818966e-05 3.93836037242823e-05 2.68355154714353e-05 1.72486130884476e-05 1.04851904899558e-05 6.06782168807345e-06 3.37733433320746e-06 1.84320773673056e-06 1.01983308695897e-06
2.95074848930616e-05 4.62963482026243e-05 6.8365347658187e-05 9.57545493334862e-05 0.000128472370470904 0.000166808700898063 0.00021189734316377 0.000265819039584766 0.000331683624531369 0.000413347541773149 0.000515012342017325 0.000640631940700245 0.000792873593587801 0.000971497240927271 0.00117223584586571 0.00138635921294972 0.00160194246655241 0.00180668145010514 0.00199103454598895 0.00215061233064664 0.00228636830929522 0.00240278718867562 0.00250524219963459 0.00259746706254776 0.00268036090724634 0.00275226217008421 0.00281004670737898 0.00285041681191039 0.00287046803002223 0.00286704793609772 0.00283526796410647 0.00276760444611806 0.00265469791363867 0.00248866982779908 0.00226782041067274 0.0020001972193559 0.00170397914056501 0.00140360109224427 0.00112356953889811 0.000882443489908957 0.000689518442728546 0.000545057688698573 0.000443023371513844 0.00037413295627589 0.000328520929878893 0.000297072092202931 0.000272067158604654 0.000247732910879345 0.00022055750716054 0.000189563200573186 0.00015594995319121 0.000122119709300636 9.07831576380446e-05 6.40392217637216e-05 4.29408986996091e-05 2.75245509327959e-05 1.70888538280442e-05 1.05146508382915e-05 6.62706327190932e-06 4.42309252670186e-06
1.98451640183345e-05 3.27937446636998e-05 5.16327115277336e-05 7.80308670850191e-05 0.000114092353586117 0.000162243693664807 0.000225277559998466 0.00030597551450453 0.000406896735556712 0.000530207316309501 0.000677598280757369 0.000850245349316182 0.00104813168750118 0.00126851529443411 0.00150480597436471 0.00174620390028279 0.00197950208220187 0.00219264854413507 0.00237845159419153 0.00253678127014888 0.00267378535749781 0.0027985463974578 0.00291923399713963 0.00303980510218689 0.00315865892144345 0.00326921620157413 0.00336179963901276 0.0034263920419458 0.00345539011532992 0.00344510256169109 0.00339507484994069 0.00330589366187271 0.00317666357124262 0.00300454611557446 0.00278726695597671 0.00252718090017808 0.00223447971359909 0.00192683960524116 0.00162560198812841 0.00135018342029708 0.00111341615610284 0.000919989272931633 0.000767823543570359 0.000650593410369215 0.000560521173022723 0.000489888051922076 0.000431739889756414 0.000380325689840907 0.000331395754841917 0.000282668338694629 0.000233949676479417 0.000186550501179951 0.000142726297064813 0.000104718407435385 7.40340237125233e-05 5.11335690545026e-05 3.54199242867701e-05 2.54586229626473e-05 1.94593176275604e-05 1.57579194626599e-05
1.67799410326381e-05 2.99046103886272e-05 5.07179256256975e-05 8.2118448330389e-05 0.000127484691249843 0.000190185066440341 0.000273330923375833 0.000379271346060184 0.000509451575010321 0.00066462293328123 0.000845099552358593 0.00105101459301689 0.00128147868942607 0.00153267125526911 0.00179639726336326 0.00205992411950266 0.00230862029960016 0.00253054981726891 0.00272075862033276 0.00288287992729334 0.00302695315148406 0.00316452658110769 0.00330402267723612 0.00344762302074985 0.00359057540494503 0.00372228521518076 0.00382843371209678 0.0038941944282724 0.00390837933347878 0.00386714124291297 0.00377500762290722 0.00364260844052043 0.0034813768360796 0.00329850854175191 0.00309532792645372 0.00286956873184618 0.00262023418808645 0.00235138275276128 0.00207282287007313 0.00179758510460816 0.00153779668250014 0.00130185784330109 0.00109374186210485 0.000913832396819162 0.00076073706720926 0.000632287423292786 0.000525790789231857 0.00043794474415046 0.000364852441515594 0.000302586732721683 0.000248056301331648 0.000199448410026179 0.000156551954366345 0.000120229533351416 9.15434029699539e-05 7.09656021747218e-05 5.78560838550197e-05 5.03973970358048e-05 4.61150408017239e-05 4.26848461863598e-05
2.36132267428975e-05 4.23798053224493e-05 7.17346014387081e-05 0.000114904785820793 0.000175096654436717 0.00025489648918066 0.00035614850785844 0.00047977338844176 0.000626005803648219 0.000794947602110636 0.000986967290700479 0.00120292595331339 0.00144297678376071 0.00170431448350149 0.00197932734025002 0.00225538561850235 0.00251767985366739 0.00275410992313182 0.00295975847389631 0.00313804475816113 0.00329799357486301 0.00344909435471816 0.00359697452929324 0.00374134286200187 0.00387623203302999 0.00399127671341916 0.00407313708909813 0.00410768885900566 0.00408387631196316 0.00399853018786911 0.00385923290700573 0.00368340782441331 0.00349231891448603 0.0033028725452371 0.00312173281580491 0.0029442566069469 0.00275903771351173 0.00255480359615705 0.00232621300955717 0.00207606317170036 0.00181345227987693 0.00155037641958434 0.0012983554287461 0.00106638986464088 0.000860649565934426 0.000684626509801187 0.000539274706492694 0.000423087637967483 0.000332435957655439 0.000262338341515112 0.000207753198049596 0.000164663819194375 0.000130804956679703 0.000105464848489789 8.8594842963667e-05 7.9793269294886e-05 7.75551245456091e-05 7.90990151432487e-05 8.09674746071241e-05 8.01538639585152e-05
3.18828306931592e-05 5.59313972120349e-05 9.2156178215337e-05 0.000143216685605967 0.000211227667359887 0.000297429488314455 0.000402448896337408 0.000526551539598309 0.000670030001442345 0.000833514059944509 0.00101802068632935 0.00122484007550913 0.00145438568242963 0.00170450740669688 0.00196911571013747 0.00223817909162581 0.00250000903170108 0.00274499893163309 0.00296890330270942 0.00317308304467832 0.00336187993950508 0.0035387150911833 0.0037034588741803 0.00385219222044319 0.00397838941029834 0.00407391332719056 0.00412908969776097 0.0041331298057593 0.00407675246304589 0.00395719849756802 0.00378257573387739 0.00357284869248931 0.00335468471237241 0.00315202293589462 0.0029771178578945 0.00282616858840222 0.00268228071188875 0.00252376888680626 0.00233381209597931 0.0021069623634488 0.00185004270588929 0.0015785825988052 0.00131087910699604 0.00106277533241736 0.00084486504798584 0.000661937496271793 0.000513833759739048 0.00039694385147497 0.000305971810917882 0.000235351315680807 0.000180453050798694 0.000138252196049278 0.000107298628915052 8.71406801698156e-05 7.73268489322191e-05 7.65452238046604e-05 8.2181240958556e-05 9.04234046986535e-05 9.70327917615614e-05 9.85958736718311e-05
3.10384129374335e-05 5.35001609225233e-05 8.64880071955436e-05 0.0001318256314909 0.000190808447411125 0.000264287438161003 0.000353133114947643 0.00045857102826181 0.000582228062711028 0.000725738846765809 0.00089025149228701 0.00107603383592721 0.00128191790113354 0.00150496573362511 0.00174046451939245 0.00198263413809207 0.00222614597026188 0.00246776510130974 0.00270701797717929 0.00294451232277046 0.00317909059891094 0.00340566643437435 0.00361533489175546 0.00379780690231181 0.00394400817372146 0.0040468949892146 0.00410006586761515 0.00409621380081162 0.00402810989270181 0.00389305692213694 0.00369807503760815 0.00346251076569509 0.00321444049174109 0.00298172107940817 0.00278177133842575 0.00261511381120086 0.00246638820880096 0.00231220149954385 0.00213206476871386 0.00191704833221315 0.00167263770690184 0.00141552579952633 0.00116649225635417 0.000943274563911342 0.000756111455830856 0.000606794457981222 0.00049043887626353 0.000398711472375114 0.000323330858226377 0.000258370285111561 0.000201183372025881 0.000152025161413501 0.000112628426791103 8.47091071906088e-05 6.87023740431477e-05 6.32515362216481e-05 6.5377394957554e-05 7.10682925317778e-05 7.61962449355178e-05 7.75744842030868e-05
2.06281359046743e-05 3.53088166873325e-05 5.67778351059322e-05 8.63942391154122e-05 0.000125449738731658 0.000175473241860871 0.000238518050609626 0.000317219603567614 0.000414372761895233 0.000532066348461909 0.000670975931141193 0.000830044304289952 0.0010065929330375 0.00119704145916439 0.00139801423178588 0.00160761349943462 0.00182631837154696 0.00205688027631261 0.00230264877116493 0.00256416340134058 0.00283601491019541 0.00310608230035504 0.00335802955615002 0.00357602636983322 0.00374854802148055 0.00386908343742011 0.00393364099296969 0.00393765130393 0.00387552060770389 0.00374413199943745 0.00354817438817178 0.00330368464078208 0.00303616733837439 0.0027733975290148 0.00253591951287385 0.00233024453196828 0.00214829843071593 0.00197329604939389 0.00178904025683202 0.00158781025328334 0.00137352594852499 0.00115937328943748 0.000961683409689674 0.00079349310262709 0.000660429799816394 0.000560007889582291 0.000483717034842404 0.000420740742446635 0.000361929133236452 0.000302308290343699 0.00024167232801972 0.000183427199221821 0.000132255584231754 9.20001225415815e-05 6.42459492366145e-05 4.81171660746197e-05 4.09387734267133e-05 3.91810848725801e-05 3.94192928319804e-05 3.90472507187121e-05
9.35105125145422e-06 1.61996563428482e-05 2.65681838533945e-05 4.16757871696493e-05 6.30754475110243e-05 9.29376349980481e-05 0.000134053338859623 0.000189611010509914 0.000262600286098028 0.000355014705309634 0.000467288597851623 0.000598225536891869 0.00074536381572344 0.000905816151864587 0.00107747486782295 0.00126022969772332 0.00145649706350864 0.00167050545106172 0.0019059513765469 0.00216236549452897 0.00243233541302181 0.00270154054087186 0.00295212353002163 0.00316793017723713 0.00333828253717786 0.00345827234746624 0.00352575573646768 0.0035377014868557 0.00348911867893253 0.00337577630164261 0.00319916959392263 0.00297024349604142 0.00270892852285507 0.00243916853038722 0.00218154098274342 0.00194755898405325 0.00173832216286147 0.00154777313486055 0.00136847375130268 0.0011965961870424 0.00103389543711627 0.000886331919199577 0.000760567207257998 0.000660419530780689 0.000584905419167779 0.00052838262650601 0.000482245027494703 0.000437547450310047 0.000387769562313531 0.000330508914184588 0.000267716622707282 0.000204451282208128 0.00014660361559549 9.8862700255329e-05 6.34067501711655e-05 3.98135564651362e-05 2.58658491490708e-05 1.85756755223363e-05 1.51109702132074e-05 1.32889739272786e-05
3.10293223156614e-06 5.71934785347373e-06 1.01542245195099e-05 1.75221734658508e-05 2.94031110875294e-05 4.80138023381732e-05 7.60578654707637e-05 0.00011638268523816 0.000171456028761811 0.000242869764920932 0.000331005868174799 0.000435145169334328 0.000553814987672427 0.000685266725256734 0.000828223823107651 0.000982690321501522 0.00115029546187374 0.00133374555599483 0.00153499491920099 0.00175246279337292 0.00197898307503662 0.00220204774201295 0.00240674598611255 0.00258018360207585 0.00271457346228589 0.00280730487484559 0.00285818744173227 0.00286600369300786 0.00282710138720296 0.00273710591510699 0.00259487589865299 0.00240587867345755 0.00218292040042492 0.00194351483577857 0.00170517927098378 0.00148134072274288 0.00127961915223912 0.00110267423972024 0.000950490834149966 0.000822487809114262 0.000718274941256318 0.000637266390506372 0.000577774499766905 0.000536261333720069 0.000507318477445967 0.000484331830225958 0.000460430733793609 0.000429696519995848 0.000388505229297686 0.000336444080132727 0.000276471396508421 0.000214035491073553 0.000155264116281954 0.000105192129836624 6.65219715766088e-05 3.94100338653606e-05 2.21558653969411e-05 1.21671238626542e-05 6.88311578515867e-06 4.24919229909727e-06
1.04087619291305e-06 2.24083826683902e-06 4.64126744923385e-06 9.21385020063356e-06 1.73661177920952e-05 3.09948116218967e-05 5.22880780195678e-05 8.33374333720974e-05 0.000125696868967983 0.000180118549586448 0.000246442042587698 0.000323856599185534 0.000411335820843938 0.000507914249861739 0.000613021533895156 0.000726800261030134 0.000850170435858985 0.000984429828812111 0.00113008650463967 0.00128513732799967 0.00144379544475475 0.00159675727690048 0.00173331828061044 0.00184461021765618 0.00192600309969328 0.00197730282511239 0.00200067969568921 0.00199764477477609 0.00196713900493657 0.00190586787750247 0.00181083199232353 0.00168227023073853 0.00152554706966215 0.00135079838402549 0.00117066535678214 0.000997429922980852 0.000840871571510297 0.000707311483054238 0.000599686938514169 0.000518239344401596 0.000461116570702865 0.000424924448600003 0.000405299142952677 0.000397265726823644 0.000395542548963276 0.000394776243216852 0.000389723709304851 0.000375740481225935 0.000349687432606297 0.000310921317783131 0.00026181866097047 0.000207348160346191 0.000153586728220142 0.00010597038806723 6.79177187083316e-05 4.03643808065905e-05 2.22524953394823e-05 1.1409572048307e-05 5.48972548130272e-06 2.5181022308901e-06
5.45942340872883e-07 1.32824084782209e-06 3.01286773808264e-06 6.36495034414518e-06 1.248529562468e-05 2.2777899608944e-05 3.87492803384022e-05 6.16318904425738e-05 9.20078664045726e-05 0.000129679234683583 0.000173751579104131 0.000223036385041931 0.000276624085285224 0.000334161997378218 0.000395933109009784 0.000462722917238976 0.000535492166111235 0.000614899757360194 0.000700617586877818 0.000790564575657671 0.000880470319949854 0.0009643447733859 0.00103591810046058 0.00109066350822104 0.00112727312554603 0.00114767264914762 0.00115542156248415 0.00115321557160077 0.00114092824951691 0.00111525582859777 0.00107137236709626 0.00100561484947275 0.00091801324111012 0.000813283386225096 0.000699935285210363 0.000588013233399926 0.000486626370499192 0.000402109344779732 0.000337261731057679 0.000291777478400035 0.000263253632451691 0.000248341814193233 0.000243740949507431 0.00024650870714736 0.000253845007262346 0.000262627726308192 0.000269090485008812 0.000269103615906928 0.000259142314582805 0.000237557979943577 0.000205415561495368 0.00016640282147042 0.000125649059031255 8.81157335273043e-05 5.72466755065893e-05 3.4389148784715e-05 1.90862654452063e-05 9.77982557837473e-06 4.62779986142324e-06 2.01963313704964e-06
3.25242245626398e-07 8.12263889827832e-07 1.87047960204706e-06 3.98034557742783e-06 7.82584693190185e-06 1.42450043169848e-05 2.40812254193165e-05 3.79171517565537e-05 5.58162493362541e-05 7.72605210622518e-05 0.000101277438749773 0.000126786733511557 0.00015307344477971 0.000180027306679031 0.000208138539405827 0.000238251729060671 0.000271168197118295 0.000307229851964241 0.000345988054579568 0.000386006150034578 0.000424922091772137 0.000459979906291649 0.000488888756906528 0.000510777795719972 0.000526679986717053 0.000539107708403842 0.000550720809372937 0.000562580198854119 0.000572921791189044 0.00057718243093778 0.000569537218027388 0.000545274011827781 0.000502985786102444 0.000445502922774626 0.000379189867153929 0.00031196892776995 0.000251061930241282 0.000201298856591357 0.000164463993860234 0.000139798948509328 0.000125115069174565 0.000117949975769621 0.000116395142756885 0.000119211552057781 0.000125391828104073 0.000133530291418028 0.000141413375598125 0.000146171137681921 0.000145043227202782 0.00013639888762169 0.000120431547168575 9.92044402960234e-05 7.59140989708854e-05 5.38095787524722e-05 3.52623535093859e-05 2.13328274368648e-05 1.19078727972998e-05 6.12842583322122e-06 2.90681048407403e-06 1.26814173721721e-06
1.45449948354663e-07 3.6817018177274e-07 8.53171687802581e-07 1.82435311379569e-06 3.60948187809296e-06 6.62100285739454e-06 1.12998112076505e-05 1.80006095228229e-05 2.68639657506852e-05 3.77523421507213e-05 5.02430248105256e-05 6.37032054478467e-05 7.74421651528475e-05 9.08378697135252e-05 0.000103442858524872 0.000115062693287872 0.000125755452974959 0.000135755641958885 0.000145343554410959 0.000154676929453412 0.00016371974128885 0.000172415762738166 0.000181000676588043 0.000190299035902189 0.000201702210846285 0.000216639617521584 0.000235656524889565 0.000257495060248719 0.000278755162711406 0.000294495910999608 0.000299718809897412 0.000291139114737811 0.000268449427829027 0.000234519860478349 0.000194464055777469 0.000154019711168253 0.000117981456256128 8.92187289689938e-05 6.84820106375964e-05 5.49203180571529e-05 4.69172040006938e-05 4.28580730345738e-05 4.16072708166628e-05 4.25459616870628e-05 4.52810604265514e-05 4.92635944869985e-05 5.35304629950972e-05 5.67401258600625e-05 5.75475077493089e-05 5.50906830429572e-05 4.93247036666892e-05 4.10685673042381e-05 3.16860355662766e-05 2.2602820967406e-05 1.48857248070749e-05 9.04129673181003e-06 5.06297129255379e-06 2.61271203525968e-06 1.24187994098651e-06 5.43080478463127e-07
4.29279361463414e-08 1.1918815212396e-07 2.88879758537733e-07 6.44760766433284e-07 1.34743216045222e-06 2.64385583207173e-06 4.88789265101577e-06 8.53171687802581e-06 1.40717774687707e-05 2.19312933701991e-05 3.22661519112189e-05 4.47315828438783e-05 5.83266077041531e-05 7.14287188505594e-05 8.21159231576745e-05 8.87291821520779e-05 9.04286233889301e-05 8.75063251788739e-05 8.13004607157416e-05 7.37336965043465e-05 6.67640514675046e-05 6.20317094557015e-05 6.07726583402564e-05 6.39018523680533e-05 7.20182625069692e-05 8.51702037282748e-05 0.000102445415302648 0.000121657434349036 0.000139471012746139 0.000152104956871279 0.000156432597869373 0.000151028559915515 0.000136628341649013 0.000115851052209336 9.23002814049106e-05 6.94656495823144e-05 4.98861337335443e-05 3.47970483505291e-05 2.42458666803013e-05 1.7509210912583e-05 1.35765069270353e-05 1.15221947513733e-05 1.07003352052304e-05 1.07469667280247e-05 1.14543517777773e-05 1.26270419863868e-05 1.39657202147621e-05 1.50579415862031e-05 1.54936180518766e-05 1.50017144070938e-05 1.35480566477853e-05 1.13535132140453e-05 8.80207870332395e-06 6.30182102628292e-06 4.16182132317589e-06 2.53325326717704e-06 1.42116720371535e-06 7.34320225373887e-07 3.49483903685509e-07 1.53025466498135e-07
8.08055268637015e-09 3.65308319362984e-08 1.04878840075179e-07 2.67668307736011e-07 6.43414007652223e-07 1.4533210696132e-06 3.07633374564017e-06 6.08364610375092e-06 1.12058747826714e-05 1.91783500768614e-05 3.04357383829084e-05 4.47159267730484e-05 6.07506051652165e-05 7.62654346678949e-05 8.84386189450639e-05 9.47468370755568e-05 9.38448453819407e-05 8.60843162509204e-05 7.34044139823769e-05 5.86488197425221e-05 4.46834362174553e-05 3.37258700850421e-05 2.70819723283695e-05 2.52350610049911e-05 2.80442314774381e-05 3.48482251842094e-05 4.44396728780831e-05 5.50465766928774e-05 6.45055369916642e-05 7.07004590397003e-05 7.21355988657692e-05 6.84139993191528e-05 6.03073531813996e-05 4.9459547889643e-05 3.78186700206886e-05 2.70605925327202e-05 1.82381441028327e-05 1.17166330503891e-05 7.32973466592825e-06 4.62611641294691e-06 3.0935049200987e-06 2.30009565320574e-06 1.94960168043443e-06 1.86946953296126e-06 1.96391099248321e-06 2.17299529324304e-06 2.42921615134003e-06 2.64739107387202e-06 2.74839798245165e-06 2.67988162946513e-06 2.43275139314031e-06 2.04656831267087e-06 1.59102715497675e-06 1.14154641179742e-06 7.5502664163271e-07 4.60254813427833e-07 2.58409341116212e-07 1.33665809020373e-07 6.36343524051649e-08 2.79452447070301e-08
1.01006908579627e-09 1.66661399156384e-08 5.63955239569583e-08 1.59085881012912e-07 4.15811773652797e-07 1.00501874036729e-06 2.24437350863931e-06 4.62577972325164e-06 8.79197801246598e-06 1.54032168686978e-05 2.48650390298944e-05 3.69762724031345e-05 5.06465474103012e-05 6.38904049184143e-05 7.42287987012343e-05 7.9433011320952e-05 7.83061109108986e-05 7.11421959198886e-05 5.96245464794013e-05 4.62162160551511e-05 3.33646020420223e-05 2.28809266556952e-05 1.5696473593274e-05 1.19609014243041e-05 1.12988011385647e-05 1.30359516212866e-05 1.63190128398198e-05 2.01751199196947e-05 2.3596055568439e-05 2.57010395432384e-05 2.59315036396476e-05 2.42108509519936e-05 2.09141538008023e-05 1.67255656468528e-05 1.23999447869303e-05 8.53996577555981e-06 5.48265499770214e-06 3.30208418631563e-06 1.88815581104849e-06 1.04929343529469e-06 5.9173213942898e-07 3.62109767257962e-07 2.59082720506743e-07 2.23561957656241e-07 2.23898647351506e-07 2.45110098153228e-07 2.75412170727116e-07 3.02010656653084e-07 3.15141554768436e-07 3.0857610571076e-07 2.80967550698995e-07 2.36861200619225e-07 1.84505953005452e-07 1.32487395086944e-07 8.77076656166426e-08 5.35336615472022e-08 3.01337277262553e-08 1.54877259822094e-08 7.4071732958393e-09 3.19855210502152e-09
0 8.24889753400286e-09 2.91236586404591e-08 8.4004078968723e-08 2.23393612808608e-07 5.46952409958679e-07 1.23295766406198e-06 2.55867333916958e-06 4.88721927162524e-06 8.59299440256412e-06 1.39071362077859e-05 2.07182003981578e-05 2.84117282798203e-05 3.58670482020826e-05 4.16831943429451e-05 4.45994321384866e-05 4.39371635078995e-05 3.98598512982352e-05 3.33120784495609e-05 2.56730942985314e-05 1.83019468000855e-05 1.21822748989412e-05 7.78359237514604e-06 5.12593226556843e-06 3.94600322851075e-06 3.85745383865595e-06 4.44985935747546e-06 5.33249139361376e-06 6.15771783670932e-06 6.65298837844475e-06 6.65719699963557e-06 6.15603438823299e-06 5.25555779824562e-06 4.14195663115523e-06 3.01556125564476e-06 2.03007051760287e-06 1.26578490935036e-06 7.32805121745193e-07 3.9611542647977e-07 2.02013817159254e-07 9.94918049509324e-08 4.98300748992826e-08 2.77768998593974e-08 1.93596574777618e-08 1.70028296109038e-08 1.78445538490674e-08 2.00330368682927e-08 2.20531750398852e-08 2.30632441256815e-08 2.2726554430416e-08 2.07064162588235e-08 1.7507864153802e-08 1.36359326582496e-08 9.76400116269726e-09 6.39710421004303e-09 3.87193149555236e-09 2.18848301922525e-09 1.17841393342898e-09 5.05034542898134e-10 1.68344847632711e-10
0 3.0302072573888e-09 1.06057254008608e-08 3.08071071167862e-08 8.21522856447631e-08 2.01508782616355e-07 4.54867778303586e-07 9.44751284914776e-07 1.80566683570846e-06 3.176330585134e-06 5.14259840548407e-06 7.66288911939339e-06 1.05102738722531e-05 1.32694459249532e-05 1.54219031467851e-05 1.65004885855678e-05 1.62536950389383e-05 1.47414532726536e-05 1.23127421558565e-05 9.47528974900716e-06 6.72790183564131e-06 4.42780618243557e-06 2.73846563644132e-06 1.65651330070588e-06 1.07656530061119e-06 8.55865205364705e-07 8.56875274450501e-07 9.6360590784964e-07 1.08632930177389e-06 1.16208448320861e-06 1.15551903415093e-06 1.06292936795294e-06 9.02328383311333e-07 7.06038290971591e-07 5.09411508936585e-07 3.39046523132281e-07 2.08410921369297e-07 1.18346427885796e-07 6.21192487764705e-08 3.0302072573888e-08 1.3972622353515e-08 6.06041451477761e-09 2.69351756212338e-09 1.34675878106169e-09 8.41724238163557e-10 8.41724238163557e-10 1.01006908579627e-09 1.01006908579627e-09 1.01006908579627e-09 1.01006908579627e-09 1.01006908579627e-09 8.41724238163557e-10 6.73379390530846e-10 5.05034542898134e-10 3.36689695265423e-10 1.68344847632711e-10 1.68344847632711e-10 0 0 0
0 6.73379390530846e-10 2.52517271449067e-09 7.57551814347201e-09 2.00330368682927e-08 4.91566955087517e-08 1.11107599437589e-07 2.30800786104447e-07 4.41063500797704e-07 7.75901402739167e-07 1.25635759788292e-06 1.87216305052338e-06 2.56776396094175e-06 3.24198507571076e-06 3.76789437971535e-06 4.03135406626054e-06 3.9709182659604e-06 3.60123298055896e-06 3.00731235811076e-06 2.31305820647345e-06 1.63967881594261e-06 1.0735350933538e-06 6.53514698510186e-07 3.77429148392539e-07 2.18679957074892e-07 1.42588085944907e-07 1.17168013952367e-07 1.17504703647633e-07 1.26426980572166e-07 1.32992429629842e-07 1.31308981153515e-07 1.20366566057389e-07 1.0184863281779e-07 7.94587680826398e-08 5.70689033474892e-08 3.78775907173601e-08 2.30632441256815e-08 1.29625532677188e-08 6.73379390530845e-09 3.19855210502152e-09 1.5151036286944e-09 6.73379390530846e-10 1.68344847632711e-10 1.68344847632711e-10 0 0 0 0 0 0 0 0 0 0 0 0 0 0 0 0
0 1.68344847632711e-10 3.36689695265423e-10 1.17841393342898e-09 3.19855210502152e-09 7.91220783873743e-09 1.78445538490674e-08 3.72042113268292e-08 7.12098705486369e-08 1.25080221791105e-07 2.02687196549784e-07 3.02010656653084e-07 4.1412832517647e-07 5.22879096747202e-07 6.07724899954088e-07 6.50316146405164e-07 6.40552145242467e-07 5.80789724332854e-07 4.85001506029841e-07 3.72883837506456e-07 2.64133065935724e-07 1.72553468823529e-07 1.04205460684648e-07 5.87523518238163e-08 3.18171762025825e-08 1.78445538490674e-08 1.17841393342898e-08 9.93234601032997e-09 9.76400116269726e-09 9.93234601032997e-09 9.59565631506455e-09 8.75393207690099e-09 7.4071732958393e-09 5.72372481951219e-09 4.20862119081778e-09 2.69351756212338e-09 1.68344847632711e-09 1.01006908579627e-09 5.05034542898134e-10 1.68344847632711e-10 1.68344847632711e-10 0 0 0 0 0 0 0 0 0 0 0 0 0 0 0 0 0 0 0
0 0 0 1.68344847632711e-10 3.36689695265423e-10 8.41724238163557e-10 1.85179332395982e-09 3.87193149555236e-09 7.57551814347201e-09 1.32992429629842e-08 2.15481404969871e-08 3.19855210502152e-08 4.39380052321377e-08 5.5385454871162e-08 6.43077317956957e-08 6.88530426817789e-08 6.78429735959827e-08 6.16142142335724e-08 5.1345178527977e-08 3.95610391936872e-08 2.79452447070301e-08 1.81812435443328e-08 1.09424150961262e-08 6.06041451477761e-09 3.19855210502152e-09 1.68344847632711e-09 8.41724238163557e-10 6.73379390530846e-10 5.05034542898134e-10 5.05034542898134e-10 5.05034542898134e-10 3.36689695265423e-10 3.36689695265423e-10 3.36689695265423e-10 1.68344847632711e-10 1.68344847632711e-10 0 0 0 0 0 0 0 0 0 0 0 0 0 0 0 0 0 0 0 0 0 0 0 0
0 0 0 0 0 0 1.68344847632711e-10 3.36689695265423e-10 5.05034542898134e-10 8.41724238163557e-10 1.5151036286944e-09 2.18848301922525e-09 3.0302072573888e-09 3.87193149555236e-09 4.3769660384505e-09 4.71365573371592e-09 4.71365573371592e-09 4.20862119081778e-09 3.53524180028694e-09 2.69351756212338e-09 1.85179332395982e-09 1.17841393342898e-09 6.73379390530846e-10 3.36689695265423e-10 1.68344847632711e-10 1.68344847632711e-10 0 0 0 0 0 0 0 0 0 0 0 0 0 0 0 0 0 0 0 0 0 0 0 0 0 0 0 0 0 0 0 0 0 0
0 0 0 0 0 0 0 0 0 0 0 1.68344847632711e-10 1.68344847632711e-10 1.68344847632711e-10 1.68344847632711e-10 1.68344847632711e-10 1.68344847632711e-10 1.68344847632711e-10 1.68344847632711e-10 1.68344847632711e-10 1.68344847632711e-10 0 0 0 0 0 0 0 0 0 0 0 0 0 0 0 0 0 0 0 0 0 0 0 0 0 0 0 0 0 0 0 0 0 0 0 0 0 0 0
0 0 0 0 0 0 0 0 0 0 0 0 0 0 0 0 0 0 0 0 0 0 0 0 0 0 0 0 0 0 0 0 0 0 0 0 0 0 0 0 0 0 0 0 0 0 0 0 0 0 0 0 0 0 0 0 0 0 0 0
0 0 0 0 0 0 0 0 0 0 0 0 0 0 0 0 0 0 0 0 0 0 0 0 0 0 0 0 0 0 0 0 0 0 0 0 0 0 0 0 0 0 0 0 0 0 0 0 0 0 0 0 0 0 0 0 0 0 0 0
0 0 0 0 0 0 0 0 0 0 0 0 0 0 0 0 0 0 0 0 0 0 0 0 0 0 0 0 0 0 0 0 0 0 0 0 0 0 0 0 0 0 0 0 0 0 0 0 0 0 0 0 0 0 0 0 0 0 0 0
0 0 0 0 0 0 0 0 0 0 0 0 0 0 0 0 0 0 0 0 0 0 0 0 0 0 0 0 0 0 0 0 0 0 0 0 0 0 0 0 0 0 0 0 0 0 0 0 0 0 0 0 0 0 0 0 0 0 0 0
