1.48707551893285e-06
3.48819827544418e-05
0.000315519390462448
0.00166872668670972
0.00544206939887103
0.0124782908686628
0.0233530012112698
0.0378755498205021
0.0553078851603935
0.0764646390036791
0.099827401766371
0.120193848332749
0.128116404223652
0.116002739829528
0.0916351348477219
0.0692974231225968
0.0509290406477618
0.0338180724366968
0.021907501601693
0.0157277288677954
0.0109247827155997
0.0073126813354916
0.00599857545066153
0.00517656281752823
0.00408793942919065
0.0032002189927016
0.00198157686808762
0.000744889565949326
0.000156825069101888
1.86014802989397e-05
