0.0104002758375341
0.0155462797806723
0.0214960453087801
0.0278877749910924
0.0344784323791057
0.0412478158832207
0.0482188177140954
0.0551316418126721
0.0613816067871433
0.0663518974878663
0.0697353442891482
0.0714441089053151
0.0712635565741015
0.0687795087175749
0.0638137132757045
0.056916127884168
0.0492389174641949
0.0417895546433783
0.0348484968556691
0.0281652852811818
0.0216154742271878
0.0155287824412561
0.0104184737702114
0.0065588069610907
0.00387642005821538
0.00212437713132535
0.00105361884523496
0.000460420284641207
0.000173303484425416
5.51209237932116e-05
