0.000242356563821622
0.0014102757925723
0.00448551854252888
0.0100437995341049
0.0201260772563302
0.0344999142856867
0.0514384035843549
0.0687557454243255
0.0829489299580291
0.0996707698557192
0.116289199007483
0.117699661451715
0.102145509971855
0.0847795863635121
0.067642292827792
0.0494785103023125
0.0333326810992147
0.0223679490022409
0.0147675143372951
0.00913698636599474
0.00433424188430341
0.00169854322061659
0.00105031125645447
0.000859045853308785
0.000570219735219235
0.000197301549977184
2.731524151286e-05
1.3253350083403e-06
1.43967109854117e-08
1.39996970405634e-18
