0.0005074474066399
0.00175788775895131
0.00417159439471626
0.0072342081529425
0.0104902839381216
0.0158207233977573
0.0273693214127506
0.0474619953688277
0.0718278830152498
0.0913757269138961
0.101045377076301
0.103612716154201
0.103324054744665
0.100495474861744
0.0931138199797015
0.079284171822679
0.0592665033463732
0.0381329705454426
0.0221183315110759
0.0122572621782024
0.00612133800018338
0.00240146770153197
0.000667887867679395
0.000127207774651125
1.43446757159264e-05
-1.65322373310467e-17
-1.65322373310467e-17
-2.06652966638084e-17
-1.03326483319042e-17
-7.23285383233293e-18
