-6.56226049131936e-18
-3.28113024565968e-18
-8.43719206026775e-18
-9.72620751391977e-18
5.23281085986714e-07
1.08335963982454e-05
7.91612901539199e-05
0.000396953186351164
0.00147650707637509
0.00415353351562642
0.00908342714504182
0.0160411474499573
0.0241033076926776
0.032640005955127
0.041658710319934
0.0510589268633426
0.0602225464979705
0.0688339562033884
0.0773204994140614
0.0851542668136688
0.0896799839808918
0.0885108391735669
0.0822652125911373
0.0733621260547425
0.0630504697280138
0.0509728260840762
0.0372423428040439
0.0237340853603659
0.0129350327544575
0.00601277516754404
