0.000148162263627236
0.000167339599683649
0.0001884393661331
0.00021159733178702
0.000236691405599611
0.000263906825658955
0.000293229607549705
0.000324784116984643
0.000358617141275181
0.000394763904225575
0.000433247579326268
0.000474143941422158
0.000517538283485232
0.000563170917505953
0.000611171993710466
0.000661452718633419
0.000713979147835786
0.00076885745607954
0.000825927497852762
0.000885231788049233
0.000946630315877283
0.001010151777758
0.00107563663494449
0.00114310683528386
0.00121284724918736
0.00128448928016126
0.00135814763995252
0.00143394599605142
0.00151178374042046
0.00159179179538457
0.00167421652778692
0.0017588826294363
0.00184613768994479
0.00193611391927681
0.00202864837953185
0.00212415795419143
0.00222261417124536
0.00232425997793372
0.00242926907750187
0.00253764902931562
0.00264961384317152
0.00276528431176086
0.00288474835793449
0.00300800432363528
0.00313500797237674
0.00326583296100379
0.00340044132010847
0.0035387187150212
0.00368050127795687
0.00382573783598347
0.00397413635678203
0.00412558798802511
0.00427988666403592
0.00443658013038902
0.00459544081987875
0.0047561988171351
0.00491850244976846
0.00508209596777412
0.00524656342513492
0.00541136361880432
0.0055763202379583
0.00574093718940739
0.00590484458201313
0.00606771800615436
0.00622929083779327
0.0063891517350267
0.00654703396363562
0.0067023600093874
0.00685495165297699
0.00700461273287725
0.00715093555309792
0.00729361921417785
0.00743251408992532
0.00756697209803096
0.00769705100716514
0.00782235258546897
0.00794257379835925
0.00805768201248837
0.00816724169425326
0.00827113055862965
0.00836909841014122
0.00846108694905612
0.00854686666859792
0.008626243461604
0.00869939894771115
0.00876593720992462
0.00882601469897306
0.00887976423400268
0.00892705052941344
0.00896804522223665
0.00900293181281713
0.00903191343307095
0.00905523732661309
0.0090731535961269
0.00908603884831747
0.00909428539201495
0.00909836076346844
0.00909861257920982
0.0090954045360224
0.00908923957244621
0.0090805621140603
0.00906995758947359
0.00905780708939618
0.0090445561564247
0.00903062691132957
0.00901641057416906
0.00900226029375366
0.00898857196754755
0.00897543684906709
0.00896311724958841
0.00895182692290818
0.00894153601826691
0.00893239286233656
0.00892425084378114
0.00891698105893846
0.00891043961863876
0.00890431213534188
0.00889822751331246
0.00889182921520102
0.00888463355912959
0.00887616625932388
0.00886594270513807
0.00885327982697763
0.00883761898995529
0.00881829144719679
0.00879475663148712
0.00876634420229007
0.00873232033154878
0.00869222285563809
0.00864538036576323
0.00859138988100772
0.00852951708389052
0.00845940723614234
0.00838090032555434
0.00829357425839997
0.00819728832069732
0.00809183751980913
0.00797718918002217
0.00785339965420348
0.00772061524598807
0.00757902114902083
0.00742889854936214
0.00727090061913528
0.00710533881830744
0.00693283394774662
0.00675399890649432
0.0065693962670272
0.00637990434203059
0.00618622769116424
0.00598928198273957
0.0057898321394222
0.00558883691124613
0.00538706961098537
0.00518512615022212
0.0049842239924665
0.00478502032443397
0.00458819575380818
0.00439461463593659
0.00420486018086309
0.00401941739029617
0.00383911713567654
0.00366420875851394
0.00349515729688757
0.00333258882655738
0.00317648731422005
0.003027243750951
0.00288496648963916
0.00274961645425069
0.00262133897909746
0.0025000039436995
0.0023855073099039
0.00227770694226434
0.00217646321172788
0.00208158000253728
0.00199268340886906
0.0019094689940498
0.00183163972509259
0.00175887417071778
0.00169070416625002
0.00162685886460872
0.00156685024756486
0.00151029373340988
0.00145699437077689
0.00140649871488102
0.00135842483920179
0.00131248288054074
0.00126831266743767
0.0012257336830994
0.00118465562319413
0.00114466084009276
0.00110570140040294
0.00106760865842614
0.0010302186840657
0.000993378219200203
0.000957117871350219
0.000921357724441825
0.000886320890430784
0.000851846074969015
0.000817886067198261
0.000784628549581653
0.000752147698390461
0.000720415712373777
0.000689861862644407
0.000660219599042136
0.000631737349985539
0.000604530040043285
0.000578488132123563
0.000553906095507156
0.00053074039203739
0.000509090909776104
0.000488885304756657
0.000470235266418791
0.000453189587583406
0.00043748280380886
0.000423421852524614
0.000410742893161892
0.000399298933662712
0.000389209540612934
0.00038028471552588
0.000372380829739103
0.000365376667847872
0.000359143403352049
0.000353547221429907
0.000348451978400702
0.00034367207866423
0.000339134024777231
0.000334701973578346
0.000330321575708135
0.000325808456328028
0.000321064404354208
0.000316003602461505
0.000310553765370843
0.000304656935208605
0.00029826993069119
0.000291364455542911
0.000283926879778929
0.00027588947080838
0.000267406282040572
0.0002584423650842
0.000249020886350681
0.000239189288224469
0.000229002969692524
0.00021852368929347
0.000207817930191924
0.000196912451756703
0.000185936575997041
0.000174989149049979
0.000164093265772019
0.000153316616871688
0.000142722979245836
0.000132371294913552
0.000122314923977503
0.000112601075321096
0.000103270413648757
9.43325448609878e-05
8.58130597073516e-05
7.78247902772074e-05
7.03112260107816e-05
6.3279737090937e-05
5.66559876235061e-05
5.06110801701299e-05
4.50369888227907e-05
3.99224361666048e-05
3.52523989577297e-05
3.10087508769535e-05
2.71708874654321e-05
2.37163217712671e-05
2.06212413340449e-05
1.78610192510084e-05
1.54106741325756e-05
1.32452757061764e-05
1.13402946175222e-05
9.67189657102137e-06
8.21718232159163e-06
6.95437616551348e-06
5.86296647500823e-06
4.9238024861115e-06
4.11915199504913e-06
3.43272486415986e-06
2.84966730714872e-06
2.35653184136834e-06
1.9412275884718e-06
1.59295530140761e-06
1.30213112101112e-06
1.0603026434867e-06
8.60060432267813e-07
6.94947652886167e-07
5.59370062753055e-07
4.4850816210903e-07
3.58232916635465e-07
2.85026103464019e-07
2.25906014167339e-07
1.78358973028448e-07
1.40276896110906e-07
1.09900925335167e-07
2.71518077879593e-08
-8.57243093317226e-19
-8.57243093317226e-19
-1.71448618663445e-18
-2.00023388440686e-18
