0.00238156259656404
0.00396930346150979
0.00634290069502438
0.00975804214795673
0.0143748732584023
0.0201618682329431
0.0268594950335788
0.0340191045396459
0.041172176647442
0.0479421810709976
0.0538978090293065
0.0583808627561036
0.0607667194421694
0.060995710660004
0.0596858668750479
0.0576618329518264
0.0555000056743347
0.0533908791433733
0.0511839949445002
0.0484797196844461
0.0448979429045145
0.0403982818070998
0.0353455958026328
0.0301911239428725
0.0251383714660492
0.0201583847164619
0.0152785445978045
0.0107471521046853
0.00691142599032767
0.00400826782237525
