0.00208683700174863
0.00428484178283237
0.00816205216070901
0.0149289592971955
0.0244442151853677
0.0348959147042588
0.0463164683604546
0.0603827083108706
0.0746906522577464
0.0844935108446824
0.0885269319462688
0.08811732422136
0.0844219163587121
0.07760326057837
0.0679992746402821
0.0580928366668358
0.0499169661786694
0.0412092727252983
0.0299388024192504
0.0191666513084955
0.0129796094262482
0.0101956116630238
0.0074650868124731
0.00454986431267479
0.00243397976331164
0.00114883719006973
0.000511401456909067
0.000384099723938776
0.00039419460296687
0.000257918098975843
