0.00852040284728981
0.0141228346295204
0.0209805263064059
0.0284742903161583
0.0361387723555971
0.0438847326612113
0.0517169876274872
0.0592298234718598
0.0655685245640948
0.069980390893801
0.0723146021473524
0.0728476600473378
0.0715790958225281
0.06795846958144
0.061564805064064
0.0530758515823521
0.044259020291013
0.0367565247278352
0.0309191248438571
0.0259389558675669
0.0209619888816888
0.0158790506902862
0.0111721476847819
0.00730928794296126
0.00443475128553855
0.00245403517324098
0.00120576839677297
0.000513101982676639
0.000183640624972706
5.48316883078164e-05
