8.42258019735122e-05
0.000550731085028829
0.00248509213923475
0.00804109600492056
0.0194605077761521
0.0371215314369766
0.0586655680232447
0.0795325453643484
0.0947050119712728
0.101534643120186
0.0999272763804587
0.0896027627750214
0.0711501389396432
0.0500670110452168
0.0346517017554582
0.029139748881954
0.0308471394772842
0.0334321149086362
0.0329156248570221
0.0299018103295069
0.0254480755316847
0.0191017850433195
0.0121439889912962
0.00758701956718046
0.00636533932583588
0.00676940182729537
0.00690412058907243
0.00592312960122438
0.003976158651689
0.00196469879786205
