2.38112850882664e-05
2.7890255293915e-05
3.25448134921408e-05
3.78334251139239e-05
4.38166510178899e-05
5.05565646786149e-05
5.81160556162354e-05
6.65580184732654e-05
7.59444300299403e-05
8.63353196401117e-05
9.77876419965557e-05
0.000110354064711099
0.000124081686819757
0.000139010707881819
0.000155173070711201
0.000172591103829934
0.000191276192338754
0.000211272649145861
0.000232500661043596
0.000254980432342334
0.000278706045939382
0.000303551596401374
0.000329449144942182
0.000356364959815506
0.000384144498499157
0.000412702350419703
0.000441915148450601
0.000471652885690906
0.000501741896730937
0.000531965830433191
0.000562214909220791
0.000592385893858234
0.000622239318147018
0.000651659772074117
0.000680417971673184
0.000708361438149491
0.000735380518907042
0.00076129956069135
0.000786083867327183
0.000809637161787297
0.000831969208085244
0.000853043589148963
0.000872855283180854
0.000891412997883715
0.000908856390072382
0.000925269388331457
0.000940874141036699
0.000955848444666761
0.000970450849931997
0.000984957470594644
0.000999780764617252
0.00101521938322199
0.00103167418037123
0.00104966336816595
0.00106950760624492
0.00109171238960356
0.00111674475288534
0.00114508438738511
0.00117732334658189
0.0012138520898039
0.00125507749461121
0.00130138998130023
0.00135333538346175
0.00141115081987023
0.00147516508945918
0.00154569752891019
0.00162293944386366
0.00170696425752748
0.00179786613258625
0.00189567027847946
0.00200030274185915
0.00211160734930946
0.00222933559052144
0.00235322042254978
0.00248292247144121
0.00261801489269039
0.00275799021731335
0.00290230739713847
0.00305030395171082
0.00320137216228522
0.00335476405972766
0.0035098732101376
0.00366609645165079
0.00382258014210886
0.00397852582509368
0.00413341503074026
0.00428638635161596
0.00443692086107677
0.00458453001616232
0.00472824111982059
0.00486773713101825
0.00500251704663887
0.00513221256145458
0.00525637608288241
0.00537473400823497
0.00548713196352429
0.00559330451554706
0.00569315269960599
0.00578662275306402
0.0058738088928477
0.00595481437389963
0.0060296221487532
0.00609845634948299
0.00616162909152979
0.00621933839393938
0.00627202684866412
0.00631988915757568
0.00636336522265947
0.00640290706172865
0.00643904293091547
0.00647207914944886
0.00650258070109478
0.00653106526113405
0.00655808374847329
0.00658402074933752
0.00660942679771418
0.00663484756424799
0.00666071097528809
0.00668746924471338
0.00671561432309298
0.00674550472380362
0.00677749109299534
0.00681198675372672
0.00684915591627114
0.00688927312978874
0.00693250492334974
0.00697902004488097
0.00702882043537312
0.00708179595209932
0.00713801581147097
0.00719718330948664
0.00725916388557534
0.00732375424253499
0.00739057448646903
0.00745930591586953
0.00752947525399512
0.00760066646002536
0.00767241228941062
0.00774421532680615
0.00781549058516878
0.00788578492634263
0.00795457339020451
0.0080211256213499
0.00808506733182331
0.00814583115696346
0.00820290060469547
0.00825587716683393
0.00830430160964767
0.0083477627664016
0.00838586080722398
0.00841824973248367
0.00844463416100806
0.00846478759183787
0.008478526048247
0.00848564385029103
0.00848595365889141
0.00847929658234481
0.00846575972582623
0.00844522522892318
0.00841777337117599
0.0083834188824019
0.00834223973526248
0.00829442678239989
0.00824003780647318
0.00817917832791299
0.00811203925145824
0.00803888108855681
0.00795996350609586
0.00787556952227546
0.00778590736923717
0.00769129458444958
0.00759196558813357
0.00748829557633291
0.00738053149907235
0.00726893864422866
0.00715377427796013
0.00703541670174913
0.00691414985424882
0.00679018730699803
0.00666394662745209
0.00653565191367155
0.00640563584784874
0.00627411437728371
0.00614125481491121
0.00600742273009284
0.00587293367325707
0.00573806237300358
0.00560292822287534
0.00546792691827707
0.00533329222128011
0.00519923934625392
0.00506611581554829
0.00493420030426356
0.00480371028616278
0.00467489769919634
0.00454804460143675
0.00442341933034772
0.00430128960171769
0.00418185698023951
0.00406532137888395
0.00395188826283785
0.00384175313475504
0.00373505930489969
0.00363197928825588
0.00353255277849261
0.00343688724471929
0.00334489905929392
0.00325650082188815
0.00317180227771348
0.00309077448290799
0.00301312147008451
0.00293888572233784
0.00286776228576061
0.00279949433105388
0.00273426265413043
0.0026715909413942
0.00261128778147931
0.0025530889029286
0.00249686035006629
0.00244234711803783
0.00238927396709853
0.00233754567963602
0.00228695659757415
0.00223732571011067
0.00218844059437749
0.00214024347869771
0.00209266519807152
0.00204555459662538
0.00199880158861955
0.00195239137879429
0.00190617008862544
0.00186026050253878
0.00181456433453521
0.00176908738557835
0.0017237138963522
0.00167860634658865
0.0016336693297305
0.00158887720802302
0.0015442469169132
0.00149988430865599
0.00145576656109438
0.00141182804554135
0.00136812380669014
0.00132466507678496
0.00128141114645871
0.00123842653170391
0.00119570174835828
0.00115326323252361
0.00111118888362464
0.00106944491268005
0.00102807247679559
0.000987070015278068
0.000946547323140262
0.000906634335645716
0.000867241288039026
0.00082858658660056
0.000790651678978681
0.00075346646890863
0.000717181739543648
0.000681832967707474
0.00064756149393066
0.000614404861167069
0.00058242907593375
0.000551704417472512
0.000522350341264797
0.000494341473418849
0.000467732518043914
0.000442702493793517
0.000419161830985216
0.000397122151302927
0.000376581029654385
0.000357521854413977
0.000339913991034305
0.000323674675687224
0.000308827664453264
0.000295266605092914
0.000282905893676369
0.000271628633757915
0.00026134584398111
0.000252023446219696
0.000243525258412587
0.000235749363000111
0.000228530944966553
0.000221823152777537
0.000215522081764816
0.000209542731896489
0.000203761830534791
0.000198076918820072
0.000192444046020355
0.000186879669892839
0.000181271180432096
0.000175568207140594
0.000169742461182415
0.000163775601241055
0.000157658821641231
0.000151392241177215
0.000144981589865169
0.00013840666380891
0.000131738139858137
0.000125035159360188
