2.77977967546037e-06
3.05684586983712e-06
3.33531702082958e-06
3.67562543684907e-06
4.04638661908035e-06
4.4046502995395e-06
4.80064036045264e-06
5.21615354810923e-06
5.67573242288419e-06
6.14564107166617e-06
6.65001764612853e-06
7.19101632860907e-06
7.7708974439529e-06
8.39203073145794e-06
9.05689858849336e-06
9.76809927449284e-06
1.05500611781229e-05
1.13802338934015e-05
1.2252069572657e-05
1.31823995231516e-05
1.41745037088193e-05
1.52318008066301e-05
1.63578511439258e-05
1.75563594945237e-05
1.88311777133296e-05
2.01863071878504e-05
2.16259010834846e-05
2.31542663579998e-05
2.47758655189838e-05
2.64953180964661e-05
2.83311111895008e-05
3.02858175310476e-05
3.23328630716813e-05
3.44983643663242e-05
3.68047948616381e-05
3.92635729713021e-05
4.18443064019148e-05
4.45500602198519e-05
4.74043784773314e-05
5.04136485885253e-05
5.35844208166317e-05
5.69234048949059e-05
6.04655962302452e-05
6.41961903712858e-05
6.81257974627124e-05
7.2267971726796e-05
7.65795228896702e-05
8.11001407137894e-05
8.58938409375405e-05
9.0932272637673e-05
9.61711997370418e-05
0.000101688563795589
0.000107440880404442
0.00011344452822305
0.000119722916701485
0.000126284907961816
0.000133139425126433
0.000140315329112508
0.000147801459140437
0.000155592273500954
0.000163722711053237
0.000172208421117415
0.000181018057529948
0.000190202365801517
0.000199754935883581
0.000209665280528611
0.000219980768482677
0.000230684016383052
0.000241795703957792
0.000253313058261718
0.000265286157427873
0.000277679983070853
0.000290556274811886
0.000303832918612423
0.000317533544917004
0.000331721729346948
0.000346376747738972
0.000361467924677984
0.000377033811871946
0.000393079489951598
0.000409622125043483
0.000426666700325962
0.000444215622881916
0.000462281025134734
0.000480827544552807
0.000499851341422217
0.000519377864522184
0.000539407860161927
0.000559949211070359
0.000581016057318652
0.000602559085525122
0.000624627363066696
0.000647221060186061
0.000670266457900275
0.000693803666442047
0.000717828197643338
0.000742339322987699
0.000767355542658088
0.000792813014190515
0.000818733724709691
0.000845109968914602
0.000871989282337321
0.000899276234269228
0.000926976747663985
0.000955098442444564
0.000983664576683626
0.00101259797613201
0.00104191935456286
0.00107162717953657
0.00110173270954452
0.00113220979103257
0.00116301730589568
0.00119411828861855
0.00122553786923795
0.00125731183212964
0.00128934791093505
0.00132168118353993
0.00135426963860829
0.00138710712666125
0.00142017140982001
0.00145347846366768
0.00148702176052146
0.00152079645395785
0.00155472549480432
0.0015888546982429
0.00162312822159941
0.00165756182825477
0.00169214516118428
0.00172687756633217
0.0017617914307476
0.00179681698434908
0.00183191859615351
0.00186712607621596
0.00190243179533993
0.0019378285707989
0.00197334637832238
0.00200891031156503
0.00204454650570295
0.00208024980273784
0.00211603181050432
0.00215187667599322
0.00218776371826704
0.00222372345521102
0.00225973493059332
0.0022957762698578
0.00233186544862086
0.00236796869538386
0.00240416504506381
0.00244039365402334
0.00247662911217567
0.00251286117896713
0.00254911352143193
0.00258538236340125
0.00262166366173097
0.00265798776864378
0.00269432422688709
0.00273062474607771
0.0027669189318509
0.00280323186732988
0.00283950456114845
0.00287574636709501
0.00291198109535039
0.00294816208733338
0.00298428323716814
0.0030203445795196
0.0030563357576521
0.00309224570416578
0.00312806263498048
0.00316377493009461
0.00319945583995437
0.00323496915073952
0.00327032374255139
0.0033055258324931
0.00334052601930229
0.00337533438042205
0.00340993411923273
0.00344433284631094
0.00347847815494396
0.00351235122132092
0.00354594435818713
0.00357923890365341
0.00361225240038239
0.00364489640339721
0.00367718444247369
0.00370912979606956
0.0037406561412271
0.00377176501449392
0.00380244123100687
0.00383266589345917
0.0038624203860875
0.00389168643982827
0.0039204461958394
0.00394868226694849
0.00397637779660536
0.00400355039085043
0.00403013469962958
0.0040561463207096
0.0040815338861608
0.00410630758218044
0.00413045490532674
0.00415396420580814
0.0041768429987254
0.0041990658923086
0.00422060493946379
0.00424146891921129
0.00426165081730909
0.00428114456630565
0.00429994504224096
0.00431804805618999
0.00433548501924076
0.00435226503482944
0.0043682737480699
0.00438360964899308
0.00439822578808896
0.00441216386787356
0.0044253735497503
0.00443788681872016
0.00444970710037039
0.004460838457595
0.00447128554144758
0.00448105354007611
0.00449014812611701
0.00449857540292925
0.00450634185005092
0.00451345426825889
0.00451994039005908
0.00452578511339547
0.00453098346682939
0.004535557661262
0.00453951534799212
0.00454286418717868
0.00454561180047059
0.00454776572593038
0.00454933337550487
0.00455030024909351
0.00455070801823717
0.00455059850465269
0.00454990017524877
0.00454864835427909
0.00454685035045755
0.00454451184528747
0.00454163817041331
0.00453823429584684
0.00453430482185606
0.00452985397448257
0.00452488560462829
0.00451940319062872
0.00451340984420759
0.00450690831968609
0.00449990102630078
0.0044924026211845
0.00448441576447911
0.0044759071286699
0.00446689979016046
0.00445739476933436
0.00444739287551039
0.00443689473600612
0.00442590082665069
0.00441441150349968
0.00440242703550214
0.00438994763786918
0.00437697350589441
0.00436347920925021
0.00434953449489917
0.0043350981160542
0.00432015564628538
0.00430472053588189
0.00428879365393278
0.00427237608124098
0.00425545600195834
0.0042380428599674
0.00422016575062602
0.00420180361046471
0.00418292907269325
0.00416361158422319
0.00414381853255658
0.00412355367856383
0.00410280024887398
0.00408157494022641
0.00405991398042951
0.00403776572652498
0.0040151848644607
0.00399222225586246
0.0039687943666259
0.00394495132996487
0.00392067844110785
0.00389601833429157
0.00387095491956931
0.00384549730383067
0.00381965496679701
0.00379343774586832
0.00376685581898726
0.00373991968565653
0.00371262081892929
0.00368499740198584
0.00365707384200525
0.00362886655208246
0.00360033396672111
0.00357151589984951
0.00354242453133211
0.00351307216550084
0.00348347120347631
0.0034536341153482
0.00342357341239675
0.0033933016195351
0.00336283124814849
0.00333217476950188
0.00330133238472663
0.00327032135539283
0.00323918410746636
0.00320791009515161
0.00317653110767298
0.00314498966475845
0.00311336628102687
0.00308167125706655
0.00304989637557798
0.00301805263185504
0.00298615076490367
0.00295420124911391
0.00292218924613124
0.00289014994127224
0.00285809056720426
0.00282605236662998
0.00279402497010889
0.00276201071522224
0.00272996809830171
0.00269794861123944
0.00266600899052069
0.00263408595916205
0.00260223964021622
0.0025704652560866
0.00253875383369012
0.00250711261944199
0.00247554867052018
0.00244405116483188
0.00241264890598049
0.00238136092892058
0.00235016714531682
0.00231907028179002
0.00228811590874745
0.00225726765963092
0.00222654919868873
0.00219598410157709
0.0021655402911356
0.00213525165229005
0.00210511991956418
0.00207517724907319
0.00204534325872729
0.00201569629827197
0.00198619255686237
0.00195692754755168
0.00192788284516581
0.00189900881846362
0.00187034307006799
0.00184192543822825
0.00181372620769023
0.00178575280468558
0.00175803279147317
0.00173052260113279
0.00170325028528207
0.00167622251522696
0.00164948423983241
0.00162304356930597
0.00159688131387004
0.00157100530016026
0.00154543688736041
0.00152015042021331
0.00149518796988038
0.00147052052472835
0.00144617460764817
0.00142221577870513
0.00139857740256825
0.00137528518191071
0.00135234213092201
0.00132973424651245
0.00130752493768578
0.00128568781365645
0.00126422884555142
0.00124310397869278
0.00122240715792488
0.00120212201195868
0.00118223384768021
0.00116271727238585
0.0011436424316713
0.00112497697118323
0.00110671501030998
0.00108884062039274
0.00107137503286691
0.00105434847481822
0.00103778053158712
0.00102163020765671
0.00100585520022359
0.000990536680412419
0.000975624318221928
0.000961146687378293
0.000947093578381226
0.000933470430764507
0.000920246495314665
0.000907417032585806
0.000894976426689531
0.00088298420208729
0.000871376265611877
0.000860191808387075
0.000849396526203037
0.000838985509585695
0.000828945212108558
0.000819234637578586
0.00080991227354497
0.000800992560227631
0.000792426563315572
0.000784207650342816
0.000776328949074084
0.000768750680271653
0.000761534227180718
0.000754636136098883
0.000748048469802706
0.000741748628008581
0.000735742105203076
0.000730036180080155
0.000724589258500524
0.0007194132040144
0.000714516754950328
0.000709869427440675
0.000705491693396354
0.00070129717928434
0.000697341680724884
0.000693636089007448
0.000690173228751209
0.000686914814101822
0.000683853191054498
0.000680980758327407
0.000678259071656852
0.000675710754800224
0.000673367862118666
0.000671183687821113
0.000669123363933509
0.000667232904234764
0.0006654854415982
0.000663844752116695
0.000662343513684791
0.000660969222608255
0.000659704303343218
0.000658542121570691
0.000657476092349506
0.000656499674749855
0.00065560558107244
0.000654710551125216
0.000653935098230757
0.000653242586743449
0.000652604049189321
0.000652044283690002
0.000651527477516698
0.000651047358417026
0.00065057543868333
0.000650141372856154
0.000649736745369502
0.000649343008204969
0.000648953583375863
0.000648529423081477
0.000648133198415569
0.000647721435756326
0.000647258441907651
0.000646795017444937
0.000646300102658309
0.000645762566020722
0.000645175644332497
0.000644532537896424
0.000643826419021443
0.000643050441788011
0.000642197753072286
0.000641261504814683
0.000640204711025491
0.000639071860628258
0.00063782494610878
0.000636493070101302
0.000635043298459889
0.000633469203533714
0.000631764473712229
0.000629906658058735
0.000627907353623969
0.000625777787152299
0.000623493561304395
0.000621049302636723
0.000618439881821056
0.000615660436347121
0.000612706393001549
0.000609542619045902
0.000606162168077825
0.000602670705020385
0.000598961151334798
0.000595079304508475
0.000590982631308662
0.000586720492561878
0.000582258670472591
0.0005775962412602
0.000572732738410996
0.000567668164581309
0.000562403001642481
0.000556938218786436
0.000551275278621606
0.000545416141200644
0.000539363265933491
0.000533101214880121
0.000526657651984179
0.000520046733575696
0.000513256510521808
0.000506291927479862
0.000499158391363883
0.000491861758501813
0.000484408319758881
0.000476804783698516
0.000469058257864134
0.000461176228276479
0.000453134815726253
0.000445007851927209
0.00043677095293111
0.000428431467012676
0.000419998444552455
0.0004114811573767
0.000402889069457129
0.00039423180687915
0.000385519127237809
0.000376760888622675
0.000367967018353676
0.000359147481629642
0.000350312250249926
0.000341471271567061
0.000332623241086487
0.000323779779431092
0.000314984062032922
0.000306221169070393
0.000297500514718676
0.000288831312308776
0.000280222549172537
0.000271682962764177
0.000263221018155358
0.000254844886990774
0.000246562427980789
0.00023838116899697
0.0002303082908255
0.000222330360200084
0.000214483803545415
0.000206778889407363
0.000199206984987563
0.000191773387665077
0.000184482983590975
0.000177340243929571
0.000170349222794038
0.000163513556839525
0.000156836466468421
0.000150320758594627
0.00014396883090634
0.000137782677560332
0.000131763896234709
0.000125913696461928
0.000120232909159256
0.000114721997270073
0.000109381067426244
0.00010419978506262
9.91759771102985e-05
9.43457966827065e-05
8.96823553915825e-05
8.51842187087269e-05
8.0849678704266e-05
7.66767704873523e-05
7.2663288901133e-05
6.8806805384461e-05
6.51046849157339e-05
6.15541029575858e-05
5.81520623248328e-05
5.4895409902113e-05
5.17808531419332e-05
4.87997478415384e-05
4.59318198410275e-05
4.32262306310213e-05
4.06481157546693e-05
3.81937577706658e-05
3.58593875914197e-05
3.36411981670336e-05
3.15353575511781e-05
2.95380213244424e-05
2.76453443555245e-05
2.58534918852651e-05
2.41586499229792e-05
2.25570349488265e-05
2.10449029200006e-05
1.96185575823755e-05
1.8273708594951e-05
1.69757834355633e-05
1.57888507926783e-05
1.46731592484573e-05
1.36253896129449e-05
1.26423029414996e-05
1.17207445660924e-05
1.08576475347095e-05
1.0050035484229e-05
9.295024973384e-06
8.58982730341963e-06
7.93174985480611e-06
7.28601205059081e-06
6.71721389930519e-06
6.18859047314363e-06
5.696943840801e-06
5.24010094273647e-06
4.81598120190361e-06
4.42259553618265e-06
4.0580450996216e-06
3.72051977993069e-06
3.40829647876915e-06
3.11973720040313e-06
2.85328697323069e-06
2.60747162756612e-06
2.38089545188536e-06
2.1722387485339e-06
1.98025530866147e-06
1.80376982488119e-06
1.64167525890744e-06
1.49293018015786e-06
1.35655609006267e-06
1.23163474560676e-06
1.11730549441446e-06
1.01276263253809e-06
9.10345150021896e-07
7.97821657111179e-07
7.21884019450742e-07
6.52634216896078e-07
5.89539667251022e-07
5.32104559380332e-07
4.79867856183745e-07
4.32401354957846e-07
3.89307808664493e-07
3.50219110959721e-07
3.14794547204466e-07
2.82719113087204e-07
2.25863193898916e-07
1.9753761390998e-07
1.77180680090117e-07
1.58788679122714e-07
1.42186812268655e-07
1.27214234344071e-07
1.13723104560692e-07
1.01577685473474e-07
7.24027288854987e-08
4.98396418363335e-08
4.44640373195204e-08
3.96349444273313e-08
2.08236665347049e-08
2.31573048487567e-19
-1.92977540406306e-19
1.54382032325045e-19
-3.85955080812612e-20
0
-7.71910161625223e-20
1.54382032325045e-19
-3.85955080812612e-20
1.92977540406306e-19
0
3.85955080812612e-20
1.54382032325045e-19
3.85955080812612e-19
3.85955080812612e-20
-1.15786524243784e-19
-7.71910161625223e-20
2.70168556568828e-19
3.08764064650089e-19
2.31573048487567e-19
4.24550588893873e-19
1.15786524243784e-19
-1.54382032325045e-19
5.01741605056395e-19
2.70168556568828e-19
3.08764064650089e-19
3.47359572731351e-19
4.63146096975134e-19
6.5612363738144e-19
5.40337113137656e-19
4.63146096975134e-19
1.92977540406306e-19
7.71910161625223e-20
5.01741605056395e-19
0
4.24550588893873e-19
3.08764064650089e-19
5.40337113137656e-19
0
5.01741605056395e-19
1.92977540406306e-19
4.63146096975134e-19
4.63146096975134e-19
3.08764064650089e-19
5.40337113137656e-19
8.87696685869007e-19
3.08764064650089e-19
5.40337113137656e-19
3.47359572731351e-19
7.33314653543962e-19
5.78932621218918e-19
6.17528129300179e-19
6.17528129300179e-19
5.40337113137656e-19
1.15786524243784e-19
6.5612363738144e-19
2.70168556568828e-19
5.78932621218918e-19
3.08764064650089e-19
6.94719145462701e-19
8.49101177787746e-19
8.49101177787746e-19
3.85955080812612e-19
6.94719145462701e-19
4.63146096975134e-19
9.26292193950268e-19
4.63146096975134e-19
7.71910161625223e-19
4.63146096975134e-19
9.26292193950268e-19
0
4.63146096975134e-19
7.71910161625223e-20
7.71910161625223e-19
7.71910161625223e-20
4.63146096975134e-19
3.08764064650089e-19
1.00348321011279e-18
2.31573048487567e-19
3.85955080812612e-19
2.31573048487567e-19
3.08764064650089e-19
6.94719145462701e-19
3.08764064650089e-19
8.49101177787746e-19
5.40337113137656e-19
-3.08764064650089e-19
6.17528129300179e-19
3.08764064650089e-19
4.63146096975134e-19
3.08764064650089e-19
1.08067422627531e-18
4.63146096975134e-19
6.94719145462701e-19
5.40337113137656e-19
4.63146096975134e-19
7.71910161625223e-20
6.94719145462701e-19
5.40337113137656e-19
5.40337113137656e-19
4.63146096975134e-19
8.49101177787746e-19
1.54382032325045e-19
7.71910161625223e-19
7.71910161625223e-20
4.63146096975134e-19
4.63146096975134e-19
5.40337113137656e-19
6.17528129300179e-19
7.71910161625223e-19
5.40337113137656e-19
2.31573048487567e-19
1.54382032325045e-19
6.17528129300179e-19
8.49101177787746e-19
5.40337113137656e-19
6.17528129300179e-19
3.85955080812612e-19
-7.71910161625223e-20
2.31573048487567e-19
2.31573048487567e-19
1.26412330062985e-08
3.8633456790843e-08
4.33486251902373e-08
4.85984550193325e-08
5.4438352447485e-08
6.09288327909723e-08
6.81359192124647e-08
7.61315646580809e-08
8.49940975670377e-08
9.48086917799891e-08
1.05667860998045e-07
1.17671977998259e-07
1.30929818722385e-07
1.45559131176355e-07
1.61687228954869e-07
1.79451608985419e-07
1.9900059294689e-07
2.20493991555447e-07
2.44103790725979e-07
2.70014858328566e-07
2.98425670049875e-07
3.29549052526743e-07
3.63612941671495e-07
4.00861153761557e-07
4.41554166548403e-07
4.85969907291834e-07
5.3440454425489e-07
5.87173277841293e-07
6.4461112714496e-07
7.07073707314712e-07
7.74937992721167e-07
8.48603060504991e-07
9.28490808701285e-07
1.01504664269574e-06
1.10874012340818e-06
1.21006557016752e-06
1.31954261090331e-06
1.43771667188049e-06
1.56515939889147e-06
1.70246900148435e-06
1.850270511538e-06
2.00921594722031e-06
2.17998437319717e-06
2.36328184774574e-06
2.55984124735552e-06
2.77042195932444e-06
2.99580943286806e-06
3.2368145793241e-06
3.49427301219736e-06
3.76904411798626e-06
4.06200994905704e-06
4.37407393019922e-06
4.70615937098487e-06
5.0592077766165e-06
5.43417695061449e-06
5.83203888344965e-06
6.25377742209669e-06
6.70038571642569e-06
7.17286343943398e-06
7.67221377944162e-06
8.19944020365602e-06
8.75554299384863e-06
9.34151555631363e-06
9.95834050980726e-06
1.06069855567794e-05
1.12883991448433e-05
1.20035059272129e-05
1.27532020325808e-05
1.35383501567796e-05
1.4359774490406e-05
1.52182554984947e-05
1.61145245702024e-05
1.70492585583627e-05
1.80230742306211e-05
1.90365226556887e-05
2.00900835500114e-05
2.11841596118651e-05
2.23190708714628e-05
2.34950490871921e-05
2.47122322194437e-05
2.59706590147472e-05
2.72702637339859e-05
2.86108710593713e-05
2.99921912155503e-05
3.14138153407256e-05
3.28752111439336e-05
3.43757188846781e-05
3.59145477108903e-05
3.74907723907448e-05
3.91033304731161e-05
4.07510199104663e-05
4.24324971766711e-05
4.41462759107433e-05
4.58907261155716e-05
4.76640739386788e-05
4.94644020596224e-05
5.12896507060173e-05
5.31376193172379e-05
5.50059688717377e-05
5.68922248905208e-05
5.87937811257437e-05
6.07079039396235e-05
6.26317373749161e-05
6.45623089141125e-05
6.64965359203198e-05
6.84312327484864e-05
7.03631185112959e-05
7.22888254796586e-05
7.42049080933692e-05
7.61078525531598e-05
7.79940869611266e-05
7.98599919723394e-05
8.17019119164549e-05
8.35161663443052e-05
8.52990619508224e-05
8.70469048222805e-05
8.87560129527278e-05
9.04227289716955e-05
9.20434330227935e-05
9.36145557307076e-05
9.51325911923825e-05
9.6594109926857e-05
9.79957717173167e-05
9.93343382784616e-05
0.00010060668568226
0.000101809816475603
0.000102940871424234
0.000103997140818711
0.000104976075279886
0.000105875296003702
0.000106692604387701
0.000107425990984754
0.000108073643733013
0.000108633955414898
0.000109105530302157
0.000109487189948567
0.000109777978096605
0.000109977164669509
0.0001100842488254
0.000110098961055584
0.000110021264314739
0.00010985135417633
0.000109589658012367
0.000109236833202301
0.00010879376438158
0.000108261559745962
0.000107641546433219
0.000106935265009148
0.000106144463089962
0.000105271088138013
0.0001043172794724
0.000103285359540331
0.000102177824499075
0.00010099733416192
9.97467013647854e-05
9.84288808129307e-05
9.7046957469562e-05
9.5604134550097e-05
9.4103721187307e-05
9.25491198336113e-05
9.0943813467352e-05
8.92913526700131e-05
8.75953426410096e-05
8.58594302159247e-05
8.40872909528648e-05
8.22826163500149e-05
8.04491012554934e-05
7.85904315282446e-05
7.67102720060194e-05
7.48122548334797e-05
7.28999682001758e-05
7.09769455345984e-05
6.90466551967275e-05
6.7112490707562e-05
6.51777615499855e-05
6.32456845711118e-05
6.131937601192e-05
5.9401844185651e-05
5.74959828220245e-05
5.56045650900127e-05
5.37302383075493e-05
5.18755193423565e-05
5.00427907039163e-05
4.8234297322644e-05
4.64521440084756e-05
4.46982935774397e-05
4.29745656313405e-05
4.12826359724664e-05
3.96240366322331e-05
3.80001564899701e-05
3.64122424555611e-05
3.48614011874695e-05
3.33486013157438e-05
3.18746761379627e-05
3.04403267546982e-05
2.90461256100094e-05
2.76925204016379e-05
2.63798383250474e-05
2.51082906151563e-05
2.38779773495739e-05
2.26888924773524e-05
2.15409290376915e-05
2.04338845336795e-05
1.93674664269851e-05
1.83412977204323e-05
1.73549225965758e-05
1.64078120817242e-05
1.54993697063194e-05
1.46289371341477e-05
1.37957997345403e-05
1.29991920734435e-05
1.22383033010783e-05
1.15122824157223e-05
1.08202433850524e-05
1.01612701083713e-05
9.53442120491933e-06
8.93873461535846e-06
8.37323200535831e-06
7.8369229620023e-06
7.32880897552156e-06
6.84788720050584e-06
6.3931539924189e-06
5.9636082167414e-06
5.55825432957393e-06
5.17610522987046e-06
4.81618488478388e-06
4.47753073076522e-06
4.15919585418724e-06
3.86025095620245e-06
3.57978610747883e-06
3.31691229922958e-06
3.07076279764891e-06
2.8404943094656e-06
