7.93154201668618e-07
1.44895333374056e-05
0.000144115875189891
0.000885950344386083
0.00365768153601788
0.0108692044194433
0.024431580052937
0.0434554606572042
0.0651302194023291
0.0873637029472694
0.106987084216318
0.118625236505606
0.118156612487822
0.10479487906662
0.0831797871720775
0.0620206289236449
0.0455054790345384
0.0333086749616732
0.0257468437253226
0.020579998953454
0.0144043510067155
0.00890628003115979
0.00633738831891683
0.00517716553627782
0.00412026846289413
0.00315826006663376
0.00197842015268082
0.000821331488569736
0.000206938114601886
3.1173852156741e-05
