0.00155804844821634
0.0065965703595374
0.0171255444685124
0.0343613224546535
0.0583060711169075
0.0818563114915579
0.098320929737952
0.10644265261151
0.109162262683336
0.10340636848445
0.0887120971217235
0.0708940622240165
0.0563870347539408
0.0484448366214004
0.0398161611986254
0.0287000037866398
0.0199126585318111
0.0139964294039795
0.00881566201097339
0.00461459361113977
0.00193447134558496
0.000548781315292276
8.21322458005646e-05
4.99397243875002e-06
-1.12017601575731e-17
-1.40022001969664e-17
-9.80154013787649e-18
-1.68026402363597e-17
-8.40132011817985e-18
-9.10143012802817e-18
