0.00157542259519697
0.00168795222891656
0.00120158736032599
0.00093460189510615
0.00217224118627838
0.00619500431057385
0.0131365755160988
0.021334269964005
0.0300738700443538
0.0422515667055808
0.0606647270615228
0.081961300350079
0.0978749302905055
0.102521206611817
0.0970764540251692
0.0873038270179254
0.0765507490022599
0.0651150448450698
0.0543159086360192
0.0446352026008406
0.034783344055384
0.0248103517119032
0.0165070361691651
0.0109854030863871
0.00775341717140285
0.00599037543026963
0.0048127140162595
0.00337611126957916
0.00176639666338407
0.000632408178620342
