0.000729275552121901
0.00193492875792548
0.00444601793461973
0.00909770566981417
0.0168411546823831
0.0282237343544397
0.0425575366020741
0.0576899708681723
0.0709839425590226
0.0806353828069201
0.086084236165139
0.087603024522948
0.0857913349329285
0.0812217738522603
0.0743635445291471
0.0657851762605862
0.0561289968029935
0.0457611858881154
0.0348832880580717
0.0241890810403816
0.0149635504859898
0.00832080952653359
0.00453965126791367
0.00309732240797329
0.00302647941432727
0.00328330173122718
0.00313480851620254
0.00243464686535873
0.00150777144063253
0.000740366503776936
