2.18893634092282e-06
5.9072675230329e-05
0.000637719221591327
0.00291636663295037
0.00657724333574001
0.0106492281621829
0.018180789876302
0.0317468278984615
0.0510148346241048
0.0782474488043211
0.111360170898047
0.135202009612267
0.144224196323029
0.134486616851778
0.10438055812029
0.0702558108786963
0.0439856511624987
0.0258783013045071
0.0143519291285205
0.00711817551848707
0.00350101491348407
0.00264097032948133
0.00179417781869843
0.000659421383933611
0.000119056441814298
9.88365167030049e-06
3.35495571226917e-07
-1.70037145283504e-17
-5.66790484278346e-18
-1.27527858962628e-17
