8.7193328028722e-05
0.000467351296340352
0.00178219624649036
0.00508330939465393
0.011657982881191
0.0231871435233459
0.04141733216772
0.0654472682793333
0.0899306840756934
0.108876015000069
0.119266396881584
0.11949117617539
0.109060725329262
0.0905183625424761
0.0686328421353497
0.0482936968418003
0.0328976837357886
0.0232595577218235
0.0173640240802346
0.0122308822664461
0.00700330691026142
0.00296083419307006
0.000879160797016061
0.000178501703582064
2.43209537957185e-05
2.05153925389058e-06
-1.42900331977887e-17
-2.65386330816075e-17
-2.04143331396981e-18
-1.0207166569849e-17
