0.00253014380315532
0.00372940859263331
0.00290692640414612
0.00378161047524978
0.00913575362262836
0.0181258221255861
0.0295428669208215
0.0458473166059488
0.0731100802777086
0.106949843601589
0.131872756573021
0.137582008019808
0.121054848992817
0.0858884482390609
0.0581317732380932
0.0492858703280349
0.0446459004052814
0.0333160825681093
0.0190474528270142
0.00956956157160951
0.00579781476233928
0.00458891869810597
0.00265752315787883
0.000781201434246186
0.000111857726664583
7.97880087772973e-06
2.3022757004476e-07
-2.0432418980593e-17
-4.08648379611859e-18
-1.22594513883558e-17
