3.08572793480762e-06
8.70549222242396e-05
0.00093859587944872
0.00498340941634551
0.0151913311499054
0.0342020940137555
0.056593650468719
0.0741597871067263
0.101784955413362
0.135870906666277
0.147975471619376
0.117974559143607
0.0756976254938167
0.0573142385089281
0.0498259185494567
0.0292301494573281
0.0147800380360971
0.0164305464875737
0.0215139916303366
0.0204359282336167
0.0138656321260161
0.00716179258798783
0.00298773181394906
0.000863965077828165
0.000121309465928801
6.2310034547251e-06
