1.1006067403604e-06
1.42463812585838e-06
1.83393819220947e-06
2.34786202297468e-06
2.98929101991576e-06
3.78504964546674e-06
4.76631482846771e-06
5.96900082713148e-06
7.43409878084173e-06
9.21465080994509e-06
1.15735963824666e-05
1.43622360202565e-05
1.762056252689e-05
2.15136475127037e-05
2.61804885412504e-05
3.15429552819237e-05
3.79602464268571e-05
4.53840880749085e-05
5.39100392384086e-05
6.37311677990675e-05
7.49852984326911e-05
8.78974528354733e-05
0.000102961649538955
0.000119704293540609
0.000138687012993334
0.000159991075031637
0.000183760466419191
0.000210155166124122
0.000239361184770611
0.000271835364808799
0.000307687916139376
0.000346864800759454
0.000389777770726716
0.000436672496610979
0.000488072784118042
0.000543891371046304
0.00060450017921595
0.00067028119969421
0.000741732414426408
0.000818858884248402
0.000902002045977271
0.000991750491701551
0.00108842194882313
0.001192311714066
0.00130405994343446
0.00142385256819299
0.00155233011430696
0.0016896875641192
0.00183609637002444
0.00199209754288905
0.00215788763525037
0.00233362203672942
0.00251953395583178
0.00271552588322637
0.00292167535580954
0.00313767657855228
0.00336311657455164
0.00359768382111475
0.0038411150234095
0.00409235082953314
0.00435101533879673
0.00461630189843701
0.00488683404221422
0.00516208990690482
0.00544080332924757
0.00572203462824929
0.00600446991676554
0.00628690914667216
0.00656836300253095
0.006847960602251
0.00712435907562281
0.00739673637867212
0.00766426449684563
0.00792620874606912
0.00818195629339517
0.00843102495987632
0.0086730682975991
0.00890811264433247
0.0091359110269947
0.00935652157379103
0.0095699911293998
0.00977669287687138
0.00997707165392354
0.0101716316865667
0.0103608800530347
0.0105450940071496
0.0107246727896669
0.0109001486697378
0.0110718523696628
0.0112400078274766
0.011404706342092
0.0115660303886929
0.0117235810691336
0.0118769086377261
0.0120254610287208
0.012168508076201
0.0123052894044108
0.0124340994880388
0.0125538689491945
0.0126632157051737
0.0127607008579663
0.012844363674655
0.0129130781814154
0.0129651131308157
0.0129988879213575
0.0130131259829811
0.0130066655192084
0.0129785635050004
0.0129281327458295
0.0128549723656224
0.0127589904874246
0.0126404181419135
0.0124999667152085
0.0123383382446804
0.0121567115427008
0.011956620417692
0.0117397894008287
0.011508006698475
0.0112636314851031
0.0110088872517041
0.0107459687227545
0.0104771559800607
0.0102048775843672
0.00993106902389213
0.0096579699029975
0.00938767045788506
0.0091214260296168
0.00886082631567714
0.00860702874261414
0.0083607628072615
0.00812336645689891
0.00789482976381541
0.00767547828316855
0.00746534426404709
0.00726435367786218
0.00707177646649435
0.00688700425735568
0.00670954808852105
0.00653889311918336
0.0063740017200632
0.006214050334068
0.0060580200499308
0.00590550139196948
0.00575561074408652
0.005607590753479
0.00546072962795385
0.00531485957002319
0.00516950111983331
0.00502412106559369
0.00487861806479357
0.00473297828031633
0.00458699164869695
0.00444099952130818
0.00429497262080382
0.00414940068041955
0.00400473772456054
0.00386111708034658
0.00371906171248422
0.00357907136542816
0.00344152931150728
0.00330705550283586
0.00317598464565265
0.00304889973960907
0.00292626642029103
0.00280828367455795
0.00269502269299872
0.00258710661452907
0.0024842733932572
0.00238661700961771
0.00229450169138712
0.00220730123562884
0.00212507619441292
0.00204742639354647
0.00197422942395565
0.00190512605512747
0.00183955259262525
0.00177692862396957
0.00171714093019083
0.00165957178522399
0.00160375774467924
0.00154927525092565
0.00149572951374908
0.00144276408010135
0.00139006885724643
0.001337210702231
0.00128422113538077
0.00123095394403824
0.00117741881677741
0.00112346044055974
0.00106904588460556
0.00101423258236917
0.00095917513995553
0.000904249196891502
0.000849652945092867
0.000795459142583614
0.000741919150099537
0.00068929016885113
0.000637827731017357
0.000587669644108094
0.000539232641764362
0.000492722425354709
0.000448245528405456
0.000405903949085929
0.000365684868449373
0.000328211070664408
0.000293210873736164
0.000260668019768737
0.000230536088045368
0.000203041737382694
0.000177847491042902
0.000155063393217341
0.000134591296385851
0.000116240348013167
9.98891904445192e-05
8.54066543685867e-05
7.26552504628197e-05
6.14943622241187e-05
5.17830911290724e-05
4.33827227220539e-05
3.60449211594084e-05
2.98419066511317e-05
2.46294423109986e-05
2.02212201913089e-05
1.65150818469948e-05
1.34174691475764e-05
1.08435874437318e-05
8.7173396877626e-06
6.97107490013428e-06
5.54519235887487e-06
4.387639739863e-06
3.45333949152151e-06
2.70357329795502e-06
1.94571963050337e-06
1.50176611328946e-06
1.16141169460664e-06
8.93256748203602e-07
6.83238968312388e-07
5.19726853442741e-07
3.93173180696444e-07
2.95800436475904e-07
1.99106112292012e-07
-1.58397375092489e-18
-9.89983594328057e-19
-1.7819704697905e-18
-3.95993437731223e-19
-1.38597703205928e-18
3.95993437731223e-19
-9.89983594328057e-19
-9.89983594328057e-19
-5.93990156596834e-19
1.97996718865611e-19
-7.91986875462445e-19
-1.08898195376086e-18
-9.89983594328057e-19
-9.89983594328057e-20
-1.28697867262647e-18
-6.9298851602964e-19
-8.90985234895251e-19
-7.91986875462445e-19
-8.90985234895251e-19
-5.93990156596834e-19
-7.91986875462445e-19
2.96995078298417e-19
-1.6829721103577e-18
-9.89983594328057e-19
-3.95993437731223e-19
1.97996718865611e-19
-1.58397375092489e-18
-2.96995078298417e-19
-7.91986875462445e-19
9.89983594328057e-20
-1.6829721103577e-18
-9.89983594328057e-20
-5.93990156596834e-19
-6.9298851602964e-19
-1.18798031319367e-18
-1.97996718865611e-19
-3.95993437731223e-19
1.97996718865611e-19
-1.58397375092489e-18
-5.93990156596834e-19
-7.91986875462445e-19
-5.93990156596834e-19
-1.97996718865611e-18
-3.95993437731223e-19
-1.28697867262647e-18
-2.96995078298417e-19
-1.38597703205928e-18
1.48497539149208e-19
-4.94991797164028e-20
-1.97996718865611e-19
-9.89983594328057e-19
3.4649425801482e-19
-1.48497539149208e-19
-1.97996718865611e-19
-2.07896554808892e-18
-4.94991797164028e-19
0
-5.93990156596834e-19
-1.7819704697905e-18
