3.7467422718686e-06
8.55197546766562e-05
0.000843436091130007
0.00399997842857521
0.0112642534535083
0.0242386812490939
0.0431621582788962
0.0670044631466647
0.0972395032528283
0.127978544835431
0.145364738364863
0.136620373987915
0.108447046703202
0.0794515982131038
0.0547862356569672
0.0338071311760478
0.0209937734733119
0.0138485081129099
0.0090773746703112
0.00711699349989598
0.00576317211866962
0.00423369418416253
0.00291723818181432
0.00138413896953387
0.000332194580400747
3.55028738161369e-05
