0.0080356255869504
0.0140953123289612
0.0239443097630781
0.0376715923893092
0.0491432227751288
0.062075435013636
0.0916468471870562
0.134534674212221
0.156204961510902
0.143671365614374
0.113539677378868
0.0762413250865191
0.0389045120881051
0.0193991389842756
0.0147354887985437
0.0110004748770816
0.00443077515006034
0.000689753810698054
3.55074442318047e-05
1.73445127991377e-17
8.67225639956886e-18
1.73445127991377e-17
1.15630085327585e-17
2.3126017065517e-17
1.15630085327585e-17
1.15630085327585e-17
