0.00109016792519882
0.0020742042166505
0.00458468646097094
0.00938567690771482
0.0201127386603149
0.0383601301645048
0.0598210431371257
0.0796869839104635
0.0929953238410808
0.105512303784874
0.118885526701836
0.114946897722213
0.0936685003712261
0.0710859950669958
0.0533079948673052
0.0378684661761475
0.0246124028708707
0.0176471399355701
0.0140239095875122
0.012605230658914
0.0109367818342463
0.00818961503811209
0.00545728487728581
0.00248172856016778
0.000591480159480299
6.77865632175134e-05
