0.000393388485550494
0.00274343407306597
0.011570754710042
0.0298307127278628
0.0517456517267398
0.0734955815419326
0.0966302391111759
0.120296501674332
0.128021777621742
0.112215497011835
0.100919139567966
0.0888466219525045
0.063273686880189
0.043857445274307
0.0311225064541202
0.0195926556696652
0.0109815987563985
0.00622244296416011
0.00319007375512041
0.0020628514095846
0.00118003060138398
0.000615331533342675
0.000542772141736238
0.000342218237836787
0.000239537121283934
6.75489961222127e-05
