0.00148862717424061
0.0051263143578043
0.0139559317496946
0.0301551706488448
0.0531682192286575
0.0770977359394129
0.0956874526663563
0.107127791004076
0.112467065418017
0.10806898442416
0.093955953700881
0.0784862796642179
0.0630716816269302
0.0483927061078031
0.0355247254606416
0.0257907371717455
0.0194158685614208
0.0145062840409099
0.00924747159125844
0.00475861193175502
0.00191615440996786
0.000511732812540555
7.40240123885208e-05
4.4762962761312e-06
-1.96072782487405e-17
-1.96072782487405e-17
-1.54057186240104e-17
-1.82067583738305e-17
-3.5012996872751e-18
-9.80363912437027e-18
