7.19501680457313e-18
1.07925252068597e-17
3.34971514117382e-07
7.72916701716518e-05
0.000611258755398978
0.00126223274559292
0.00309663093848025
0.00931372825335969
0.0249991228716607
0.0506374995610469
0.0896957379689066
0.136861689698091
0.163079609095987
0.161201396365421
0.131092769085918
0.100938295661287
0.0671015771044777
0.0356593975650769
0.0151985947337061
0.00608703357647426
0.00269699731927888
0.000379688707511868
9.0799828814711e-06
3.3367757502683e-08
-7.19501680457313e-18
7.19501680457313e-18
