0.00126589164840973
0.0019336934255289
0.00260561376719033
0.003159946464709
0.00359567026887483
0.00413721253927649
0.00521860932097342
0.00733722825568224
0.0108683412169648
0.0159124303749691
0.0222287763900742
0.0292661816775524
0.036291555208513
0.042633171301193
0.0479421552633289
0.0523253206901975
0.0561904353583684
0.0598811799201208
0.0633717831808532
0.0662482156144921
0.0679404777615903
0.0679562873257615
0.0659499610807153
0.061716356988861
0.0552898765388046
0.04710259857662
0.0379823407934724
0.028919413627016
0.0207511642229837
0.0139781111969028
