0.000460033296849712
0.00190390821202687
0.00582926753216053
0.0137175044018558
0.0261475735120081
0.0426195550340991
0.0615230104982998
0.0793868232511966
0.0918000156527727
0.0971719720289005
0.0977362460499706
0.0948230259453078
0.0873322814786887
0.076410091881811
0.0650566315312324
0.0532496614530319
0.0401032560203809
0.0277059287289232
0.0180658876162532
0.0107934347348164
0.00538603486861117
0.00206527057236277
0.000579224419443079
0.000115967489245779
1.61058173502307e-05
1.28797240107594e-06
