2.0570064430125e-05
0.000146578962098996
0.000742969567365162
0.0027935431028333
0.00799528961478884
0.0178111352151868
0.0317123898313848
0.0474194874903693
0.0637147651956386
0.0797461001182051
0.0920520018528426
0.0978194374538827
0.0981031645551649
0.0945142994658716
0.0870348680099513
0.0752425118340759
0.0600264362197033
0.0444196658022072
0.0314188890081193
0.0219695762326095
0.0155983652938558
0.0110752751621392
0.00723135155442793
0.00413944182744654
0.00244287594532471
0.00186825213146621
0.00149389345052204
0.00092734718662758
0.00040157358351202
0.000117944267948773
