9.9178525522495e-05
0.000113803296395123
0.00013020556031796
0.00014855818456724
0.000169028238482655
0.000191787776594027
0.000217012621469853
0.000244880945586536
0.000275571651545026
0.000309262553777535
0.000346170864629405
0.000386523749011283
0.000430300549451649
0.00047792336121979
0.00052953610211204
0.000584855555480388
0.000644251686577631
0.000707819172599286
0.000775769121183669
0.000847944408419127
0.000924415237794063
0.00100523942422586
0.00109056000370526
0.00118000526928956
0.00127352751078953
0.00137106272964864
0.00147258711699519
0.00157770512029952
0.00168623583158623
0.0017980608891206
0.00191277929053172
0.00203004675669323
0.00214981252605303
0.0022714473110957
0.00239455068630116
0.00251884544112987
0.00264410140864234
0.00276963500627527
0.00289537592759316
0.00302077762657594
0.00314532932720071
0.00326889730491807
0.00339106854153972
0.00351157600360889
0.00363006433197944
0.00374639547863959
0.00386039539837723
0.00397166785367058
0.00408019799488073
0.00418592428181593
0.00428880705607969
0.00438885053150006
0.00448610217351206
0.00458071624403885
0.0046729456101238
0.00476293776363955
0.00485068394920293
0.00493637153460707
0.00502052387319154
0.00510322763897336
0.00518494746526038
0.00526594058417067
0.00534657948106341
0.00542729415493449
0.0055082866753557
0.00558973165659937
0.00567208630130416
0.0057556406027726
0.00584066200744184
0.00592739148270277
0.00601604007823422
0.00610678602651731
0.00619977241594906
0.00629510545711455
0.00639285334960636
0.00649304574361275
0.00659567377764829
0.00670085405468204
0.00680822822117836
0.00691793845539748
0.00702960892641408
0.00714313359734459
0.00725840286606227
0.00737514750479719
0.00749300437378512
0.00761177957884753
0.00773118534562808
0.00785105769546483
0.00797088306408314
0.00809038670285784
0.00820927520374939
0.00832722154463332
0.0084438967062299
0.00855897097026169
0.00867211489183669
0.00878299995786475
0.0088913059984606
0.00899686242994152
0.0090990572416628
0.00919770233669507
0.00929247698862295
0.00938306106304408
0.009469134652995
0.00955037779631263
0.00962647033693669
0.00969709198854623
0.00976192265333253
0.00982064304125679
0.00987293562598805
0.00991848596308407
0.00995691348415925
0.00998800338898271
0.0100115245117745
0.0100271108211063
0.0100344969044604
0.0100334356391808
0.010023701723431
0.0100050997691732
0.00997753574738642
0.00994063354671312
0.00989455512202403
0.00983933680197321
0.00977463477164537
0.00970059016971068
0.0096172502016941
0.00952495017115487
0.00942369875097482
0.00931372309516051
0.00919529912484716
0.00906875032570823
0.0089344458231879
0.008792797760159
0.00864425801909123
0.0084893143473406
0.00832844093630829
0.00816218871469665
0.00799118354136838
0.00781591177128731
0.0076372610126298
0.00745560081420313
0.00727153213583459
0.00708564974952231
0.0068985373536442
0.00671063563937551
0.00652276222309364
0.00633530968879802
0.00614876323608504
0.00596359396727784
0.00578024222678634
0.00559911630399814
0.00542059167264787
0.00524501072774342
0.00507268296905385
0.00490385168430877
0.00473873199687937
0.0045777179434359
0.0044207400896563
0.00426801940555435
0.00412006672922593
0.00397667322101857
0.00383792689868576
0.00370378275051378
0.00357449866285117
0.00345002422968882
0.00333030090600746
0.00321518423552051
0.00310495814356756
0.00299947698381126
0.00289859228823795
0.00280210803118322
0.002710130115513
0.0026224660596545
0.00253885455893313
0.00245927182009742
0.00238356035691375
0.0023112840062309
0.00224254441329614
0.00217711645047768
0.00211465092025057
0.00205479119792693
0.00199758878740669
0.00194248371795313
0.00188942674319817
0.00183827591429883
0.00178855525404698
0.00174012634501256
0.00169272762777361
0.00164621853938988
0.00160029545218213
0.00155477192195528
0.00150969628096693
0.00146477724160992
0.00141986996753393
0.00137487976915087
0.00132973539127026
0.00128438931085345
0.00123876585428455
0.00119278907848911
0.00114655861186514
0.00110032584481768
0.00105414299398679
0.00100782411595933
0.000961669573183331
0.000915621421979048
0.000869871564931116
0.000824504274195363
0.00077958036012996
0.000735374631845664
0.000692120765058644
0.00064976229395373
0.000608423671410704
0.000568221568407136
0.000529263290286617
0.000491645437767262
0.000455452828086655
0.000420757684189892
0.000387619092728189
0.00035608272502552
0.000326180809238544
0.000297932336796221
0.000271213191448961
0.000246295712987193
0.000222901251691359
0.000201232649678149
0.000181150910268802
0.000162524641241919
0.000145359446343103
0.000129692356965261
0.000115363378572776
0.000102305894103481
9.03409304276558e-05
7.96075574495337e-05
6.9963038177237e-05
6.12978075434394e-05
5.3540375347888e-05
4.66204493539313e-05
4.04695673865122e-05
3.50216271640199e-05
3.02133173043529e-05
2.59788374526993e-05
2.21401639238828e-05
1.89316571799852e-05
1.61373812550031e-05
1.37124195442876e-05
1.16153340889974e-05
9.80812235588578e-06
8.25613098993445e-06
6.92793460086004e-06
5.79518710794215e-06
4.83245254123938e-06
4.01702151144642e-06
3.32871884239114e-06
2.74970713341995e-06
2.26429030358427e-06
1.85872048223107e-06
1.52101096403706e-06
1.24075735046376e-06
1.00896846017149e-06
8.17908112182139e-07
6.60948468440192e-07
5.28882631081871e-07
2.89072181515972e-07
2.32195025554678e-07
1.85919663742169e-07
4.5287246522877e-08
-7.13190120734564e-20
-1.42638024146913e-18
-7.8450913280802e-19
-7.13190120734564e-20
-5.70552096587651e-19
-4.99233084514195e-19
-1.21242320524876e-18
7.13190120734564e-20
-2.85276048293826e-19
1.42638024146913e-19
-5.70552096587651e-19
-5.70552096587651e-19
-7.13190120734564e-20
-4.27914072440738e-19
-9.27147156954933e-19
0
-1.42638024146913e-19
-5.70552096587651e-19
-8.55828144881477e-19
0
-1.42638024146913e-18
-1.42638024146913e-19
-7.13190120734564e-19
0
-5.70552096587651e-19
-8.55828144881477e-19
-5.70552096587651e-19
0
2.85276048293826e-19
-2.85276048293826e-19
-1.42638024146913e-18
-2.85276048293826e-19
0
-1.1411041931753e-18
-1.1411041931753e-18
