0.00144687925015469
0.00154798257102363
0.00128540852399991
0.00138445178108608
0.00294200652442335
0.00676013423313265
0.0127487480108776
0.0202373601620961
0.0291902021114894
0.0405145793163486
0.0547557212109152
0.0707489739631872
0.0851877609545737
0.0939638955466625
0.0955555775177445
0.0917587768887374
0.0842015345985749
0.0731604947674354
0.0597566446173603
0.0464256348014258
0.0351777150888254
0.0263251042647559
0.0191872164333885
0.0135849353463915
0.00987392681869159
0.00784871989636807
0.0063867865326634
0.00453481913899867
0.00249827036964874
0.00100973875901944
