-9.49043416375749e-19
-1.14443470798252e-18
1.16858583913048e-08
2.29855370191288e-08
3.83506358440822e-08
6.28152208008311e-08
1.01002438855729e-07
1.59431348890525e-07
2.47053331121206e-07
3.75822767497661e-07
5.61243189483816e-07
8.22801273801381e-07
1.1841724420583e-06
1.67305924058644e-06
2.33013652048822e-06
3.18991999317559e-06
4.28476019792411e-06
5.66894142223894e-06
7.34848129807249e-06
9.37921558727891e-06
1.17762786885657e-05
1.45583891640416e-05
1.77449565389925e-05
2.13536666355293e-05
2.5360023085453e-05
2.97948702509901e-05
3.47049007985716e-05
4.01308386969423e-05
4.62022165003518e-05
5.30337231064007e-05
6.0879102556052e-05
6.9942254009984e-05
8.05583998154742e-05
9.30765918872092e-05
0.000107934533262795
0.00012547560934852
0.000146121846954517
0.000170293247297287
0.000198273945463519
0.000230372697621278
0.000266746913543356
0.000307545691032435
0.000352831950311062
0.000402648872505948
0.000456897163828477
0.000515461552594017
0.000578216795362111
0.000645033627322975
0.000715794225619314
0.000790202709143088
0.000868123788331381
0.000949386535815816
0.00103381185798416
0.00112123626754037
0.00121156687010354
0.00130490762134898
0.00140127462380851
0.00150101854729146
0.00160452183729233
0.00171248601005871
0.00182567420665807
0.00194518640255281
0.0020720924127452
0.00220756225930607
0.00235281197855139
0.00250903330431973
0.00267707660169441
0.00285757504740317
0.0030509211707123
0.00325703262720036
0.00347533714551565
0.00370482468414633
0.00394401524253419
0.00419093392265389
0.0044434000019955
0.00469898183260155
0.00495505611529403
0.00520918238064886
0.00545890258217789
0.00570214350194701
0.00593728201903934
0.00616318246431887
0.00637912477465901
0.00658501313634263
0.00678129526510891
0.0069690021430656
0.00714950935330252
0.00732441673232999
0.00749552703825272
0.00766474381431248
0.00783377956299333
0.00800408626529371
0.00817668508509608
0.00835231909998815
0.00853136279285206
0.00871370322139388
0.00889889498122614
0.0090865989865038
0.00927611595616508
0.00946692297435163
0.00965846869850561
0.00985057774714352
0.010043092429553
0.0102361171378972
0.0104294855266195
0.0106232064506819
0.0108170441326252
0.0110105856326396
0.011203147505968
0.0113938645019926
0.0115814703405606
0.0117648646016729
0.011942633583995
0.0121135334858161
0.0122762001299437
0.0124297557667991
0.0125729985302532
0.0127049460268069
0.0128245223316685
0.0129307492903975
0.0130223038831012
0.0130980703643268
0.0131568529302491
0.013197376382948
0.0132185494327173
0.0132197353940603
0.0132004084064705
0.0131602671316881
0.0130996683524322
0.0130192753308788
0.0129200429526746
0.0128031311206823
0.0126700219310136
0.0125218512759072
0.0123599158159802
0.0121852205063532
0.0119984926479675
0.0118003818635006
0.0115912214775408
0.0113712183560031
0.0111405151936543
0.0108994629592765
0.0106484594141011
0.0103880948261205
0.0101191738696149
0.00984294436746612
0.0095608879102142
0.00927470425736304
0.00898597701532111
0.00869651855818846
0.0084078933437742
0.00812153740712238
0.00783836858451701
0.00755907055805242
0.00728400395468102
0.00701324001021749
0.00674647302270926
0.006483517491194
0.0062240663138074
0.00596798066046787
0.00571509222835532
0.00546566461246868
0.00522004422286281
0.00497897359969162
0.00474303431180533
0.00451297980279602
0.00428953846667519
0.00407343451641438
0.00386501121499373
0.0036647237962899
0.00347259219880362
0.00328870809375902
0.00311287631977319
0.00294487467162955
0.00278430915708488
0.00263099087807844
0.00248462736956942
0.00234491892146248
0.00221157850153426
0.00208442458285192
0.00196312135193107
0.00184731932764111
0.00173672998676147
0.00163097038317391
0.00152962648329081
0.00143242060479531
0.0013391358979821
0.00124946994241032
0.00116333943239622
0.00108068833423668
0.00100160685228109
0.000926111761206419
0.00085448386281138
0.000786796812173666
0.000723266313466285
0.000663960839567998
0.00060886508512675
0.000557940109212442
0.00051102251216669
0.00046796777685707
0.000428542432430518
0.000392527261508543
0.000359709507594713
0.000329938852991677
0.00030305263314451
0.000278943602652992
0.000257502755706835
0.000238714200845602
0.000222476537457783
0.000208678288615815
0.000197158310218082
0.000187734055658392
0.000180135494243388
0.000174033520278148
0.00016907506662358
0.000164882725758297
0.000161076405180476
0.000157309831110225
0.000153253923433763
0.000148681681644576
0.000143384908563759
0.000137301636798109
0.000130396907640509
0.000122712292599967
0.00011436908006129
0.000105501361661344
9.62925475377573e-05
8.69391038880768e-05
7.76273750160882e-05
6.85187697822836e-05
5.97855702563862e-05
5.15301443516095e-05
4.38896772583583e-05
3.6915757985775e-05
3.06468641630594e-05
2.51154584390861e-05
2.03040953726242e-05
1.61866918903639e-05
1.27132447942218e-05
9.84547214109843e-06
7.51168117371767e-06
5.64345190982922e-06
4.17375585524722e-06
3.03780116520232e-06
2.17533552953424e-06
1.53222186897516e-06
1.05924272221076e-06
7.0936148584908e-07
4.73405797202182e-07
3.07057766932189e-07
1.96424747272238e-07
1.25566790991283e-07
7.88031205998202e-08
4.8551455834873e-08
2.93664539035805e-08
1.74377862927601e-08
3.70670544371703e-09
-1.53521729119606e-18
-1.42356512456362e-18
-1.31191295793118e-18
-1.92599987440961e-18
-8.65304291401418e-19
-2.79130416581103e-19
-1.28399991627307e-18
-1.22817383295685e-18
-2.23304333264882e-19
-5.58260833162205e-19
-1.33982599958929e-18
-9.49043416375749e-19
-1.11652166632441e-19
-6.14086916478426e-19
-1.50730424953795e-18
4.46608666529764e-19
0
6.69912999794646e-19
-1.33982599958929e-18
-3.34956499897323e-19
0
2.23304333264882e-19
-1.33982599958929e-18
-4.46608666529764e-19
-5.58260833162205e-19
-3.34956499897323e-19
-6.69912999794646e-19
-6.69912999794646e-19
-1.11652166632441e-18
-2.23304333264882e-19
-2.12139116601638e-18
-4.46608666529764e-19
-5.58260833162205e-19
-2.23304333264882e-19
-1.17234774964063e-18
-2.79130416581103e-19
-2.79130416581103e-19
-5.58260833162205e-20
-1.61895641617039e-18
-1.11652166632441e-18
-3.90782583213544e-19
-8.09478208085197e-19
-1.67478249948662e-18
