0.0012746372388243
0.00645774006996687
0.0158745327330753
0.0218882094766634
0.0277436027560588
0.0599049471759044
0.115397861457389
0.144891696899938
0.135588223784529
0.111863219334359
0.088450750380383
0.0689600680534263
0.0545481935706178
0.043545447220737
0.034153001491117
0.0249444875679886
0.0148581021989407
0.00807529043532083
0.00550600706558109
0.00281473316440043
0.000723317423245566
0.000767859254997987
0.00292140302897646
0.00478435350676165
0.00317319663390331
0.000889118076894019
