0.0035316185207033
0.00845891779502876
0.015964440174447
0.0261860430084892
0.039858610852712
0.0567998503262806
0.07425239330128
0.0869423217369921
0.0909012208962124
0.0888147343251036
0.0880022460382229
0.0911528552521249
0.0920249656008384
0.0827388532548832
0.0631590906041736
0.0406493003730683
0.022853065663173
0.0124620847633326
0.00738760470036116
0.00445411677874168
0.00226742258922305
0.000860276055464066
0.000230112473885779
4.22589537332132e-05
5.22069333683142e-06
3.7526818840638e-07
-8.09793906128028e-18
-1.78154659348166e-17
-6.47835124902422e-18
-8.09793906128028e-18
