0.00851436108419705
0.0309108880111094
0.0819341998041275
0.16091166553646
0.194806624870425
0.172826463933136
0.134250517732352
0.0837849320061548
0.0582121366923111
0.0406065244840729
0.0203803822960782
0.00956254379129911
0.00299866945997181
0.000293193570551656
6.89672775265942e-06
-1.02801300866798e-17
-6.28308087153146e-18
-1.25661617430629e-17
-1.25661617430629e-17
-1.48101191971813e-17
-3.5903319265894e-18
-2.15419915595364e-17
-5.38549788988411e-18
-1.16685787614156e-17
2.69274894494205e-18
2.69274894494205e-18
-2.24395745411838e-18
4.48791490823676e-19
5.72209150800186e-18
1.34637447247103e-18
