1.31506750012412e-17
-6.57533750062062e-18
1.31506750012412e-17
1.15868056704699e-05
0.000187695726130631
0.00119337582831602
0.00386267188502894
0.00882897121256501
0.0177115273614202
0.0333240925869187
0.0591769758131033
0.0957496517782678
0.133857482264762
0.15230942514336
0.144002786374715
0.127129082532927
0.10110997513089
0.0631166613532519
0.0307494439561829
0.0133626401017082
0.00576858697545401
0.00216167627634893
0.00161663869123131
0.00243409892105231
0.00176906966954732
0.000565883611148973
