0.00136120004759162
0.00488296296872381
0.0112808708716114
0.0177738209310418
0.0223951916483529
0.0320208117227744
0.0564686653517852
0.0900759715459838
0.114124329269645
0.119128936788215
0.108618872054941
0.0901261969828654
0.070925112830858
0.05456513753999
0.0421509116872668
0.0342694479071311
0.0301756927128138
0.027522658592677
0.0233494529767473
0.0166106833635974
0.0100433439971455
0.00570725090690997
0.00281771031240473
0.00104007267212364
0.000673710238506967
0.0016209331153016
0.00316893842396522
0.00368880938186663
0.00247472542812494
0.00093757772903849
