3.98433744945256e-07
5.39371000875145e-07
7.24916947772994e-07
9.67293120196698e-07
1.28143663204505e-06
1.68540922157804e-06
2.20081124371996e-06
2.85318170305861e-06
3.74402666396104e-06
4.81379612447618e-06
6.1219675168007e-06
7.73146004291146e-06
9.69634420887563e-06
1.20764734986087e-05
1.49371664192913e-05
1.83486242185993e-05
2.23850521665736e-05
2.72262789324864e-05
3.28679950826443e-05
3.93333189724659e-05
4.68177525907165e-05
5.53516701257735e-05
6.49897712390867e-05
7.58301958928137e-05
8.79357798647555e-05
0.000101361072895335
0.000116234281429809
0.000132462086363554
0.000150161178247239
0.000169240460715084
0.000189746061718569
0.000211748122841675
0.000235099340064529
0.000259821391903738
0.000285993211292781
0.000313519889531774
0.000342334988655841
0.000372595505615981
0.000404159501908328
0.000437172386507958
0.000471665215922365
0.000507805090690289
0.000545539476650448
0.000584981336903474
0.000626341493138327
0.000669844762604487
0.000715620429252135
0.000763829180257926
0.000814639148250983
0.00086832014331404
0.000925148509025745
0.000985078416053518
0.00104831547996997
0.00111512160314067
0.00118569522097766
0.00126008888749149
0.00133835211429612
0.00142057188089412
0.00150702195902948
0.00159792245026421
0.00169318717165979
0.00179285661611051
0.00189714473460412
0.00200605022494434
0.00211977185932284
0.00223830231059699
0.002361833357103
0.00249063293650739
0.00262462641218987
0.00276407748710009
0.00290887410421953
0.00305936115269237
0.00321551219323399
0.00337734822890585
0.00354481533095277
0.00371796467563195
0.00389660370621374
0.00408079195145369
0.00427054146100391
0.00446576406100435
0.00466627003371221
0.00487233689802911
0.00508347969643064
0.0052997386210218
0.00552108141267128
0.00574755085133056
0.00597885443088782
0.00621515288831582
0.00645626954584476
0.00670199529448085
0.00695228278415382
0.00720675540325533
0.00746504114671708
0.0077266410531307
0.0079912384332415
0.00825822826206195
0.00852653452684872
0.00879553393225782
0.00906429680046252
0.00933192630250996
0.00959746680954537
0.00986006264100533
0.0101186304044591
0.0103723233461988
0.0106203725509076
0.0108618053428858
0.0110959675000323
0.0113223429958615
0.0115403480723678
0.0117496348409012
0.0119499389719529
0.0121405412357683
0.0123212104753198
0.0124918092257379
0.0126520190286066
0.0128012759503007
0.0129392606321421
0.0130654761340325
0.0131791976612738
0.013279786453419
0.013366521791872
0.0134385149531524
0.0134951274999272
0.0135353130080569
0.0135582856011961
0.0135632160381692
0.0135493031256894
0.0135161073549773
0.013463099007697
0.0133899037538361
0.0132965080739884
0.0131830294747795
0.0130496146957849
0.0128969273010985
0.0127255480572926
0.0125364121416354
0.0123305296861766
0.0121092793395033
0.0118740545062027
0.0116261148061773
0.0113669810523592
0.011098307767685
0.0108217632967584
0.0105387762791972
0.0102509259799721
0.00995947120008148
0.00966602415437977
0.00937171623786413
0.00907753713439064
0.00878443782867308
0.00849334299455354
0.00820498083260071
0.00791988221367435
0.00763832042182579
0.00736059336980202
0.00708716721658349
0.00681822413197978
0.0065537468093416
0.00629390482388428
0.00603864878797905
0.0057881287926595
0.00554229990447264
0.00530113634872447
0.00506495776308614
0.00483375940375764
0.00460792435794213
0.00438742317244356
0.00417266450895243
0.00396397045869298
0.00376170741255091
0.00356612550535878
0.00337766831515798
0.00319657864831463
0.00302292722603219
0.00285705491934291
0.0026992266216273
0.00254924193230911
0.0024075500323262
0.00227389607039051
0.00214807329096055
0.00202975540017563
0.00191881933218742
0.00181461042905547
0.00171677777383526
0.00162486807933432
0.00153819259841069
0.00145639098335351
0.00137895483022772
0.00130535490710307
0.00123495068285915
0.00116741624361569
0.00110275274057826
0.00104046231282748
0.000980423473529075
0.000922507439488712
0.000866702913874503
0.000812990293637684
0.000761631297329349
0.00071266801745019
0.000666325962814033
0.000622916523356436
0.000582505128436805
0.000545161912262139
0.000511078609776566
0.000480245523108575
0.000452631991767589
0.000428545112473731
0.000407630969690232
0.000389651366604617
0.00037440612442507
0.000361667045405276
0.000351041731674615
0.000342179968545331
0.000334788222734625
0.000328426855050913
0.000322697895878005
0.000317274348560345
0.000311776385961835
0.000306017295270476
0.000299768304416322
0.000292786665752782
0.000284951364541963
0.000276138359427702
0.000266318725654869
0.000255511928701184
0.000243781210371706
0.000231227594408409
0.000217982887172077
0.000204202063992822
0.000190055426588404
0.000175720893108968
0.000161376742465023
0.00014719508200184
0.000133281116562636
0.00011989498033135
0.000107108971631265
9.50069852948896e-05
8.36217950288689e-05
7.31413479550304e-05
6.34554855542433e-05
5.47180045183451e-05
4.68478855806876e-05
3.98211133671406e-05
3.36047340495043e-05
2.81547183319972e-05
2.34188503038766e-05
1.93394274841724e-05
1.58556961524645e-05
1.29059706890536e-05
1.04294088320204e-05
8.3674353845464e-06
6.66482421995947e-06
5.2704620296908e-06
4.13782705088342e-06
3.22522216751979e-06
2.49580467264093e-06
1.91745511338923e-06
1.46252559014712e-06
1.10750423604747e-06
8.32627925332884e-07
6.21470048590032e-07
4.60524868093376e-07
3.38804854157059e-07
2.47462738101129e-07
1.79445948127838e-07
1.29187695478392e-07
9.21460856498597e-08
1.37432587183513e-19
8.24595523101077e-19
-3.43581467958782e-19
1.37432587183513e-19
-8.93311816692834e-19
1.0994606974681e-18
6.87162935917564e-20
1.03074440387635e-18
4.12297761550539e-19
-6.87162935917564e-20
4.81014055142295e-19
-3.43581467958782e-19
0
9.6202811028459e-19
6.87162935917564e-20
6.87162935917564e-19
2.74865174367026e-19
1.0994606974681e-18
8.24595523101077e-19
2.74865174367026e-19
2.74865174367026e-19
5.49730348734051e-19
-2.74865174367026e-19
5.49730348734051e-19
1.37432587183513e-19
6.18446642325808e-19
0
-7.90237376305199e-19
-6.87162935917564e-20
-6.87162935917564e-20
1.03074440387635e-19
-1.03074440387635e-19
-2.40507027571148e-19
