0.000314781591219148
0.00110022171630944
0.00299273022406772
0.00648325714640647
0.0115642128786634
0.0178654510971143
0.0254375306333422
0.0350241110079676
0.0470324097680223
0.0604785820638169
0.0733912673937439
0.0838777959099155
0.0902466064507399
0.0908313596618139
0.0850447610000409
0.0745279723074821
0.0622683708378599
0.0506134619147818
0.0405521848359771
0.0323354582303091
0.0259548877249471
0.0211699545613132
0.0174982407408144
0.0143302172119286
0.0112188478539433
0.00809757760153825
0.00519295927293364
0.0028378237173355
0.00126800210583919
0.000448962539813308
