8.71880566910034e-18
8.71880566910034e-18
1.12768615599576e-06
2.08030482135508e-05
0.000204937980740828
0.00118513099326299
0.0043415208236643
0.0113060427569456
0.0238697036947709
0.0437521816827548
0.0683666508944045
0.0890700252701063
0.0993294459118189
0.100098787364278
0.094540456416031
0.0854206596942415
0.0780985657995037
0.0751289687770874
0.0704511297792001
0.0590795324288819
0.0438212379817699
0.0284721046726677
0.0152016741347502
0.00614379443886578
0.0017571510444431
0.00033836672544127
