0
0
0
0
0
0
0
0
0
0
0
0
0
0
0
0
0
0
0
0
0
0
0
0
0
0
0
0
0
0
0
0
0
0
0
0
0
0
0
0
0
0
0
0
0
0
0
0
0
0
0
0
0
0
0
0
0
0
0
0
0
0
0
0
0
0
0
0
0
0
0
0
0
0
0
0
0
0
0
0
0
0
0
0
0
0
0
0
0
0
0
0
0
0
0
0
0
0
0
0
0
0
0
0
0
0
0
0
0
0
0
0
0
0
0
0
0
0
0
0
0
0
0
0
0
0
0
0
0
0
0
0
0
0
0
0
0
0
0
0
0
0
0
0
0
0
0
0
0
0
0
0
0
0
0
0
0
0
0
0
0
0
0
0
0
0
0
0
0
0
0
0
0
0
0
0
0
0
0
0
0
0
0
0
0
0
0
0
0
0
0
0
0
0
0
0
0
0
0
0
0
0
0
0
0
0
0
0
0
0
0
0
0
0
0
0
0
0
0
0
0
0
0
0
0
0
0
0
0
0
0
0
0
0
0
0
0
0
0
0
0
0
0
0
0
0
0
0
0
0
0
0
0
0
0
0
0
0
0
0
0
0
0
0
0
0
0
0
0
0
0
0
0
0
0
0
0
0
0
0
0
0
0
0
0
0
0
0
0
0
0
0
0
0
0
0
0
0
0
0
0
0
0
0
0
0
0
0
0
0
0
0
0
0
0
0
0
0
0
0
0
0
0
0
0
0
0
0
0
0
0
0
0
0
0
0
0
0
0
0
0
0
0
0
0
0
0
0
0
0
0
0
0
0
0
0
0
0
0
0
0
0
0
0
0
0
0
0
0
0
0
0
0
0
0
0
0
0
0
0
0
0
0
0
0
0
0
0
0
0
0
0
0
0
0
0
0
0
0
0
0
0
0
0
0
0
0
0
0
0
0
0
0
0
0
0
0
0
0
0
0
0
0
0
0
0
0
0
0
0
0
0
0
0
0
0
0
0
0
0
0
0
0
0
0
0
0
0
0
0
0
0
0
0
0
0
0
0
0
0
0
0
0
0
0
0
0
0
0
0
0
0
0
0
0
0
0
0
0
0
0
0
0
0
0
0
0
0
0
0
0
0
0
0
0
0
0
0
0
0
0
0
0
0
0
0
0
0
0
0
0
0
0
0
0
0
0
0
0
0
0
0
0
0
0
0
0
0
0
0
0
0
0
0
0
0
0
0
0
0
0
0
0
0
0
0
0
0
0
0
0
0
0
0
0
0
0
0
0
0
0
0
0
0
0
0
0
0
0
0
0
0
0
0
0
0
0
0
0
0
0
0
0
0
0
0
0
0
0
0
0
0
0
0
0
0
0
0
0
0
0
0
0
0
0
0
0
0
0
0
0
0
0
0
0
0
0
0
0
0
0
0
0
0
0
0
0
0
0
0
0
0
0
0
0
0
0
0
0
0
0
0
0
0
0
0
0
0
0
0
0
0
0
0
0
0
0
0
0
0
0
0
0
0
0
0
0
0
0
0
0
0
0
0
0
0
0
0
0
0
0
0
0
0
0
0
0
0
0
0
0
0
0
0
0
0
0
0
0
0
0
0
0
0
0
0
0
0
0
0
0
0
0
0
0
0
0
0
0
0
0
0
0
0
0
0
0
0
0
0
0
0
0
0
0
0
0
0
0
0
0
0
0
0
0
0
0
0
0
0
0
0
0
0
0
0
0
0
0
0
0
0
0
0
0
0
0
0
0
0
0
0
0
0
0
0
0
0
0
0
0
0
0
0
0
0
0
0
0
0
0
0
0
0
0
0
0
0
0
0
0
0
0
0
0
0
0
0
0
0
0
0
0
0
0
0
0
0
0
0
0
0
0
0
0
0
0
0
0
0
0
0
0
0
0
0
0
0
0
0
0
0
0
0
0
0
0
0
0
0
0
0
0
0
0
0
0
0
0
0
0
0
0
0
0
0
0
0
0
0
0
0
0
0
0
0
0
0
0
0
0
0
0
0
0
0
0
0
0
0
0
0
0
0
0
0
0
0
0
0
0
0
0
0
0
0
0
0
0
0
0
0
0
0
0
0
0
0
0
0
0
0
0
0
0
0
0
0
0
0
0
0
0
0
0
0
0
0
0
0
0
0
0
0
0
0
0
0
0
0
0
0
0
0
0
0
0
0
0
0
0
0
0
0
0
0
0
0
0
0
0
0
0
0
0
0
0
0
0
0
0
0
0
0
0
0
0
0
0
0
0
0
0
0
0
0
0
0
0
0
0
0
0
0
0
0
0
0
0
0
0
0
0
0
0
0
0
0
0
0
0
0
0
0
0
0
0
0
0
0
0
0
0
0
0
0
0
0
0
0
0
0
0
0
0
0
0
0
0
0
0
0
0
0
0
0
0
0
0
0
0
0
0
0
0
0
0
0
0
0
0
0
0
0
0
0
0
0
0
0
0
0
0
0
0
0
0
0
0
0
0
0
0
0
0
0
0
0
0
0
0
0
0
0
0
0
0
0
0
0
0
0
0
0
0
0
0
0
0
0
0
0
0
0
0
0
0
0
0
0
0
0
0
0
0
0
0
0
0
0
0
0
0
0
0
0
0
0
0
0
0
0
0
0
0
0
0
0
0
0
0
0
0
0
0
0
0
0
0
0
0
0
0
0
0
0
0
0
0
0
0
0
0
0
0
0
0
0
0
0
0
0
0
0
0
0
0
0
0
0
0
0
0
0
0
0
0
0
0
0
0
0
0
0
0
0
0
0
0
0
0
0
0
0
0
0
0
0
0
0
0
0
0
0
0
0
0
0
0
0
0
0
0
0
0
0
0
0
0
0
0
0
0
0
0
0
0
0
0
0
0
0
0
0
0
0
0
0
0
0
0
0
0
0
0
0
0
0
0
0
0
0
0
0
0
0
0
0
0
0
0
0
0
0
0
0
0
0
0
0
0
0
0
0
0
0
0
0
0
0
0
0
0
0
0
0
0
0
0
0
0
0
0
0
0
0
0
0
0
0
0
0
0
0
0
0
0
0
0
0
0
0
0
0
0
0
0
0
0
0
0
0
0
0
0
0
0
0
0
0
0
0
0
0
0
0
0
0
0
0
0
0
0
0
0
0
2.70465645880996e-09
2.70465645880996e-09
0
0
0
0
0
0
0
0
0
0
0
0
0
0
0
2.70465645880996e-09
5.40931291761992e-09
2.70465645880996e-09
0
0
0
0
0
0
0
0
0
0
0
0
0
0
0
0
2.70465645880996e-09
2.70465645880996e-09
0
0
0
0
0
0
0
0
0
0
0
0
0
0
0
0
0
0
0
2.70465645880996e-09
5.40931291761992e-09
2.70465645880996e-09
0
0
0
0
0
0
0
0
0
0
0
0
0
0
2.70465645880996e-09
2.70465645880996e-09
8.11396937642988e-09
2.70465645880996e-09
0
0
0
0
0
0
0
0
0
0
0
0
0
0
5.40931291761992e-09
2.70465645880996e-09
5.40931291761992e-09
2.70465645880996e-09
0
0
0
0
0
0
0
0
0
0
0
0
0
0
2.70465645880996e-09
2.70465645880996e-09
2.70465645880996e-09
0
0
0
0
0
0
0
0
0
0
0
0
0
0
0
0
0
0
0
0
0
0
0
0
0
0
0
0
0
0
0
0
0
0
0
0
0
0
0
0
0
0
0
0
0
0
0
0
0
0
0
0
0
0
0
0
0
0
0
0
0
0
0
0
0
0
0
0
0
0
0
0
0
0
0
0
0
0
0
0
0
0
0
0
0
0
0
0
0
0
0
0
0
0
0
0
0
0
0
0
0
0
0
0
0
0
0
0
0
0
0
0
0
0
0
0
0
0
0
0
0
0
0
0
0
0
0
0
0
0
0
0
0
0
0
0
0
0
0
0
0
0
0
0
0
0
0
0
0
0
0
0
0
0
0
0
0
2.70465645880996e-09
2.70465645880996e-09
0
0
0
0
0
0
0
0
0
0
0
0
0
0
0
4.05698468821494e-08
1.46051448775738e-07
7.57303808466789e-08
1.08186258352398e-08
0
0
0
0
0
0
0
0
0
0
0
0
0
1.62279387528598e-08
6.24775641985101e-07
2.27732073831799e-06
1.17382090312352e-06
1.78507326281457e-07
5.40931291761992e-09
0
0
0
0
0
0
0
0
0
0
0
0
8.11396937642988e-08
3.26452034578362e-06
1.19275349833519e-05
6.13957016149861e-06
9.30401821830626e-07
2.43419081292896e-08
5.40931291761992e-09
2.70465645880996e-09
0
0
0
0
0
0
0
0
0
0
1.43346792316928e-07
5.79066947831212e-06
2.11504135078939e-05
1.08862422467101e-05
1.6552497527917e-06
1.19004884187638e-07
2.56942363586946e-07
7.57303808466789e-08
2.70465645880996e-09
0
0
0
0
0
0
0
0
0
8.92536631407286e-08
3.57826049500558e-06
1.30716046654285e-05
6.76434580348371e-06
1.195458154794e-06
1.31716769544045e-06
4.01100552841517e-06
1.1684115902059e-06
2.97512210469095e-08
0
0
0
0
0
0
0
0
0
2.16372516704797e-08
8.24920219937038e-07
3.02651057740834e-06
2.08529012974248e-06
2.36927905791752e-06
7.27552587419879e-06
2.1190983354776e-05
6.15579810025147e-06
1.54165418152168e-07
0
0
0
0
0
0
0
0
0
2.70465645880996e-09
7.84350373054888e-08
3.57014652562915e-07
2.86693584633856e-06
1.00180475234321e-05
1.54787489137694e-05
3.8611675605971e-05
1.11594125490499e-05
2.81284271716236e-07
0
0
0
0
0
0
0
0
0
0
2.70465645880996e-09
1.29823510022878e-07
4.68176033020004e-06
1.66769117250222e-05
1.39425040451653e-05
2.56158013213891e-05
7.31068640816332e-06
1.83916639199077e-07
0
0
0
0
0
0
0
0
0
0
0
6.7616411470249e-08
2.69383783297472e-06
9.50957210917582e-06
5.57429696160733e-06
6.85089481016563e-06
1.90948745991983e-06
4.86838162585793e-08
0
0
0
0
0
0
0
0
0
0
0
1.35232822940498e-08
5.19294040091512e-07
1.82293845323791e-06
9.14173883077766e-07
8.08692281184178e-07
2.19077173163607e-07
5.40931291761992e-09
0
0
0
0
0
0
0
0
0
0
0
0
3.24558775057195e-08
1.16300227728828e-07
5.40931291761992e-08
4.05698468821494e-08
1.08186258352398e-08
0
0
0
0
0
0
0
0
0
0
0
0
0
0
2.70465645880996e-09
0
0
0
0
0
0
0
0
0
0
0
0
0
0
0
0
0
0
0
0
0
0
0
0
0
0
0
0
0
0
0
0
0
0
0
0
0
0
0
0
0
0
0
0
0
0
0
0
0
0
0
0
0
0
0
0
0
0
0
0
0
0
0
0
0
0
0
0
0
0
0
0
0
0
0
0
0
0
0
0
0
0
0
0
0
0
0
0
0
0
0
0
0
0
0
0
0
0
0
0
0
0
0
0
1.35232822940498e-08
5.13884727173892e-08
2.70465645880996e-08
5.40931291761992e-09
0
0
0
0
0
0
0
0
0
0
0
0
0
1.62279387528598e-08
6.6805014532606e-07
2.44230478230539e-06
1.25766525334663e-06
1.89325952116697e-07
5.40931291761992e-09
0
0
0
0
0
0
0
0
0
0
0
0
2.59647020045756e-07
1.04372692745476e-05
3.81194281304676e-05
1.96195779522074e-05
2.96971279177333e-06
7.30257243878689e-08
1.62279387528598e-08
1.35232822940498e-08
2.70465645880996e-09
0
0
0
0
0
0
0
0
2.70465645880996e-09
1.36314685524022e-06
5.463676512442e-05
0.000199541439561622
0.000102706624366849
1.55463653252396e-05
4.46268315703643e-07
3.32672744433625e-07
2.38009768375276e-07
4.59791597997693e-08
0
0
0
0
0
0
0
0
5.40931291761992e-09
2.4179628741761e-06
9.68834990110316e-05
0.000353833976567354
0.00018213697524918
2.76794541994611e-05
2.29625333352966e-06
5.58782024390138e-06
2.4720560033523e-06
3.08330836304335e-07
8.11396937642988e-09
0
0
0
0
0
0
0
2.70465645880996e-09
1.49567502172191e-06
5.98810939980525e-05
0.000218703930572291
0.000113197986770573
2.00983021454168e-05
2.21322038024419e-05
6.8100544976376e-05
2.18968986905254e-05
1.15759296437066e-06
1.89325952116697e-08
0
0
0
0
0
0
0
0
3.46196026727675e-07
1.38099758786837e-05
5.06446921912165e-05
3.53065854133052e-05
4.09755453509709e-05
0.000118945381745544
0.000344762558804505
0.000102398293530545
3.23476912473671e-06
2.43419081292896e-08
0
0
0
0
0
0
0
0
3.51605339645295e-08
1.33610029065212e-06
6.03408855960502e-06
5.01145795252897e-05
0.000174810060902264
0.000254475716896511
0.000623123096888768
0.000181036180070445
4.84944903064626e-06
1.89325952116697e-08
0
0
0
0
0
0
0
0
2.70465645880996e-09
6.7616411470249e-08
2.26650211248275e-06
8.20160024569532e-05
0.000291764815494124
0.000233135977436501
0.000412998336603822
0.000117858109849103
3.00757798219667e-06
8.11396937642988e-09
0
0
0
0
0
0
0
2.70465645880996e-09
2.70465645880996e-09
8.11396937642988e-09
1.195458154794e-06
4.71962552062338e-05
0.000166495946947882
9.47630483473245e-05
0.00011061503985241
3.07194880591635e-05
7.70827090760838e-07
2.70465645880996e-09
0
0
0
0
0
0
0
2.70465645880996e-09
2.70465645880996e-09
2.70465645880996e-09
2.35305111916466e-07
9.08494104514265e-06
3.1936583465628e-05
1.56897121175566e-05
1.30959465735578e-05
3.52416736582938e-06
8.92536631407286e-08
0
0
0
0
0
0
0
0
0
0
0
1.89325952116697e-08
5.84205795102951e-07
2.04742493931914e-06
9.52039073501106e-07
6.6534548886725e-07
1.75802669822647e-07
5.40931291761992e-09
0
0
0
0
0
0
0
0
0
0
0
0
1.35232822940498e-08
4.32745033409593e-08
1.89325952116697e-08
1.35232822940498e-08
2.70465645880996e-09
0
0
0
0
0
0
0
0
0
0
0
0
0
0
0
0
0
0
0
0
0
0
0
0
0
0
0
0
0
0
0
0
0
0
0
0
0
0
0
0
0
0
0
0
0
0
0
0
0
0
0
0
0
0
0
0
0
0
0
0
0
0
0
0
0
0
0
0
0
0
0
0
0
0
0
0
0
0
0
0
0
0
0
0
0
0
0
2.70465645880996e-09
8.11396937642988e-09
1.62279387528598e-08
5.40931291761992e-09
0
0
0
0
0
0
0
0
0
0
1.35232822940498e-08
4.59791597997693e-08
2.16372516704797e-08
5.40931291761992e-09
1.89325952116697e-08
1.32528166481688e-07
2.75874958798616e-07
7.57303808466789e-08
2.70465645880996e-09
0
0
0
0
0
0
0
0
1.62279387528598e-08
5.78796482185331e-07
2.0906994426601e-06
1.04670204955945e-06
1.56870074610978e-07
1.37937479399308e-07
9.24992508913006e-07
1.91219211637864e-06
5.30112665926752e-07
1.35232822940498e-08
0
0
0
0
0
0
0
0
2.27191142540037e-07
8.98486875616668e-06
3.26370894884598e-05
1.63361250112122e-05
2.43960012584658e-06
6.6805014532606e-07
3.40245782518293e-06
6.34782870882697e-06
1.72827547717956e-06
4.32745033409593e-08
0
0
0
0
0
0
0
2.70465645880996e-09
1.20086746771162e-06
4.72043691756102e-05
0.00017136432857374
8.57808842476167e-05
1.31554490156516e-05
3.79463301171037e-06
1.12811220896963e-05
1.4345497857528e-05
3.62423965480535e-06
8.92536631407286e-08
0
0
0
0
0
0
0
1.35232822940498e-08
2.4720560033523e-06
8.59810288255686e-05
0.000308512048287076
0.000154519728148272
2.65218612350905e-05
1.7220547673243e-05
4.0632053980702e-05
3.64452457824642e-05
8.26813479458205e-06
2.02849234410747e-07
0
0
0
0
0
0
0
6.4911755011439e-08
3.76217713420465e-06
6.51659927185672e-05
0.000210154511505993
0.000106471506157513
3.1622843316406e-05
4.41589260029902e-05
9.6791540691432e-05
7.53165684084809e-05
1.60656593653312e-05
3.89470530068634e-07
0
0
0
0
0
0
1.08186258352398e-08
2.16372516704797e-07
7.29175381295165e-06
4.5243493242973e-05
8.79337907888294e-05
5.84449214184244e-05
8.25975035955973e-05
8.63488621039668e-05
0.000145418559164376
8.98973713779254e-05
1.68608283642213e-05
4.02993812362684e-07
0
0
0
0
0
5.40931291761992e-09
1.75802669822647e-07
9.41220447665866e-07
9.6150537110694e-06
4.12108504628873e-05
5.15399334790826e-05
9.78328334280738e-05
0.000286809884861585
0.000164402542848763
0.000145783687786316
6.10008217719998e-05
8.19510907019418e-06
1.86621295657887e-07
0
0
0
0
0
2.43419081292896e-08
1.0331787672654e-06
4.4004760584838e-06
8.87397784135548e-06
2.60512510112575e-05
4.0404862838162e-05
0.000147325341967837
0.000458263467098465
0.000200934337637909
8.45881307492815e-05
2.39335050040093e-05
1.86621295657887e-06
4.32745033409593e-08
0
0
0
0
0
6.22070985526291e-08
2.48016997272873e-06
1.03128550774424e-05
1.06049579749939e-05
1.61657316543071e-05
4.15543418331562e-05
9.91797523445612e-05
0.000270771272060841
0.000106471506157513
2.56834177328594e-05
6.66427351450774e-06
7.76236403678458e-07
4.86838162585793e-08
0
0
0
0
0
6.4911755011439e-08
2.6343353908809e-06
1.09349260629687e-05
1.01343477511609e-05
1.12621894944847e-05
3.24153076588374e-05
3.32699790998213e-05
5.98783893415937e-05
2.16588889221502e-05
4.38424811973094e-06
3.45655095435913e-06
1.05481601893588e-06
8.38443502231087e-08
2.70465645880996e-09
0
0
0
0
2.97512210469095e-08
1.20357212417043e-06
4.99009116650437e-06
4.56546010247121e-06
4.53841353788311e-06
1.27281132951597e-05
7.27552587419879e-06
5.66355062474805e-06
1.75802669822647e-06
7.43780526172739e-07
1.88244089533173e-06
6.6805014532606e-07
5.40931291761992e-08
0
0
0
0
0
5.40931291761992e-09
2.10963203787177e-07
8.76308692654427e-07
8.00578311807748e-07
7.62713121384409e-07
2.0906994426601e-06
9.43925104124676e-07
2.92102897551476e-07
7.03210679290589e-08
1.37937479399308e-07
4.62496254456503e-07
1.64984043987408e-07
1.35232822940498e-08
0
0
0
0
0
0
1.35232822940498e-08
5.40931291761992e-08
4.86838162585793e-08
4.59791597997693e-08
1.27118853564068e-07
5.40931291761992e-08
1.62279387528598e-08
1.08186258352398e-08
1.62279387528598e-08
4.86838162585793e-08
1.89325952116697e-08
2.70465645880996e-09
0
0
0
0
0
0
0
2.70465645880996e-09
2.70465645880996e-09
0
2.70465645880996e-09
2.70465645880996e-09
2.70465645880996e-09
5.40931291761992e-09
2.70465645880996e-09
2.70465645880996e-09
0
0
0
0
0
0
0
0
0
2.70465645880996e-09
5.40931291761992e-09
2.70465645880996e-09
0
0
0
0
0
0
0
0
0
0
0
0
0
0
0
2.70465645880996e-09
1.08186258352398e-08
2.70465645880996e-09
0
0
0
0
0
0
0
0
0
0
0
0
0
0
0
8.11396937642988e-09
3.54309996104105e-07
1.23332334521734e-06
4.40859002786023e-07
4.86838162585793e-08
6.19366329067481e-07
3.50523477061771e-06
5.87721848499404e-06
1.83375707907315e-06
1.24414197105258e-07
2.70465645880996e-09
0
0
0
0
0
0
0
5.40931291761992e-08
2.17724844934202e-06
7.61090327509122e-06
2.8236613429976e-06
3.19149462139575e-07
1.87162226949649e-06
9.95313576842065e-06
1.66715024121046e-05
9.17689936474219e-06
1.6850009738386e-06
5.67977856350091e-08
0
0
0
0
0
0
0
1.43346792316928e-07
5.69600650225377e-06
2.09502689299419e-05
1.15353597968245e-05
2.89939172384428e-06
4.66553239144718e-06
2.11017296916353e-05
3.90444206393806e-05
4.45565105024353e-05
1.20762910885865e-05
5.78796482185331e-07
8.11396937642988e-09
0
0
0
0
0
0
2.10963203787177e-07
8.22756494769989e-06
4.55626427051126e-05
7.70827090760838e-05
3.30806531477046e-05
1.32365887094159e-05
3.93689794144378e-05
9.54933055912032e-05
0.000140558291507895
4.20790451861653e-05
2.54237707128136e-06
4.32745033409593e-08
0
0
0
0
0
8.11396937642988e-09
4.46268315703643e-07
1.28930973391471e-05
0.000134050888067998
0.000371906491025122
0.000173392820917848
4.8516127558133e-05
7.92031597397908e-05
0.000195451998995902
0.000256636737407101
7.52922265003516e-05
4.6979882689529e-06
8.11396937642988e-08
0
0
0
0
2.70465645880996e-09
9.46629760583486e-08
1.74720807239123e-06
3.17851227039346e-05
0.000283807716192305
0.00075866425066557
0.000380423454213915
0.000150949581622643
0.000224145699367417
0.000362799912728309
0.000343921410645816
8.82204843734632e-05
4.21926407574354e-06
5.95024420938191e-08
0
0
0
0
4.59791597997693e-08
1.04940670601826e-06
6.98883228956494e-06
8.0936844529888e-05
0.000453492453105125
0.000891168075239129
0.000519578029019687
0.00036279720807185
0.000491165612919889
0.000571069278682511
0.000422786488328255
9.49604882688177e-05
2.95078019656167e-06
2.16372516704797e-08
0
0
0
2.70465645880996e-09
2.65056332963376e-07
5.36603841427896e-06
2.31356313486604e-05
0.000161559948910554
0.000716165983728289
0.00102106190632994
0.000666202864964693
0.000682076493721448
0.000710824287222139
0.000582620866418089
0.00036593460956407
7.76101170855518e-05
1.97439921493127e-06
5.40931291761992e-09
0
0
0
1.08186258352398e-08
6.4641289365558e-07
1.27930250501711e-05
4.85242415275095e-05
0.000199043782773201
0.000778229735488601
0.000963287739713296
0.000718221522636985
0.000907450107121165
0.000730619667844169
0.000352414031926479
0.000167128836559244
3.43410230575101e-05
8.49262128066327e-07
2.70465645880996e-09
0
0
0
1.08186258352398e-08
9.87199607465635e-07
2.51803516315207e-05
9.81817341112603e-05
0.000175094049830439
0.000509013640891575
0.000769674907109385
0.000713807523296207
0.000857514034922156
0.000507896617774087
0.000153551461136018
5.76362291372402e-05
1.29012113085235e-05
4.86838162585793e-07
5.40931291761992e-09
0
0
0
8.11396937642988e-09
1.28471181793473e-06
4.51812861444204e-05
0.000184598212626697
0.000197464263401256
0.000324556070400736
0.000741922427185536
0.000650383329337113
0.000615577105368688
0.000260474644922152
7.96899979023766e-05
7.23495602731664e-05
2.20159035747131e-05
1.45240051838095e-06
2.70465645880996e-08
0
0
0
2.70465645880996e-09
1.15759296437066e-06
4.57790152218174e-05
0.000189558552572155
0.000183621831645067
0.000221505954663618
0.000565251562639611
0.000392997402090922
0.000272962043792477
9.29157679859573e-05
4.77858703142544e-05
9.54419171184858e-05
3.25018566655193e-05
2.43960012584658e-06
4.59791597997693e-08
0
0
0
0
5.13884727173892e-07
2.07717616036605e-05
8.62082199681086e-05
8.2175577188023e-05
8.93510307732458e-05
0.00022470556325439
0.000128882289575212
6.45763776105466e-05
2.17265053336204e-05
2.05040006142383e-05
5.57646068677437e-05
1.96953083330541e-05
1.53624486860406e-06
2.97512210469095e-08
0
0
0
0
9.19583195995386e-08
3.6675141581463e-06
1.52082832678884e-05
1.45645750306916e-05
1.60223848619902e-05
3.93987306354847e-05
2.41579914900906e-05
2.57158736103651e-05
2.27759120396387e-05
9.21746921162434e-06
1.36287638959434e-05
4.82781177897578e-06
3.81356560692204e-07
8.11396937642988e-09
0
0
0
0
8.11396937642988e-09
2.46123737751706e-07
1.07104395768874e-06
1.27389319209949e-06
1.29823510022878e-06
3.06167111137287e-06
7.41616801005691e-06
2.80986759505767e-05
3.46818097713201e-05
9.05248516763693e-06
1.66065906570931e-06
5.19294040091512e-07
4.05698468821494e-08
0
0
0
0
0
2.70465645880996e-09
4.59791597997693e-08
1.465923800675e-06
4.93870269378699e-06
1.48215173942786e-06
2.38009768375276e-07
3.19419927785456e-06
1.48215173942786e-05
1.95357336019843e-05
4.96304460191627e-06
1.92030608575507e-07
2.43419081292896e-08
2.70465645880996e-09
0
0
0
0
0
0
1.89325952116697e-07
7.47026113923311e-06
2.55076150630367e-05
7.47026113923311e-06
2.08258547328367e-07
5.84205795102951e-07
2.77227287028021e-06
3.73242591315774e-06
9.49334417042296e-07
2.43419081292896e-08
0
0
0
0
0
0
0
0
3.24558775057195e-07
1.29336671860292e-05
4.41697446288254e-05
1.29336671860292e-05
3.27263431516005e-07
3.78651904233394e-08
1.75802669822647e-07
2.38009768375276e-07
6.22070985526291e-08
2.70465645880996e-09
0
0
0
0
0
0
0
0
0
1.48756105234548e-07
5.8934464237469e-06
2.052293320945e-05
7.38641678901e-06
1.01424617205373e-06
1.09024701854629e-05
5.99703476611932e-05
9.8811919066163e-05
2.71412275641579e-05
9.52039073501106e-07
1.62279387528598e-08
0
0
0
0
0
0
2.70465645880996e-09
9.08764570160146e-07
3.62856710513944e-05
0.000126450803418742
4.63199465135794e-05
7.90571082910151e-06
3.7032156234026e-05
0.000167461509303677
0.000250007624426557
8.15264596379086e-05
7.91112014201913e-06
4.78724193209363e-07
8.11396937642988e-09
0
0
0
0
0
5.40931291761992e-09
2.39903027896443e-06
9.51633375032284e-05
0.000334533548077286
0.000137415480702758
4.5784424534735e-05
0.000109124774143605
0.000337587105219283
0.000415930184205172
0.000235789245422593
6.16850998560787e-05
6.49388015760271e-06
1.40642135858118e-07
0
0
0
0
0
1.89325952116697e-08
3.73783522607536e-06
0.000135449195457203
0.000508929796541352
0.000365926495594693
0.000254381053920453
0.000270944370074205
0.000559744882089474
0.000761604212236296
0.000706734846656419
0.00025881939516936
3.31807254366806e-05
7.43780526172739e-07
0
0
0
0
2.70465645880996e-09
1.51460761693358e-07
8.50614456295732e-06
0.000190713440880067
0.000829902197134165
0.00119584492066761
0.00105684451127999
0.000627826494470638
0.000723406349068523
0.00131072520375556
0.0013474679617485
0.000495988015385947
6.29211278577549e-05
1.40642135858118e-06
0
0
0
0
5.67977856350091e-08
1.78236860635576e-06
3.12360774427962e-05
0.000399475054309772
0.00163353136142745
0.00256485817576699
0.00244918272368015
0.00134828747265552
0.00101003502194737
0.00168372167133359
0.00147060285634874
0.000457373635123517
4.78994658855244e-05
1.02236014143016e-06
0
0
0
1.08186258352398e-08
8.51966784525137e-07
1.86080364366125e-05
0.000110826003056197
0.000700132780240464
0.00251395113189927
0.00360936133962543
0.00378327074992691
0.0024251004625709
0.00162280198925535
0.0017970684142094
0.0010583347769888
0.000239792136981632
1.71258846971847e-05
3.21854118598385e-07
0
0
0
7.30257243878689e-08
4.76560468042315e-06
9.1695967923034e-05
0.000351981286893069
0.000881639570534741
0.00287262373887143
0.00434521992703032
0.00487142165971763
0.00346866240598168
0.0021322510798368
0.00161734669717793
0.000625232728926639
9.31997569141324e-05
3.84061217151014e-06
5.13884727173892e-08
0
0
0
1.78507326281457e-07
1.06671650735465e-05
0.000178226042009741
0.000601491254531206
0.000849418998140938
0.00250559915275446
0.00431120616740432
0.00532106538668187
0.00387140468529369
0.00216924807553686
0.00112981343788223
0.000384358729361483
5.78661249362391e-05
2.14208791537749e-06
2.43419081292896e-08
0
0
0
1.97439921493127e-07
1.08294444610751e-05
0.000157302819644387
0.000509432862642691
0.000645447331299785
0.00180209366590986
0.00339821962851197
0.00483488445561556
0.00352643386794186
0.00194111841720561
0.00092105182445252
0.000462106783926434
0.000103285420849035
4.78453727563482e-06
6.7616411470249e-08
0
0
0
9.73676325171585e-08
5.80419276060617e-06
0.000101292089038892
0.000366651343525654
0.000553540400172964
0.00130519959061022
0.002103838663737
0.00307187848484842
0.002292553363494
0.00135693155469787
0.000851204071403753
0.000739101470498997
0.000205402430107864
1.21844773469389e-05
2.05553890869557e-07
0
0
0
5.13884727173892e-08
2.72088439756282e-06
7.17139660053461e-05
0.000296038172699044
0.000463337402615193
0.000861257279461149
0.00110088172774234
0.00141746717555896
0.0010320887907125
0.000583602656712637
0.000517444055073686
0.000796037193613406
0.000256677307253983
1.82347938452967e-05
3.35377400892435e-07
0
0
2.70465645880996e-09
2.08258547328367e-07
3.60801171605249e-06
4.64659979623551e-05
0.000175118391738568
0.00026043407507527
0.000410696673957375
0.00050879997303133
0.000521438832663348
0.000404513829292535
0.000209153788616233
0.000191230030263699
0.000421577506891167
0.000145867532136539
1.11648218619675e-05
2.13667860245987e-07
0
0
1.08186258352398e-08
6.11252359691051e-07
8.11126471997107e-06
3.65858879183223e-05
7.41400428488986e-05
0.000100567241107931
0.000144496271311922
0.000191065046219712
0.000199022145521531
0.000390982433029109
0.000365055596214957
0.000114412377520579
0.000100548308512719
3.50334151109654e-05
2.75063561860973e-06
5.40931291761992e-08
0
0
1.62279387528598e-08
7.95168998890128e-07
1.01668036286666e-05
3.22178677373442e-05
2.83393903754108e-05
3.46574678631908e-05
4.78886472596891e-05
6.07060142179895e-05
0.000130307643529005
0.000476836343001113
0.000564826931575578
0.000142099945689416
1.38884109159891e-05
3.75406316482822e-06
2.97512210469096e-07
5.40931291761992e-09
0
0
8.11396937642988e-09
4.08403125280304e-07
5.18482643153869e-06
1.55923444850394e-05
2.99324330296498e-05
8.43501209809062e-05
3.57149885385855e-05
1.63171924160005e-05
5.87289103465995e-05
0.00024943423725729
0.00031729677246529
7.97278630928e-05
2.46394203397587e-06
1.81211982740267e-07
1.35232822940498e-08
0
0
0
2.70465645880996e-09
7.57303808466789e-08
9.60153042877536e-07
5.69330184579496e-06
0.000120400486920384
0.000408581632606585
0.000121352525993885
5.27678475113823e-06
1.04940670601826e-05
4.6452474680061e-05
6.05545534562962e-05
1.52840136487351e-05
3.86765873609824e-07
2.70465645880996e-09
0
0
0
0
0
5.40931291761992e-09
7.03210679290589e-08
5.36333375782015e-06
0.000206927856350632
0.000706494132231585
0.000206987358792726
5.32817322385562e-06
6.6805014532606e-07
2.95078019656167e-06
3.87577270547467e-06
9.81790294548015e-07
2.43419081292896e-08
0
0
0
0
0
0
0
0
0
1.02776945434778e-07
4.06780331405018e-06
1.49269989961722e-05
9.18230867765981e-06
7.53246823778574e-06
1.91165118508688e-05
7.3109568738092e-05
0.000114718003700424
3.06816228687402e-05
9.11469226618956e-07
1.89325952116697e-08
0
0
0
0
0
0
2.70465645880996e-09
6.4100358073796e-07
2.55968687261775e-05
9.1896112500986e-05
5.34115557485791e-05
6.90904492403004e-05
0.000133518070745612
0.000236416725721037
0.000290699180849353
8.13993407843445e-05
6.12875153566337e-06
6.788687711613e-07
1.62279387528598e-08
0
0
0
0
0
5.40931291761992e-09
2.01226440535461e-06
7.74153818205175e-05
0.00027979671066389
0.000203739066385695
0.000400554212236837
0.000677478577741471
0.000622384725675513
0.000459861919065622
0.000170644889955697
5.40363313905642e-05
1.02425340095133e-05
2.51533050669326e-07
0
0
0
0
0
5.67977856350091e-08
6.08818168878122e-06
0.000176346305770868
0.000673738037858937
0.000747848329486789
0.00136634646383099
0.00185853714154877
0.00131120392794877
0.00075016351541553
0.000430172905117265
0.000253572361639269
5.44014600125035e-05
1.3577375423226e-06
0
0
0
0
5.40931291761992e-09
5.92319764479381e-07
2.73711233631568e-05
0.000413904396517523
0.00161386039500253
0.0024330981317196
0.00330524976739684
0.00319369350709676
0.00202143589540643
0.00124676819247409
0.000785770317695763
0.00048107183501561
0.000104018382749372
2.63974470379852e-06
0
0
0
2.70465645880996e-09
1.32528166481688e-07
4.74126277229386e-06
0.000102241423455934
0.000863542714168844
0.00296636713173379
0.00495004061366232
0.00601310583479757
0.00492955013633037
0.00319517836349265
0.00214369177665756
0.00102191657777092
0.000414510239564297
7.85080630298767e-05
2.02849234410747e-06
0
0
0
2.97512210469095e-08
1.76884532406171e-06
3.38082057351245e-05
0.000259081746845865
0.00127004717061506
0.00386965477256484
0.00685497613676197
0.00852046301425026
0.0075784933767453
0.00530613568302924
0.00352129772532658
0.00131234529297439
0.00026354713465936
2.8393483504587e-05
6.9239205345535e-07
0
0
0
1.78507326281457e-07
9.85035882298587e-06
0.00014947824850905
0.00063586743812268
0.00153918483017478
0.00447370463210608
0.00905823797192482
0.0105782792436841
0.00920647478311928
0.00628593805508003
0.00388339713203206
0.00142669275873996
0.000228584040616324
1.11134333892501e-05
1.83916639199077e-07
0
0
0
4.48972972162453e-07
2.33763457734945e-05
0.000305004108859999
0.00110896865055418
0.00189367062894871
0.00509942960850823
0.0110142509322491
0.0119024195434754
0.00864481229960051
0.00496145696857495
0.00291934397454092
0.00123180603294395
0.000247259693464406
1.76235414856057e-05
3.32672744433625e-07
0
0
0
5.16589383632702e-07
2.56753037634829e-05
0.000296654834371653
0.00103868274315908
0.00185174033986778
0.00483455989684051
0.00981940132515833
0.0114196843447376
0.00744903499534437
0.00322663622276507
0.001946378974018
0.000906303332782629
0.000219574829952028
2.39064584394212e-05
5.19294040091512e-07
0
0
0
2.94807554010286e-07
1.42481302250109e-05
0.000183302682182927
0.000750282520299718
0.00171774624958542
0.00393023366792927
0.00654014330633066
0.00847204154966819
0.00559019222761575
0.00204205349159194
0.00109798504067495
0.000481347709974408
0.000114607112785613
1.35746707667672e-05
3.00216866927905e-07
0
0
1.08186258352398e-08
5.57159230514852e-07
1.24792849009492e-05
0.000189864178752
0.000881182483593202
0.00190523033065366
0.00320021443381896
0.00398924656720404
0.00433512073981312
0.00286891565486641
0.000998940521153329
0.000404989848829286
0.000170542113010262
3.80328791237856e-05
3.62964896772297e-06
7.57303808466789e-08
0
0
6.4911755011439e-08
3.37541126059483e-06
4.82159106912051e-05
0.000343691514846817
0.00114200602919854
0.0018859758813234
0.00235236954573704
0.00258394493639681
0.00171255871849742
0.00104969880891582
0.000349287449060095
9.27318513467582e-05
4.43698892067774e-05
1.12757127767787e-05
8.70899379736807e-07
1.62279387528598e-08
0
0
1.92030608575507e-07
9.98559164592637e-06
0.000130553767266757
0.000520922243279716
0.000896777532734701
0.00120716390794773
0.00139418278810506
0.00157651449861928
0.000833878042128616
0.000633287195860976
0.000215271721526061
2.73035069516865e-05
7.89759685972508e-06
2.28813936415323e-06
1.75802669822647e-07
2.70465645880996e-09
0
0
2.48828394210516e-07
1.29715323764526e-05
0.00016581978283318
0.000518425845368234
0.000411037460671185
0.000450249570011011
0.000663479275910671
0.000749471123362075
0.000427522341787631
0.00050625218664713
0.000204079853099505
2.49369325502278e-05
1.24143731459377e-06
2.35305111916466e-07
1.89325952116697e-08
0
0
0
1.27118853564068e-07
6.65886420159012e-06
8.46151773138696e-05
0.00024461453944769
0.000112443387618565
0.000101089239804481
0.000219290841023853
0.000231783649207096
0.000135597951562437
0.000214509008404677
9.76705540405452e-05
1.33610029065212e-05
3.32672744433625e-07
1.08186258352398e-08
0
0
0
0
2.43419081292896e-08
1.22791403229972e-06
1.55896398285806e-05
4.41589260029902e-05
2.26406792166982e-05
3.7302621879907e-05
4.54923216371835e-05
3.82465469840316e-05
2.08042174811662e-05
3.6618343795828e-05
1.76154275162293e-05
2.53155844544612e-06
5.95024420938191e-08
0
0
0
0
0
2.70465645880996e-09
7.84350373054888e-08
9.87199607465635e-07
3.08330836304335e-06
1.37937479399308e-05
4.49838462229272e-05
1.60575453959547e-05
3.29156691037172e-06
1.37126082461665e-06
2.25568348664751e-06
1.10620449165327e-06
1.62279387528598e-07
2.70465645880996e-09
0
0
0
0
0
0
0
0
0
8.11396937642988e-09
5.73387169267711e-07
1.46619426632088e-05
6.12631734485044e-05
6.69997497976403e-05
3.62991943336885e-05
5.31681366672862e-05
3.65426134149814e-05
8.52507715816899e-06
5.84205795102951e-07
1.35232822940498e-08
0
0
0
0
0
0
5.40931291761992e-09
8.65490066819187e-08
2.64785867317495e-06
4.94032548766227e-05
0.000206803442153527
0.00027800081877524
0.000264710136936648
0.000367773775956061
0.000235348386419807
6.75379764329435e-05
8.43041418211064e-06
3.43491370268865e-07
8.11396937642988e-09
0
0
0
0
2.70465645880996e-09
1.00072288975968e-07
9.16878539536576e-07
8.50884921941613e-06
9.60639881040121e-05
0.000440061129130674
0.000901702712146193
0.00120917346769663
0.00127594873100819
0.000775830705209637
0.000296527715518089
5.72738051717597e-05
4.07862193988542e-06
1.62279387528598e-07
0
0
0
0
1.35232822940498e-08
6.11252359691051e-07
6.48035687530866e-06
3.61693708236656e-05
0.000223526333038349
0.00105068871317974
0.00258612759415907
0.00330909037956835
0.00253015743340046
0.00137551795388282
0.000682379415244835
0.000192912326581079
2.32086570730483e-05
1.11972777394732e-06
0
0
0
0
3.51605339645295e-08
2.13397394600106e-06
3.87442037724527e-05
0.0001970477463066
0.00075195940730418
0.00276345028091157
0.00561383362972221
0.00579512404749978
0.00350571619946738
0.0016537324405183
0.000871153617443935
0.000347875618388596
6.33836241122114e-05
3.42679973331222e-06
0
0
0
0
1.37937479399308e-07
8.6900612021564e-06
0.000171134432774741
0.000765260907768607
0.00177794108373269
0.00464932338528953
0.00807480595090631
0.00765782365533866
0.00448601352365013
0.00224758574520983
0.000881025613518591
0.00035891061674054
7.98739145415757e-05
4.56005078955359e-06
0
0
0
2.70465645880996e-09
8.05987624725368e-07
3.53309273214345e-05
0.000401068096964011
0.00153076523461851
0.00285505699517146
0.00528576691523794
0.00857407741923325
0.00908934693051405
0.00565198010441727
0.00329872343136173
0.00124131830970958
0.000295224071104942
4.39885326460852e-05
2.38821165312919e-06
0
0
0
2.70465645880996e-08
3.18067599556051e-06
0.000101040555988222
0.000664888401925711
0.00198463633962787
0.00392597383400664
0.00651488181500537
0.00954770235593212
0.00986487200954385
0.00618131382928388
0.00367207420893586
0.0017497910193094
0.000360157463368052
2.03471305396273e-05
5.92319764479381e-07
0
0
0
1.08186258352398e-07
8.18158578790013e-06
0.000190567389431291
0.00100581305321517
0.00241281591293499
0.00462894920818532
0.00811341492185582
0.0114839361635731
0.00938623706999762
0.00542886487916066
0.00293786816662731
0.00174209356702762
0.000449973695052213
3.26100429238717e-05
6.27480298443911e-07
0
0
0
2.08258547328367e-07
1.31770862673221e-05
0.00025154657395162
0.00123546813778918
0.00259636742351213
0.00418409813246609
0.00763432830468098
0.0117386066157347
0.00792619319246408
0.00367777562475103
0.00169214397154632
0.00110713218881865
0.000370613665237811
4.31284518921836e-05
9.46629760583486e-07
0
0
0
2.00144577951937e-07
1.24414197105258e-05
0.000244544218379761
0.00125612359916511
0.00266921193591725
0.00356654121856955
0.00546562386509234
0.00898156096131756
0.00581000777199261
0.0022725524289811
0.000861406035566384
0.000436117740013729
0.000156889007206189
2.29571240223789e-05
5.30112665926752e-07
0
0
2.70465645880996e-09
2.73170302339806e-07
9.70701203066894e-06
0.000203249523566651
0.00116767862830556
0.00271424987526936
0.00325232234515439
0.00362871315658822
0.00503589722829078
0.00333303199854174
0.00143765202671106
0.00054816354313285
0.000142145924849216
2.88072959427849e-05
4.31663170826069e-06
1.00072288975968e-07
0
0
2.43419081292896e-08
1.3306909777345e-06
2.0806922137625e-05
0.000207330850162995
0.00100588607893955
0.00222700601421474
0.00240019057658526
0.00231975409350026
0.00219850704910826
0.0013944559584074
0.000733675929642625
0.000278539045410544
4.77074352769489e-05
2.73711233631568e-06
2.78579615257426e-07
5.40931291761992e-09
0
0
7.57303808466789e-08
3.89470530068634e-06
5.13370842446718e-05
0.000223082769379104
0.000556515522277655
0.00113353234051309
0.00131710819299836
0.00139104538661284
0.000857532967517368
0.000422905493212443
0.000234458554444859
7.34990392681606e-05
8.80095211696761e-06
2.32600455457656e-07
5.40931291761992e-09
0
0
0
9.73676325171585e-08
5.05500292151581e-06
6.46061288315935e-05
0.00020138871992299
0.000193085424594443
0.00038704715788154
0.000693381957719274
0.000746093007445021
0.000306299639303769
9.95556995923358e-05
4.3764046160004e-05
9.93149851675017e-06
6.788687711613e-07
1.35232822940498e-08
0
0
0
0
4.86838162585793e-08
2.59647020045756e-06
3.29886948281051e-05
9.55690359720499e-05
5.35170373504727e-05
0.000135562791028473
0.000379809497197765
0.000349695852185375
9.82899203696127e-05
2.052293320945e-05
6.88335068767135e-06
9.95313576842065e-07
3.24558775057195e-08
0
0
0
0
0
8.11396937642988e-09
4.78724193209363e-07
6.0827723758636e-06
1.73693037784776e-05
8.70899379736807e-06
3.95096215502959e-05
0.000138594710918799
0.000119375422122495
2.76713402300847e-05
3.02110126449072e-06
9.14173883077766e-07
1.08186258352398e-07
2.70465645880996e-09
0
0
0
0
0
0
2.97512210469095e-08
3.84061217151014e-07
1.09538586581803e-06
6.13957016149861e-07
5.85828588978237e-06
2.26217466214865e-05
1.9384272840291e-05
4.28688048721379e-06
2.38009768375276e-07
5.40931291761992e-08
5.40931291761992e-09
0
0
0
0
0
0
0
0
0
2.70465645880996e-09
1.62279387528598e-08
3.29968087974815e-07
1.20276072723279e-05
5.23134652263022e-05
5.55428250381213e-05
2.82095668653879e-05
4.09701360380533e-05
2.76253610702849e-05
5.50668055013708e-06
1.70393356905027e-07
5.40931291761992e-09
0
0
0
0
0
2.70465645880996e-09
1.00072288975968e-07
7.73531747219648e-07
2.83177531237403e-06
4.74721301650324e-05
0.000203744475698613
0.00022495709630506
0.000167742793575394
0.000248958217720539
0.000165946901686744
3.4441095346486e-05
2.02037837473104e-06
2.83988928175046e-07
1.62279387528598e-08
0
0
0
0
3.78651904233394e-08
1.63090784466241e-06
1.2425191771773e-05
3.0086598447802e-05
0.000125974783881991
0.000516427104245174
0.000628334969884894
0.000586128805845165
0.000646642789454579
0.000412319467832661
9.590982268586e-05
1.9170604980045e-05
4.89272353398722e-06
2.94807554010286e-07
0
0
0
0
2.08258547328367e-07
9.30942753122388e-06
7.13082675365246e-05
0.000164080688730165
0.000244033038309046
0.000905616350042091
0.00141456507917866
0.00138080826191625
0.000925141265018241
0.000508237404487897
0.000157673357579244
0.000113498203637501
3.47169703052846e-05
2.11504135078939e-06
0
0
0
0
4.59791597997693e-07
2.05905496209202e-05
0.000162741883783054
0.00040743485826805
0.000481023151199351
0.00140775204955891
0.00281345667417851
0.00262019274225778
0.00110546882509648
0.000426259267221367
0.000211349969660787
0.00033895566138744
0.000109305986126346
6.67779679680179e-06
0
0
0
0
4.40859002786023e-07
2.03173793185804e-05
0.000184135716372241
0.000628348493167188
0.0011415624655393
0.00230787794698962
0.00430376295282968
0.00383036693284417
0.00141223366531116
0.00047347986433573
0.000270449417942243
0.000461806567059506
0.000148677670197242
9.07953173222503e-06
0
0
0
0
2.27191142540037e-07
1.14271735384721e-05
0.000146170453659925
0.000761195809111016
0.00193361570018887
0.00318306961652656
0.00485237005962177
0.00437884421612624
0.0017824713833012
0.000766594303402801
0.000382827893805797
0.000285325028465698
7.90787455426856e-05
4.76830933688196e-06
0
0
0
0
2.02849234410747e-07
9.97477302009113e-06
0.000166239004584295
0.000903728499833842
0.00225538597443704
0.00369703277873776
0.00537213200528066
0.00522700825367029
0.0023850066352255
0.00103731418699092
0.000505895171994568
0.000138662327330269
1.70744962244673e-05
9.00650600783716e-07
0
0
0
5.40931291761992e-09
5.03066101338652e-07
1.89380045245873e-05
0.000296917186048157
0.00132257700835807
0.00254204169388047
0.00410467048624022
0.00616545372380942
0.0057574914575319
0.00270130809411395
0.000911888448370072
0.000394503895738479
8.73793362147734e-05
4.25712926616688e-06
9.46629760583486e-08
0
0
0
1.08186258352398e-08
1.10349983519446e-06
3.60963450992777e-05
0.00041691197449972
0.001565960929117
0.00256584537537446
0.00404417273056956
0.00578760510254429
0.00455818457659701
0.00224758844986629
0.000635964805755197
0.000184833517738614
4.27741418960795e-05
3.11576424054907e-06
5.95024420938191e-08
0
0
0
1.35232822940498e-08
1.54165418152168e-06
5.35927677313193e-05
0.000472649534802876
0.0014984202480276
0.00221107017835944
0.00330577176609339
0.00410574693951082
0.00283085572917803
0.00173807174287337
0.000581944702303386
9.94150574564777e-05
1.37639967188839e-05
1.465923800675e-06
3.24558775057195e-08
0
0
0
1.62279387528598e-08
1.62279387528598e-06
6.16715765737847e-05
0.00053554902540896
0.00152438765468863
0.00166911652645601
0.00217542821554524
0.00236226047440691
0.00158367372426575
0.00126917086192241
0.000541242327254755
8.55536931050766e-05
3.66210484522868e-06
2.70465645880996e-07
5.40931291761992e-09
0
0
0
7.30257243878689e-08
2.43689546938777e-06
7.25929793544593e-05
0.000602803012913728
0.00156090051688257
0.00110490355189659
0.000984922286727317
0.00103764956439182
0.000694645032285538
0.00061166346747279
0.000273938424774108
4.27876651783736e-05
1.09268120935922e-06
1.89325952116697e-08
0
0
0
2.70465645880996e-09
2.08258547328367e-07
4.3463829293076e-06
8.56456514246762e-05
0.00062643630105081
0.00153303173673099
0.000933201141265494
0.000393192137355957
0.000301290615542053
0.000189012211967475
0.000156415692325898
6.12388315403751e-05
8.18969975727656e-06
1.86621295657887e-07
0
0
0
0
5.40931291761992e-09
2.70465645880996e-07
4.96304460191627e-06
7.95087859196364e-05
0.000526683161536981
0.00128701618523764
0.000945434302428692
0.000305266460536504
7.42590477330862e-05
2.70222226799703e-05
1.94194333742555e-05
6.13416084858099e-06
5.76091825726521e-07
1.08186258352398e-08
0
0
0
0
2.70465645880996e-09
1.37937479399308e-07
2.47476065981111e-06
3.73215544751186e-05
0.000237003636172599
0.000595427414750554
0.000536492950513085
0.000203817501423001
3.16715271326646e-05
2.28543470769442e-06
1.03588342372421e-06
2.75874958798616e-07
1.62279387528598e-08
0
0
0
0
0
0
2.43419081292896e-08
4.54382285080073e-07
6.72648061306037e-06
4.2268371138282e-05
0.000114596294159778
0.000134686482335818
6.8270938333281e-05
1.20654724627512e-05
3.27263431516005e-07
2.16372516704797e-08
5.40931291761992e-09
0
0
0
0
0
0
0
2.70465645880996e-09
2.97512210469095e-08
4.21926407574354e-07
2.68301920713948e-06
8.8252940250969e-06
1.52894229616527e-05
1.01397570640785e-05
2.02849234410747e-06
4.86838162585793e-08
0
0
0
0
0
0
0
0
0
0
0
0
1.08186258352398e-08
3.78651904233394e-08
7.05915335749399e-07
3.04544317262001e-06
3.22665515536028e-06
1.63361250112122e-06
2.38009768375276e-06
1.61738456236836e-06
3.19149462139575e-07
8.11396937642988e-09
0
0
0
0
0
0
2.70465645880996e-09
5.95024420938191e-08
4.59791597997693e-07
1.06833930122993e-06
3.06437576783168e-06
1.20465398675396e-05
1.31392210768988e-05
9.58259783356368e-06
1.42508348814697e-05
9.56096058189321e-06
1.91489677283745e-06
9.46629760583486e-08
1.62279387528598e-08
0
0
0
0
0
2.16372516704797e-08
9.73676325171585e-07
7.41075869713929e-06
1.63090784466241e-05
1.20573584933748e-05
3.30617205524929e-05
3.94122539177787e-05
3.38785268030535e-05
3.59989774667606e-05
2.29490100530025e-05
4.89542819044603e-06
9.89904263924445e-07
2.94807554010286e-07
1.89325952116697e-08
0
0
0
0
1.24414197105258e-07
5.55536436639566e-06
4.22845990770349e-05
9.28238096663578e-05
4.51082604200325e-05
8.79581326969587e-05
0.000127776085083559
9.45466758306197e-05
5.13019237107073e-05
2.67490523776305e-05
7.31339106462213e-06
6.42626374613246e-06
2.10151806849534e-06
1.29823510022878e-07
0
0
0
0
2.73170302339806e-07
1.22061145986093e-05
9.32295081351793e-05
0.000209648740748195
0.000127716582641465
0.000271726015790801
0.000412454700655601
0.000244373825022856
7.00370790008839e-05
2.10611598447532e-05
1.00261614928085e-05
2.00198671081113e-05
6.63722694991964e-06
4.05698468821494e-07
0
0
0
0
2.59647020045756e-07
1.15515877355773e-05
8.97377966468556e-05
0.000225717104769985
0.000253621045455527
0.000541404606642284
0.000751123668458408
0.000432014776165715
0.000111053194198737
2.43716593503365e-05
1.38343177868129e-05
2.76740448865435e-05
9.03625722888407e-06
5.51749917597232e-07
0
0
0
0
1.08186258352398e-07
4.88460956461079e-06
4.10837316093233e-05
0.000144645027417157
0.000310919192535416
0.000566330720566676
0.000727971809170995
0.000560964682152397
0.000196601477990896
5.10530953164968e-05
2.0265990845863e-05
1.68256678302568e-05
4.79806055792887e-06
2.89398241092666e-07
0
0
0
0
1.89325952116697e-08
9.87199607465635e-07
1.39397993887065e-05
8.12316520838983e-05
0.000231258945854087
0.0003916396645486
0.000595465279940977
0.000738541606612024
0.000365988702693246
0.000101127104994904
2.88613890719611e-05
7.4134633535981e-06
9.95313576842065e-07
5.40931291761992e-08
0
0
0
0
5.40931291761992e-09
5.57159230514852e-07
1.55544792946161e-05
8.55942629519588e-05
0.00018997777432327
0.000318419204895696
0.00061970982043775
0.000840655911214394
0.000519905292451203
0.00013925194243829
2.51397817846386e-05
3.9109332394392e-06
1.43346792316928e-07
2.70465645880996e-09
0
0
0
0
2.43419081292896e-08
1.35232822940498e-06
2.24459439516638e-05
0.000123289060018393
0.000278493066250744
0.000373824092454418
0.000665388763370591
0.000791314863436324
0.000548388029618931
0.000140947762037963
1.42968140412694e-05
1.40371670212237e-06
3.24558775057195e-08
0
0
0
0
0
5.40931291761992e-08
2.52344447606969e-06
2.71331135947815e-05
0.000157340684834811
0.000399315479578702
0.000412205872261391
0.00055602597945861
0.000605348094641469
0.000464530156113528
0.000129006703772317
1.09782005663096e-05
3.86765873609824e-07
5.40931291761992e-09
0
0
0
0
0
9.46629760583486e-08
4.32745033409593e-06
3.76704551583051e-05
0.000162479532106549
0.000341852348454826
0.000294558725616075
0.000291854069157265
0.000303378610328254
0.000300435944101069
0.000100456350193119
1.03480156114069e-05
2.29895798998846e-07
0
0
0
0
0
0
2.59647020045756e-07
1.12351429298966e-05
7.72531024329889e-05
0.000194272768779861
0.000204742493931914
0.000123007775746677
9.13659998350592e-05
8.84152196384976e-05
0.000117311769244423
4.43293193598952e-05
5.00631910525723e-06
1.08186258352398e-07
0
0
0
0
0
0
5.46340604679612e-07
2.34196202768354e-05
0.000147890615167729
0.000322424801111194
0.000254291800257312
6.96827690047798e-05
1.98900435980884e-05
1.57924890629914e-05
2.20781106732657e-05
8.39525364814611e-06
9.24992508913006e-07
1.89325952116697e-08
0
0
0
0
0
0
5.95024420938191e-07
2.55076150630367e-05
0.000160140004269679
0.000366023863227211
0.000342030855781107
8.43311883856945e-05
5.3498104755261e-06
1.68770563029741e-06
1.87973623887292e-06
6.4911755011439e-07
6.22070985526291e-08
0
0
0
0
0
0
0
2.81284271716236e-07
1.20708817756688e-05
7.62280376350999e-05
0.000182007151739157
0.000189572075854449
4.97873160937737e-05
2.58294691816351e-06
1.19004884187638e-07
7.30257243878689e-08
2.16372516704797e-08
2.70465645880996e-09
0
0
0
0
0
0
0
5.13884727173892e-08
2.15831585413035e-06
1.36882663380372e-05
3.36892008509369e-05
3.77732321037399e-05
1.11621172055087e-05
8.35738845772277e-07
1.62279387528598e-08
0
0
0
0
0
0
0
0
0
0
2.70465645880996e-09
1.35232822940498e-07
8.60080753901567e-07
2.21511363976536e-06
2.78038683965664e-06
1.03047411080659e-06
1.21709540646448e-07
2.70465645880996e-09
0
0
0
0
0
0
0
0
0
0
0
0
0
0
0
0
0
0
0
0
0
0
0
0
0
0
0
0
0
2.70465645880996e-09
2.70465645880996e-08
5.67977856350091e-08
1.89325952116697e-08
1.08186258352398e-08
1.35232822940498e-08
8.11396937642988e-09
5.40931291761992e-09
2.70465645880996e-09
0
0
0
0
0
0
0
0
0
5.40931291761992e-08
4.16517094656734e-07
9.08764570160146e-07
3.24558775057195e-07
3.59719309021725e-07
4.81428849668173e-07
1.81211982740267e-07
2.97512210469095e-08
5.40931291761992e-09
0
0
0
0
0
0
0
0
8.11396937642988e-09
3.11035492763145e-07
2.37468837083514e-06
5.20646368320917e-06
2.6072888262928e-06
5.47422467263136e-06
7.22684205794021e-06
2.62351676504566e-06
3.48900683186485e-07
2.70465645880996e-08
2.70465645880996e-09
2.70465645880996e-09
0
0
0
0
0
0
1.62279387528598e-08
6.8698274053773e-07
5.22269162196203e-06
1.16922298714355e-05
1.00072288975968e-05
2.98269514277562e-05
3.9934252614329e-05
1.84105965151194e-05
3.80004232462799e-06
3.62423965480535e-07
1.08186258352398e-08
5.40931291761992e-09
2.70465645880996e-09
0
0
0
0
0
1.35232822940498e-08
6.4641289365558e-07
4.94952131962223e-06
1.20519491804572e-05
1.90272581877281e-05
6.04761184189907e-05
9.12875647977537e-05
8.39011480087437e-05
2.80716293859886e-05
3.14822011805479e-06
7.30257243878689e-08
8.11396937642988e-09
2.70465645880996e-09
0
0
0
0
0
5.40931291761992e-09
2.70465645880996e-07
2.09881341203653e-06
6.58042916428463e-06
1.80346492673448e-05
5.17671246216226e-05
0.00012718376531908
0.000263993402975064
0.000107336996224332
1.26794294789011e-05
3.11035492763145e-07
5.40931291761992e-09
0
0
0
0
0
0
0
4.59791597997693e-08
3.75947247774584e-07
2.06094822161319e-06
8.37361639647563e-06
2.26677257812863e-05
0.000132209017019548
0.000397089547313102
0.000171180411934541
2.13316254906341e-05
6.3288961136153e-07
8.11396937642988e-09
0
0
0
0
0
0
0
2.70465645880996e-09
4.05698468821494e-08
7.51894495549169e-07
3.27263431516005e-06
8.37361639647563e-06
7.61306700025827e-05
0.00023615978335745
0.000109979445584589
1.59547684505199e-05
6.5993617594963e-07
1.08186258352398e-08
0
0
0
0
0
0
0
0
5.95024420938191e-08
2.20159035747131e-06
8.38173036585206e-06
9.66103287086917e-06
3.27263431516005e-05
7.22900578310726e-05
4.29256026577729e-05
8.66030998110949e-06
4.73314880291743e-07
8.11396937642988e-09
0
0
0
0
0
0
0
5.40931291761992e-09
1.46051448775738e-07
4.62496254456503e-06
1.72043197344901e-05
1.41615812183289e-05
2.1561521289633e-05
3.07005554639518e-05
2.39172770652565e-05
6.13145619212218e-06
4.02993812362684e-07
8.11396937642988e-09
0
0
0
0
0
0
2.70465645880996e-09
7.57303808466789e-08
5.35521978844372e-07
4.85215368710507e-06
1.56572562400509e-05
1.07807606448165e-05
1.02344200401369e-05
1.36558104605315e-05
1.42373115991756e-05
4.31392705180188e-06
3.46196026727675e-07
8.11396937642988e-09
0
0
0
0
0
0
1.08186258352398e-08
4.65200910915313e-07
2.71277042818639e-06
6.58583847720225e-06
9.06871310638979e-06
4.38695277618975e-06
2.17724844934202e-06
3.1509247745136e-06
5.13884727173892e-06
1.77425463697933e-06
1.56870074610978e-07
2.70465645880996e-09
0
0
0
0
0
0
2.70465645880996e-08
1.18193487249995e-06
6.94826244268278e-06
1.44807306804685e-05
1.26009944415956e-05
3.14822011805479e-06
2.65056332963376e-07
3.43491370268865e-07
8.27624876395848e-07
3.02921523386715e-07
2.70465645880996e-08
0
0
0
0
0
0
0
3.24558775057195e-08
1.3306909777345e-06
8.02471571328915e-06
1.80103073592155e-05
1.7918349039616e-05
4.26794789200211e-06
1.13595571270018e-07
1.62279387528598e-08
4.86838162585793e-08
1.89325952116697e-08
2.70465645880996e-09
0
0
0
0
0
0
0
1.35232822940498e-08
6.3018495490272e-07
3.86495407963943e-06
9.12010157910718e-06
9.88281470049159e-06
2.40714424834086e-06
5.95024420938191e-08
0
0
0
0
0
0
0
0
0
0
0
2.70465645880996e-09
1.13595571270018e-07
6.95096709914159e-07
1.67418234800336e-06
1.87703158241411e-06
4.62496254456503e-07
1.08186258352398e-08
0
0
0
0
0
0
0
0
0
0
0
0
8.11396937642988e-09
4.32745033409593e-08
1.05481601893588e-07
1.19004884187638e-07
2.97512210469095e-08
0
0
0
0
0
0
0
0
0
0
0
0
0
0
0
0
0
0
0
0
0
0
0
0
0
0
0
0
0
0
0
0
0
0
0
0
0
0
0
0
0
0
0
0
0
0
0
0
0
0
0
0
2.70465645880996e-09
1.35232822940498e-08
1.62279387528598e-08
5.40931291761992e-09
0
0
0
0
0
0
0
0
0
0
0
0
0
2.70465645880996e-09
4.32745033409593e-08
2.05553890869557e-07
2.59647020045756e-07
8.38443502231087e-08
1.08186258352398e-08
0
0
0
0
0
0
0
0
0
0
0
0
8.11396937642988e-09
2.35305111916466e-07
1.11161380457089e-06
1.49567502172191e-06
7.54599152007979e-07
1.83916639199077e-07
2.16372516704797e-08
0
0
0
0
0
0
0
0
0
0
0
1.35232822940498e-08
4.54382285080073e-07
2.1718391364244e-06
3.71890263086369e-06
4.39777140202499e-06
1.60656593653312e-06
1.86621295657887e-07
5.40931291761992e-09
0
0
0
0
0
0
0
0
0
0
1.08186258352398e-08
3.46196026727675e-07
1.73368479009718e-06
6.19366329067481e-06
1.53110602133232e-05
6.32078214423887e-06
7.35666556796309e-07
1.62279387528598e-08
0
0
0
0
0
0
0
0
0
0
2.70465645880996e-09
1.16300227728828e-07
7.00506022831779e-07
7.1429977077171e-06
2.31653825697073e-05
9.8043796631861e-06
1.14406968207661e-06
2.43419081292896e-08
0
0
0
0
0
0
0
0
0
0
0
1.62279387528598e-08
1.67688700446217e-07
3.6945607227344e-06
1.28011390195475e-05
5.44717810804326e-06
6.3559426782034e-07
1.35232822940498e-08
0
0
0
0
0
0
0
0
0
0
0
2.70465645880996e-09
2.43419081292896e-08
6.9239205345535e-07
2.43689546938777e-06
1.04129273664183e-06
1.21709540646448e-07
2.70465645880996e-09
0
0
0
0
0
0
0
0
0
0
0
5.40931291761992e-09
5.40931291761992e-09
4.86838162585793e-08
1.62279387528598e-07
7.03210679290589e-08
8.11396937642988e-09
0
0
0
0
0
0
0
0
0
0
0
0
2.70465645880996e-09
2.70465645880996e-09
2.70465645880996e-09
5.40931291761992e-09
5.40931291761992e-09
0
0
0
0
0
0
0
0
0
0
0
0
2.70465645880996e-09
2.70465645880996e-09
0
0
0
0
0
0
0
0
0
0
0
0
0
0
0
2.70465645880996e-09
2.70465645880996e-09
2.70465645880996e-09
0
0
0
0
0
0
0
0
0
0
0
0
0
0
0
2.70465645880996e-09
5.40931291761992e-09
5.40931291761992e-09
0
0
0
0
0
0
0
0
0
0
0
0
0
0
0
0
2.70465645880996e-09
2.70465645880996e-09
0
0
0
0
0
0
0
0
0
0
0
0
0
0
0
0
0
0
0
0
0
0
0
0
0
0
0
0
0
0
0
0
0
0
0
0
0
0
0
0
0
0
0
0
0
0
0
0
0
0
0
0
0
0
0
0
0
0
0
0
0
0
0
0
0
0
0
0
0
0
0
0
0
0
0
0
0
0
0
0
0
0
0
0
0
0
0
0
0
0
0
0
0
0
0
0
0
0
0
0
0
0
0
0
0
0
0
0
0
0
0
0
0
0
0
0
0
0
0
0
0
0
0
0
0
0
0
0
0
0
0
0
0
0
0
0
0
0
0
0
0
0
0
0
0
0
0
0
0
0
0
0
0
0
0
0
0
0
0
0
0
0
0
2.70465645880996e-09
2.70465645880996e-09
2.70465645880996e-09
0
0
0
0
0
0
0
0
0
0
0
0
0
0
0
2.70465645880996e-09
5.40931291761992e-09
2.70465645880996e-09
0
0
0
0
0
0
0
0
0
0
0
0
0
0
0
0
2.70465645880996e-09
0
0
0
0
0
0
0
0
0
0
0
0
0
0
0
0
0
0
0
0
0
0
0
0
0
0
0
0
0
0
0
0
0
0
0
0
0
0
0
0
0
0
0
0
0
0
0
0
0
0
0
0
0
0
0
0
0
0
0
0
0
0
0
0
0
0
0
0
0
0
0
0
0
0
0
0
0
0
0
0
0
0
0
0
0
0
0
0
0
0
0
0
0
0
0
0
0
0
0
0
0
0
0
0
0
0
0
0
0
0
0
0
0
0
0
0
0
0
0
0
0
0
0
0
0
0
0
0
0
0
0
0
0
0
0
0
0
0
0
0
0
0
0
0
0
0
0
0
0
0
0
0
0
0
0
0
0
0
0
0
0
0
0
0
0
0
0
0
0
0
0
0
0
0
0
0
0
0
0
0
0
0
0
0
0
0
0
0
0
0
0
0
0
0
0
0
0
0
0
0
0
0
0
0
0
0
0
0
0
0
0
0
0
0
0
0
0
0
0
0
0
0
0
0
0
0
0
0
0
0
0
0
0
0
0
0
0
0
0
0
0
0
0
0
0
0
0
0
0
0
0
0
0
0
0
0
0
0
0
0
0
0
0
0
0
0
0
0
0
0
0
0
0
0
0
0
0
0
0
0
0
0
0
0
0
0
0
0
0
0
0
0
0
0
0
0
0
0
0
0
0
0
0
0
0
0
0
0
0
0
0
0
0
0
0
0
0
0
0
0
0
0
0
0
0
0
0
0
0
0
0
0
0
0
0
0
0
0
0
0
0
0
0
0
0
0
0
0
0
0
0
0
0
0
0
0
0
0
0
0
0
0
0
0
0
0
0
0
0
0
0
0
0
0
0
0
0
0
0
0
0
0
0
0
0
0
0
0
0
0
0
0
0
0
0
0
0
0
0
0
0
0
0
0
0
0
0
0
0
0
0
0
0
0
0
0
0
0
0
0
0
0
0
0
0
0
0
0
0
0
0
0
0
0
0
0
0
0
0
0
0
0
0
0
0
0
0
0
0
0
0
0
0
0
0
0
0
0
0
0
0
0
0
0
0
0
0
0
0
0
0
0
0
0
0
0
0
0
0
0
0
0
0
0
0
0
0
0
0
0
0
0
0
