0
0
0
0
0
0
0
0
0
0
0
0
0
0
0
0
0
0
0
0
0
0
0
0
0
0
0
0
0
0
0
0
0
0
0
0
0
0
0
0
0
0
0
0
0
0
0
0
0
0
0
0
0
0
0
0
0
0
0
0
0
0
0
0
0
0
0
0
0
0
0
0
0
0
0
0
0
0
0
0
0
0
0
0
0
0
0
0
0
0
0
0
0
0
0
0
0
0
0
0
0
0
0
0
0
0
0
0
0
0
0
0
0
0
0
0
0
0
0
0
0
0
0
0
0
0
0
0
0
0
0
0
0
0
0
0
0
0
0
0
0
0
0
0
0
0
0
0
0
0
0
0
0
0
0
0
0
0
0
0
0
0
0
0
0
0
0
0
0
0
0
0
0
0
0
0
0
0
0
0
0
0
0
0
0
0
0
0
0
0
0
0
0
0
0
0
0
0
0
0
0
0
0
0
0
0
0
0
0
0
0
0
0
0
0
0
0
0
0
0
0
0
0
0
0
0
0
0
0
0
0
0
0
0
0
0
0
0
0
0
0
0
0
0
0
0
0
0
0
0
0
0
0
0
0
0
0
0
0
0
0
0
0
0
0
0
0
0
0
0
0
0
0
0
0
0
0
0
0
0
0
0
0
0
0
0
0
0
0
0
0
0
0
0
0
0
0
0
0
0
0
0
0
0
0
0
0
0
0
0
0
0
0
0
0
0
0
0
0
0
0
0
0
0
0
0
0
0
0
0
0
0
0
0
0
0
0
0
0
0
0
0
0
0
0
0
0
0
0
0
0
0
0
0
0
0
0
0
0
0
0
0
0
0
0
0
0
0
0
0
0
0
0
0
0
0
0
0
0
0
0
0
0
0
0
0
0
0
0
0
0
0
0
0
0
0
0
0
0
0
0
0
0
0
0
0
0
0
0
0
0
0
0
0
0
0
0
0
0
0
0
0
0
0
0
0
0
0
0
0
0
0
0
0
0
0
0
0
0
0
0
0
0
0
0
0
0
0
0
0
0
0
0
0
0
0
0
0
0
0
0
0
0
0
0
0
0
0
0
0
0
0
0
0
0
0
0
0
0
0
0
0
0
0
0
0
0
0
0
0
0
0
0
0
0
0
0
0
0
0
0
0
0
0
0
0
0
0
0
0
0
0
0
0
0
0
0
0
0
0
0
0
0
0
0
0
0
0
0
0
0
0
0
0
0
0
0
0
0
0
0
0
0
0
0
0
0
0
0
0
0
0
0
0
0
0
0
0
0
0
0
0
0
0
0
0
0
0
0
0
0
0
0
0
0
0
0
0
0
0
0
0
0
0
0
0
0
0
0
0
0
0
0
0
0
0
0
0
0
0
0
0
0
0
0
0
0
0
0
0
0
0
0
0
0
0
0
0
0
0
0
0
0
0
0
0
0
0
0
0
0
0
0
0
0
0
0
0
0
0
0
0
0
0
0
0
0
0
0
0
0
0
0
0
0
0
0
0
0
0
0
0
0
0
0
2.79507984219639e-09
5.59015968439278e-09
2.79507984219639e-09
0
0
0
0
0
0
0
0
0
0
0
0
0
0
0
1.11803193687856e-08
2.51557185797675e-08
1.95655588953747e-08
5.59015968439278e-09
0
0
0
0
0
0
0
0
0
0
0
0
0
0
5.59015968439278e-09
1.11803193687856e-08
8.38523952658917e-09
2.79507984219639e-09
0
0
0
0
0
0
0
0
0
0
0
0
0
0
0
2.79507984219639e-09
0
0
0
0
0
0
0
0
0
0
0
0
0
0
0
0
0
0
0
0
0
0
0
0
0
0
0
0
0
0
0
0
0
0
0
0
0
0
0
0
0
0
0
0
0
0
0
0
0
0
0
0
0
0
0
0
0
0
0
0
0
0
0
0
0
0
0
0
0
0
0
0
0
0
0
0
0
0
0
0
0
0
0
0
0
0
0
0
0
0
0
0
0
0
0
0
0
0
0
0
0
0
0
0
0
0
0
0
0
0
0
0
0
0
0
0
0
0
0
0
0
0
0
0
0
0
0
0
0
0
0
0
0
0
0
0
0
0
0
0
0
0
0
0
0
0
0
0
0
0
0
0
0
0
0
0
0
0
0
0
0
0
0
0
0
0
0
0
0
0
0
0
0
0
0
0
0
0
0
0
0
0
0
0
0
0
0
0
0
0
0
0
0
0
0
0
0
0
0
0
0
0
0
0
0
0
0
0
0
0
0
0
0
0
0
0
0
0
0
0
0
0
0
0
0
0
0
0
0
0
0
0
0
0
0
0
0
0
0
0
0
0
0
0
0
0
0
0
0
0
3.07458782641603e-08
7.26720758971061e-08
6.14917565283205e-08
3.35409581063567e-08
1.39753992109819e-08
2.79507984219639e-09
0
0
0
0
0
0
0
0
0
0
0
0
2.37302278602473e-06
5.4196598140188e-06
3.89634130002177e-06
1.15157289498491e-06
1.90065429269354e-07
3.07458782641603e-08
2.79507984219639e-09
0
0
0
0
0
0
0
0
0
0
0
1.08644753466174e-05
2.47560221623334e-05
1.75922325267841e-05
4.89138972384368e-06
6.12122485441009e-07
7.26720758971061e-08
5.59015968439278e-09
0
0
0
0
0
0
0
0
0
0
0
4.89697988352807e-06
1.11188276122572e-05
7.87094483562503e-06
2.16059671801781e-06
2.68327664850853e-07
3.63360379485531e-08
5.59015968439278e-09
0
0
0
0
0
0
0
0
0
0
0
6.20507724967598e-07
1.394744841256e-06
9.81073024610932e-07
2.68327664850853e-07
4.19261976329458e-08
2.23606387375711e-08
8.38523952658917e-09
0
0
0
0
0
0
0
0
0
0
0
8.38523952658917e-09
1.95655588953747e-08
1.39753992109819e-08
5.59015968439278e-09
5.59015968439278e-09
8.38523952658917e-09
5.59015968439278e-09
0
0
0
0
0
0
0
0
0
0
0
0
0
0
0
0
2.79507984219639e-09
0
0
0
0
0
0
0
0
0
0
0
0
0
0
0
0
0
0
0
0
0
0
0
0
0
0
0
0
0
0
0
0
0
0
0
0
0
0
0
0
0
0
0
0
0
0
0
0
0
0
0
0
0
0
0
0
0
0
0
0
0
0
0
0
0
0
0
0
0
0
0
0
0
0
0
0
0
0
0
0
0
0
0
0
0
0
0
0
0
0
0
0
0
0
0
0
0
0
0
0
0
0
0
0
0
0
0
0
0
0
0
0
0
0
0
0
0
0
0
0
0
0
0
0
0
0
0
0
0
0
0
0
0
0
0
0
0
0
0
0
0
0
0
0
0
0
0
0
0
0
0
0
0
0
0
0
0
0
0
0
0
0
0
0
0
0
0
0
0
0
0
0
0
0
0
0
0
0
0
0
0
0
0
0
0
0
0
0
0
0
0
0
0
0
0
0
0
0
0
0
0
0
0
0
0
0
0
0
0
0
2.4736456603438e-06
8.70387862859956e-06
1.66363152207529e-05
2.01692961412891e-05
1.30865638211635e-05
3.83484954349344e-06
3.85721018223102e-07
1.39753992109819e-08
1.11803193687856e-08
1.39753992109819e-08
5.59015968439278e-09
0
0
0
0
0
0
0
4.27731068251313e-05
0.000117343041935089
0.000149631804272141
0.00014039127031384
8.91071453692209e-05
2.74309135713154e-05
2.85377651888251e-06
8.6647475108088e-08
1.11803193687856e-08
1.11803193687856e-08
5.59015968439278e-09
0
0
0
0
0
0
0
0.000169365067958048
0.000412000358899432
0.000397306624169006
0.000271131129932576
0.000167224036798926
5.6189490067674e-05
6.18551169078061e-06
1.98450668795944e-07
8.38523952658917e-09
5.59015968439278e-09
2.79507984219639e-09
0
0
0
0
0
0
0
0.000127813411023956
0.000265018290317693
0.000206036515487665
0.000103543732754165
6.87869149164531e-05
2.95915102893332e-05
4.74045541236507e-06
3.21434181852585e-07
3.07458782641603e-08
2.79507984219639e-08
1.39753992109819e-08
2.79507984219639e-09
0
0
0
0
0
0
3.06117144317349e-05
5.54571791490185e-05
3.55422352733693e-05
1.44365873849443e-05
1.79276421078476e-05
2.00015913507574e-05
8.11970694158051e-06
9.41941906820183e-07
5.59015968439278e-08
3.91311177907494e-08
1.67704790531783e-08
2.79507984219639e-09
0
0
0
0
0
0
2.33668674807618e-06
3.60565299643334e-06
1.87270349427158e-06
1.52611359383923e-06
5.6516514409211e-06
9.20140284051051e-06
4.27926723840267e-06
5.14294690964136e-07
2.23606387375711e-08
8.38523952658917e-09
2.79507984219639e-09
0
0
0
0
0
0
0
2.51557185797675e-08
4.47212774751422e-08
5.0311437159535e-08
2.0124574863814e-07
8.44114112343309e-07
1.41151532030918e-06
6.95974880706901e-07
1.03417954161266e-07
5.59015968439278e-09
0
0
0
0
0
0
0
0
0
0
0
2.79507984219639e-09
5.59015968439278e-09
1.67704790531783e-08
3.07458782641603e-08
2.51557185797675e-08
8.38523952658917e-09
0
0
0
0
0
0
0
0
0
0
0
0
0
0
0
0
0
0
0
0
0
0
0
0
0
0
0
0
0
0
0
0
0
0
0
0
0
0
0
0
0
0
0
0
0
0
0
0
0
0
0
0
0
0
0
0
0
0
0
0
0
0
0
0
0
0
0
0
0
0
0
0
0
0
0
0
0
0
0
0
0
0
0
0
0
0
0
0
0
0
0
0
0
0
0
0
0
0
0
0
0
0
0
0
0
0
0
0
0
0
0
0
0
0
0
0
0
0
0
0
0
0
0
0
0
0
0
0
0
0
0
0
0
0
0
0
0
0
0
0
0
0
0
0
0
0
0
0
0
0
0
0
0
0
0
0
0
0
0
0
0
0
0
0
0
0
0
0
0
0
0
0
0
0
0
0
0
0
0
0
0
0
0
0
0
0
0
0
0
0
2.73107251381009e-05
9.82135154950967e-05
0.000197908423306558
0.000255459117257381
0.00017463658854043
5.30953366823626e-05
5.89202830734999e-06
4.08361164944892e-06
1.14402617941098e-05
1.27176132819936e-05
4.99480767800495e-06
5.56220888597081e-07
1.67704790531783e-08
0
0
0
0
0
0.000228645916331191
0.000746859309234086
0.00130910918505078
0.00158219966595274
0.00112718861844159
0.000365015066752111
4.01010104959916e-05
4.8774143246327e-06
9.92812359948157e-06
1.09762785403052e-05
4.31280819650903e-06
4.80753732857779e-07
1.39753992109819e-08
0
0
0
0
0
0.000682997324999583
0.00185750385008972
0.00253013981411428
0.00265130373019365
0.00203017829258092
0.000747147202457832
0.000102635331805451
1.06157132406619e-05
5.93395450498293e-06
6.52930651137076e-06
2.81464540109176e-06
3.24229261694781e-07
8.38523952658917e-09
0
0
0
0
0
0.000841570589686911
0.00167119500812827
0.00143089360885512
0.0010330028129991
0.000965878970588753
0.000552198768704161
0.000164501629032626
3.9139503030276e-05
2.26960483186347e-05
2.65448732613391e-05
1.19573515649162e-05
1.3919497614138e-06
3.91311177907494e-08
0
0
0
0
0
0.000292390507212322
0.000525799239594616
0.000372150905589238
0.000262882849318255
0.000379876506273069
0.000437376888786733
0.000215623639346398
5.12841249446193e-05
2.84175767556107e-05
3.55925467105288e-05
1.61471762483685e-05
1.88108873379817e-06
5.31065170017314e-08
0
0
0
0
0
3.28421881458076e-05
6.49185244148533e-05
7.51624920365031e-05
0.000105299042895065
0.000170038682200017
0.000230275447879192
0.000128031427251648
2.90157238418407e-05
7.29236330829038e-06
7.25043711065743e-06
3.27024341536977e-06
3.80130858538709e-07
1.11803193687856e-08
0
0
0
0
0
8.77655070449666e-07
5.84451195003265e-06
1.88276578170349e-05
3.13859515480232e-05
5.4012122870603e-05
9.89346460943834e-05
8.58341068740089e-05
2.93790842213262e-05
3.26185817584319e-06
2.34786706744497e-07
5.59015968439278e-08
5.59015968439278e-09
0
0
0
0
0
0
7.82622355814989e-08
7.54671557393025e-07
2.43730962239525e-06
3.61124315611773e-06
6.82558497464358e-06
1.55322586830853e-05
1.59710862183102e-05
6.04855277851298e-06
7.12745359760079e-07
5.59015968439278e-08
1.11803193687856e-08
0
0
0
0
0
0
0
0
8.38523952658917e-09
2.79507984219639e-08
4.19261976329458e-08
8.10573154236953e-08
1.84475269584962e-07
1.90065429269354e-07
7.54671557393025e-08
1.67704790531783e-08
5.59015968439278e-09
2.79507984219639e-09
0
0
0
0
0
0
0
0
0
0
0
0
0
0
0
0
0
0
0
0
0
0
0
0
0
0
0
0
0
0
0
0
0
0
0
0
0
0
0
0
0
0
0
0
0
0
0
0
0
0
0
0
0
0
0
0
0
0
0
0
0
0
0
0
0
0
0
0
0
0
0
0
0
0
0
0
0
0
0
0
0
0
0
0
0
0
0
0
0
0
0
0
0
0
0
0
0
0
0
0
0
0
0
0
0
0
0
0
0
0
0
0
0
0
0
0
0
0
0
0
0
0
0
0
0
0
0
0
0
0
0
0
0
0
0
0
0
0
0
0
0
0
0
0
0
0
0
0
0
0
0
0
0
0
0
0
0
0
0
0
0
0
0
0
0
0
0
0
0
5.99656429344813e-05
0.000205541786355596
0.000439931591762501
0.000668183401835942
0.000542200768108624
0.000223600797216027
7.24344941105194e-05
8.89729815367955e-05
0.00019171452637625
0.000193676672425472
7.27447479730032e-05
7.98833818899728e-06
2.23606387375711e-07
2.79507984219639e-09
0
0
0
0
0.000348831554465794
0.001149445839225
0.0022866967450985
0.00346956894415633
0.0030470702653696
0.00125633248747043
0.000333394328497343
0.000175544989489144
0.00019845905403547
0.000180296625220878
6.72244652846653e-05
7.39019110276725e-06
2.06835908322533e-07
2.79507984219639e-09
0
0
0
0
0.000555726159465013
0.0017550893295918
0.00330386263571171
0.00513758594650402
0.00517039738877157
0.00257691547527343
0.000815391871884899
0.000309627764599147
0.00016591873451262
0.000120065449701388
4.58504897313896e-05
5.14574198948355e-06
1.48139231636409e-07
0
0
0
0
0
0.000552623620840175
0.00136656205120713
0.00182597814454958
0.00277300989176241
0.00395520847657826
0.0033182489116595
0.00157393461485937
0.000585745316970202
0.000360836422388027
0.000336320777092123
0.000141140351711549
1.61918975258437e-05
4.63983253804601e-07
2.79507984219639e-09
0
0
0
0
0.0005222411029555
0.00121949333515028
0.00136861922997099
0.00177957422900944
0.00247740224765172
0.00278682317634254
0.00160247238004819
0.000597495832626795
0.000442475114418899
0.000451083960332864
0.000187510726293587
2.13600001540648e-05
6.06532325756616e-07
5.59015968439278e-09
0
0
0
0
0.000115274682851863
0.000373931371448717
0.000730952509852146
0.001081483472862
0.00137568239673222
0.0016818219016883
0.00105233917534741
0.000365789303868399
0.000156963298698223
0.000110777399385769
4.18758861957863e-05
4.66219317678358e-06
1.3136875258323e-07
0
0
0
0
0
8.34051824911402e-06
7.27028217753703e-05
0.000230993783398636
0.000345290188305731
0.000509255162008655
0.00091352153498473
0.000837825182698367
0.000343590779761675
0.000118679090099659
6.06029211385021e-05
1.69745198816587e-05
1.66866266579124e-06
4.47212774751422e-08
0
0
0
0
0
9.67097625399951e-07
9.34674699230472e-06
2.92253548300054e-05
4.11268047980777e-05
7.14059047285911e-05
0.000158137232231945
0.000163414342974012
8.11691186173831e-05
5.30422301653609e-05
3.47344571989745e-05
9.9812301164833e-06
9.83868104453129e-07
2.79507984219639e-08
0
0
0
0
0
1.11803193687856e-08
1.09008113845659e-07
3.43794820590156e-07
6.48458523389562e-07
2.14662131880683e-06
4.47492282735642e-06
3.53018584069404e-06
3.91031669923275e-06
7.16378963554934e-06
5.3386024985951e-06
1.5456791527346e-06
1.53729391320801e-07
2.79507984219639e-09
0
0
0
0
0
0
0
2.79507984219639e-09
3.07458782641603e-08
2.29196547060104e-07
4.55598014278011e-07
2.26401467217907e-07
6.14917565283205e-08
8.38523952658917e-08
6.14917565283205e-08
1.67704790531783e-08
2.79507984219639e-09
0
0
0
0
0
0
0
0
0
0
2.79507984219639e-09
5.59015968439278e-09
2.79507984219639e-09
0
0
0
0
0
0
0
0
0
0
0
0
0
0
0
0
0
0
0
0
0
0
0
0
0
0
0
0
0
0
0
0
0
0
0
0
0
0
0
0
0
0
0
0
0
0
0
0
0
0
0
0
0
0
0
0
0
0
0
0
0
0
0
0
0
0
0
0
0
0
0
0
0
0
0
0
0
0
0
0
0
0
0
0
0
0
0
0
0
0
0
0
0
0
0
0
0
0
0
0
0
0
0
0
0
0
0
0
0
0
0
0
0
0
0
0
0
0
0
0
0
0
0
0
0
0
0
0
0
0
0
0
0
0
0
0
0
1.7008060839765e-05
0.000134767569671341
0.000470669084787134
0.000804256273793589
0.000859064994419218
0.000874085753491181
0.000723702072741489
0.000659155293945648
0.000941491898965589
0.000772093290049435
0.00025728989455402
2.71206597088316e-05
7.57466637235221e-07
5.59015968439278e-09
0
0
0
0
8.18762738174588e-05
0.000599617298227022
0.00218419557712547
0.00406476722115284
0.00424164825880655
0.00345553484826866
0.00274977159795439
0.00182257094222195
0.00132654768818625
0.000893508763314604
0.00030235217176991
3.57574564212184e-05
1.52052343415484e-06
3.63360379485531e-08
0
0
0
0
0.000122972332737272
0.000748002496889544
0.00303382717707728
0.00688565124045238
0.00848594904838334
0.00695400212291345
0.0049469000095097
0.00300204432419166
0.00162852252417746
0.000897631506081844
0.000329805445979963
5.53677365940683e-05
4.36311963366856e-06
1.64909710689587e-07
2.79507984219639e-09
0
0
0
0.00019022474882036
0.000929302555773771
0.00285010098889002
0.00639299605762653
0.00956101222284781
0.00857639503699698
0.00540511421852001
0.00320465407179279
0.00192913056612584
0.00110118599066964
0.000402639636507916
6.59079826789909e-05
4.89138972384368e-06
1.64909710689587e-07
2.79507984219639e-09
0
0
0
0.000198911856969906
0.00100663123468798
0.00250075793481311
0.00403934596998806
0.00530401897570761
0.00501135734575059
0.00355329556082932
0.00259771086929938
0.00214513713141062
0.00127542288279263
0.000388994056718314
4.8788118645538e-05
2.52395709750334e-06
5.86966766861242e-08
0
0
0
0
9.62877054838234e-05
0.000711711180218466
0.00178651441225761
0.00223308990880501
0.00293646057077437
0.0035606997273313
0.00255611169600797
0.00173646012244356
0.00116482995867645
0.000510904259115551
0.0001212254078359
1.23877938606144e-05
4.80753732857779e-07
8.38523952658917e-09
0
0
0
0
2.46721697670675e-05
0.00022177281499923
0.000592269033321888
0.000709296231234809
0.000805631453075949
0.000980312762893855
0.000778647752279386
0.000755940523641382
0.000925490066869015
0.000596531530081238
0.000164775546857162
1.60269878151541e-05
4.36032455382637e-07
2.79507984219639e-09
0
0
0
0
2.66371108961316e-06
2.4621858329908e-05
6.97176765039045e-05
9.27938556810779e-05
0.000132632128671903
0.000189721634448764
0.000144066800306328
0.000237098237773993
0.000460458658123591
0.000339490397633173
9.7961958309299e-05
9.65700085478852e-06
2.62737505166461e-07
2.79507984219639e-09
0
0
0
0
3.07458782641603e-08
2.87893223746228e-07
1.0844909787722e-06
7.01006024422854e-06
4.41259254687544e-05
8.53952793387841e-05
4.52076213676844e-05
3.49748340654034e-05
6.9667365066745e-05
5.23546405241806e-05
1.51688983035998e-05
1.49536771557507e-06
4.19261976329458e-08
0
0
0
0
0
0
0
4.19261976329458e-08
9.86663184295325e-07
7.33708458576552e-06
1.44561529438397e-05
7.08273232012565e-06
1.18231877324907e-06
8.3572887281672e-07
6.12122485441009e-07
1.78885109900569e-07
1.67704790531783e-08
0
0
0
0
0
0
0
0
0
1.11803193687856e-08
8.6647475108088e-08
1.7049987037398e-07
8.38523952658917e-08
1.11803193687856e-08
0
0
0
0
0
0
0
0
0
0
0
0
0
0
0
0
0
0
0
0
0
0
0
0
0
0
0
0
0
0
0
0
0
0
0
0
0
0
0
0
0
0
0
0
0
0
0
0
0
0
0
0
0
0
0
0
0
0
0
0
0
0
0
0
0
0
0
0
0
0
0
0
0
0
0
0
0
0
0
0
0
0
0
0
0
0
0
0
0
0
0
0
0
0
0
0
0
0
0
0
0
0
0
0
0
0
0
0
0
0
0
0
0
0
0
0
0
0
0
0
0
0
0
0
0
0
0
0
0
0
0
0
0
0
0
0
7.67445072271862e-05
0.000415083331965375
0.00103295250156194
0.00139181839266122
0.00166152123679443
0.00237249451593456
0.0023889575362051
0.00175636947615952
0.00155026587875565
0.00084121281946711
0.000192941566426975
1.76006177663107e-05
5.95352006387831e-07
1.11803193687856e-08
0
0
0
0
0.000123151217847173
0.000960054024197616
0.00304002107400758
0.00489746063726093
0.00595149083591287
0.00747498823501981
0.00725064115148591
0.00520725051649092
0.00345336307123127
0.00181119217218436
0.000583106761599168
0.00010828418816653
1.19880974431803e-05
7.09950279917883e-07
1.67704790531783e-08
0
0
0
0.00014280901437734
0.00093586819832309
0.00352683453996325
0.00782474496091337
0.0116800880298098
0.0132822892871133
0.0111512253827081
0.0085898365759581
0.00620569775740095
0.00381952132563884
0.00170073620698045
0.00044757893021075
5.94848892016235e-05
3.61683331580213e-06
8.10573154236953e-08
0
0
0
0.000264056782851977
0.00125535420952566
0.00359027446714158
0.00799366281609666
0.0138545567290844
0.0166711195549479
0.0143361965022522
0.00989192731552513
0.00603013320235291
0.00375340650705153
0.00184933662679082
0.000504763468702246
6.23638214390858e-05
3.30098929363393e-06
6.70819162127133e-08
0
0
0
0.000181000985341112
0.00110018255700629
0.00356700263237545
0.00753571134459152
0.0110845152121144
0.0116755823611042
0.010741735005507
0.00853280576685793
0.00524054271249133
0.00259483473214176
0.0009737778662228
0.00021673328604375
2.18016227691318e-05
8.60884591396488e-07
1.39753992109819e-08
0
0
0
7.597306519074e-05
0.000630941758018517
0.00198913813525796
0.00362649870189644
0.00550385600410528
0.0065724709293738
0.00590439374057186
0.00500577557130573
0.00334806123325636
0.00126077107425984
0.000249785105177722
3.39266791245798e-05
2.59942425324264e-06
6.98769960549097e-08
0
0
0
0
3.19896887939377e-05
0.0002973769296508
0.000901365732751018
0.00156730189039383
0.00224377270396189
0.00224074563249279
0.00171675760463592
0.00126734789712853
0.000792824397239006
0.000283795636697568
4.53138344016879e-05
3.21713689836804e-06
9.50327146346772e-08
0
0
0
0
0
5.13176659027257e-06
4.78573570580866e-05
0.000148717813163743
0.000318658667569284
0.000741378157663539
0.00102717786660796
0.000547304583900475
0.000169725633257691
9.35177813602068e-05
4.84722746233698e-05
1.2524752772882e-05
1.19070401277566e-06
3.07458782641603e-08
0
0
0
0
0
6.14917565283205e-08
6.20507724967598e-07
3.92429209844373e-06
4.58700552902849e-05
0.00030437580957566
0.000585739726810517
0.000285271438854248
3.81807906444027e-05
9.78557452752956e-06
6.44545411610487e-06
1.85313793537621e-06
1.81680189742765e-07
5.59015968439278e-09
0
0
0
0
0
0
5.59015968439278e-09
2.93483383430621e-07
6.8088144955904e-06
5.05657894251749e-05
9.95719242984042e-05
4.85225860605293e-05
5.79420051287311e-06
2.87893223746228e-07
9.50327146346772e-08
2.79507984219639e-08
2.79507984219639e-09
0
0
0
0
0
0
0
0
2.79507984219639e-09
8.10573154236953e-08
5.95352006387831e-07
1.17672861356468e-06
5.7299136765026e-07
6.98769960549097e-08
5.59015968439278e-09
2.79507984219639e-09
0
0
0
0
0
0
0
0
0
0
0
0
0
0
0
0
0
0
0
0
0
0
0
0
0
0
0
0
0
0
0
0
0
0
0
0
0
0
0
0
0
0
0
0
0
0
0
0
0
0
0
0
0
0
0
0
0
0
0
0
0
0
0
0
0
0
0
0
0
0
0
0
0
0
0
0
0
0
0
0
0
0
0
0
0
0
0
0
0
0
0
0
0
0
0
0
0
0
0
0
0
0
0
0
0
0
0
0
0
0
0
0
0
0
0
0
0
0
0
0
0
0
0
0
0
0
0
0
0
0
0
0
0
0
0.000458275700766835
0.00127407006414901
0.00162599856707996
0.00177183744800624
0.00244781912260191
0.00302717768213269
0.0022881473915366
0.00132337247748551
0.000828391788230955
0.000343347607815404
6.8258644826278e-05
9.20140284051051e-06
9.69892705242147e-07
5.86966766861242e-08
0
0
0
0
0.000306505660415414
0.00109714430521782
0.00231142761154225
0.00388912719894906
0.00594898364929442
0.00758566221645141
0.00611965401953878
0.00400083535992228
0.00274791286985932
0.0014916865954229
0.000596746751229087
0.000199278012429234
4.40979746703324e-05
4.04168545181598e-06
1.09008113845659e-07
0
0
0
0.000109536383935834
0.000761019183714653
0.0029166965612102
0.00636297690012134
0.00922324079931759
0.0102182053707442
0.00844733222528356
0.00739630673746198
0.00682920739811907
0.00478564067309402
0.00250913478910017
0.000973221645334203
0.000222035552504397
2.03425910915053e-05
5.42245489386099e-07
2.79507984219639e-09
0
0
7.72895477964145e-05
0.000705307652299995
0.0032731726590444
0.00813446496314731
0.0119230475500129
0.0120744095087073
0.0103976774474117
0.0088603136572076
0.0072599403821209
0.00558462822138507
0.00327774820474607
0.00116915953735201
0.000217644482072306
1.74049621773569e-05
4.41622615067029e-07
2.79507984219639e-09
0
0
4.76840621078704e-05
0.000455631555236118
0.00220164805566015
0.0061072885863169
0.0101256183509715
0.0111190847596027
0.0103049534687266
0.00811960631870619
0.00495434051204963
0.00291124336043807
0.00139409917781245
0.000383412282273447
5.36767132895395e-05
3.46030884463913e-06
8.10573154236953e-08
0
0
0
1.60297828949963e-05
0.000167657274174466
0.000805807543106008
0.00233191275170571
0.00411395503621581
0.00478650994292495
0.00522117001410506
0.00524720338775528
0.00348301048311745
0.00147459468218786
0.000396018092361753
5.75926201484566e-05
4.05566085102696e-06
1.20188433214445e-07
2.79507984219639e-09
0
0
0
4.25131643998071e-06
4.8944643116701e-05
0.00025424884768571
0.00083763791234894
0.00157640546543987
0.00180020750840453
0.00184005416663488
0.00160261772419999
0.00101327513947288
0.000373844723973609
6.62433922600544e-05
5.19325834680089e-06
1.53729391320801e-07
2.79507984219639e-09
0
0
0
0
5.64606128123671e-07
6.76968337779965e-06
3.90500604753257e-05
0.000148150411955777
0.000312716327824774
0.000366694909737271
0.000298271355200303
0.000185079006830876
0.000104622633573253
3.78537663028657e-05
5.55102856660203e-06
3.27024341536977e-07
8.38523952658917e-09
0
0
0
0
0
8.38523952658917e-09
1.09008113845659e-07
1.08169589893e-06
8.53337875822557e-06
3.84071921116206e-05
6.49157293350111e-05
3.35185974676191e-05
1.83692647229147e-05
3.25710654011145e-05
2.60277834905328e-05
8.11970694158051e-06
8.30138713132328e-07
2.23606387375711e-08
0
0
0
0
0
0
0
3.63360379485531e-08
7.23925679128865e-07
5.20164358632748e-06
1.01824758651214e-05
5.98985610182686e-06
9.88619740184863e-06
2.25758598854202e-05
1.84615023577071e-05
5.81376607176849e-06
5.95352006387831e-07
1.67704790531783e-08
0
0
0
0
0
0
0
0
8.38523952658917e-09
6.14917565283205e-08
1.25778592898837e-07
2.34786706744497e-07
1.57362995115657e-06
3.79851350554489e-06
3.10812878452238e-06
9.78277944768736e-07
1.0062287431907e-07
2.79507984219639e-09
0
0
0
0
0
0
0
0
0
0
0
2.79507984219639e-09
1.95655588953747e-08
4.47212774751422e-08
3.63360379485531e-08
1.11803193687856e-08
0
0
0
0
0
0
0
0
0
0
0
0
0
0
0
0
0
0
0
0
0
0
0
0
0
0
0
0
0
0
0
0
0
0
0
0
0
0
0
0
0
0
0
0
0
0
0
0
0
0
0
0
0
0
0
0
0
0
0
0
0
0
0
0
0
0
0
0
0
0
0
0
0
0
0
0
0
0
0
0
0
0
0
0
0
0
0
0
0
0
0
0
0
0
0
0
0
0
0
0
0
0
0
0
0
0
0
0
0
0
0
0
0
0
0
7.03633399474519e-05
0.000230949062121161
0.000427225158799876
0.000658068007887033
0.000890573929480298
0.000918178138001829
0.000559625295844877
0.000250933882992865
0.000109634211730311
3.60313742457537e-05
7.81224815893891e-06
1.36958912267623e-06
1.48139231636409e-07
8.38523952658917e-09
0
0
0
0
9.52423456228419e-05
0.000417087404212229
0.000975977594058608
0.00157902725033185
0.00244521690326882
0.00318271828519124
0.00244955207210407
0.00145615554046889
0.000782286946233925
0.000320858395405092
0.000103102110139098
2.8207945767446e-05
5.17928294758991e-06
4.30442295698244e-07
1.11803193687856e-08
0
0
0
0.000111372751392157
0.000542446735134738
0.00117110491292218
0.00165859478819965
0.00292117148403755
0.00448556090123582
0.00462097133927086
0.00400785660048588
0.00282206633807279
0.00135308417620806
0.000472812911026099
0.000135826904931534
2.56057264343611e-05
2.14662131880683e-06
5.59015968439278e-08
0
0
0
3.30518191339723e-05
0.000225889967606786
0.000747700628266587
0.00157087400243216
0.00256015338145978
0.00362024051812976
0.00469215922777176
0.00477710170417611
0.00349748340654034
0.00180962413239289
0.000675738502649399
0.000174818268730173
2.64135045087559e-05
1.87829365395597e-06
4.47212774751422e-08
0
0
0
9.44736986662379e-06
0.000102422905737444
0.000463088828255098
0.00116244016541137
0.00206489877438069
0.00299905358876051
0.00330304367731795
0.00277014213984431
0.0022081298458142
0.00121325192186266
0.000367849277712098
6.37194351625511e-05
6.62154414616325e-06
3.74540698854316e-07
8.38523952658917e-09
0
0
0
2.12985083975365e-06
2.65169224629171e-05
0.000144340718130864
0.000420653926090872
0.000880394248695019
0.00154117907418867
0.00197421240890063
0.00186806086665369
0.00150908317236073
0.000739449552572423
0.000171916975853973
1.7178560710139e-05
7.01565040391294e-07
1.39753992109819e-08
0
0
0
0
1.62114630847391e-07
3.06061242720505e-06
2.52814971726663e-05
9.94545309450319e-05
0.000240396431987785
0.000452361311820748
0.000658722056570107
0.000723987170885393
0.000629915963716431
0.000270860007187883
4.43523269359723e-05
2.92644859477962e-06
6.98769960549097e-08
0
0
0
0
0
8.38523952658917e-09
2.29196547060104e-07
2.63855537103339e-06
1.29160639507895e-05
3.17800578057729e-05
5.50966138493752e-05
8.40955672121627e-05
0.000123749364933403
0.000157681634217667
9.23354625869577e-05
2.2103491392089e-05
1.97891652827504e-06
5.31065170017314e-08
0
0
0
0
0
0
5.59015968439278e-09
7.26720758971061e-08
4.10876736802869e-07
8.83245230134059e-07
1.37517928236062e-06
1.69857002010275e-05
0.000142593793229491
0.000344183336688221
0.00028122695832259
8.84754573248845e-05
9.06723900808509e-06
2.48762105955479e-07
2.79507984219639e-09
0
0
0
0
0
0
0
2.79507984219639e-09
1.39753992109819e-08
3.40999740747959e-07
1.15576551474821e-05
0.000102157373152436
0.00024775867229213
0.000202749501593242
6.38452137554499e-05
6.54607699042394e-06
1.78885109900569e-07
0
0
0
0
0
0
0
0
0
0
5.59015968439278e-08
1.94537557016869e-06
1.72037164287188e-05
4.17249518843077e-05
3.41446953522711e-05
1.07526721529295e-05
1.10126145782538e-06
3.07458782641603e-08
0
0
0
0
0
0
0
0
0
0
0
2.23606387375711e-08
2.04040828480336e-07
4.91934052226564e-07
4.0249149727628e-07
1.25778592898837e-07
1.39753992109819e-08
0
0
0
0
0
0
0
0
0
0
0
0
0
0
0
0
0
0
0
0
0
0
0
0
0
0
0
0
0
0
0
0
0
0
0
0
0
0
0
0
0
0
0
0
0
0
0
0
0
0
0
0
0
0
0
0
0
0
0
0
0
0
0
0
0
0
0
0
0
0
0
0
0
0
0
0
0
0
0
0
0
0
0
0
0
0
0
0
0
0
0
0
0
0
0
0
0
0
0
0
0
0
0
0
0
0
0
0
0
0
0
0
0
0
4.29883279729805e-06
1.88528135356146e-05
4.10709032012337e-05
5.7598210308141e-05
7.40444600996245e-05
8.4014509896739e-05
6.96785453861138e-05
4.66331120872046e-05
1.6837560969391e-05
2.33948182791838e-06
3.07458782641603e-07
6.14917565283205e-08
5.59015968439278e-09
0
0
0
0
0
2.0096624065392e-05
9.89066952959614e-05
0.000209091537755185
0.000227273532128673
0.000252610930898183
0.000365646754796447
0.000415639552853972
0.000352842494039345
0.000153575661929481
3.12797385140198e-05
5.42524997370319e-06
9.33556667293594e-07
8.38523952658917e-08
2.79507984219639e-09
0
0
0
0
4.18451403175221e-05
0.000243493380452938
0.00059745111134932
0.000663244495754781
0.000457258291704276
0.000530710194877355
0.00079706732843946
0.000894383623305211
0.000524781830532056
0.000161798786825222
3.22775820176839e-05
4.7236849333119e-06
3.77335778696512e-07
1.11803193687856e-08
0
0
0
0
2.72045121040975e-05
0.000245394034745632
0.000852415499474633
0.00119879017875914
0.000690826343637575
0.000491369446098441
0.000723081565016521
0.000977900608990039
0.000873591024359113
0.000387688754432008
7.99532588860277e-05
9.14270616382439e-06
5.67401207965867e-07
1.39753992109819e-08
0
0
0
0
5.47835649070492e-06
5.84255539414311e-05
0.000227172909254354
0.000378188278048382
0.000492677543464589
0.000864484654233237
0.00093885893375424
0.000867126004684112
0.00090293377254249
0.000457806127353347
8.8668317833996e-05
7.272797749395e-06
2.48762105955479e-07
2.79507984219639e-09
0
0
0
0
2.99073543115014e-07
3.65596443359288e-06
1.80394453015355e-05
5.41239260642909e-05
0.00021294036269789
0.00051584037011687
0.000576356643780264
0.000497823285454072
0.000479319856898732
0.000235150067123982
4.35752947398417e-05
3.20316149915706e-06
7.82622355814989e-08
0
0
0
0
0
5.59015968439278e-09
1.14598273530052e-07
1.00063858350631e-06
5.84171687019045e-06
3.4527621290652e-05
9.2696027886601e-05
0.000116920984878917
0.00011457032273163
0.000108745376340493
4.98530440654148e-05
8.27623141274351e-06
5.42245489386099e-07
1.11803193687856e-08
0
0
0
0
0
0
0
1.39753992109819e-08
1.36958912267623e-07
1.04815494082365e-06
3.73981682885877e-06
1.03390003362844e-05
4.21358286211106e-05
8.98394562878763e-05
6.99915943284398e-05
2.13432296750116e-05
2.16059671801781e-06
5.86966766861242e-08
0
0
0
0
0
0
0
0
0
1.11803193687856e-08
5.59015968439278e-07
1.86823136652407e-05
0.000164716850180475
0.000399358212773178
0.000326767194191495
0.000102892479150933
1.05486313244492e-05
2.90688303588424e-07
2.79507984219639e-09
0
0
0
0
0
0
0
0
2.79507984219639e-09
3.80130858538709e-07
1.34387438812802e-05
0.000118855180129717
0.00028826496936524
0.000235896353441849
7.42848369660534e-05
7.61659256998516e-06
2.09630988164729e-07
2.79507984219639e-09
0
0
0
0
0
0
0
0
0
6.42868363705169e-08
2.26401467217907e-06
2.00155667499683e-05
4.85477417791091e-05
3.97264697971373e-05
1.2510777373671e-05
1.28294164756814e-06
3.63360379485531e-08
0
0
0
0
0
0
0
0
0
0
0
2.79507984219639e-08
2.34786706744497e-07
5.7299136765026e-07
4.69573413488993e-07
1.48139231636409e-07
1.39753992109819e-08
0
0
0
0
0
0
0
0
0
0
0
0
0
0
0
0
0
0
0
0
0
0
0
0
0
0
0
0
0
0
0
0
0
0
0
0
0
0
0
0
0
0
0
0
0
0
0
0
0
0
0
0
0
0
0
0
0
0
0
0
0
0
0
0
0
0
0
0
0
0
0
0
0
0
0
0
0
0
0
0
0
0
0
0
0
0
0
0
0
0
0
0
0
0
0
0
0
0
0
0
0
0
0
0
0
0
0
0
0
0
0
0
0
0
1.87270349427158e-07
8.44114112343309e-07
1.394744841256e-06
7.93802675183774e-07
7.26720758971061e-07
2.00127716701261e-06
3.49943996242988e-06
3.4072023276374e-06
1.3136875258323e-06
1.48139231636409e-07
5.59015968439278e-09
0
0
0
0
0
0
0
1.44785135825773e-06
7.53833033440366e-06
1.59906517772055e-05
1.41990055983577e-05
7.7367810031996e-06
1.17616959759624e-05
2.2900089147115e-05
2.48175139188617e-05
1.01964512643324e-05
1.26337608867277e-06
5.59015968439278e-08
2.79507984219639e-09
0
0
0
0
0
0
5.12338135074598e-06
4.25355250385446e-05
0.000153262612987155
0.000219855390227484
0.000100225972981478
2.64777913451264e-05
4.25886315555464e-05
5.81404557975271e-05
3.21378280255741e-05
7.60261717077418e-06
9.13991108398219e-07
5.59015968439278e-08
2.79507984219639e-09
0
0
0
0
0
1.02299922224388e-05
0.000117094279829133
0.000513609896402797
0.00081697109199574
0.000397639238670227
0.00011533337952855
0.000108667114104911
0.000145757823610857
0.000147703199181026
6.22631985647668e-05
8.50822303964581e-06
4.19261976329458e-07
8.38523952658917e-09
0
0
0
0
0
3.29539913394954e-06
3.93938552959159e-05
0.000178560880638874
0.000299892501508777
0.000249430130037764
0.000342089821886416
0.000425542520734874
0.000493711723006201
0.000504872476816091
0.000213535714704277
2.66594715348692e-05
1.03417954161266e-06
1.39753992109819e-08
0
0
0
0
0
2.90688303588424e-07
3.54136616006282e-06
1.67006020571234e-05
3.51034077381444e-05
8.72763680725822e-05
0.000210732249622555
0.000279650533291591
0.000339906864529661
0.000350835626712648
0.000146850699829156
1.77124209599985e-05
6.20507724967598e-07
8.38523952658917e-09
0
0
0
0
0
2.79507984219639e-09
3.91311177907494e-08
2.20811307533515e-07
1.59599058989414e-06
1.20216384012867e-05
3.33592779166139e-05
4.52774983637393e-05
5.6530489808422e-05
5.86966766861242e-05
2.45016698966935e-05
2.93203875446401e-06
1.0062287431907e-07
0
0
0
0
0
0
0
0
0
1.67704790531783e-08
1.39753992109819e-07
4.05286577118476e-07
8.94425549502844e-07
3.82366922412466e-06
8.34331332895622e-06
6.54607699042394e-06
2.00407224685481e-06
2.04040828480336e-07
5.59015968439278e-09
0
0
0
0
0
0
0
0
0
0
5.0311437159535e-08
1.75531014089933e-06
1.55098980443478e-05
3.76189795961212e-05
3.07822143021088e-05
9.69333689273708e-06
9.95048423821914e-07
2.79507984219639e-08
0
0
0
0
0
0
0
0
0
0
3.63360379485531e-08
1.26617116851496e-06
1.11970898478387e-05
2.71597908266223e-05
2.22264749051457e-05
6.99887992485976e-06
7.18335519444472e-07
1.95655588953747e-08
0
0
0
0
0
0
0
0
0
0
5.59015968439278e-09
2.12426068006926e-07
1.88667889348256e-06
4.57275062183329e-06
3.74261190870096e-06
1.17952369340688e-06
1.20188433214445e-07
2.79507984219639e-09
0
0
0
0
0
0
0
0
0
0
0
2.79507984219639e-09
2.23606387375711e-08
5.31065170017314e-08
4.47212774751422e-08
1.39753992109819e-08
2.79507984219639e-09
0
0
0
0
0
0
0
0
0
0
0
0
0
0
0
0
0
0
0
0
0
0
0
0
0
0
0
0
0
0
0
0
0
0
0
0
0
0
0
0
0
0
0
0
0
0
0
0
0
0
0
0
0
0
0
0
0
0
0
0
0
0
0
0
0
0
0
0
0
0
0
0
0
0
0
0
0
0
0
0
0
0
0
0
0
0
0
0
0
0
0
0
0
0
0
0
0
0
0
0
0
0
0
0
0
0
0
0
0
0
0
0
0
0
0
0
2.79507984219639e-09
2.79507984219639e-09
2.79507984219639e-09
2.79507984219639e-09
2.79507984219639e-09
2.79507984219639e-09
0
0
0
0
0
0
0
0
0
0
8.38523952658917e-09
7.26720758971061e-08
2.73917824535246e-07
3.94106257749691e-07
1.76090030058372e-07
3.07458782641603e-08
2.51557185797675e-08
2.51557185797675e-08
1.11803193687856e-08
0
0
0
0
0
0
0
0
0
1.95655588953747e-07
2.33389166823398e-06
1.04955248074474e-05
1.68627166879708e-05
7.77591212099035e-06
9.83868104453129e-07
1.59319551005194e-07
1.67704790531783e-07
1.39753992109819e-07
5.0311437159535e-08
5.59015968439278e-09
0
0
0
0
0
0
0
7.99392834868167e-07
9.6765664136839e-06
4.44976710877665e-05
7.25490923840495e-05
3.53409895247311e-05
9.46973050536136e-06
7.65572368777591e-06
9.00854233139896e-06
9.06723900808509e-06
3.714661110279e-06
4.22057056171655e-07
1.11803193687856e-08
0
0
0
0
0
0
2.87893223746228e-07
3.52180060116745e-06
1.63260613582691e-05
2.76209790005847e-05
2.17736719707099e-05
2.83197489611338e-05
3.65568492560866e-05
4.39889665564868e-05
4.44697202893445e-05
1.82239205711205e-05
2.07115416306752e-06
5.86966766861242e-08
0
0
0
0
0
0
2.79507984219639e-08
3.43794820590156e-07
1.62114630847391e-06
3.28701389442295e-06
7.31472394702795e-06
1.75111752113604e-05
2.43982519425323e-05
3.13160745519683e-05
3.24285163291625e-05
1.3321350527908e-05
1.51213819462825e-06
4.19261976329458e-08
0
0
0
0
0
0
0
2.79507984219639e-09
1.95655588953747e-08
1.34163832425427e-07
9.86663184295325e-07
2.77830936314321e-06
3.96621829607668e-06
5.24356978396042e-06
5.48394665038931e-06
2.25562943265249e-06
2.57147345482068e-07
8.38523952658917e-09
0
0
0
0
0
0
0
0
0
0
1.11803193687856e-08
3.35409581063567e-08
4.75163573173386e-08
6.42868363705169e-08
7.26720758971061e-08
3.35409581063567e-08
5.59015968439278e-09
0
0
0
0
0
0
0
0
0
0
0
0
0
2.79507984219639e-09
1.67704790531783e-08
3.91311177907494e-08
3.35409581063567e-08
1.11803193687856e-08
0
0
0
0
0
0
0
0
0
0
0
0
0
0
1.11803193687856e-08
2.79507984219639e-08
2.23606387375711e-08
8.38523952658917e-09
0
0
0
0
0
0
0
0
0
0
0
0
0
0
2.79507984219639e-09
5.59015968439278e-09
2.79507984219639e-09
0
0
0
0
0
0
0
0
0
0
0
0
0
0
0
0
0
0
0
0
0
0
0
0
0
0
0
0
0
0
0
0
0
0
0
0
0
0
0
0
0
0
0
0
0
0
0
0
0
0
0
0
0
0
0
0
0
0
0
0
0
0
0
0
0
0
0
0
0
0
0
0
0
0
0
0
0
0
0
0
0
0
0
0
0
0
0
0
0
0
0
0
0
0
0
0
0
0
0
0
0
0
0
0
0
0
0
0
0
0
0
0
0
0
0
0
0
0
0
0
0
0
0
0
0
0
0
0
0
0
0
0
0
0
0
0
0
0
0
0
0
0
0
0
0
0
0
0
0
0
0
0
0
0
0
0
0
0
0
0
0
0
0
0
0
0
0
0
0
0
0
2.79507984219639e-09
1.11803193687856e-08
1.67704790531783e-08
8.38523952658917e-09
0
0
0
0
0
0
0
0
0
0
0
0
0
0
1.11803193687856e-08
4.75163573173386e-08
7.82622355814989e-08
3.63360379485531e-08
1.11803193687856e-08
8.38523952658917e-09
8.38523952658917e-09
8.38523952658917e-09
2.79507984219639e-09
0
0
0
0
0
0
0
0
0
2.79507984219639e-09
1.67704790531783e-08
3.07458782641603e-08
2.23606387375711e-08
3.07458782641603e-08
3.91311177907494e-08
4.75163573173386e-08
4.75163573173386e-08
1.95655588953747e-08
2.79507984219639e-09
0
0
0
0
0
0
0
0
0
2.79507984219639e-09
2.79507984219639e-09
8.38523952658917e-09
1.95655588953747e-08
2.51557185797675e-08
3.35409581063567e-08
3.35409581063567e-08
1.39753992109819e-08
2.79507984219639e-09
0
0
0
0
0
0
0
0
0
0
0
0
2.79507984219639e-09
5.59015968439278e-09
5.59015968439278e-09
5.59015968439278e-09
2.79507984219639e-09
0
0
0
0
0
0
0
0
0
0
0
0
0
0
0
0
0
0
0
0
0
0
0
0
0
0
0
0
0
0
0
0
0
0
0
0
0
0
0
0
0
0
0
0
0
0
0
0
0
0
0
0
0
0
0
0
0
0
0
0
0
0
0
0
0
0
0
0
0
0
0
0
0
0
0
0
0
0
0
0
0
0
0
0
0
0
0
0
0
0
0
0
0
0
0
0
0
0
0
0
0
0
0
0
0
0
0
0
0
0
0
0
0
0
0
0
0
0
0
0
0
0
0
0
0
0
0
0
0
0
0
0
0
0
0
0
0
0
0
0
0
0
0
0
0
0
0
0
0
0
0
0
0
0
0
0
0
0
0
0
0
0
0
0
0
0
0
0
0
0
0
0
0
0
0
0
0
0
0
0
0
0
0
0
0
0
0
0
0
0
0
0
0
0
0
0
0
0
0
0
0
0
0
0
0
0
0
0
0
0
0
0
0
0
0
0
0
0
0
0
0
0
0
0
0
0
0
0
0
0
0
0
0
0
0
0
0
0
0
0
0
0
0
0
0
0
0
0
0
0
0
0
0
0
0
0
0
0
0
0
0
0
0
0
0
0
0
0
0
0
0
0
0
0
0
0
0
0
0
0
0
0
0
0
0
0
0
0
0
0
0
0
0
0
0
0
0
0
0
0
0
0
0
0
0
0
0
0
0
0
0
0
0
0
0
0
0
0
0
0
0
0
0
0
0
0
0
0
0
0
0
0
0
0
0
0
0
0
0
0
0
0
0
0
0
0
0
0
0
0
0
0
0
0
0
0
0
0
0
0
0
0
0
0
0
0
0
0
0
0
0
0
0
0
0
0
0
0
0
0
0
0
0
0
0
0
0
0
0
0
0
0
0
0
0
0
0
0
0
0
0
0
0
0
0
0
0
0
0
0
0
0
0
0
0
0
0
0
0
0
0
0
0
0
0
0
0
0
0
0
0
0
0
0
0
0
0
0
0
0
0
0
0
0
0
0
0
0
0
0
0
0
0
0
0
0
0
0
0
0
0
0
0
0
0
0
0
0
0
0
0
0
0
0
0
0
0
0
0
0
0
0
0
0
0
0
0
0
0
0
0
0
0
0
0
0
0
0
0
0
0
0
0
0
0
0
0
0
0
0
0
0
0
0
0
0
0
0
0
0
0
0
0
0
0
0
0
0
0
0
0
0
0
0
0
0
0
0
0
0
0
0
0
0
0
0
0
0
0
0
0
0
0
0
0
0
0
0
0
0
0
0
0
0
0
0
0
0
0
0
0
0
0
0
0
0
0
0
0
0
0
0
0
0
0
0
0
0
0
0
0
0
0
0
0
0
0
0
0
0
0
0
0
0
0
0
0
0
0
0
0
0
0
0
0
0
0
0
0
0
0
0
0
0
0
0
0
0
0
0
0
0
0
0
0
0
0
0
0
0
0
0
0
0
0
0
0
0
0
0
0
0
0
0
0
0
0
0
0
0
0
0
0
0
0
0
0
0
0
0
0
0
0
0
0
0
0
0
0
0
0
0
0
0
0
0
0
0
0
0
0
0
0
0
0
0
0
0
0
0
0
0
0
0
0
0
0
0
0
0
0
0
0
0
0
0
0
0
0
0
0
0
0
0
0
0
0
0
0
0
0
0
0
0
0
0
0
0
0
0
0
0
0
0
0
0
0
0
0
0
0
0
0
0
0
0
0
0
0
0
0
0
0
0
0
0
0
0
0
0
0
0
0
0
0
0
0
0
0
0
0
0
0
0
0
0
0
0
0
0
0
0
0
0
0
0
0
0
0
0
0
0
0
0
0
0
0
0
0
0
0
0
0
0
0
0
0
0
0
0
0
0
0
0
0
0
0
0
0
0
0
0
0
0
0
0
0
0
0
0
0
0
0
0
0
0
0
0
0
0
0
0
0
0
0
0
0
0
0
0
0
0
0
0
0
0
0
0
0
0
0
0
0
0
0
0
0
0
0
0
0
0
0
0
0
0
0
0
0
0
0
0
0
0
0
0
0
0
0
0
0
0
0
0
0
0
0
0
0
0
0
0
0
0
0
0
0
0
0
0
0
0
0
0
0
0
0
0
0
0
0
0
0
0
0
0
0
0
0
0
0
0
0
0
0
0
0
0
0
0
0
0
0
0
0
0
0
0
0
0
0
0
0
0
0
0
0
0
0
0
0
0
0
0
0
0
0
0
0
0
0
0
0
0
0
0
0
0
0
0
0
0
0
0
0
0
0
0
0
0
0
0
0
0
0
0
0
0
0
0
0
0
0
0
0
0
0
0
0
0
0
0
0
0
0
0
0
0
0
0
0
0
0
0
0
0
0
0
0
0
0
0
0
0
0
0
0
0
0
0
0
0
0
0
0
0
0
0
0
0
0
0
0
0
0
0
0
0
0
0
0
0
0
0
0
0
0
0
0
0
0
0
0
0
0
0
0
0
0
0
0
0
0
0
0
0
0
0
0
0
0
0
0
0
0
0
0
0
0
0
0
0
0
0
0
0
0
0
0
0
0
0
0
0
0
0
0
0
0
0
0
0
0
0
0
0
0
0
0
0
0
0
0
0
0
0
0
0
0
0
0
0
0
0
0
0
0
0
0
0
0
0
0
0
0
0
0
0
0
0
0
0
0
0
0
0
0
0
0
