0
0
0
0
0
0
0
0
0
0
0
0
0
0
0
0
0
0
0
0
0
0
0
0
0
0
0
0
0
0
0
0
0
0
0
0
0
0
0
0
0
0
0
0
0
0
0
0
0
0
0
0
0
0
0
0
0
0
0
0
0
0
0
0
0
0
0
0
0
0
0
0
0
0
0
0
0
0
0
0
0
0
0
0
0
0
0
0
0
0
0
0
0
0
0
0
0
0
0
0
0
0
0
0
0
0
0
2.08219897649085e-10
2.08219897649085e-10
0
0
0
0
0
0
0
0
0
0
0
0
0
0
0
0
0
2.08219897649085e-10
4.16439795298169e-10
2.08219897649085e-10
0
0
0
0
0
0
0
0
0
0
0
0
0
0
0
0
0
2.08219897649085e-10
4.16439795298169e-10
2.08219897649085e-10
0
0
0
0
0
0
0
0
0
0
0
0
0
0
0
0
0
0
2.08219897649085e-10
2.08219897649085e-10
0
0
0
0
0
0
0
0
0
0
0
0
0
0
0
0
0
0
0
0
0
0
0
0
0
0
0
0
0
0
0
0
0
0
0
0
0
0
0
0
0
0
0
0
0
0
0
0
0
0
0
0
0
0
0
0
0
0
0
0
0
0
0
0
0
0
0
0
0
0
0
0
0
0
0
0
0
0
0
0
0
0
0
0
0
0
0
0
0
0
0
0
0
0
0
0
0
0
0
0
0
0
0
0
0
0
0
0
0
0
0
0
0
0
0
0
0
0
0
0
0
0
0
0
0
0
0
0
0
0
0
0
0
0
0
0
0
0
0
0
0
0
0
0
0
0
0
0
0
0
0
0
0
0
0
0
0
0
0
0
0
0
0
0
0
0
0
0
0
0
0
0
0
0
0
0
0
0
0
0
0
0
0
0
0
0
0
0
0
0
0
0
0
0
0
0
0
0
0
0
0
0
0
0
0
0
0
0
0
0
0
0
0
0
0
0
0
0
0
0
0
0
0
0
0
0
0
0
0
0
0
0
0
0
0
0
0
0
0
0
0
0
0
0
0
0
0
0
0
0
0
0
0
0
0
0
0
0
0
0
0
0
0
0
0
0
0
0
0
0
0
0
0
0
0
0
0
0
0
0
0
0
0
0
0
0
0
0
0
0
0
0
0
0
0
0
0
6.24659692947254e-10
1.45753928354359e-09
1.24931938589451e-09
4.16439795298169e-10
0
0
0
0
0
0
0
0
0
0
0
0
0
0
0
8.32879590596338e-10
7.28769641771796e-09
1.7282251504874e-08
1.39507331424887e-08
4.37261785063078e-09
4.16439795298169e-10
0
0
0
0
0
0
0
0
0
0
0
0
0
2.08219897649085e-10
3.95617805533261e-09
3.41480632144499e-08
8.1205760083143e-08
6.55892677594616e-08
2.06137698672594e-08
2.08219897649085e-09
0
0
0
0
0
0
0
0
0
0
0
0
0
2.08219897649085e-10
8.53701580361247e-09
7.35016238701268e-08
1.7511293392288e-07
1.41381310503728e-07
4.4350838199255e-08
4.58083774827986e-09
2.08219897649085e-10
0
0
0
0
0
0
0
0
0
0
0
0
2.08219897649085e-10
8.95345559891063e-09
7.62084825395649e-08
1.81775970647651e-07
1.46795027842605e-07
4.60165973804477e-08
4.78905764592894e-09
2.08219897649085e-10
0
0
0
0
0
0
0
0
0
0
0
0
2.08219897649085e-10
4.37261785063078e-09
3.76878014744843e-08
8.97427758867554e-08
7.24605243818814e-08
2.26959688437502e-08
2.29041887413993e-09
0
0
0
0
0
0
0
0
0
0
0
0
0
0
1.04109948824542e-09
8.32879590596338e-09
1.9780890276663e-08
1.58247122213304e-08
4.99727754357803e-09
6.24659692947254e-10
0
0
0
0
0
0
0
0
0
0
0
0
0
0
0
8.32879590596338e-10
1.87397907884176e-09
1.45753928354359e-09
4.16439795298169e-10
0
0
0
0
0
0
0
0
0
0
0
0
0
0
0
0
0
0
0
0
0
0
0
0
0
0
0
0
0
0
0
0
0
0
0
0
0
0
0
0
0
0
0
0
0
0
0
0
0
0
0
0
0
0
0
0
0
0
0
0
0
0
0
0
0
0
0
0
0
0
0
0
0
0
0
0
0
0
0
0
0
0
0
0
0
0
0
0
0
0
0
0
0
0
0
0
0
0
0
0
0
0
0
0
0
0
0
0
0
0
0
0
0
0
0
0
0
0
0
0
0
0
0
0
0
0
0
0
0
0
0
0
0
0
0
0
0
0
0
0
0
0
0
0
0
0
0
0
0
0
0
0
0
0
0
0
0
0
0
0
0
0
0
0
0
0
0
0
0
0
0
0
0
0
0
0
0
0
0
0
0
0
0
0
0
0
0
0
0
0
0
0
0
0
0
0
0
0
0
0
0
0
0
0
0
0
0
0
0
0
0
0
0
0
0
0
0
0
0
0
0
0
0
0
0
0
0
0
0
0
0
0
0
0
0
2.08219897649085e-10
1.24931938589451e-09
2.91507856708718e-09
2.29041887413993e-09
8.32879590596338e-10
0
0
0
0
0
0
0
0
0
0
0
0
0
0
2.08219897649085e-10
3.95617805533261e-09
3.37316234191517e-08
8.05811003901957e-08
6.49646080665144e-08
2.04055499696103e-08
2.08219897649085e-09
0
0
0
0
0
0
0
0
0
0
0
0
0
1.24931938589451e-09
4.37261785063078e-08
3.74587595870703e-07
8.93055141016923e-07
7.21898385149376e-07
2.26543248642204e-07
2.37370683319956e-08
6.24659692947254e-10
0
0
0
0
0
0
0
0
0
0
0
0
6.03837703182345e-09
2.06345918570243e-07
1.76861981063132e-06
4.21707758708691e-06
3.40835150461786e-06
1.0694173943257e-06
1.12022304935207e-07
3.33151836238535e-09
0
0
0
0
0
0
0
0
0
0
0
0
1.31178535518923e-08
4.44341261583146e-07
3.8089665876947e-06
9.08192727576012e-06
7.34016783192553e-06
2.30291206799887e-06
2.4111864147764e-07
6.87125662241979e-09
0
0
0
0
0
0
0
0
0
0
0
0
1.37425132448396e-08
4.61415293190371e-07
3.95513695584436e-06
9.43007094462939e-06
7.62147291364944e-06
2.39119730460209e-06
2.502803169742e-07
7.28769641771796e-09
0
0
0
0
0
0
0
0
0
0
0
0
6.87125662241979e-09
2.27792568028098e-07
1.95310263994841e-06
4.65683801092178e-06
3.76378286990485e-06
1.18081503956796e-06
1.23682619203556e-07
3.53973826003444e-09
0
0
0
0
0
0
0
0
0
0
0
0
1.45753928354359e-09
4.99727754357803e-08
4.28724769259465e-07
1.02215147755936e-06
8.26216553871567e-07
2.5923377257311e-07
2.7068586694381e-08
8.32879590596338e-10
0
0
0
0
0
0
0
0
0
0
0
0
2.08219897649085e-10
4.58083774827986e-09
3.9353560655677e-08
9.3698953942088e-08
7.57920427442668e-08
2.37370683319956e-08
2.49863877178901e-09
0
0
0
0
0
0
0
0
0
0
0
0
0
0
2.08219897649085e-10
1.45753928354359e-09
3.33151836238535e-09
2.7068586694381e-09
8.32879590596338e-10
0
0
0
0
0
0
0
0
0
0
0
0
0
0
0
0
0
0
0
0
0
0
0
0
0
0
0
0
0
0
0
0
0
0
0
0
0
0
0
0
0
0
0
0
0
0
0
0
0
0
0
0
0
0
0
0
0
0
0
0
0
0
0
0
0
0
0
0
0
0
0
0
0
0
0
0
0
0
0
0
0
0
0
0
0
0
0
0
0
0
0
0
0
0
0
0
0
0
0
0
0
0
0
0
0
0
0
0
0
0
0
0
0
0
0
0
0
0
0
0
0
0
0
0
0
0
0
0
0
0
0
0
0
0
0
0
0
0
0
0
0
0
0
0
0
0
0
0
0
0
0
0
0
0
0
0
0
0
0
0
0
0
0
0
0
0
0
0
0
0
0
0
0
0
0
0
0
0
0
0
0
0
0
0
0
0
0
0
0
0
0
0
0
0
0
0
0
0
0
0
0
0
0
0
0
0
0
0
0
0
0
0
0
0
0
1.66575918119268e-09
1.4783612733085e-08
3.53973826003444e-08
2.87343458755737e-08
8.95345559891063e-09
1.04109948824542e-09
0
0
0
0
0
0
0
0
0
0
0
0
0
1.45753928354359e-09
4.80987963569385e-08
4.12900057038135e-07
9.84463676084872e-07
7.95816448814801e-07
2.49655657281252e-07
2.62357071037847e-08
8.32879590596338e-10
0
0
0
0
0
0
0
0
0
0
0
2.08219897649085e-10
1.58247122213304e-08
5.345004772652e-07
4.58167062787046e-06
1.09240487102616e-05
8.82894010011648e-06
2.77036573822107e-06
2.90674977118122e-07
8.95345559891063e-09
2.08219897649085e-10
0
0
0
0
0
0
0
0
0
0
6.24659692947254e-10
7.51673830513195e-08
2.52424981919985e-06
2.16334227060469e-05
5.15810659252218e-05
4.16885385879138e-05
1.30799575305202e-05
1.37029514642863e-06
4.03946601439224e-08
6.24659692947254e-10
0
0
0
0
0
0
0
0
0
0
1.24931938589451e-09
1.6157864057569e-07
5.4362050878223e-06
4.65900349785733e-05
0.000111085731835582
8.97808801280252e-05
2.81686124136611e-05
2.94964307009693e-06
8.57865978314228e-08
8.32879590596338e-10
0
0
0
0
0
0
0
0
0
0
1.24931938589451e-09
1.67825237505162e-07
5.64463320536903e-06
4.83765617004024e-05
0.000115345286281789
9.32233796958575e-05
2.92486490227669e-05
3.06229003472509e-06
8.84934565008609e-08
6.24659692947254e-10
0
0
0
0
0
0
0
0
0
0
6.24659692947254e-10
8.28715192643356e-08
2.78743976982829e-06
2.38894852970748e-05
5.69604269809859e-05
4.60361700508267e-05
1.4443589640224e-05
1.51209289672765e-06
4.37261785063078e-08
4.16439795298169e-10
0
0
0
0
0
0
0
0
0
0
2.08219897649085e-10
1.81151310954704e-08
6.11958279190659e-07
5.24422634218984e-06
1.25038130737252e-05
1.01057445125007e-05
3.17056438150261e-06
3.31902516852641e-07
9.57811529185789e-09
0
0
0
0
0
0
0
0
0
0
0
0
1.66575918119268e-09
5.60111524676037e-08
4.80779743671736e-07
1.14604231666056e-06
9.26370324640777e-07
2.90674977118122e-07
3.04001050567663e-08
8.32879590596338e-10
0
0
0
0
0
0
0
0
0
0
0
0
0
2.08219897649085e-09
1.74904714025231e-08
4.1852199427466e-08
3.37316234191517e-08
1.06192147801033e-08
1.04109948824542e-09
0
0
0
0
0
0
0
0
0
0
0
0
0
0
0
0
0
0
0
0
0
0
0
0
0
0
0
0
0
0
0
0
0
0
0
0
0
0
0
0
0
0
0
0
0
0
0
0
0
0
0
0
0
0
0
0
0
0
0
0
0
0
0
0
0
0
0
0
0
0
0
0
0
0
0
0
0
0
0
0
0
0
0
0
0
0
0
0
0
0
0
0
0
0
0
0
0
0
0
0
0
0
0
0
0
0
0
0
0
0
0
0
0
0
0
0
0
0
0
0
0
0
0
0
0
0
0
0
0
0
0
0
0
0
0
0
0
0
0
0
0
0
0
0
0
0
0
0
0
0
0
0
0
0
0
0
0
0
0
0
0
0
0
0
0
0
0
0
0
0
0
0
0
0
0
0
0
0
0
0
0
0
0
0
0
0
0
0
0
0
0
0
0
0
0
0
0
0
2.08219897649085e-10
2.08219897649085e-10
2.08219897649085e-10
2.08219897649085e-10
4.16439795298169e-10
2.08219897649085e-10
0
0
0
0
0
0
0
0
0
2.08219897649085e-10
4.78905764592894e-09
4.10193198368697e-08
9.80715717927188e-08
7.95400009019503e-08
2.76932463873282e-08
9.57811529185789e-09
6.24659692947254e-09
2.91507856708718e-09
1.87397907884176e-09
8.32879590596338e-10
2.08219897649085e-10
0
0
0
0
0
0
0
0
3.95617805533261e-09
1.33052514597765e-07
1.14083681921933e-06
2.72060118268294e-06
2.20234185743437e-06
7.18983306582289e-07
1.44296389070816e-07
6.62139274524089e-08
2.39452882296447e-08
6.87125662241979e-09
2.29041887413993e-09
2.08219897649085e-10
0
0
0
0
0
0
0
4.16439795298169e-10
4.39343984039568e-08
1.47711195392261e-06
1.26587286775761e-05
3.01835563632113e-05
2.44094103815045e-05
7.77430631852387e-06
1.10002571928011e-06
2.87343458755737e-07
9.28660743514917e-08
1.54082724260323e-08
3.53973826003444e-09
6.24659692947254e-10
0
0
0
0
0
0
0
1.45753928354359e-09
2.07387018058488e-07
6.97432547175609e-06
5.97718120390439e-05
0.000142517358265302
0.000115209110468727
3.63391611974112e-05
4.27995999617693e-06
5.47826550714741e-07
1.51375865590884e-07
1.9780890276663e-08
3.12329846473627e-09
8.32879590596338e-10
0
0
0
0
0
0
0
3.33151836238535e-09
4.46631680457286e-07
1.50199423169167e-05
0.000128724872245026
0.000306924041490861
0.000248077766896868
7.79664831354162e-05
8.48954166694847e-06
5.36374456344042e-07
1.0452638861984e-07
1.24931938589451e-08
2.08219897649085e-09
6.24659692947254e-10
0
0
0
0
0
0
0
3.33151836238535e-09
4.63705712064511e-07
1.55958785538141e-05
0.000133660724918798
0.000318691589006499
0.000257576758627619
8.08551177755019e-05
8.56450083010215e-06
3.35025815317377e-07
3.26905239309063e-08
3.74795815768352e-09
8.32879590596338e-10
4.16439795298169e-10
0
0
0
0
0
0
0
1.66575918119268e-09
2.29041887413993e-07
7.70163757424434e-06
6.60050828950668e-05
0.000157377804140619
0.00012719674641618
3.99159625992272e-05
4.19521449783376e-06
1.3430183398366e-07
5.4137173388762e-09
6.24659692947254e-10
2.08219897649085e-10
0
0
0
0
0
0
0
0
4.16439795298169e-10
5.01809953334294e-08
1.69053734901292e-06
1.44891897978092e-05
3.45470125383455e-05
2.79227047145375e-05
8.76376727215232e-06
9.20748387404252e-07
2.83179060802755e-08
6.24659692947254e-10
0
0
0
0
0
0
0
0
0
0
0
4.58083774827986e-09
1.54915603850919e-07
1.32802650720586e-06
3.16660820344728e-06
2.55985542169785e-06
8.04561684516063e-07
8.53701580361247e-08
2.91507856708718e-09
0
0
0
0
0
0
0
0
0
0
0
0
2.08219897649085e-10
5.62193723652528e-09
4.85152361522367e-08
1.15562043195242e-07
9.34907340444389e-08
2.956722546617e-08
3.33151836238535e-09
2.08219897649085e-10
0
0
0
0
0
0
0
0
0
0
0
0
0
0
0
0
0
0
0
0
0
0
0
0
0
0
0
0
0
0
0
0
0
0
0
0
0
0
0
0
0
0
0
0
0
0
0
0
0
0
0
0
0
0
0
0
0
0
0
0
0
0
0
0
0
0
0
0
0
0
0
0
0
0
0
0
0
0
0
0
0
0
0
0
0
0
0
0
0
0
0
0
0
0
0
0
0
0
0
0
0
0
0
0
0
0
0
0
0
0
0
0
0
0
0
0
0
0
0
0
0
0
0
0
0
0
0
0
0
0
0
0
0
0
0
0
0
0
0
0
0
0
0
0
0
0
0
0
0
0
0
0
0
0
0
0
0
0
0
0
0
0
0
0
0
0
0
0
0
0
0
0
0
0
0
0
0
2.08219897649085e-10
4.16439795298169e-10
1.24931938589451e-09
6.87125662241979e-09
1.31178535518923e-08
6.45481682712162e-09
8.32879590596338e-10
0
0
0
0
0
0
0
0
0
0
2.08219897649085e-10
8.32879590596338e-10
2.08219897649085e-09
6.45481682712162e-09
1.37425132448396e-08
2.31124086390484e-08
8.51619381384756e-08
1.55748483441515e-07
7.60002626419159e-08
9.3698953942088e-09
2.08219897649085e-10
0
0
0
0
0
0
0
0
1.66575918119268e-09
1.49918326307341e-08
4.33097387110096e-08
6.28824090900235e-08
1.47211467637903e-07
3.18160003607801e-07
3.39398433168008e-07
5.30752519107516e-07
8.44123465069389e-07
4.10817858061644e-07
5.14303147193239e-08
1.66575918119268e-09
0
0
0
0
0
0
0
1.24931938589451e-09
3.9353560655677e-08
3.46894349483375e-07
9.0304969610408e-07
1.01028294339336e-06
1.63140289808058e-06
3.28737574408375e-06
3.02376935366001e-06
2.09968944789337e-06
2.27147086345386e-06
1.09461200194124e-06
1.48877226819095e-07
6.45481682712162e-09
2.08219897649085e-10
0
0
0
0
0
0
1.27014137565942e-08
4.24768591204132e-07
3.68049491084522e-06
9.11211916091924e-06
8.56595836938569e-06
8.14660349552043e-06
1.37325186897524e-05
1.20338607647312e-05
5.4255858730422e-06
3.20637820389825e-06
1.53333132628786e-06
2.67146128683775e-07
1.81151310954704e-08
4.16439795298169e-10
0
0
0
0
0
4.16439795298169e-10
5.913445093234e-08
1.99203976080879e-06
1.71541962678198e-05
4.15831793197034e-05
3.58394334430534e-05
2.04394898129271e-05
2.35598731990963e-05
1.97890108526713e-05
7.49883139393413e-06
2.51134018554561e-06
1.29887572153499e-06
3.55014925491689e-07
3.49809428050462e-08
1.04109948824542e-09
0
0
0
0
0
1.04109948824542e-09
1.2743057736124e-07
4.28204219515342e-06
3.67766312023719e-05
8.83576971275937e-05
7.33702371147103e-05
2.96528038441038e-05
1.79756237640455e-05
1.36415265944798e-05
4.84132084023886e-06
1.22495765786956e-06
8.4391524517174e-07
3.35025815317377e-07
3.85206810650806e-08
1.04109948824542e-09
0
0
0
0
0
1.04109948824542e-09
1.32219635007169e-07
4.44382905562676e-06
3.81177755631297e-05
9.12267590973005e-05
7.47875899580076e-05
2.61682438569463e-05
7.75515008794015e-06
4.34846434250348e-06
1.46045436211068e-06
3.91453407580279e-07
3.76669794847194e-07
1.71156755867547e-07
2.04055499696103e-08
6.24659692947254e-10
0
0
0
0
0
4.16439795298169e-10
6.53810478618126e-08
2.19463772122135e-06
1.88110019934136e-05
4.49817444891317e-05
3.70779253942701e-05
1.32856787893975e-05
3.17243836058145e-06
1.04130770814307e-06
2.5257073584834e-07
7.20440845865832e-08
8.30797391619847e-08
3.89371208603788e-08
4.78905764592894e-09
2.08219897649085e-10
0
0
0
0
0
2.08219897649085e-10
1.43671729377868e-08
4.8223728295528e-07
4.13024988976724e-06
9.91938770410474e-06
8.60052287239544e-06
4.06112088374775e-06
1.61328776698511e-06
4.76823565616404e-07
6.12166499088309e-08
7.49591631536704e-09
7.70413621301613e-09
3.53973826003444e-09
4.16439795298169e-10
0
0
0
0
0
0
0
1.24931938589451e-09
4.4350838199255e-08
3.79584873414281e-07
9.37197759318529e-07
1.03152137295356e-06
9.68014304170594e-07
6.54018698515775e-07
2.10093876727926e-07
2.35288484343466e-08
1.04109948824542e-09
2.08219897649085e-10
2.08219897649085e-10
0
0
0
0
0
0
0
0
0
1.66575918119268e-09
1.39507331424887e-08
4.03946601439224e-08
9.20331947608954e-08
1.69490996686355e-07
1.40756650810781e-07
4.85152361522367e-08
6.03837703182345e-09
2.08219897649085e-10
0
0
0
0
0
0
0
0
0
0
0
0
0
6.24659692947254e-10
6.03837703182345e-09
1.56164923236813e-08
1.49918326307341e-08
6.45481682712162e-09
1.24931938589451e-09
0
0
0
0
0
0
0
0
0
0
0
0
0
0
0
2.08219897649085e-10
8.32879590596338e-10
1.04109948824542e-09
6.24659692947254e-10
2.08219897649085e-10
0
0
0
0
0
0
0
0
0
0
0
0
0
0
0
0
0
0
0
0
0
0
0
0
0
0
0
0
0
0
0
0
0
0
0
0
0
0
0
0
0
0
0
0
0
0
0
0
0
0
0
0
0
0
0
0
0
0
0
0
0
0
0
0
0
0
0
0
0
0
0
0
0
0
0
0
0
0
0
0
0
0
0
0
0
0
0
0
0
0
0
0
0
0
0
0
0
0
0
0
0
0
0
0
0
0
0
0
0
0
0
0
0
0
0
0
0
0
0
0
0
0
0
0
0
0
0
0
0
0
0
0
0
6.24659692947254e-10
4.58083774827986e-09
3.26905239309063e-08
1.03693509029244e-07
1.35342933471905e-07
9.91126712809642e-08
2.87759898551035e-07
5.34292257367551e-07
2.61107751651952e-07
3.18576443403099e-08
1.04109948824542e-09
0
0
0
0
0
0
0
0
1.45753928354359e-09
1.52000525283832e-08
6.78796866336016e-08
2.30915866492835e-07
5.79475975157402e-07
7.67498542734526e-07
8.53285140565948e-07
3.39398433168008e-06
6.34695892013939e-06
3.10539155353845e-06
3.80209533107228e-07
1.16603142683487e-08
0
0
0
0
0
0
0
4.16439795298169e-10
1.74904714025231e-08
1.91770525734807e-07
8.31630271210444e-07
1.76133211421361e-06
2.84844819983948e-06
4.03821669500635e-06
5.30544299209867e-06
1.8644634295192e-05
3.41526440521981e-05
1.67825237505162e-05
2.1032291861534e-06
7.05865453030397e-08
8.32879590596338e-10
0
0
0
0
0
0
2.49863877178901e-09
9.28660743514917e-08
1.18747807629273e-06
6.07606483329794e-06
1.25190131262536e-05
1.75673045447556e-05
2.69526082113905e-05
2.83826624684444e-05
5.33877899771229e-05
8.93700622699636e-05
4.47366696695988e-05
6.14248698064799e-06
2.70061207250863e-07
4.58083774827986e-09
0
0
0
0
0
0
6.45481682712162e-09
2.51529636360094e-07
3.8322872162314e-06
2.29499971188821e-05
4.94867901946673e-05
6.76995764221351e-05
0.000104440810241907
9.49678459983615e-05
8.73228442362778e-05
0.000116972524781917
6.29038557394814e-05
1.12301319598057e-05
7.75202678947542e-07
1.89480106860667e-08
2.08219897649085e-10
0
0
0
0
6.24659692947254e-10
1.4783612733085e-08
4.06445240211013e-07
6.65720656763653e-06
4.347798038831e-05
9.53969872074163e-05
0.000120803979118558
0.00017482600690392
0.000148819758127344
8.35698888010507e-05
7.97836181821997e-05
5.40555511888835e-05
1.52787596496945e-05
1.52396143089365e-06
4.33097387110096e-08
4.16439795298169e-10
0
0
0
0
2.7068586694381e-09
4.31015188133605e-08
5.26588121154535e-07
6.55247195911904e-06
4.2297790008435e-05
9.3147171213318e-05
0.000105872322038244
0.000130942830594784
0.000103792621700525
4.55039599924356e-05
3.50615239054364e-05
3.59972641254714e-05
1.46051682807997e-05
1.68949624952467e-06
5.01809953334294e-08
4.16439795298169e-10
0
0
0
2.08219897649085e-10
6.87125662241979e-09
9.74469120997716e-08
6.90248960706715e-07
4.15606915707573e-06
2.23878033952296e-05
5.54035668062637e-05
7.16590859958301e-05
6.89349450748871e-05
4.12943783216641e-05
1.46801274439534e-05
1.19778496122636e-05
1.63344345307754e-05
7.48654641997283e-06
8.97635978765203e-07
2.68603667967319e-08
2.08219897649085e-10
0
0
0
2.08219897649085e-10
8.32879590596338e-09
1.16394922785838e-07
6.80670845414857e-07
2.09427573055449e-06
8.55429805511734e-06
3.6219434756263e-05
7.34616456497782e-05
6.33419504041351e-05
2.42509550393936e-05
4.71784644093296e-06
2.63564746444211e-06
3.64509752824487e-06
1.705320961746e-06
2.05929478774945e-07
6.24659692947254e-09
0
0
0
0
2.08219897649085e-10
4.58083774827986e-09
6.37152886806199e-08
3.51266967334006e-07
8.25175454383322e-07
3.95409585635611e-06
2.76576407848302e-05
6.61402176086411e-05
5.68338292832153e-05
1.96338870289228e-05
2.68624489957084e-06
4.20604193251151e-07
3.53765606105795e-07
1.60745760985093e-07
1.95726703790139e-08
6.24659692947254e-10
0
0
0
0
0
1.04109948824542e-09
1.4783612733085e-08
7.99564406972485e-08
1.91978745632456e-07
1.5814301226448e-06
1.29063021358809e-05
3.19611296294415e-05
2.83560103215453e-05
1.03706002223103e-05
1.54311766147737e-06
1.22641519715311e-07
1.87397907884176e-08
6.45481682712162e-09
8.32879590596338e-10
0
0
0
0
0
0
0
1.45753928354359e-09
7.49591631536704e-09
2.26959688437502e-08
3.2982031787615e-07
2.87260170796677e-06
7.71475542779623e-06
8.10662527517181e-06
3.90516418040858e-06
8.70150952275524e-07
7.97482207995994e-08
2.7068586694381e-09
0
0
0
0
0
0
0
0
0
0
2.08219897649085e-10
1.45753928354359e-09
3.12329846473627e-08
3.15661364836012e-07
1.17144514417375e-06
1.87939279618064e-06
1.31574153324457e-06
3.91869847375577e-07
4.03946601439224e-08
1.24931938589451e-09
0
0
0
0
0
0
0
0
0
0
0
0
1.45753928354359e-09
2.43617280249429e-08
1.53666284465024e-07
3.38357333679762e-07
2.75058484794441e-07
8.82852366032118e-08
9.3698953942088e-09
2.08219897649085e-10
0
0
0
0
0
0
0
0
0
0
0
0
0
1.45753928354359e-09
1.24931938589451e-08
3.01918851591173e-08
2.54028275131883e-08
8.32879590596338e-09
8.32879590596338e-10
0
0
0
0
0
0
0
0
0
0
0
0
0
0
0
4.16439795298169e-10
1.04109948824542e-09
1.04109948824542e-09
2.08219897649085e-10
0
0
0
0
0
0
0
0
0
0
0
0
0
0
0
0
0
0
0
0
0
0
0
0
0
0
0
0
0
0
0
0
0
0
0
0
0
0
0
0
0
0
0
0
0
0
0
0
0
0
0
0
0
0
0
0
0
0
0
0
0
0
0
0
0
0
0
0
0
0
0
0
0
0
0
0
0
0
0
0
0
0
0
0
0
0
0
0
0
0
0
0
1.87397907884176e-09
2.16548693555048e-08
2.11134976216172e-07
1.47627907433201e-06
4.51087586266977e-06
5.65900037830682e-06
2.58109385125805e-06
1.35842661226263e-06
1.99162332101349e-06
9.63017026627016e-07
1.17019582478786e-07
3.53973826003444e-09
0
0
0
0
0
0
0
1.45753928354359e-09
3.81042412697825e-08
3.58762883649373e-07
1.84170499470615e-06
8.29589716213482e-06
2.26297549162978e-05
2.79433184844048e-05
1.40365197403201e-05
1.40635883270145e-05
2.33547765999119e-05
1.13500666208516e-05
1.39299111527238e-06
4.35179586086587e-08
4.16439795298169e-10
0
0
0
0
0
2.08219897649085e-10
1.54082724260323e-08
3.87913669320244e-07
3.48622574633862e-06
1.32198813017404e-05
3.31227884384258e-05
6.41021612504519e-05
7.29706631311217e-05
4.38111322245486e-05
7.23164362127083e-05
0.00012506311712497
6.13892642039819e-05
7.84343532454336e-06
2.82346181212159e-07
3.53973826003444e-09
0
0
0
0
0
1.24931938589451e-09
7.30851840748287e-08
1.83733237685552e-06
1.70082341195678e-05
6.40519802551184e-05
0.00012288784385423
0.000157107326493573
0.000157371349323792
0.000116542134253476
0.000198273441358285
0.000329123197658821
0.000167359657814019
2.47413128983572e-05
1.28305100931366e-06
2.58192673084865e-08
2.08219897649085e-10
0
0
0
0
4.16439795298169e-09
1.81775970647651e-07
4.28183397525577e-06
4.20364740368854e-05
0.000176477398912175
0.000337733298646508
0.000371940704531788
0.000366413090908898
0.00028977088632253
0.000315411292738936
0.000446667286059784
0.000255684247977886
5.36199551630017e-05
4.38011376694614e-06
1.1597848299054e-07
8.32879590596338e-10
0
0
0
6.24659692947254e-10
2.33206285366975e-08
4.54752256465601e-07
6.23389551571594e-06
5.62285340407494e-05
0.000263641163146648
0.000536765909751622
0.000584025788140932
0.000580998062609217
0.000447666325128705
0.000311904661442627
0.000344764468150322
0.000264738898447054
8.71100435008804e-05
9.38093104878421e-06
2.76099584282686e-07
2.08219897649085e-09
0
0
0
2.7068586694381e-09
1.12855184525804e-07
1.62078368330047e-06
1.0831807295603e-05
5.02340914073299e-05
0.000215054715789416
0.000468276971697499
0.000538518080190339
0.000530806864500803
0.000376207546674413
0.000204345966453323
0.000194664157652436
0.00021234056942356
9.0683513384334e-05
1.07874564574038e-05
3.35858694907973e-07
2.91507856708718e-09
0
0
0
7.28769641771796e-09
2.87135238858088e-07
3.96346575175032e-06
2.17525244875022e-05
4.95679959547505e-05
0.000109772280721211
0.000267846996859262
0.000410627128635397
0.000413995293699769
0.000239862450835123
0.000103540883844267
8.63196407694045e-05
0.00010525182674325
4.83671918050082e-05
6.01734682216089e-06
2.06345918570243e-07
2.29041887413993e-09
0
0
0
8.95345559891063e-09
3.53140946412847e-07
4.85464691368841e-06
2.59639801373526e-05
4.79830260938456e-05
5.41996393580567e-05
0.000180834400270482
0.000404992489985115
0.000396970610208287
0.000185757759750394
5.88600171072385e-05
2.87231020011006e-05
2.65255492013122e-05
1.21283925982639e-05
1.62765493992289e-06
6.99618856100924e-08
1.24931938589451e-09
0
0
0
4.99727754357803e-09
1.96351363483087e-07
2.6847873602873e-06
1.43055398480827e-05
2.56914202913299e-05
2.90383469261413e-05
0.00014043432640922
0.000349706567421023
0.000333107693620234
0.000145581730499003
3.77215330979035e-05
9.99413864736076e-06
4.37261785063077e-06
1.74300876322049e-06
2.70477647046161e-07
1.62411520166286e-08
4.16439795298169e-10
0
0
0
1.45753928354359e-09
4.78905764592894e-08
6.28615871002586e-07
3.32839506392062e-06
6.05774148230482e-06
1.03976688090047e-05
6.80941531281801e-05
0.000188010074383264
0.00021133799061638
0.000113199996676311
3.03672063129378e-05
4.61456937169901e-06
8.63487915550753e-07
2.28209007823397e-07
3.62302621909407e-08
2.49863877178901e-09
0
0
0
0
4.16439795298169e-10
6.24659692947254e-09
6.26741891923744e-08
3.15244925040714e-07
5.99048645536416e-07
2.01619326893609e-06
1.85536421999193e-05
7.39603323046478e-05
0.000126549182534491
9.23428177486995e-05
2.84547065530309e-05
3.23969338752211e-06
2.14258274680908e-07
2.60274872061356e-08
3.12329846473627e-09
2.08219897649085e-10
0
0
0
0
0
1.04109948824542e-09
3.74795815768352e-09
1.24931938589451e-08
2.58192673084865e-08
2.37162463422307e-07
3.91328475641689e-06
2.58767360002376e-05
5.80467101870212e-05
4.75363944133883e-05
1.53293570848233e-05
1.65389064702668e-06
6.10084300111818e-08
2.29041887413993e-09
2.08219897649085e-10
0
0
0
0
0
0
2.08219897649085e-10
2.08219897649085e-10
2.08219897649085e-10
6.24659692947254e-10
2.54028275131883e-08
6.71300950020648e-07
5.47201891021794e-06
1.31186864314829e-05
1.09873475591469e-05
3.57326166355594e-06
3.81667072390772e-07
1.18685341659978e-08
2.08219897649085e-10
0
0
0
0
0
0
0
0
0
0
2.08219897649085e-10
2.49863877178901e-09
6.08002101135327e-08
5.07848330366117e-07
1.22995493541314e-06
1.034228231623e-06
3.36899794396219e-07
3.58138223956425e-08
1.04109948824542e-09
0
0
0
0
0
0
0
0
0
0
0
0
2.08219897649085e-10
2.7068586694381e-09
1.93644504813649e-08
4.58083774827986e-08
3.85206810650806e-08
1.24931938589451e-08
1.24931938589451e-09
0
0
0
0
0
0
0
0
0
0
0
0
0
0
0
0
0
0
0
0
0
0
0
0
0
0
0
0
0
0
0
0
0
0
0
0
0
0
0
0
0
0
0
0
0
0
0
0
0
0
0
0
0
0
0
0
0
0
0
0
0
0
0
0
0
0
0
0
0
0
0
0
0
0
0
0
0
0
0
0
0
0
0
0
0
0
0
0
0
2.08219897649085e-10
9.78633518950697e-09
1.20142880943522e-07
7.279367621812e-07
3.37878427915169e-06
1.32061387884955e-05
2.92376133681915e-05
3.01262958913578e-05
1.33027528210047e-05
4.6162351308802e-06
3.52495464730135e-06
1.4325528958257e-06
1.66784138016917e-07
4.99727754357803e-09
0
0
0
0
0
0
1.45753928354359e-09
5.68440320582001e-08
7.84989014137049e-07
5.29045115946794e-06
2.23705211437247e-05
6.83752499900064e-05
0.000134001164451454
0.00014058757625389
7.29910686810913e-05
3.79172598016936e-05
3.05456507652231e-05
1.20384416024795e-05
1.4108980264702e-06
4.47672779945532e-08
4.16439795298169e-10
0
0
0
0
0
8.53701580361247e-09
3.33776495931483e-07
4.55064586312074e-06
2.87335129959831e-05
0.000100000104484745
0.000223899897041549
0.000349905625643176
0.000355832813249655
0.000224692381972001
0.000158899683372536
0.000131101910596588
5.1953571322116e-05
6.66595180333779e-06
2.84220160291e-07
4.78905764592894e-09
0
0
0
0
2.08219897649085e-10
3.51891627026953e-08
1.34468409901779e-06
1.74078081031564e-05
0.000100817784022813
0.00030579049236806
0.000548901798266201
0.00066325783181426
0.000597328540961937
0.000434983651162899
0.000356518481372613
0.000293684379298844
0.000128379227214929
2.29960137162625e-05
1.69303598778471e-06
4.33097387110096e-08
4.16439795298169e-10
0
0
0
8.32879590596338e-10
8.09975401854939e-08
2.87405924725031e-06
3.58344361655098e-05
0.00020165639003539
0.000599562324023917
0.00102889342962534
0.00111340030796581
0.000891329622725106
0.000655411481411149
0.000515141232281276
0.000406956836499537
0.000235662030839848
6.98596496403467e-05
7.38222825125064e-06
2.26959688437502e-07
2.08219897649085e-09
0
0
0
3.12329846473627e-09
1.77819792592318e-07
4.24602015286013e-06
4.4248185789714e-05
0.000231306695240722
0.00070769591415063
0.00130016314516215
0.00149513234496465
0.00124140307360579
0.000871135624171507
0.000597940915680923
0.000452940951575951
0.000370949577818978
0.000150009526622511
1.8636930158979e-05
7.02950374463309e-07
9.57811529185789e-09
0
0
0
1.43671729377868e-08
5.97591106252873e-07
9.12419591498288e-06
6.05642969694963e-05
0.000200554698556929
0.000510546443799854
0.00102864377396805
0.00141455374321322
0.00138494903816548
0.000957861501961225
0.000596584363047739
0.000441707071657988
0.000414835669206681
0.000188428388157641
2.7597257014512e-05
1.46336944067777e-06
2.99836652614682e-08
0
0
2.08219897649085e-10
3.78960213721334e-08
1.46524341975661e-06
2.02256479780415e-05
0.000111402017860111
0.000230162110463345
0.000296155949483939
0.000594564421820645
0.00108198950352585
0.00126552430764894
0.000873250305452031
0.0005042981811112
0.000335088905946365
0.000290071764074633
0.000140840146989738
2.61103587253999e-05
1.93040667110466e-06
4.89316759475349e-08
0
0
8.32879590596338e-10
6.28824090900235e-08
1.92832447212817e-06
2.48087761451955e-05
0.000131807776049619
0.000241670840646205
0.000193246596589241
0.000378926690317812
0.000861283075054547
0.00101684062084992
0.000668872481354367
0.000361803935254538
0.000214120016668869
0.000158112403939525
7.77524330806329e-05
1.67146440638826e-05
1.42651451879388e-06
3.85206810650806e-08
0
0
2.49863877178901e-09
1.03901728926893e-07
1.63390153685237e-06
1.48644020533728e-05
7.32605052286492e-05
0.000131444848768016
0.000102632003991029
0.000261809869146825
0.000643218540644614
0.000710441918160826
0.000428156328938883
0.000206917482189289
0.000120375879008991
7.70411539102636e-05
3.2630140160588e-05
6.61681190749261e-06
5.53864927746565e-07
1.4783612733085e-08
0
0
4.37261785063078e-09
1.49710106409692e-07
1.4104815866749e-06
5.5621781259e-06
1.81944628764747e-05
3.13441740727073e-05
3.19011622989186e-05
0.000127752277103108
0.000374750215610767
0.000504917427086809
0.000336027353025069
0.000128461682294398
5.28435031646682e-05
2.60143693525837e-05
8.01542496000151e-06
1.35717729287673e-06
1.05775708005735e-07
2.7068586694381e-09
0
0
3.53973826003444e-09
1.18060681967031e-07
9.86129435266064e-07
2.26459960683144e-06
2.63710500372566e-06
3.35400611133145e-06
6.31822457426382e-06
4.35196243678399e-05
0.000200894929869687
0.000393552264148582
0.0003097991418376
0.000104448722598017
2.02323110147662e-05
5.43891194649174e-06
1.06733519534921e-06
1.29929216133029e-07
9.16167549655972e-09
2.08219897649085e-10
0
0
1.45753928354359e-09
4.60165973804477e-08
3.78127334130738e-07
7.80408176388769e-07
4.65787911041002e-07
3.00877752102927e-07
1.57539174561297e-06
1.42255834073855e-05
8.84876263437267e-05
0.000200689000390912
0.000165947094028367
5.44784458010088e-05
6.94434180649462e-06
7.56671108056773e-07
8.84934565008609e-08
6.03837703182345e-09
4.16439795298169e-10
0
0
0
2.08219897649085e-10
8.53701580361247e-09
7.07947652006887e-08
1.44296389070816e-07
7.97482207995994e-08
1.11189425344611e-07
8.39959067116407e-07
4.35471093943295e-06
2.13031859483755e-05
4.6880918175589e-05
3.86966268785941e-05
1.26035504046991e-05
1.41506242442318e-06
7.51673830513195e-08
4.58083774827986e-09
2.08219897649085e-10
0
0
0
0
0
6.24659692947254e-10
6.03837703182345e-09
1.2284973961296e-08
9.16167549655972e-09
5.45536131840601e-08
4.01447962667435e-07
1.24161524968149e-06
2.84761532024888e-06
4.73637801182373e-06
3.6850757485935e-06
1.18706163649743e-06
1.28263456951836e-07
4.58083774827986e-09
2.08219897649085e-10
0
0
0
0
0
0
0
2.08219897649085e-10
4.16439795298169e-10
8.32879590596338e-10
1.31178535518923e-08
9.49482733279825e-08
2.49447437383603e-07
3.07749008725347e-07
2.51737856257743e-07
1.45962148252008e-07
4.45590580969041e-08
4.78905764592894e-09
2.08219897649085e-10
0
0
0
0
0
0
0
0
0
0
0
1.45753928354359e-09
9.78633518950697e-09
2.41535081272938e-08
2.33206285366975e-08
8.53701580361247e-09
1.04109948824542e-09
0
0
0
0
0
0
0
0
0
0
0
0
0
0
0
4.16439795298169e-10
1.04109948824542e-09
8.32879590596338e-10
4.16439795298169e-10
0
0
0
0
0
0
0
0
0
0
0
0
0
0
0
0
0
0
0
0
0
0
0
0
0
0
0
0
0
0
0
0
0
0
0
0
0
0
0
0
0
0
0
0
0
0
0
0
0
0
0
0
9.57811529185789e-09
3.46894349483375e-07
3.74587595870703e-06
1.56094128471613e-05
3.24133832471353e-05
6.09490873403518e-05
0.000102045032099556
8.301727319269e-05
3.43550337927131e-05
1.49181227869663e-05
1.15482919634135e-05
4.57375827175979e-06
5.28878540028675e-07
1.56164923236813e-08
2.08219897649085e-10
0
0
0
0
2.08219897649085e-10
3.33151836238535e-08
1.2064260869788e-06
1.33412735020698e-05
5.94623972711373e-05
0.000139274333359417
0.000247259670919004
0.000349002992386867
0.000291173455553094
0.000174601545854254
0.000120449797072657
8.74207075881728e-05
3.18726361729407e-05
3.60033025025032e-06
1.07233247289279e-07
8.32879590596338e-10
0
0
0
0
6.24659692947254e-10
7.07947652006887e-08
2.56089652118609e-06
2.90518812194885e-05
0.00014041225510007
0.000378810711834822
0.000656486312522814
0.00077808048615295
0.00070475980537388
0.000614052763141112
0.0005001177502261
0.00032442638142755
0.000109106185268632
1.21800311328808e-05
3.83957491264912e-07
3.74795815768352e-09
0
0
0
0
1.24931938589451e-09
1.50959425795586e-07
5.28149770386903e-06
5.79488468351261e-05
0.000272130913033494
0.000740408717610584
0.00122418974288703
0.00130980768260136
0.00128534059530821
0.00130835722279434
0.00104413179461489
0.000589568393596453
0.000183545839777668
2.19426292540558e-05
9.71554042430628e-07
2.10302096625575e-08
2.08219897649085e-10
0
0
0
2.7068586694381e-09
2.87759898551035e-07
9.44069015940949e-06
9.80907280233025e-05
0.00042559335021872
0.0010850851087442
0.00175616180593508
0.0019177729288148
0.00189402669880731
0.00176622965442621
0.00123826249288955
0.000595642584450672
0.00018421172701035
3.32724985448355e-05
3.47664763104676e-06
1.93852724711298e-07
4.37261785063078e-09
0
0
0
6.45481682712162e-09
4.30598748338307e-07
1.13850475636566e-05
0.000109563436163869
0.000461956040264566
0.00119562218114948
0.00206783888302958
0.00248565626117059
0.00242326400171964
0.00189660966663765
0.00115505469849051
0.000527734996350786
0.000212995837441462
7.75848160630254e-05
1.69295269982565e-05
1.53374776608316e-06
4.24768591204132e-08
0
0
2.08219897649085e-10
2.37370683319956e-08
9.51356712358667e-07
1.58640657819861e-05
0.000116304555350259
0.000416024396602359
0.00105233774078124
0.00196390092384049
0.00256616198595784
0.00261023131085547
0.00197549002690385
0.00124693922424448
0.000675515737188861
0.000370159591527298
0.000195494330384363
5.82620095611903e-05
6.11479373426067e-06
1.76778693104073e-07
0
0
2.49863877178901e-09
1.21808640124714e-07
2.64980641748225e-06
3.1225072291252e-05
0.000179611733031486
0.000456297456326054
0.00085222571772671
0.0015473130841951
0.00209264016325846
0.00224934520890977
0.00183429861294677
0.00134012387503938
0.000897960177145843
0.000588001538866644
0.000331842549522118
0.000101358947536803
1.07287384462667e-05
3.10872307190083e-07
0
2.08219897649085e-10
2.31124086390484e-08
8.17263098272657e-07
8.7221232926225e-06
4.88921141669815e-05
0.00021484441369279
0.000466289512774439
0.000674450484192489
0.00114793253689142
0.00157372203025373
0.0016543316567699
0.00135884950687475
0.00110619235976889
0.000903172337623795
0.000635975611504891
0.000317715037686525
8.50070225346246e-05
8.49245674551556e-06
2.41951521068236e-07
0
6.24659692947254e-10
9.80715717927188e-08
3.2855017650049e-06
2.80913628316333e-05
7.48373545135457e-05
0.00014682292930889
0.000272316645182198
0.000408764185211131
0.000766064324079519
0.00109641372871559
0.00104367766701811
0.000760464458152144
0.000649856590981667
0.000620665202430754
0.000406048581305992
0.000160158997313518
3.5204779195019e-05
3.21512343959951e-06
8.91181161938082e-08
0
1.24931938589451e-09
1.7740335279702e-07
5.90365875804449e-06
4.87240807095787e-05
0.000103639371855855
8.12309546907585e-05
8.46599199652436e-05
0.000173348478510202
0.000410036825225562
0.000621387725475596
0.000574506390860212
0.000373707658583238
0.00028561606648484
0.000270554480188393
0.000147125264600276
4.11731943412323e-05
7.08759709607719e-06
5.88429430756313e-07
1.58247122213304e-08
0
1.04109948824542e-09
1.44712828866114e-07
4.81196183467034e-06
3.95218023329774e-05
8.10416828037955e-05
4.53629951217272e-05
2.07872170420011e-05
7.06038275545445e-05
0.000205427044161917
0.000327371860099694
0.000327771642303181
0.000209227265513911
0.000109453496057911
7.18552291394155e-05
3.08588134912873e-05
5.73666640012993e-06
6.73799588792438e-07
4.9348115742833e-08
1.24931938589451e-09
0
4.16439795298169e-10
5.6635812160551e-08
1.88147499515713e-06
1.5443461588735e-05
3.15153308285748e-05
1.67346331740569e-05
7.7443226532624e-06
4.23329791711377e-05
0.000126899824842132
0.000185258864875627
0.000165158148836175
9.53484719712641e-05
3.56305888857113e-05
1.23107932286045e-05
3.8441557503974e-06
5.0493325179903e-07
3.24823040332572e-08
1.66575918119268e-09
0
0
0
1.06192147801033e-08
3.52724506617549e-07
2.89571411660582e-06
5.90865603558807e-06
3.27800584868954e-06
4.74199994906025e-06
3.29780756095597e-05
9.05698253202176e-05
0.000106527381836248
6.32511665287601e-05
2.54067836912436e-05
7.6195989345706e-06
1.54395054106796e-06
2.96713354149945e-07
2.93590055685209e-08
8.32879590596338e-10
0
0
0
0
8.32879590596338e-10
2.97754453638191e-08
2.44658379737674e-07
5.01185293641346e-07
3.78960213721334e-07
2.37058353473483e-06
1.71260865816372e-05
4.45836280448267e-05
4.65996130938651e-05
2.0417002063981e-05
4.6751613619149e-06
1.02298435714995e-06
1.57414242622708e-07
1.66575918119268e-08
1.24931938589451e-09
0
0
0
0
0
0
1.04109948824542e-09
8.32879590596338e-09
1.76986913001722e-08
3.89371208603788e-08
5.73645818023228e-07
4.1169238163177e-06
1.04297346732426e-05
1.04055811651153e-05
4.1504472198392e-06
7.09196971392782e-07
1.09731886061068e-07
1.43671729377868e-08
1.04109948824542e-09
0
0
0
0
0
0
0
0
0
0
3.12329846473627e-09
6.01755504205854e-08
4.25809690692378e-07
1.04776252497019e-06
1.00257880718034e-06
3.8895476880849e-07
6.45481682712162e-08
9.16167549655972e-09
1.04109948824542e-09
0
0
0
0
0
0
0
0
0
0
0
2.08219897649085e-10
2.91507856708718e-09
1.95726703790139e-08
4.56001575851495e-08
4.08110999392206e-08
1.56164923236813e-08
2.91507856708718e-09
4.16439795298169e-10
0
0
0
0
0
0
0
0
0
0
0
0
0
0
2.08219897649085e-10
4.16439795298169e-10
2.08219897649085e-10
0
0
0
0
0
0
0
0
0
0
0
0
0
0
0
0
0
0
0
0
0
0
0
0
0
0
0
0
0
0
0
0
2.08219897649085e-10
3.53973826003444e-08
1.26660163739938e-06
1.3508474079882e-05
5.37688323898208e-05
9.2843378382648e-05
0.000122977586630116
0.000191289121331442
0.000153558842997837
5.7575716778539e-05
1.6583881968159e-05
1.1455425889062e-05
4.85443869379076e-06
5.80517074645648e-07
1.87397907884176e-08
2.08219897649085e-10
0
0
0
0
8.32879590596338e-10
1.17852462069382e-07
4.18417884325835e-06
4.48193329689654e-05
0.000182661113432557
0.000332506146335925
0.000403876223113819
0.000510853359928989
0.000413977178568673
0.000225239583863023
0.000118584771449414
8.43788231034174e-05
3.3965246144314e-05
4.08235931330795e-06
1.44504608968465e-07
2.91507856708718e-09
0
0
0
0
2.29041887413993e-09
2.14466494578557e-07
6.86063740763969e-06
7.31747186308178e-05
0.000317899312295944
0.000676167673688401
0.000884762575373151
0.000938817085462546
0.000879244331645655
0.000771919259381513
0.000516329335017262
0.000326622893127851
0.000123311571345946
1.53389352001151e-05
6.65679012784123e-07
1.91562305837158e-08
4.16439795298169e-10
0
0
0
8.74523570126155e-09
4.31639847826552e-07
8.8812032944264e-06
8.32400684831745e-05
0.000388051510892488
0.000993786097342416
0.00145620292824048
0.00150714226044115
0.00177362854026927
0.00186736393269345
0.00124550937820732
0.000679866075510444
0.000241432637083295
3.4047701223783e-05
2.18776646459893e-06
9.09920952726499e-08
1.87397907884176e-09
0
0
4.16439795298169e-10
2.93590055685209e-08
1.10793807539078e-06
1.6196384738634e-05
0.000117964484374317
0.000500552929812186
0.00128100295840038
0.00193702618987082
0.00223393943512251
0.00292395289912499
0.00288368483667884
0.00176399295628566
0.000835376147169151
0.0002924040351482
5.73489653099991e-05
6.94600756567581e-06
4.70576968686931e-07
1.18685341659978e-08
0
0
2.7068586694381e-09
6.26741891923744e-08
1.66221944293264e-06
2.19544977882218e-05
0.000146834589623158
0.000593980573227637
0.00151171976667106
0.0023991054963148
0.00299322640975345
0.00372494652747494
0.00326204475243525
0.00187916729403148
0.000839772502088113
0.000327594863610076
0.000117326082168125
3.02401921753718e-05
3.07582432807228e-06
8.82852366032118e-08
0
2.08219897649085e-10
1.06192147801033e-08
1.30553875825976e-07
1.58351232162129e-06
1.90415014201111e-05
0.000138201584446729
0.000614574770424518
0.00173581101779855
0.00295050593335279
0.00349786336463813
0.00385370867108164
0.00327933824781459
0.00214466869374373
0.00117471128148827
0.000578220409174578
0.000311126127245317
0.000107180359435276
1.20205346912816e-05
3.54390265798742e-07
0
6.24659692947254e-10
2.47781678202411e-08
4.39135764141919e-07
3.78439663977211e-06
2.66723442291548e-05
0.000174912418161444
0.000694406070963279
0.00190139997360296
0.00328455290693132
0.00357164108809254
0.00345989175944315
0.00303096959772071
0.00252693689697901
0.00188496476064173
0.00107186668498174
0.000557835681194733
0.000186075295094309
2.06870632712318e-05
6.08418540930625e-07
0
1.04109948824542e-09
9.57811529185789e-08
2.92548956196964e-06
2.46511536826751e-05
7.49112725772111e-05
0.000239872653610108
0.000754003602947991
0.00184317356964427
0.00317124359480874
0.0034025382132954
0.00305648923659648
0.00261557652384802
0.00249792207890131
0.00222107456874626
0.00126439179962563
0.000525297574228906
0.000148382912782077
1.5659385622597e-05
4.54544036567951e-07
0
2.7068586694381e-09
3.65009480578845e-07
1.20684252677409e-05
9.96781965229791e-05
0.00022052173742209
0.000255865399288841
0.000530244046117457
0.00129258081758926
0.00241391513653509
0.0028190236050032
0.00248937381922322
0.00194540495855222
0.0018021900636298
0.00162096171131296
0.000836393717808962
0.000259112380372781
5.73185652049423e-05
5.55843016774231e-06
1.57830682418006e-07
0
4.78905764592894e-09
6.55892677594616e-07
2.18037465823239e-05
0.000179186756220384
0.000371360812116835
0.000244073906484973
0.00023293393374085
0.00066032526277577
0.00148432656515625
0.00191507377428158
0.00165950300614791
0.00116377807110252
0.000947593554148455
0.000743600936861443
0.000319191108540959
6.93717904201549e-05
1.10700108585136e-05
9.60518387855227e-07
2.64439270014337e-08
0
3.95617805533261e-09
5.34708697162849e-07
1.77857272173895e-05
0.000146019825163657
0.000298815125796815
0.000165556681720275
8.44948015864079e-05
0.000329877786567901
0.000891237797750242
0.00120541913555376
0.00099861284278982
0.00062500721195643
0.00041093779272269
0.000244652757800438
8.09900442691785e-05
1.17329830126283e-05
1.10481477692604e-06
7.8707121311354e-08
2.08219897649085e-09
0
1.45753928354359e-09
2.09052777239681e-07
6.95475280137707e-06
5.70859835792683e-05
0.000116520062944325
6.2608599924615e-05
3.89219208078504e-05
0.000223408706302995
0.000620866342851882
0.000780780681785663
0.00056886821247167
0.000326438202078636
0.000171159670946115
6.98654797974809e-05
1.69089132283892e-05
1.74280054332284e-06
7.66249223348631e-08
2.91507856708718e-09
0
0
2.08219897649085e-10
3.91453407580279e-08
1.30408121897622e-06
1.07039602784465e-05
2.18566344363268e-05
1.2687254803554e-05
2.73305273256235e-05
0.000187580516734414
0.00048315574092381
0.000523037347239925
0.000306313124311159
0.00015192181816252
6.68777324861142e-05
1.87901800036487e-05
3.14474511419412e-06
2.502803169742e-07
6.6630367247707e-09
0
0
0
0
3.33151836238535e-09
1.10148325856366e-07
9.04507235387623e-07
1.85982012580162e-06
1.72239499335323e-06
1.44639951901937e-05
0.000101337292667447
0.000249731241104099
0.000250187034460053
0.000129463844661783
5.32062222263729e-05
1.93754861359403e-05
4.14336774331913e-06
4.92856497735383e-07
3.01918851591173e-08
6.24659692947254e-10
0
0
0
0
2.08219897649085e-10
3.74795815768352e-09
3.10247647497136e-08
6.72550269406543e-08
2.25918588949257e-07
3.56784794621706e-06
2.48266830563933e-05
5.98324040292597e-05
5.81676859475553e-05
2.9574929602383e-05
1.12063948914737e-05
3.47310789278673e-06
6.15081577655396e-07
6.01755504205854e-08
3.12329846473627e-09
0
0
0
0
0
0
0
0
4.16439795298169e-10
2.08219897649085e-08
3.78960213721334e-07
2.6037898201018e-06
6.12770336791491e-06
5.82869959489082e-06
3.1166354280115e-06
1.24099058998854e-06
3.525162867199e-07
5.30960739005166e-08
4.37261785063078e-09
2.08219897649085e-10
0
0
0
0
0
0
0
0
0
1.04109948824542e-09
1.81151310954704e-08
1.21392200329416e-07
2.75058484794441e-07
2.53403615438936e-07
1.52208745181481e-07
6.95454458147942e-08
1.89480106860667e-08
2.49863877178901e-09
2.08219897649085e-10
0
0
0
0
0
0
0
0
0
0
0
2.08219897649085e-10
1.45753928354359e-09
2.91507856708718e-09
2.29041887413993e-09
2.29041887413993e-09
1.45753928354359e-09
4.16439795298169e-10
0
0
0
0
0
0
0
0
0
0
0
0
0
0
0
0
0
0
0
0
0
0
0
0
0
0
0
0
0
2.08219897649085e-10
1.93644504813649e-08
6.94413358659697e-07
7.5169465250296e-06
3.0945016528914e-05
5.50983164363102e-05
5.98269903119209e-05
6.80000377344427e-05
4.92371345373861e-05
2.06472932707809e-05
8.03229077171108e-06
4.31931355683261e-06
1.64139745316773e-06
3.26072359718466e-07
5.35125136958147e-08
4.99727754357803e-09
2.08219897649085e-10
0
0
0
8.32879590596338e-10
7.76660218231085e-08
2.61024463692892e-06
2.81003162872322e-05
0.000119463042977698
0.000231599660636714
0.000255400652477288
0.000232356748184566
0.00017088461246132
0.000122971340033187
8.21019385226246e-05
4.33517991303347e-05
1.54293026356948e-05
3.5255793069943e-06
6.37361106703848e-07
5.80933514440946e-08
1.66575918119268e-09
0
0
0
4.58083774827986e-09
2.65688589400232e-07
6.44357295264857e-06
6.34600110861021e-05
0.000278403121010378
0.000607208366885488
0.000726054662526349
0.000597544881435595
0.000556668400448512
0.000612747849042545
0.000481148917550268
0.000245901036086844
8.58857105027038e-05
2.14576851124311e-05
3.74004580157286e-06
3.15869584733661e-07
8.53701580361247e-09
0
0
6.24659692947254e-10
3.16494244426609e-08
1.16728074622077e-06
1.77767737617906e-05
0.000132326451814663
0.00053490962936408
0.00119589911361335
0.00147290695308958
0.00128015571163685
0.001557586862165
0.00186730292426344
0.00149372373735705
0.000770148349152008
0.000289988267895675
8.0742887250669e-05
1.27030795157753e-05
9.18666188427761e-07
2.33206285366975e-08
0
2.08219897649085e-10
1.12438744730506e-08
1.88230787474772e-07
3.87059967739883e-06
4.69644143545463e-05
0.000278660064364077
0.00093556094270311
0.00189608099631752
0.00231389712513915
0.00226840586656047
0.00298960692327262
0.00326033714105463
0.00250882863714017
0.00135597419830812
0.000605219033983349
0.000192603197105506
2.78398331952732e-05
1.6840825321858e-06
3.85206810650806e-08
0
3.33151836238535e-09
1.10981205446962e-07
1.12292990802151e-06
8.00355642583551e-06
7.00747407946182e-05
0.000382735865125405
0.00120329112819979
0.00242244944548003
0.00317019853914244
0.00332821141397089
0.00406017577363232
0.0039299615044594
0.00295815801459139
0.00171905472975514
0.000848895656903608
0.000283659632326529
4.13072879553183e-05
2.48323049936298e-06
5.64275922629019e-08
0
1.35342933471905e-08
4.57667335032688e-07
4.18022266520302e-06
1.48673171319399e-05
6.28195266809335e-05
0.000328525190112773
0.00116015358734414
0.00269875183594303
0.00394116810757078
0.00409400817548193
0.0045403489727422
0.00447444591759698
0.0037724935411031
0.00235497308078818
0.00102419515585478
0.000306048476821247
5.35437466804621e-05
4.27871067679104e-06
1.13063404423453e-07
2.08219897649085e-10
2.24877489461011e-08
7.68123202427473e-07
7.02617222627071e-06
2.26393330315897e-05
6.87642047588149e-05
0.000340886997216301
0.00120131199807264
0.00279847875592206
0.00423919512105499
0.00446197187996862
0.00482523897644394
0.00519745869563858
0.00497260515146579
0.00336598062942535
0.00133999415404314
0.000339076941646038
6.56346596971491e-05
6.08793336746393e-06
1.70948535969898e-07
2.08219897649085e-10
1.60329321189795e-08
5.76352676692666e-07
6.31489305590144e-06
2.89138314273472e-05
9.98568491951621e-05
0.000431168437978275
0.00126492692476259
0.00251905327521422
0.00387185628448114
0.00454831775644513
0.00512418757119515
0.00550768156496789
0.00529290440630204
0.00370340805304222
0.00146150170819585
0.000322278384963402
5.25982201252376e-05
4.5496047636325e-06
1.25348378384749e-07
0
6.24659692947254e-09
3.55847805082285e-07
7.89965469690862e-06
5.9149859204766e-05
0.000158767255517632
0.000383752811105523
0.000953370198768934
0.00180126785770311
0.00302342266753042
0.00408745091446516
0.00464897854266511
0.00453280787270904
0.00402878849804079
0.00266707950731163
0.000988274308431748
0.000187537831655396
2.32373405776378e-05
1.68054279392576e-06
4.37261785063078e-08
0
3.33151836238535e-09
3.71464297405967e-07
1.17917010237653e-05
9.64828539736563e-05
0.000214161868868296
0.000254353931051806
0.000518212683991498
0.00114134633330888
0.00220423270232492
0.00317818522975657
0.00335324506760555
0.00284304177019702
0.0023353264923455
0.0013929536356908
0.000442874560624106
6.63744649934963e-05
5.70584985527786e-06
3.16702464324258e-07
7.49591631536704e-09
0
2.08219897649085e-09
2.85261259779246e-07
9.44943539511075e-06
7.76581094669979e-05
0.000162980168706766
0.000130621339072814
0.00023530222685671
0.000701124077741029
0.00151933769984645
0.00218051291624443
0.00217161755399696
0.00169476317183571
0.00126718694353167
0.000657693155049588
0.000172227422581259
1.92251513698376e-05
9.56562209799894e-07
3.18576443403099e-08
6.24659692947254e-10
0
8.32879590596338e-10
1.10981205446962e-07
3.68861548685353e-06
3.02959951079418e-05
6.25700792435499e-05
4.42717146381484e-05
0.000102087092518881
0.000450072097826142
0.00104542109222113
0.00136129629889203
0.00131035592559187
0.00105840630969822
0.000691621754491916
0.000287516281270785
6.09463804816823e-05
5.47680796786387e-06
1.71989635458144e-07
2.29041887413993e-09
0
0
2.08219897649085e-10
2.08219897649085e-08
6.9149828009261e-07
5.67794838899289e-06
1.17054979861386e-05
9.95228644793329e-06
5.66172805896602e-05
0.000341364861881406
0.000797449517472063
0.000875237972594989
0.000737216706579624
0.000572610548692117
0.000328907898284652
0.000111995652788308
1.94787632051742e-05
1.50147368194755e-06
3.95617805533261e-08
2.08219897649085e-10
0
0
0
1.66575918119268e-09
5.85097912393928e-08
4.79738644183491e-07
1.01403090155104e-06
2.09989766779102e-06
2.73592616714991e-05
0.000180509577230149
0.000416699445510538
0.000421901194993607
0.000320295090438295
0.000217908785926492
0.000111935477237888
3.5587487366898e-05
5.83598729130854e-06
4.29349428952412e-07
1.10356545754015e-08
0
0
0
0
0
2.08219897649085e-09
1.64493719142777e-08
4.16439795298169e-08
3.91661627477928e-07
6.62472426360327e-06
4.43227285130724e-05
0.000101297106227201
0.00010094375706089
7.65470480931424e-05
4.79028614332507e-05
2.21841643353288e-05
6.8352345801265e-06
1.13271624321102e-06
8.47454983431774e-08
2.08219897649085e-09
0
0
0
0
0
0
0
8.32879590596338e-10
3.97700004509751e-08
7.03991473951555e-07
4.69161073382917e-06
1.05813187587312e-05
1.06843876080675e-05
8.84934565008609e-06
5.48596964336043e-06
2.2512735333819e-06
6.28824090900235e-07
1.01819529950402e-07
7.70413621301613e-09
2.08219897649085e-10
0
0
0
0
0
0
0
0
1.87397907884176e-09
3.37316234191517e-08
2.22378850689222e-07
4.90982518656541e-07
5.13470267602642e-07
4.98270215074259e-07
3.17743563812503e-07
1.12646964628155e-07
2.56110474108374e-08
3.74795815768352e-09
2.08219897649085e-10
0
0
0
0
0
0
0
0
0
0
4.16439795298169e-10
2.91507856708718e-09
5.83015713417437e-09
7.07947652006887e-09
1.06192147801033e-08
7.28769641771796e-09
2.08219897649085e-09
2.08219897649085e-10
0
0
0
0
0
0
0
0
0
0
0
0
0
0
0
0
0
0
0
0
0
0
0
0
0
0
0
0
0
5.4137173388762e-09
2.04888379286699e-07
2.69040929752382e-06
1.47792401152344e-05
3.54867089364358e-05
4.43337641676478e-05
3.51541817598902e-05
1.79137824544437e-05
1.22889301393513e-05
1.04595101186065e-05
4.92044440134552e-06
1.97496572920157e-06
9.98830849022659e-07
2.83387280700404e-07
2.89425657732228e-08
8.32879590596338e-10
0
0
0
4.16439795298169e-10
3.91453407580279e-08
1.40819116780076e-06
1.73434681547828e-05
8.92796948343839e-05
0.000203988869328855
0.000240533960005041
0.000187867443753375
0.000129315383874759
0.000136287418927641
0.000123521457002776
5.85945367377359e-05
2.37726739344936e-05
1.17914928038677e-05
3.26905239309063e-06
3.28987438285554e-07
9.3698953942088e-09
0
0
0
2.49863877178901e-09
1.97600682868981e-07
6.04857980680826e-06
6.70245275139568e-05
0.000313048621560311
0.000669783235186684
0.0007405490578216
0.000587111398804194
0.000578140869173676
0.000739787805875795
0.000669177731724321
0.000323889174091616
0.00013631323819495
6.47062071735319e-05
1.69084967885939e-05
1.65222488784549e-06
4.66412570733949e-08
0
0
3.12329846473627e-09
3.99782203486242e-08
8.06019223799606e-07
1.72991173165836e-05
0.000163670001227677
0.000683012902823614
0.00140915626702636
0.00159449154860443
0.0013963723981903
0.00167246053037861
0.00210646554802256
0.00184279273545147
0.000943492663264257
0.000440473576984315
0.000195550757976626
4.47389600884729e-05
4.04154821336873e-06
1.11189425344611e-07
0
2.29041887413993e-09
8.14139799807921e-08
7.63542364679193e-07
3.83416119531024e-06
3.73552742979387e-05
0.000285181927998241
0.00104580255107362
0.00213694456842054
0.00273639882631757
0.00276874807783623
0.00320966620430203
0.00349583863435339
0.00292763943241286
0.00168193432750175
0.00092228963108665
0.000379423711213501
7.019592477505e-05
5.35125136958147e-06
1.37633352346045e-07
2.08219897649085e-10
2.49863877178901e-08
8.5057828189651e-07
7.64687574116263e-06
2.31661293726418e-05
6.81056052225508e-05
0.000364208666852487
0.00124485973212666
0.00263880303699098
0.00384174831194078
0.00422453310874213
0.00443091858909293
0.00416280819406314
0.00343777464191486
0.00221162617445064
0.00128054778970412
0.000475276908216666
7.04160132068651e-05
4.15023899994155e-06
9.28660743514917e-08
8.32879590596338e-10
1.03901728926893e-07
3.53120124423082e-06
3.15705091014518e-05
8.77136729841651e-05
0.000131417780181322
0.000370078177547317
0.00126196291451955
0.00291530531855572
0.0044745768879126
0.0049384612526493
0.00494439926769045
0.00463853673123781
0.00410801762663556
0.00262119866930445
0.00124072677537822
0.000374565108121757
4.57702732415288e-05
2.06741536375776e-06
3.72713616791861e-08
1.24931938589451e-09
1.73655394639337e-07
5.90116011927271e-06
5.28037331642172e-05
0.000147342646173422
0.000209145018654339
0.000427002582486009
0.00125673992660693
0.00281223605277963
0.00430135167558181
0.00482634524876015
0.00494436366208796
0.00521457291368605
0.00515602043736764
0.0031728146139365
0.00113872255437861
0.000242094776357819
2.3669813305055e-05
8.72649591047313e-07
1.27014137565942e-08
8.32879590596338e-10
1.20767540636469e-07
4.11442517754591e-06
3.71114487977916e-05
0.000109536159357277
0.000203294247750298
0.000504692757817245
0.00119934098852149
0.00218930687540174
0.00332738415631753
0.00420128514894971
0.00473054577249058
0.00544749976795038
0.00568787922879136
0.00351023141833859
0.00114004662470776
0.000193335714705435
1.54796918509259e-05
4.88067440089454e-07
6.03837703182345e-09
2.08219897649085e-10
3.74795815768352e-08
1.2967935225585e-06
1.24881965814015e-05
4.60522029829457e-05
0.000133039188524315
0.000430193552417482
0.00102299185306627
0.0016650930857401
0.00251388921353263
0.00367073710178169
0.00424274402099052
0.00458520682639223
0.00469028083334289
0.0028910481169194
0.000902901859976749
0.000136113347093207
9.4381915206377e-06
2.58400892982514e-07
2.49863877178901e-09
0
5.83015713417437e-09
2.39661102194096e-07
3.53474098249086e-06
2.24188281599793e-05
7.67304898229712e-05
0.000272677073825028
0.000826463502670179
0.00151885171460534
0.00227191499649555
0.00337356233233855
0.00351691111265517
0.00321040600959838
0.00307312892149721
0.0018545613240666
0.000542908604952168
6.868757983648e-05
3.69423742409006e-06
8.26632993666866e-08
6.24659692947254e-10
0
6.24659692947254e-10
5.74686917511473e-08
1.60329321189795e-06
1.31159795728135e-05
3.79886792265872e-05
0.000128085012499551
0.000517757723515135
0.00112933579317269
0.00174403965993375
0.00255747838334628
0.00259217697997012
0.00221921058422251
0.00191708517849287
0.0010318995002877
0.000262192160878908
2.71429211978417e-05
1.0338117918277e-06
1.60329321189795e-08
0
0
2.08219897649085e-10
1.76986913001722e-08
5.798924149527e-07
4.8223728295528e-06
1.21569187242418e-05
3.86853830041211e-05
0.000208866628651183
0.00056546798154306
0.000968279784540097
0.00140777951706311
0.00153705138297926
0.00139512578566307
0.00110990533698377
0.000508997912421038
0.000104901184435609
8.93409114842927e-06
2.59858432266058e-07
2.49863877178901e-09
0
0
0
3.33151836238535e-09
1.07857906982226e-07
8.91805821631029e-07
2.11301552134291e-06
7.55609186578763e-06
5.83709085676608e-05
0.00022029769281222
0.000443595001469972
0.000633900075565125
0.000767577041635939
0.000730115991629995
0.000574405404209852
0.000253039022398152
4.77562746253058e-05
3.7063141781537e-06
9.66140325091752e-08
6.24659692947254e-10
0
0
0
2.08219897649085e-10
9.16167549655972e-09
7.51673830513195e-08
1.84066389521791e-07
1.14500121717232e-06
1.32987966429494e-05
6.95956268101277e-05
0.000157893564827096
0.00023095792691216
0.000306182986875128
0.000288216733006477
0.000229042095633891
0.000104469961027578
2.01867108571811e-05
1.58726027977897e-06
4.14357596321678e-08
2.08219897649085e-10
0
0
0
0
4.16439795298169e-10
2.49863877178901e-09
8.53701580361247e-09
1.44504608968465e-07
2.20692269518265e-06
1.36223703638961e-05
3.25378987459295e-05
5.08335564926616e-05
7.27701473696856e-05
6.57933232591577e-05
4.99119752256668e-05
2.27998705726771e-05
4.46610858467521e-06
3.55223145389338e-07
9.3698953942088e-09
0
0
0
0
0
0
0
2.08219897649085e-10
1.18685341659978e-08
2.02806180310208e-07
1.32448676894583e-06
3.24552354465628e-06
5.65962503799977e-06
8.84976208988139e-06
7.53693563520391e-06
4.98249393084494e-06
2.14570604527382e-06
4.16648015195818e-07
3.33151836238535e-08
8.32879590596338e-10
0
0
0
0
0
0
0
0
6.24659692947254e-10
9.16167549655972e-09
6.05919902158836e-08
1.51792305386183e-07
3.11080527087732e-07
5.37831995627585e-07
4.27267229975921e-07
2.24044609870415e-07
8.30797391619847e-08
1.56164923236813e-08
1.24931938589451e-09
0
0
0
0
0
0
0
0
0
0
2.08219897649085e-10
8.32879590596338e-10
2.08219897649085e-09
6.45481682712162e-09
1.31178535518923e-08
9.3698953942088e-09
2.49863877178901e-09
2.08219897649085e-10
0
0
0
0
0
0
0
0
0
0
0
0
0
0
0
0
0
0
0
0
0
0
0
0
0
0
0
0
0
1.04109948824542e-09
4.70576968686931e-08
8.85351004803907e-07
6.22848179837707e-06
1.51315481820566e-05
1.60204389251206e-05
1.08803225317553e-05
6.28366007125407e-06
6.00297964922311e-06
5.52886294227614e-06
3.21158370133948e-06
2.50384426923024e-06
1.66180300313734e-06
4.92023618144787e-07
5.03892152310785e-08
1.45753928354359e-09
0
0
0
0
1.2284973961296e-08
4.94522256916576e-07
7.12903285570936e-06
4.15713107855374e-05
9.19828055456643e-05
9.03811780929475e-05
6.32111883084114e-05
5.54019010470825e-05
7.16132776183473e-05
6.72870928048923e-05
3.87149502295872e-05
2.90724949893558e-05
1.89471778064761e-05
5.57425487996364e-06
5.70106079763193e-07
1.62411520166286e-08
0
0
0
6.24659692947254e-10
8.70359172173173e-08
3.09185726019126e-06
3.5456933491072e-05
0.000162046302465809
0.000314945713047792
0.00029477857486099
0.000235558961990512
0.000297178517401294
0.000415731222986469
0.000383055690888194
0.00021707902963436
0.000152431956911761
9.53059951121437e-05
2.75543637155963e-05
2.79951652389194e-06
8.01646605948976e-08
0
2.08219897649085e-10
6.6630367247707e-09
6.28824090900235e-08
5.09305869649661e-07
1.15753605501079e-05
0.000112481846249319
0.000408503285679377
0.000699739207201765
0.000717982601754187
0.000757049651830699
0.00105119502998294
0.00132060242675518
0.00114117288613414
0.000640428810455912
0.000413258195262091
0.000236639415039413
6.49666902654909e-05
6.45627436640516e-06
1.83441729828843e-07
0
5.20549744122711e-09
1.78444452285265e-07
1.59975347363792e-06
5.08098194243296e-06
2.87495459281021e-05
0.000223153220488579
0.000693374966030121
0.00111510833578622
0.00144459966622409
0.00196799598456756
0.00252539752727569
0.00259397329302714
0.0019937307145976
0.00112816996996575
0.000680782034840202
0.000333362762994854
8.00022490747313e-05
7.42553798996165e-06
2.06345918570243e-07
4.16439795298169e-10
5.49700529793583e-08
1.87002290078643e-06
1.6698402911866e-05
4.59951507309898e-05
7.54455648345787e-05
0.000280255653439762
0.000786055724672705
0.00131675410660683
0.00213997416793133
0.00335241947571137
0.00408581472250944
0.00358702583167013
0.00240628325262656
0.00136215957858768
0.000769556588202889
0.000304823727383275
5.63386823666057e-05
4.36054109656713e-06
1.13063404423453e-07
1.66575918119268e-09
2.28417227721046e-07
7.76597752261791e-06
6.93214012049238e-05
0.000188092321242836
0.000215185269665242
0.000275415998358704
0.000632369867537302
0.00122611765091937
0.00229507508749116
0.00380824219067078
0.00474363926431444
0.00402519108286911
0.00254174591253961
0.00134930720540529
0.000641053470148859
0.000199881731847727
2.6685878522502e-05
1.43796661316458e-06
3.04001050567663e-08
2.91507856708718e-09
3.81667072390772e-07
1.29768886811839e-05
0.000115905606026363
0.00031631163557637
0.000360289551938936
0.000313858180522371
0.000505331576463233
0.0010657329432368
0.002106462632944
0.00351641846437733
0.00460348832518592
0.00417032472414837
0.0028272512060389
0.00140822052680633
0.00048874269721753
0.000106335403090616
1.04074551441942e-05
3.64801260681196e-07
4.78905764592894e-09
1.87397907884176e-09
2.65688589400232e-07
9.03299559981259e-06
8.08796877234245e-05
0.000227288884095685
0.000313693686803228
0.000384354774829626
0.000527194873936284
0.000901142610061512
0.00173949796752623
0.00291883339650149
0.00399566196164421
0.00396400254264646
0.0029832403916821
0.00151608259818651
0.000444237984513912
6.7223169296314e-05
4.7070190062552e-06
1.21392200329416e-07
1.04109948824542e-09
6.24659692947254e-10
8.18304197760902e-08
2.78639867034005e-06
2.51987720134922e-05
7.88224751346515e-05
0.000176922364833451
0.000366763941436436
0.000548144294278554
0.000754775474108576
0.00129469653996927
0.00224742625433304
0.00302321111611441
0.00302585342661558
0.00236216603715247
0.00125191776199727
0.000363595251034013
4.73489965055042e-05
2.63189950628443e-06
5.74686917511473e-08
4.16439795298169e-10
0
1.20767540636469e-08
4.093603187781e-07
3.85310920599631e-06
1.64243855265598e-05
7.15699678796363e-05
0.00022197427942809
0.000459093849551482
0.000709196138513191
0.00109000034764811
0.00183712977889511
0.00217379053684883
0.00200755505826222
0.00155599647858676
0.000836993599334089
0.000239729190100628
2.76928299475329e-05
1.1937246732222e-06
2.06137698672594e-08
2.08219897649085e-10
0
8.32879590596338e-10
2.99836652614682e-08
3.31486077057343e-07
2.46115919021218e-06
1.75304496228717e-05
8.32098765980154e-05
0.000291032698902283
0.000592698563317812
0.000905010086440446
0.00138287662552417
0.00149313176818803
0.00139579271399524
0.00108542596471665
0.000523289501535978
0.000127685022076167
1.25910572108401e-05
4.17480894786414e-07
4.99727754357803e-09
0
0
0
1.24931938589451e-09
2.4569947922592e-08
2.82554401109808e-07
2.50571824830908e-06
2.17416970528245e-05
0.000127293152228791
0.000335319197153165
0.000547312664007344
0.000747435098056753
0.000782683603430278
0.000819072529183227
0.00070911118479495
0.000320799399030401
6.34389808764395e-05
5.17613843565859e-06
1.41797750299027e-07
1.24931938589451e-09
0
0
0
0
2.7068586694381e-09
2.79014662849773e-08
2.5257073584834e-07
4.12671015150721e-06
3.41992853092715e-05
0.000113847144118204
0.000207196913291935
0.000268883931949555
0.000297091273264179
0.000372057724114267
0.000414727186640005
0.000209139813156898
4.09549798884961e-05
3.2061699840006e-06
8.34961789572829e-08
6.24659692947254e-10
0
0
0
0
2.08219897649085e-10
1.87397907884176e-09
1.9780890276663e-08
5.09722309444959e-07
5.19071382849403e-06
2.10383302385659e-05
4.3155239546954e-05
6.45592039257916e-05
9.09933445920358e-05
0.000135676918187734
0.000180540185555103
9.86666642601999e-05
2.00665679762376e-05
1.6043343113862e-06
4.20604193251151e-08
2.08219897649085e-10
0
0
0
0
0
0
1.04109948824542e-09
3.56056024979935e-08
4.14357596321678e-07
1.94935468179073e-06
4.66933120478072e-06
1.02596190168633e-05
1.91672662382912e-05
2.94903923239375e-05
4.01075249050643e-05
2.22978523994452e-05
4.58812544469758e-06
3.69798538224774e-07
9.78633518950697e-09
0
0
0
0
0
0
0
0
1.24931938589451e-09
1.62411520166286e-08
8.93263360914573e-08
2.82762621007457e-07
1.0244418964335e-06
2.23336662218408e-06
3.07332568930049e-06
3.82499951981368e-06
2.09323463106625e-06
4.30598748338307e-07
3.47727229073971e-08
8.32879590596338e-10
0
0
0
0
0
0
0
0
0
2.08219897649085e-10
1.66575918119268e-09
9.57811529185789e-09
5.76769116487964e-08
1.33677174290712e-07
1.50542986000288e-07
1.51792305386183e-07
7.8707121311354e-08
1.60329321189795e-08
1.24931938589451e-09
0
0
0
0
0
0
0
0
0
0
0
0
2.08219897649085e-10
1.45753928354359e-09
3.33151836238535e-09
2.29041887413993e-09
6.24659692947254e-10
0
0
0
0
0
0
0
0
0
0
0
0
0
0
0
0
0
0
0
0
0
0
0
0
0
0
0
0
0
0
0
5.4137173388762e-09
1.36592252857799e-07
1.05317624230907e-06
2.33830945059922e-06
1.77007734991487e-06
9.68638963863541e-07
1.44546252947994e-06
2.05450573010352e-06
1.38882671731939e-06
6.71092730122999e-07
6.29240530695533e-07
4.40385083527814e-07
1.31178535518923e-07
1.35342933471905e-08
4.16439795298169e-10
0
0
0
0
1.45753928354359e-09
6.6422147350058e-08
1.08899006470471e-06
6.82961264288997e-06
1.42245423078972e-05
1.09579885535784e-05
8.76230973286877e-06
1.84012252348402e-05
2.66219550139237e-05
1.78121711443909e-05
8.31484517282089e-06
7.28207448048143e-06
4.99873508286157e-06
1.48356677074973e-06
1.52000525283832e-07
4.37261785063078e-09
0
0
0
2.08219897649085e-10
1.4783612733085e-08
5.45536131840601e-07
6.23410373561359e-06
2.77423862831734e-05
5.0228677689991e-05
4.25116318433206e-05
5.36924156873835e-05
0.000123277006842936
0.000170205399155189
0.00011066075502448
4.90257913412722e-05
3.79986737816744e-05
2.49185080312565e-05
7.29519233403333e-06
7.44386134095477e-07
2.12384295602066e-08
0
0
1.87397907884176e-09
1.70740316072249e-08
1.15353823297593e-07
2.4901017559854e-06
2.3567160895514e-05
7.87904092704136e-05
0.000122961553697997
0.000136150826674783
0.000242886428408681
0.00049593815222059
0.000606286160958801
0.000370009464981093
0.00015590214972598
0.000103015336822601
6.09091091200032e-05
1.70138560568043e-05
1.70511274184835e-06
4.85152361522367e-08
0
1.45753928354359e-09
4.9348115742833e-08
4.42050842709006e-07
1.35488687400259e-06
6.83044552248057e-06
5.12626977017164e-05
0.000147680170627511
0.000222405711056019
0.000348072665884171
0.000721180442942282
0.00125993755957512
0.00131265571436141
0.0007246064931382
0.000298592746946126
0.000173200850602769
8.45345715868589e-05
2.05662957305954e-05
1.93144777059291e-06
5.39289534911129e-08
2.08219897649085e-10
1.52000525283832e-08
5.17842885453273e-07
4.62352282729792e-06
1.2691419201507e-05
1.96626213747983e-05
6.54160288046176e-05
0.000167720086456849
0.000270515543067533
0.000550745169020089
0.00122236698590301
0.00197587086109665
0.00183831517477243
0.000920888727615267
0.000378553768481123
0.000204665792216112
7.8497652094319e-05
1.42953370730979e-05
1.10439833713074e-06
2.87343458755737e-08
4.16439795298169e-10
6.32988488853217e-08
2.15070332281739e-06
1.92051622596633e-05
5.23658467194612e-05
6.11177454574475e-05
6.98854689076552e-05
0.000123825041613548
0.000229249066212154
0.000559283850582882
0.00126551285555457
0.00202289316058274
0.00184389401049014
0.000910956430277508
0.00036881220056961
0.000176388697235776
5.43641330771995e-05
6.99056662377272e-06
3.57930004058776e-07
7.28769641771796e-09
8.32879590596338e-10
1.05775708005735e-07
3.5938754334232e-06
3.21520672755857e-05
8.94564735274879e-05
0.000115096463504099
0.000115102918320926
0.000123726761821858
0.000239276311823241
0.000592300238653609
0.00113211636168589
0.001724682080709
0.00166110359250114
0.000959525387163338
0.000409934797475714
0.000140884081388142
2.92386544676798e-05
2.70082029240628e-06
8.89098962961591e-08
1.04109948824542e-09
6.24659692947254e-10
7.35016238701268e-08
2.5023867299467e-06
2.25485491562147e-05
6.80693749603599e-05
0.000130641744622784
0.000206707596532459
0.000210028079240269
0.000305724278440607
0.000669172318006982
0.00109889945785373
0.00157821687318428
0.0015891619521042
0.00108944939779893
0.000537487808136771
0.000157374472622257
1.95197825250111e-05
9.61767707241121e-07
1.95726703790139e-08
2.08219897649085e-10
2.08219897649085e-10
2.26959688437502e-08
7.72912260073402e-07
7.16838641636503e-06
2.83943227827127e-05
0.000105643904810523
0.000235282237746536
0.000247876418255841
0.000264305176400251
0.000512141824655641
0.000943381473838912
0.0014207470358489
0.00135909416525449
0.000924848028969065
0.000498820123823951
0.000153666909124717
1.6876430924356e-05
5.5053340938418e-07
5.83015713417437e-09
0
0
3.33151836238535e-09
1.13896284014049e-07
1.16707252632312e-06
8.19553517146797e-06
5.14967368666739e-05
0.000133518510728704
0.000160271852498044
0.000167123744669982
0.000296473901267649
0.000658416719193918
0.00101823902568253
0.00088163261387169
0.000536782150903639
0.000284359667622425
8.96753126399171e-05
9.77904749308926e-06
2.95880474559349e-07
2.49863877178901e-09
0
0
2.08219897649085e-10
8.32879590596338e-09
1.08690786572822e-07
1.47815305341085e-06
1.19160083026618e-05
3.62296375312478e-05
6.81559944377819e-05
0.000111094685291181
0.000187976967419538
0.000372937869621629
0.000523866895312159
0.000451963359156489
0.000272276458741951
0.000122909290503687
3.27429953451138e-05
3.31402789098283e-06
9.64058126115261e-08
8.32879590596338e-10
0
0
0
2.08219897649085e-10
5.62193723652528e-09
1.29096336542432e-07
1.23162069459433e-06
5.87367509278303e-06
2.5173369185979e-05
6.54853660305347e-05
0.000111645843360258
0.000161148041827351
0.000184830764766061
0.000188685956171033
0.000149870227510984
6.54997332034725e-05
1.30924507243791e-05
1.08024482900345e-06
2.89425657732228e-08
2.08219897649085e-10
0
0
0
0
2.08219897649085e-10
4.99727754357803e-09
6.85043463265488e-08
8.52452260975352e-07
6.82357426585815e-06
2.3551127963395e-05
4.28487398576145e-05
4.82945230607287e-05
4.4836823440368e-05
6.73002106584441e-05
8.74092554938021e-05
4.59414299973964e-05
9.11336848030513e-06
7.17317547401096e-07
1.87397907884176e-08
2.08219897649085e-10
0
0
0
0
0
0
3.12329846473627e-09
9.95291110762624e-08
1.04359812701721e-06
4.33576292874689e-06
8.44352506956803e-06
8.64841344885473e-06
8.26320663820392e-06
2.18643385725398e-05
3.89379537399694e-05
2.25537546536559e-05
4.64996675429936e-06
3.73338276484809e-07
9.78633518950697e-09
0
0
0
0
0
0
0
2.08219897649085e-10
6.87125662241979e-09
7.8915341209003e-08
3.65634140271792e-07
7.5063273102495e-07
8.2788231305276e-07
1.16707252632312e-06
4.45653046938336e-06
8.66965187841493e-06
5.14178215254649e-06
1.07212425299514e-06
8.66194774220192e-08
2.29041887413993e-09
0
0
0
0
0
0
0
0
2.08219897649085e-10
2.49863877178901e-09
1.27014137565942e-08
2.85261259779246e-08
4.45590580969041e-08
1.02027749848051e-07
4.1394115652638e-07
8.09558962059641e-07
4.81820843159982e-07
1.00778430462157e-07
8.1205760083143e-09
2.08219897649085e-10
0
0
0
0
0
0
0
0
0
0
0
2.08219897649085e-10
1.45753928354359e-09
4.78905764592894e-09
1.60329321189795e-08
3.01918851591173e-08
1.79069111978213e-08
3.74795815768352e-09
2.08219897649085e-10
0
0
0
0
0
0
0
0
0
0
0
0
0
0
0
0
0
0
0
0
0
0
0
0
0
0
0
0
0
0
0
0
0
0
0
0
0
0
0
0
0
0
0
0
0
0
0
0
2.08219897649085e-10
3.12329846473627e-09
2.43617280249429e-08
5.35125136958147e-08
4.76823565616404e-08
1.21600420227065e-07
3.94993145840313e-07
5.40538854297024e-07
2.47781678202411e-07
4.12275397345187e-08
1.60329321189795e-08
1.08274346777524e-08
3.12329846473627e-09
4.16439795298169e-10
0
0
0
0
0
0
1.45753928354359e-09
2.47781678202411e-08
1.57830682418006e-07
3.33568276033833e-07
3.90620527989683e-07
1.57393420632943e-06
5.23256602792149e-06
7.12278625877988e-06
3.25489344005049e-06
5.37623775729936e-07
1.92186965530105e-07
1.23890839101205e-07
3.64384820885898e-08
3.74795815768352e-09
2.08219897649085e-10
0
0
0
0
4.16439795298169e-10
1.27014137565942e-08
1.45337488559061e-07
6.58807756161703e-07
1.32781828730821e-06
2.32998065469326e-06
1.09621529515314e-05
3.49226412337045e-05
4.65186155536796e-05
2.1107667464483e-05
3.51620941160009e-06
1.14229435850288e-06
6.596406357523e-07
1.83441729828843e-07
1.83233509931194e-08
6.24659692947254e-10
0
0
0
4.16439795298169e-10
2.7068586694381e-09
5.95508907276382e-08
5.65733461912563e-07
2.02764536330679e-06
4.55668424015257e-06
1.16407415979697e-05
4.74426954594463e-05
0.000133886643507747
0.000168691015839587
7.52681614817817e-05
1.34166491050188e-05
4.4473687938868e-06
2.0578372484659e-06
4.76198905923456e-07
4.33097387110096e-08
1.24931938589451e-09
0
0
1.24931938589451e-09
1.08274346777524e-08
3.33151836238535e-08
1.67825237505162e-07
1.26097970016286e-06
4.24872701152957e-06
1.21956476252045e-05
3.7399625136138e-05
0.000127288154951248
0.000310836701587585
0.000360694539639863
0.000157034657749294
3.22534703657408e-05
1.26539396199302e-05
4.71618068175176e-06
7.86030113625294e-07
5.53864927746565e-08
1.45753928354359e-09
0
4.16439795298169e-10
1.27014137565942e-08
1.13479844218751e-07
3.20242202584292e-07
5.62401943550177e-07
1.82421452330363e-06
5.46764629236731e-06
1.86313082217424e-05
6.12187321078073e-05
0.000191241855414676
0.000426072672423109
0.000462239427545266
0.000199517347026841
4.95779905098376e-05
2.27072127182233e-05
7.49716563475294e-06
9.43027916452704e-07
4.41426183016059e-08
8.32879590596338e-10
0
1.45753928354359e-09
5.26796341052184e-08
4.73492047254018e-07
1.39611441373711e-06
2.49280861465484e-06
4.25830512682143e-06
6.69593546859926e-06
1.98156629995704e-05
6.10384136764432e-05
0.000168274159604494
0.000357310341643373
0.000390225118404047
0.000192326681081428
6.68610748943022e-05
2.8390574824555e-05
7.56442066169359e-06
7.8249037536526e-07
2.60274872061356e-08
2.08219897649085e-10
0
2.49863877178901e-09
8.80770167055628e-08
8.05394564106659e-07
2.80659600041201e-06
8.20615438624807e-06
1.65391146901644e-05
1.81794710438439e-05
3.48845369924347e-05
8.41895512164543e-05
0.000154870420133129
0.000284296785213335
0.000351209082202459
0.000269931486254627
0.000147805727225793
4.90772216559916e-05
7.29061149628505e-06
4.62039952883319e-07
1.12438744730506e-08
0
0
1.87397907884176e-09
6.1633089704129e-08
5.99256865434065e-07
3.26572087472824e-06
1.71746018177894e-05
4.05985074237209e-05
4.16452288492028e-05
5.71001425323085e-05
0.000128526855122362
0.000245370908227429
0.000420971701370501
0.000477666231542189
0.00044005151525178
0.000297646803951106
9.90071037928562e-05
1.11828660430394e-05
3.79376653516632e-07
4.37261785063078e-09
0
0
6.24659692947254e-10
1.93644504813649e-08
2.34039164957571e-07
2.67708322407428e-06
1.99064468749454e-05
4.9739152710618e-05
4.90232927025005e-05
4.91592602956653e-05
0.000122344598141263
0.000359233044178264
0.00065636616964187
0.000574258817401907
0.000447501414969767
0.000326002189612959
0.00011570571492462
1.29294145445199e-05
3.84790370855508e-07
2.91507856708718e-09
0
0
0
3.12329846473627e-09
6.12166499088309e-08
1.30054148071618e-06
1.08722019557469e-05
2.76468133501525e-05
2.70336057515759e-05
2.31981952368798e-05
7.89930072308261e-05
0.000336196011142165
0.000626443929250209
0.000437745479885316
0.000243445082394073
0.000171015790996839
6.29886012378246e-05
7.12570133734697e-06
2.10510316523224e-07
1.45753928354359e-09
0
0
0
2.08219897649085e-10
1.02027749848051e-08
2.92340736299315e-07
2.52987175643638e-06
6.55517881778848e-06
6.95391992178648e-06
7.42345579098516e-06
3.45320207057148e-05
0.000166493254819901
0.000305744475770679
0.000186085289649396
7.02625551422977e-05
4.07201078439479e-05
1.48240073932289e-05
1.67970991433516e-06
4.95563356404821e-08
4.16439795298169e-10
0
0
0
0
8.32879590596338e-10
2.72768065920301e-08
2.40493981784693e-07
6.74007808690087e-07
1.09711064071303e-06
2.21629259057686e-06
8.98572968304624e-06
3.87018323760353e-05
6.8643645438076e-05
4.008753579489e-05
1.25360871578608e-05
5.24401812229219e-06
1.62932069910409e-06
1.75945813513476e-07
5.20549744122711e-09
0
0
0
0
0
0
1.04109948824542e-09
9.3698953942088e-09
3.99782203486242e-08
1.80526651261756e-07
6.08002101135327e-07
1.59475619609434e-06
4.34013554659752e-06
6.9039471463507e-06
4.72096973939769e-06
2.7060257898475e-06
1.25244268435924e-06
2.67562568479074e-07
2.26959688437502e-08
6.24659692947254e-10
0
0
0
0
0
0
0
0
2.29041887413993e-09
2.47781678202411e-08
1.04942828415139e-07
2.21337751200977e-07
3.10664087292434e-07
3.81042412697825e-07
6.13832258269501e-07
9.47400534303335e-07
5.42829273171163e-07
1.11814085037558e-07
8.95345559891063e-09
2.08219897649085e-10
0
0
0
0
0
0
0
0
2.08219897649085e-10
1.87397907884176e-09
8.74523570126155e-09
1.74904714025231e-08
1.62411520166286e-08
1.9780890276663e-08
1.01194870257455e-07
2.0697057826319e-07
1.23682619203556e-07
2.58192673084865e-08
2.08219897649085e-09
0
0
0
0
0
0
0
0
0
0
0
2.08219897649085e-10
6.24659692947254e-10
6.24659692947254e-10
1.45753928354359e-09
9.16167549655972e-09
1.93644504813649e-08
1.16603142683487e-08
2.49863877178901e-09
2.08219897649085e-10
0
0
0
0
0
0
0
0
0
0
0
0
0
0
0
4.16439795298169e-10
6.24659692947254e-10
4.16439795298169e-10
0
0
0
0
0
0
0
0
0
0
0
0
0
0
0
0
0
0
0
0
0
0
0
0
0
0
0
0
0
0
0
0
0
0
0
0
0
0
0
0
0
0
0
0
0
0
0
0
0
0
0
0
0
2.08219897649085e-10
1.24931938589451e-09
1.27014137565942e-08
4.49754978922023e-08
6.12166499088309e-08
2.68603667967319e-08
3.12329846473627e-09
2.08219897649085e-10
0
0
0
0
0
0
0
0
0
0
0
4.16439795298169e-10
1.24931938589451e-09
1.76986913001722e-08
1.69282776788706e-07
5.96550006764627e-07
8.12890480422026e-07
3.56264244877584e-07
4.24768591204132e-08
1.87397907884176e-09
4.16439795298169e-10
0
0
0
0
0
0
0
0
0
4.16439795298169e-10
1.87397907884176e-09
9.57811529185789e-09
1.23266179408258e-07
1.11668331109204e-06
3.9243204109923e-06
5.3674925215981e-06
2.35767390108058e-06
2.85261259779246e-07
1.43671729377868e-08
2.7068586694381e-09
6.24659692947254e-10
0
0
0
0
0
0
0
2.08219897649085e-10
1.24931938589451e-09
8.53701580361247e-09
5.97591106252873e-08
5.25130581870991e-07
4.12025533468008e-06
1.42824274394437e-05
1.96074431019213e-05
8.64508193049234e-06
1.07941194941285e-06
8.18304197760902e-08
1.87397907884176e-08
2.49863877178901e-09
2.08219897649085e-10
0
0
0
0
0
0
4.16439795298169e-10
3.33151836238535e-09
2.68603667967319e-08
2.12800735397364e-07
1.35613619338849e-06
8.83601957663655e-06
2.98343715948538e-05
4.10041197843413e-05
1.81757230856862e-05
2.4116028545717e-06
2.9109141691342e-07
7.66249223348631e-08
8.74523570126155e-09
4.16439795298169e-10
0
0
0
0
2.08219897649085e-10
8.32879590596338e-10
3.33151836238535e-09
9.99455508715606e-09
4.78905764592894e-08
3.5709712446818e-07
1.89022023085839e-06
1.05540419521391e-05
3.44668478777506e-05
4.72852812168236e-05
2.14926660552362e-05
3.45103658363593e-06
6.72758489304192e-07
1.67825237505162e-07
1.70740316072249e-08
6.24659692947254e-10
0
0
0
2.08219897649085e-10
1.04109948824542e-09
5.62193723652528e-09
2.97754453638191e-08
7.22523044842323e-08
1.07441467186928e-07
4.10609638163995e-07
1.67283865771275e-06
7.53068903827444e-06
2.32812749760418e-05
3.33587015824622e-05
2.02402233708769e-05
7.53547809592037e-06
2.2054651558991e-06
3.29403878080852e-07
2.14466494578557e-08
4.16439795298169e-10
0
0
0
2.08219897649085e-10
2.08219897649085e-09
2.10302096625575e-08
1.49710106409692e-07
3.72505396894212e-07
4.14982256014625e-07
8.58074198211877e-07
3.06249825462274e-06
1.16984185096185e-05
2.88771847253609e-05
4.10574240781394e-05
4.2593878702892e-05
2.85688110569426e-05
9.20123727711305e-06
1.03027205356767e-06
3.56056024979935e-08
4.16439795298169e-10
0
0
0
2.08219897649085e-10
2.49863877178901e-09
4.60165973804477e-08
3.79376653516632e-07
9.59060848571683e-07
9.97997969432062e-07
1.82109122483889e-06
1.04865787053008e-05
5.10294914163494e-05
0.000103947120864581
9.66002899959304e-05
8.71302408309524e-05
6.51713704248799e-05
2.2477129731321e-05
2.47927432130765e-06
7.37098437677759e-08
6.24659692947254e-10
0
0
0
0
1.87397907884176e-09
5.43453932864111e-08
4.67245450324546e-07
1.18539587731624e-06
1.20122058953757e-06
2.82929196925576e-06
2.71062744958555e-05
0.000144289101374398
0.000269004074830498
0.000175245153557887
9.90287586622117e-05
7.36469613586859e-05
2.69725973215648e-05
3.03313924905421e-06
8.95345559891064e-08
6.24659692947254e-10
0
0
0
0
8.32879590596338e-10
2.97754453638191e-08
2.58817332777812e-07
6.57558436775809e-07
6.88999641320821e-07
3.02647621232944e-06
3.66456608867506e-05
0.000195477464572653
0.000350153407321378
0.000190854774624946
6.20457815412695e-05
3.90262389765726e-05
1.47113604286008e-05
1.67575373627983e-06
4.95563356404821e-08
4.16439795298169e-10
0
0
0
0
2.08219897649085e-10
6.87125662241979e-09
6.03837703182345e-08
1.53458064567375e-07
1.8427460941944e-07
1.66013724395615e-06
2.15940691453913e-05
0.000114155309566725
0.000201080245578595
0.000101903442569155
2.13000626499108e-05
9.11857397774636e-06
3.40252134748369e-06
3.89579428501437e-07
1.14520943706996e-08
0
0
0
0
0
0
6.24659692947254e-10
5.62193723652528e-09
1.45753928354359e-08
2.41535081272938e-08
3.9124518768263e-07
5.17988639381628e-06
2.72224611987437e-05
4.76253043096845e-05
2.34649249257683e-05
3.76919658724373e-06
9.1658398945127e-07
3.20242202584292e-07
3.66467019862389e-08
1.04109948824542e-09
0
0
0
0
0
0
0
2.08219897649085e-10
6.24659692947254e-10
1.66575918119268e-09
3.78960213721334e-08
4.94938696711874e-07
2.58775688798282e-06
4.51358272133921e-06
2.20109253804847e-06
3.1378738575717e-07
4.22686392227642e-08
1.2284973961296e-08
1.45753928354359e-09
0
0
0
0
0
0
0
0
0
0
0
1.66575918119268e-09
1.89480106860667e-08
9.70304723044734e-08
1.68658117095758e-07
8.24550794690375e-08
1.2284973961296e-08
1.45753928354359e-09
2.08219897649085e-10
0
0
0
0
0
0
0
0
0
0
0
0
0
0
0
0
2.08219897649085e-10
4.16439795298169e-10
2.08219897649085e-10
0
0
0
0
0
0
0
0
0
0
0
0
0
0
0
0
0
0
0
0
0
0
0
0
0
0
0
0
0
0
0
0
0
0
0
0
0
0
0
0
0
0
0
0
0
0
0
0
0
0
0
0
0
0
0
0
0
0
0
0
0
0
0
0
0
0
0
0
0
0
0
0
0
0
0
0
0
0
0
0
0
0
0
0
0
0
0
0
0
0
0
0
0
0
0
2.08219897649085e-10
1.04109948824542e-09
1.24931938589451e-09
6.24659692947254e-10
0
0
0
0
0
0
0
0
0
0
0
0
0
0
0
4.16439795298169e-10
3.53973826003444e-09
1.29096336542432e-08
1.74904714025231e-08
7.70413621301613e-09
8.32879590596338e-10
0
0
0
0
0
0
0
0
0
0
0
0
0
0
2.29041887413993e-09
2.35288484343466e-08
8.41208386502301e-08
1.15770263092891e-07
5.10138749240257e-08
6.03837703182345e-09
2.08219897649085e-10
0
0
0
0
0
0
0
0
0
0
0
0
4.16439795298169e-10
8.32879590596338e-09
8.28715192643356e-08
3.02127071488822e-07
4.23727491715887e-07
1.87814347679474e-07
2.2279529048452e-08
8.32879590596338e-10
0
0
0
0
0
0
0
0
0
0
0
0
8.32879590596338e-10
1.66575918119268e-08
1.6366083955218e-07
6.1404047816715e-07
8.81811266543873e-07
3.94784925942664e-07
4.76823565616404e-08
1.87397907884176e-09
2.08219897649085e-10
0
0
0
0
0
0
0
0
0
0
0
1.04109948824542e-09
1.83233509931194e-08
1.75737593615827e-07
6.74216028587736e-07
9.9175137250259e-07
4.58708434520933e-07
6.53810478618126e-08
6.03837703182345e-09
6.24659692947254e-10
0
0
0
0
0
0
0
0
0
2.08219897649085e-10
2.08219897649085e-10
1.66575918119268e-09
2.01973300719612e-08
1.48460787023797e-07
4.85777021215314e-07
6.96911997431486e-07
4.33513826905394e-07
1.63452619654531e-07
4.28932989157114e-08
4.58083774827986e-09
2.08219897649085e-10
0
0
0
0
0
0
0
2.08219897649085e-10
8.32879590596338e-10
1.24931938589451e-09
1.37425132448396e-08
1.73030734946389e-07
9.40112837885617e-07
1.84024745542261e-06
1.4783612733085e-06
1.04942828415139e-06
6.77131107154823e-07
2.16548693555048e-07
2.33206285366975e-08
6.24659692947254e-10
0
0
0
0
0
0
0
8.32879590596338e-10
2.08219897649085e-09
4.58083774827986e-09
1.0452638861984e-07
1.3884102775241e-06
7.3230938003183e-06
1.30535136035188e-05
7.30352112993929e-06
2.66875442816832e-06
1.57851504407771e-06
5.40330634399374e-07
5.93426708299891e-08
1.66575918119268e-09
0
0
0
0
0
0
2.08219897649085e-10
1.04109948824542e-09
2.49863877178901e-09
1.18685341659978e-08
3.79376653516632e-07
5.06911340826696e-06
2.64314338075748e-05
4.60942634022708e-05
2.3030161779477e-05
4.63476670177097e-06
1.83649949726493e-06
6.50270740358091e-07
7.30851840748287e-08
2.08219897649085e-09
0
0
0
0
0
0
0
6.24659692947254e-10
1.45753928354359e-09
1.60329321189795e-08
5.798924149527e-07
7.73536919766349e-06
4.01229331774903e-05
6.95081744531151e-05
3.36260559310436e-05
4.99144738644385e-06
1.04297346732426e-06
3.55431365286987e-07
4.03946601439224e-08
1.24931938589451e-09
0
0
0
0
0
0
0
2.08219897649085e-10
4.16439795298169e-10
9.3698953942088e-09
3.56680684672882e-07
4.7532438235333e-06
2.4600764467444e-05
4.25222510581007e-05
2.0368903267624e-05
2.67500102509779e-06
2.84011940393351e-07
8.24550794690375e-08
9.3698953942088e-09
2.08219897649085e-10
0
0
0
0
0
0
0
0
0
2.29041887413993e-09
8.68276973196683e-08
1.15707797123596e-06
5.98319875894644e-06
1.03335370805288e-05
4.93335403499976e-06
6.18204876120132e-07
3.76878014744843e-08
7.91235611066521e-09
8.32879590596338e-10
0
0
0
0
0
0
0
0
0
0
2.08219897649085e-10
8.32879590596338e-09
1.10772985549313e-07
5.73021158330281e-07
9.89252733730801e-07
4.71618068175176e-07
5.80933514440946e-08
2.49863877178901e-09
2.08219897649085e-10
0
0
0
0
0
0
0
0
0
0
0
0
4.16439795298169e-10
4.16439795298169e-09
2.14466494578557e-08
3.7063141781537e-08
1.76986913001722e-08
2.08219897649085e-09
0
0
0
0
0
0
0
0
0
0
0
0
0
0
0
0
0
0
0
0
0
0
0
0
0
0
0
0
0
0
0
0
0
0
0
0
0
0
0
0
0
0
0
0
0
0
0
0
0
0
0
0
0
0
0
0
0
0
0
0
0
0
0
0
0
0
0
0
0
0
0
0
0
0
0
0
0
0
0
0
0
0
0
0
0
0
0
0
0
0
0
0
0
0
0
0
0
0
0
0
0
0
0
0
0
0
0
0
0
0
0
0
0
0
0
0
0
0
0
0
0
0
0
0
0
0
0
0
0
0
0
0
0
0
0
0
0
0
0
0
0
0
0
0
0
0
0
0
0
0
0
0
0
0
0
0
0
2.08219897649085e-10
2.08219897649085e-10
2.08219897649085e-10
0
0
0
0
0
0
0
0
0
0
0
0
0
0
0
0
2.08219897649085e-10
6.24659692947254e-10
8.32879590596338e-10
4.16439795298169e-10
0
0
0
0
0
0
0
0
0
0
0
0
0
0
0
0
4.16439795298169e-10
1.24931938589451e-09
1.87397907884176e-09
8.32879590596338e-10
0
0
0
0
0
0
0
0
0
0
0
0
0
0
0
0
4.16439795298169e-10
1.45753928354359e-09
2.08219897649085e-09
1.04109948824542e-09
2.08219897649085e-10
0
0
0
0
0
0
0
0
0
0
0
0
0
0
2.08219897649085e-10
1.24931938589451e-09
2.7068586694381e-09
2.29041887413993e-09
1.04109948824542e-09
4.16439795298169e-10
0
0
0
0
0
0
0
0
0
0
0
0
0
2.08219897649085e-10
3.74795815768352e-09
1.95726703790139e-08
3.41480632144499e-08
1.74904714025231e-08
3.95617805533261e-09
1.45753928354359e-09
4.16439795298169e-10
0
0
0
0
0
0
0
0
0
0
0
0
2.49863877178901e-09
3.2065864237959e-08
1.66367698221619e-07
2.87759898551035e-07
1.39090891629588e-07
2.06137698672594e-08
3.74795815768352e-09
1.04109948824542e-09
2.08219897649085e-10
0
0
0
0
0
0
0
0
0
0
2.08219897649085e-10
8.95345559891063e-09
1.19934661045873e-07
6.19454195506027e-07
1.06920917442805e-06
5.10763408933204e-07
6.55892677594616e-08
5.4137173388762e-09
1.45753928354359e-09
2.08219897649085e-10
0
0
0
0
0
0
0
0
0
0
4.16439795298169e-10
1.39507331424887e-08
1.84482829317089e-07
9.52814251642211e-07
1.64368787204187e-06
7.82906815160558e-07
9.66140325091752e-08
4.78905764592894e-09
8.32879590596338e-10
0
0
0
0
0
0
0
0
0
0
0
2.08219897649085e-10
8.53701580361247e-09
1.136880641164e-07
5.87388331268068e-07
1.0129898020628e-06
4.82029063057631e-07
5.87180111370418e-08
2.08219897649085e-09
2.08219897649085e-10
0
0
0
0
0
0
0
0
0
0
0
0
2.08219897649085e-09
2.76932463873282e-08
1.4325528958257e-07
2.46948798611814e-07
1.17436022274084e-07
1.41589530401377e-08
4.16439795298169e-10
0
0
0
0
0
0
0
0
0
0
0
0
0
2.08219897649085e-10
2.7068586694381e-09
1.37425132448396e-08
2.37370683319956e-08
1.12438744730506e-08
1.45753928354359e-09
0
0
0
0
0
0
0
0
0
0
0
0
0
0
0
0
4.16439795298169e-10
8.32879590596338e-10
4.16439795298169e-10
0
0
0
0
0
0
0
0
0
0
0
0
0
0
0
0
0
0
0
0
0
0
0
0
0
0
0
0
0
0
0
0
0
0
0
0
0
0
0
0
0
0
0
0
0
0
0
0
0
0
0
0
0
0
0
0
0
0
0
0
0
0
0
0
0
0
0
0
0
0
0
0
0
0
0
0
0
0
0
0
0
0
0
0
0
0
0
0
0
0
0
0
0
0
0
0
0
0
0
0
0
0
0
0
0
0
0
0
0
0
0
0
0
0
0
0
0
0
0
0
0
0
0
0
0
0
0
0
0
0
0
0
0
0
0
0
0
0
0
0
0
0
0
0
0
0
0
0
0
0
0
0
0
0
0
0
0
0
0
0
0
0
0
0
0
0
0
0
0
0
0
0
0
0
0
0
0
0
0
0
0
0
0
0
0
0
0
0
0
0
0
0
0
0
0
0
0
0
0
0
0
0
0
0
0
0
0
0
0
0
0
0
0
0
0
0
0
0
0
0
0
0
0
0
0
0
0
0
0
0
0
0
0
0
0
0
0
0
0
0
0
0
0
0
0
0
0
0
0
0
0
0
0
0
0
0
0
0
0
0
0
0
0
0
0
0
0
0
0
0
0
0
0
0
0
0
0
4.16439795298169e-10
6.24659692947254e-10
2.08219897649085e-10
0
0
0
0
0
0
0
0
0
0
0
0
0
0
0
0
2.08219897649085e-10
1.24931938589451e-09
2.29041887413993e-09
1.04109948824542e-09
2.08219897649085e-10
0
0
0
0
0
0
0
0
0
0
0
0
0
0
0
4.16439795298169e-10
1.87397907884176e-09
3.33151836238535e-09
1.66575918119268e-09
2.08219897649085e-10
0
0
0
0
0
0
0
0
0
0
0
0
0
0
0
2.08219897649085e-10
1.24931938589451e-09
2.08219897649085e-09
1.04109948824542e-09
2.08219897649085e-10
0
0
0
0
0
0
0
0
0
0
0
0
0
0
0
0
2.08219897649085e-10
4.16439795298169e-10
2.08219897649085e-10
0
0
0
0
0
0
0
0
0
0
0
0
0
0
0
0
0
0
0
0
0
0
0
0
0
0
0
0
0
0
0
0
0
0
0
0
0
0
0
0
0
0
0
0
0
0
0
0
0
0
0
0
0
0
0
0
0
0
0
0
0
0
0
0
0
0
0
0
0
0
0
0
0
0
0
0
0
0
0
0
0
0
0
0
0
0
0
0
0
0
0
0
0
0
0
0
0
0
0
0
0
0
0
0
0
0
0
0
0
0
0
0
0
0
0
0
0
0
0
0
0
0
0
0
0
0
0
0
0
0
0
0
0
0
0
0
0
0
0
0
0
0
0
0
0
0
0
0
