0
0
0
0
0
0
0
0
0
0
0
0
0
0
0
0
0
0
0
0
0
0
0
0
0
0
0
0
0
0
0
0
0
0
0
0
0
0
0
0
0
0
0
0
0
0
0
0
0
0
0
0
0
0
0
0
0
0
0
0
0
0
0
0
0
0
0
0
0
0
0
0
0
0
0
0
0
0
0
0
0
0
0
0
0
0
0
0
0
0
0
0
0
0
0
0
0
0
0
0
0
0
0
0
0
0
0
0
0
0
0
0
0
0
0
0
0
0
0
0
0
0
0
0
0
0
0
0
0
0
0
0
0
0
0
0
0
0
0
0
0
0
0
0
0
0
0
0
0
0
0
0
0
0
0
0
0
0
0
0
0
0
0
0
0
0
0
0
0
0
0
0
0
0
0
0
0
0
0
0
0
0
0
0
0
0
0
0
0
0
0
0
0
0
0
0
0
0
0
0
0
0
0
0
0
0
0
0
0
0
0
0
0
0
0
0
0
0
0
0
0
0
0
0
0
0
0
0
0
0
0
0
0
0
0
0
0
0
0
0
1.26776668838309e-08
7.60660013029852e-08
2.53553337676617e-08
0
0
0
0
0
0
0
2.53553337676617e-08
4.81751341585573e-07
1.66077436178184e-06
3.16941672095772e-07
1.26776668838309e-08
0
0
0
0
0
1.26776668838309e-08
8.49403681216669e-07
7.36572445950574e-06
1.43257635787289e-06
7.60660013029852e-08
0
0
0
0
0
0
2.15520337025125e-07
2.10449270271592e-06
4.05685340282588e-07
2.53553337676617e-08
0
0
0
0
0
0
1.26776668838309e-08
1.26776668838309e-07
2.53553337676617e-08
0
0
0
0
0
0
0
0
0
0
0
0
0
0
0
0
0
0
0
1.26776668838309e-08
0
0
0
0
0
0
0
0
3.80330006514926e-08
3.54974672747264e-07
1.14099001954478e-07
1.26776668838309e-08
0
0
0
0
0
0
2.15520337025125e-07
2.52285570988234e-06
2.94121871704876e-06
4.3104067405025e-07
1.26776668838309e-08
0
0
0
1.26776668838309e-08
1.3945433572214e-07
4.56396007817911e-07
5.93314810163285e-06
1.48328702540821e-05
4.42450574245697e-06
3.16941672095772e-07
1.26776668838309e-08
0
0
1.11563468577712e-06
1.23100145441998e-05
4.48789407687613e-06
5.65423943018857e-06
1.81290636438782e-05
1.30579968903458e-05
1.22973368773159e-06
6.33883344191544e-08
0
0
5.40068609251195e-06
7.9083286021337e-05
0.000236020124376279
4.95316445151272e-05
9.72377049989828e-06
5.48942976069877e-06
6.08528010423882e-07
6.33883344191544e-08
0
0
2.99192938458409e-06
0.000126611859168819
0.00103745151410453
0.000212008623298304
1.5669596268415e-05
1.0268910175903e-06
7.60660013029852e-08
1.26776668838309e-08
0
0
4.3104067405025e-07
3.17448778771125e-05
0.000296403851743966
5.99019760261009e-05
3.96810973463906e-06
8.87436681868161e-08
0
0
0
0
0
1.68612969554951e-06
1.77487336373632e-05
3.47368072616966e-06
1.77487336373632e-07
0
0
0
0
0
0
1.26776668838309e-08
1.77487336373632e-07
3.80330006514926e-08
0
0
0
0
0
0
0
1.26776668838309e-08
2.9158633832811e-07
2.44678970857936e-06
3.54974672747264e-07
1.26776668838309e-07
1.14099001954478e-07
1.26776668838309e-08
0
0
0
6.33883344191544e-08
6.11063543800648e-06
6.07767350410852e-05
1.74191142983836e-05
2.04110436829677e-06
6.59238677959206e-07
5.07106675353235e-08
0
0
8.87436681868161e-08
1.40722102410523e-06
3.70061096339023e-05
0.000390256619684966
0.000427059886648727
6.6037966797875e-05
3.62581272877563e-06
1.01421335070647e-07
0
0
9.00114348751992e-07
1.12704458597256e-05
8.47502031184094e-05
0.000898554995725281
0.00212827600578999
0.000648931734782651
5.35631425841854e-05
2.87783038262961e-06
1.77487336373632e-07
3.80330006514926e-08
3.31140659005662e-05
0.000358968137815671
0.000131847735591841
0.000807009563157138
0.00261417294444658
0.001888186350344
0.000205733178190807
1.47948372534306e-05
9.38147349403485e-07
1.26776668838309e-07
0.000156125467674377
0.00170305438083942
0.00052244665228267
0.000829753297546731
0.00113343413008202
0.000812701835587978
0.000109357554539925
1.36158142332344e-05
9.00114348751992e-07
6.33883344191544e-08
8.42050634424047e-05
0.000994436190367694
0.00121727154118479
0.00179746496612331
0.000862968784782368
0.000159434338731057
1.97010943374732e-05
2.94121871704876e-06
1.77487336373632e-07
1.26776668838309e-08
1.19803952052202e-05
0.000154794312651575
0.000329910925317931
0.000417019174476733
0.000191559546614685
2.61920597819946e-05
4.4752164099923e-06
1.10295701889329e-06
7.60660013029852e-08
0
1.26776668838309e-07
3.10602838653856e-06
1.93968303322612e-05
1.38313345702595e-05
1.66077436178184e-05
1.08901158532107e-05
3.04264005211941e-06
8.36726014332838e-07
6.33883344191544e-08
0
0
1.26776668838309e-08
2.28198003908956e-07
6.59238677959206e-07
2.28198003908956e-06
1.95236070010995e-06
5.45139676004728e-07
1.5213200260597e-07
1.26776668838309e-08
0
0
9.38147349403485e-07
2.55708541046869e-05
0.000169018654895233
2.32508410649458e-05
1.7913543306853e-05
1.70261066249849e-05
1.44525402475672e-06
0
0
1.77487336373632e-07
9.79983650120127e-06
0.000223126937155423
0.00151979870603365
0.000340395355830859
0.000122073254424407
9.52853442988728e-05
8.0503184712326e-06
1.26776668838309e-08
1.26776668838309e-08
1.3793301569608e-05
0.000202386274133476
0.0010698556306596
0.00526177689646582
0.00237959807409506
0.000810102913876793
0.00018211468478623
1.25508902149926e-05
1.01421335070647e-07
2.15520337025125e-07
7.79676513355599e-05
0.00105247454936187
0.00344076950293923
0.00989737847020546
0.00802628161482086
0.00441309584226153
0.00126525651034009
0.000155478906663302
6.59238677959205e-06
8.7475901498433e-07
0.000102866589095404
0.00139236279851738
0.00528086946279287
0.0129815378813694
0.0120469656340272
0.00898267212687018
0.00479692488483639
0.00074539610210172
3.45466422584391e-05
6.33883344191544e-07
6.506178644782e-05
0.00102727134759682
0.0053593315431369
0.0121954718239044
0.0110865689792426
0.00644313260736871
0.0034828973899942
0.000622372022661025
3.24928602232585e-05
1.14099001954478e-07
1.47060935852438e-05
0.000383512100902768
0.00321940476148066
0.00773653353819091
0.00695101262040186
0.00253495020408952
0.00117983439087684
0.000177423948039213
7.93621946927813e-06
0
1.22973368773159e-06
0.00017642241235539
0.00208324493301862
0.00391614397808224
0.00427824349961822
0.0019157095651488
0.000620939446303152
0.000154997155321716
1.03956868447413e-05
0
5.07106675353235e-08
3.08701188621282e-05
0.000401032636536222
0.000995982865727521
0.00206998409345814
0.00151721246198934
0.000431243516720391
0.000119474332713222
8.54474747970201e-06
0
0
6.46561011075375e-07
1.33495832286739e-05
9.76560680061492e-05
0.000321099946833668
0.000274040447360888
7.6230810972475e-05
2.0842084357018e-05
1.49596469229204e-06
0
3.80330006514926e-08
3.18209438784155e-06
7.13879422228516e-05
0.000475108244138446
0.00026593941822212
0.000152081291938435
0.000119791274385318
1.01041005064132e-05
1.26776668838309e-08
0
4.20898540543185e-06
0.000119829307385969
0.00108935388232694
0.00327773470681317
0.00251376582272664
0.00112771650231741
0.000811586200902201
6.85481448408735e-05
8.87436681868161e-08
6.33883344191544e-08
7.44686152756226e-05
0.00125304791713096
0.00579401070758281
0.0100340183638794
0.0105245426509486
0.003928175083955
0.00177356756404729
0.000174989835997518
3.38493705798284e-06
4.81751341585573e-07
0.000300955134155261
0.00416722517071651
0.012999045739336
0.0276753087744021
0.0266012188030033
0.0130595942763732
0.00387906180244704
0.000822615771091134
5.2168599226964e-05
1.38186569033757e-06
0.000249978235615377
0.00362322648473133
0.015501097397862
0.0433057183744792
0.0384363533010686
0.0265673694324235
0.00989197778411295
0.00265543875015345
0.000181987908117392
1.00153568382264e-06
0.000160385163747344
0.00279252236216831
0.0157885634944528
0.035713925759101
0.0316292829104657
0.018719589367327
0.00505398993623983
0.000910510035596733
5.44252239322859e-05
2.02842670141294e-07
7.56222829620512e-05
0.00158082899441241
0.0103157414773719
0.0213471626056698
0.0220891610930466
0.0118404717958233
0.00346265115598073
0.00033278875570056
9.07720948882291e-06
2.53553337676617e-08
2.41256000799302e-05
0.000618340524591967
0.00459910257078109
0.008482107127629
0.00926406562102369
0.00742688152455334
0.00190768460201133
0.000369655410998741
2.34536837350871e-05
0
3.14406138719006e-06
0.000154718246650272
0.00166706248455622
0.00414637040869261
0.00252982842666845
0.00188430698427755
0.000840148984391472
0.000265419633879883
1.8965789658211e-05
0
6.33883344191544e-08
4.33069100751663e-05
0.000575667497860992
0.0013045319223462
0.000357560916791566
0.000156112790007493
0.000130148928229408
4.60199307883061e-05
3.29619338979603e-06
0
1.26776668838309e-08
4.05685340282588e-07
1.63795456139095e-05
0.000171300634934323
0.00029251180801063
0.000207913736894826
1.92827313303068e-05
2.15520337025125e-07
0
0
1.3945433572214e-06
3.67398786293419e-05
0.000347672336622178
0.00139084147849132
0.00212172165201105
0.00127807363155964
0.000234410060682033
1.28805095539722e-05
5.07106675353235e-08
2.53553337676617e-08
2.57356637741767e-05
0.000449055638692173
0.00226126473140138
0.0046387709904606
0.00625797528253036
0.00287523146091842
0.000992509185001352
0.000111132427903661
3.65116806254329e-06
8.87436681868161e-08
0.000101345269069344
0.00154124931840109
0.00595018688592472
0.0119043799145847
0.0155346171491028
0.00687552979177553
0.00188826241634531
0.000458944218861561
3.1110994532921e-05
6.33883344191544e-08
6.89031195136208e-05
0.00123881089722042
0.00744385692051079
0.0240296301416196
0.0277055830429207
0.0100731162885491
0.00239175595663665
0.000949379762262559
7.45573589438094e-05
5.07106675353235e-08
5.65677496356534e-05
0.00101492330005196
0.0062093310746971
0.0211580498487637
0.0239447278064985
0.00775344554581394
0.00143039579916887
0.000501110138917183
3.92247013385727e-05
3.80330006514926e-08
4.0403724358769e-05
0.000666274783079732
0.00344371072165628
0.0108069503584528
0.0121443935040294
0.00540983936800208
0.00271449132249833
0.00135562291988804
0.000107202351169674
1.26776668838309e-08
1.98278710063115e-05
0.000390763726360319
0.00240221503181581
0.00543873177083033
0.00424502801238258
0.00347242563714816
0.000917115100043209
0.000923162347146797
8.12765223922397e-05
0
3.10602838653856e-06
9.2724455588339e-05
0.000782579699071996
0.00159600416167235
0.000878435538380641
0.00064297323134725
8.94536175323106e-05
0.00015094030191889
1.3869367570911e-05
0
3.80330006514926e-08
8.16441747318708e-06
0.00013174631425677
0.000544556503328071
0.000245515696872269
2.90698901646242e-05
2.14252570336742e-06
1.96503836699379e-06
1.77487336373632e-07
0
0
0
1.26776668838309e-07
1.45793169164055e-06
3.95543206775523e-06
1.66077436178184e-06
1.26776668838309e-07
0
0
0
1.26776668838309e-08
2.53553337676617e-07
3.27083805602837e-06
3.448325392402e-05
0.00018667864486441
2.71428847982819e-05
1.85093936503931e-06
8.87436681868161e-08
0
0
1.77487336373632e-07
3.22012738849304e-06
2.96277075075128e-05
0.000277995879428643
0.00120374447061974
0.00032156902050837
2.60272501125048e-05
8.62081348100499e-07
2.53553337676617e-08
0
7.47982346146021e-07
1.62147359444197e-05
0.000174419340987745
0.00117449709311874
0.00294329785441771
0.00154429195845321
0.000135841200660248
3.89204373333608e-06
2.15520337025125e-07
0
3.06799538588707e-06
6.37559867587855e-05
0.000532449331454013
0.0025612310075397
0.00490146492596046
0.00251228253570123
0.000221567584128712
9.06453182193908e-06
6.08528010423882e-07
1.26776668838309e-08
1.29565755552752e-05
0.000172099327948004
0.000491754020756916
0.00163517815234339
0.00328901783033978
0.00119399534478608
0.000104058289782484
8.24301900786683e-05
7.56856712964703e-06
1.26776668838309e-08
8.01228547058111e-06
0.000102346804753167
0.000209587188923492
0.000398129450819825
0.0013480416750915
0.000548600679064013
9.9697172374446e-05
0.000407789832985304
3.78048026475837e-05
0
1.33115502280224e-06
1.76980229698279e-05
5.16995255522623e-05
0.000166001370176881
0.000262719290833627
0.000113896159284337
4.56396007817911e-05
0.000310222508647342
2.88290144938314e-05
0
3.80330006514926e-08
8.62081348100499e-07
5.31574572439029e-05
0.00053892761923165
0.000262288250159577
2.48228717585409e-05
6.23741210684479e-06
5.25108962328275e-05
4.88090175027489e-06
0
0
8.87436681868161e-08
3.83752976573561e-05
0.000421076027879559
0.000202576439136734
1.54540759313898e-05
7.60660013029852e-08
5.8317267665622e-07
5.07106675353235e-08
0
0
0
0
0
1.26776668838309e-08
0
0
0
0
0
0
0
5.32462009120897e-07
5.81904909967837e-06
1.74951802996866e-06
1.26776668838309e-07
0
0
0
0
0
3.80330006514926e-08
4.69200451370581e-05
0.000504304910971908
5.53887266154571e-05
5.23587642302215e-06
2.06645970206443e-06
1.5213200260597e-07
0
0
0
2.02842670141294e-07
0.000210018229597542
0.00225183254723981
0.000253350495006476
0.000282242897834727
0.000173088185964943
1.38313345702595e-05
1.26776668838309e-08
0
1.26776668838309e-08
4.3104067405025e-07
5.02542715275056e-05
0.000519758986903298
0.000193093544307628
0.00129039632377073
0.000809240832528692
6.48842991114464e-05
5.07106675353235e-08
0
8.87436681868161e-08
1.17902302019627e-06
3.72723406384628e-06
1.63161572794903e-05
7.22119905703007e-05
0.000566235313699422
0.000354822540744658
2.9006501830205e-05
7.60660013029852e-08
0
5.07106675353235e-08
6.97271678610698e-07
1.33115502280224e-06
2.30733537285722e-06
1.49976799235719e-05
7.1058322883872e-05
4.33576207427016e-05
6.28812277438011e-06
2.66231004560448e-07
0
1.26776668838309e-08
1.01421335070647e-07
2.53553337676617e-07
9.12792015635823e-07
1.724162696201e-06
1.36918802345373e-06
7.35304679262191e-07
2.20591403778657e-06
2.02842670141294e-07
0
0
0
3.42297005863434e-07
3.7779447313816e-06
1.83826169815548e-06
1.5213200260597e-07
3.80330006514926e-08
3.67652339631095e-07
3.80330006514926e-08
0
0
0
2.66231004560448e-07
2.97925171770026e-06
1.43257635787289e-06
1.14099001954478e-07
0
0
0
0
