0
0
0
0
0
0
0
0
0
0
0
0
0
0
0
0
0
0
0
0
0
0
0
0
0
0
0
0
0
0
0
0
0
0
0
0
0
0
0
0
0
0
0
0
0
0
0
0
0
0
0
0
0
0
0
0
0
0
0
0
0
0
0
0
0
0
0
0
0
0
0
0
0
0
0
0
0
0
0
0
0
0
0
0
0
0
0
0
0
0
0
0
0
0
0
0
0
0
0
0
4.30816597264554e-08
4.99747252826883e-07
5.51445244498629e-07
6.03143236170376e-08
0
0
0
0
0
8.61633194529108e-09
1.20628647234075e-07
4.56665593100427e-07
6.54841227842122e-07
5.77294240334503e-07
1.63710306960531e-07
8.61633194529108e-09
0
0
0
0
3.44653277811643e-08
1.72326638905822e-07
3.9635126948339e-07
4.30816597264554e-07
2.15408298632277e-07
1.72326638905822e-08
0
0
0
0
0
0
2.58489958358732e-08
8.61633194529108e-09
0
0
0
0
0
0
0
0
0
0
0
0
0
0
0
0
0
0
0
0
0
0
0
0
0
0
0
0
0
0
0
0
0
0
0
0
0
0
0
0
0
0
0
0
0
0
0
0
0
0
0
0
0
0
0
0
0
0
0
0
0
0
0
0
0
5.68677908389211e-07
6.94821008068273e-05
0.00077703804749024
0.000862503444055583
8.96270848949178e-05
3.10187950030479e-06
1.72326638905822e-07
0
0
0
1.27177059512496e-05
0.000185354532807102
0.000721221449148645
0.00103953460020353
0.000913899864109244
0.00025161412546639
1.68276962891535e-05
1.72326638905822e-08
0
0
4.12722300179443e-06
6.14861447615972e-05
0.000283485937332022
0.000633136687671934
0.000677398784874894
0.000340758695772372
2.75119479013144e-05
3.44653277811643e-08
0
0
8.61633194529108e-08
1.24075180012192e-06
8.41815631054939e-06
5.05434031910775e-05
1.60177610862961e-05
4.17030466152088e-06
3.01571618085188e-07
0
0
0
0
8.61633194529108e-09
1.46477643069948e-07
8.96098522310273e-07
5.68677908389211e-07
1.12012315288784e-07
8.61633194529108e-09
0
0
0
0
0
2.58489958358732e-08
2.75722622249315e-07
2.84338954194606e-07
2.58489958358732e-08
0
0
0
0
0
0
0
0
0
0
0
0
0
0
0
0
0
0
0
0
0
0
0
0
0
0
0
0
0
0
0
0
0
0
0
0
0
0
0
0
0
0
0
0
0.00060518530684141
0.000890187718595803
0.00206660998441418
0.00456220128738856
0.00115604464076776
9.25652540882621e-05
2.32640962522859e-06
2.58489958358732e-08
0
0
0.00126747104548426
0.00473435559965547
0.0107790398798911
0.0183373379602921
0.0106899039259171
0.00240516289920855
0.000171602867022417
2.27471163355685e-06
0
0
0.00101305661213565
0.00684089366630413
0.0117680741585633
0.0123351752782065
0.00642326867324782
0.00219393352156974
0.000333857013884194
1.67415329697006e-05
1.72326638905822e-08
0
8.49139513208436e-05
0.00102943625916365
0.00271313645192909
0.00606135688254975
0.00232592711063966
0.00038998380017582
2.32037819286689e-05
1.98175634741695e-07
0
0
7.9270253896678e-07
1.79822847698225e-05
0.000166338288203844
0.000737333989886339
0.000765044113422395
0.000172025067287736
1.02275860190605e-05
8.61633194529108e-09
0
0
0
1.20628647234075e-07
3.89027387329892e-05
0.000433030994574494
0.000446532786732765
4.0582923462321e-05
1.37861311124657e-07
0
0
0
0
0
3.9635126948339e-07
4.50634160738724e-06
4.64420291851189e-06
4.13583933373972e-07
0
0
0
0
0
0
0
0
0
0
0
0
0
0
0
0
0
0
0
0
0
0
0
0
0
0
0
0
0
0
0
0
0
0
0.00187817942110261
0.00602477193711005
0.0177528404664513
0.0164280880461948
0.00737342606218284
0.00221823157765546
0.000162099052886761
3.1880428197577e-07
0
0
0.00221118341812421
0.0190856922387365
0.0562415730658013
0.0537872453765129
0.0327088626651209
0.0101092665487878
0.000908057991050337
1.88094526365704e-05
1.72326638905822e-08
0
0.00291634402452684
0.0255799939525413
0.0556866468231968
0.0445627382571954
0.0291496110324962
0.00830874612750808
0.00199664536901841
0.000139489797862317
1.29244979179366e-07
0
0.000880141075547593
0.00847424001518129
0.0218445297153034
0.0169076730822697
0.00873509946482498
0.00164870065240367
0.000107075157084132
1.55093975015239e-06
0
0
9.02991587866505e-06
0.000130141077701677
0.00094559934933597
0.00316016036958274
0.00142499482610808
0.000510819239376582
3.91870776871838e-05
3.44653277811643e-08
0
0
0
4.91130920881592e-07
4.15651853040842e-05
0.000417754238035493
0.000411895132312695
4.04105968234152e-05
4.39432929209845e-07
0
0
0
0
0
3.61885941702225e-07
4.08414134206797e-06
4.20476998930205e-06
3.70502273647517e-07
0
0
0
0
0
0
0
0
0
0
0
0
0
0
0
0
0
0
0
0
0
0
0
0
0
0
0
0
0
0
0
0
0
0
0.00103624316140043
0.00316159068068566
0.0101478763322346
0.00924937385331162
0.00245559429008434
0.000889084828106806
7.67284359728171e-05
6.11759568115667e-07
0
0
0.00319439305640138
0.019368307926542
0.0495782447682257
0.0486997752610755
0.024877607805025
0.0135823031639679
0.001665657593672
5.32316987580083e-05
4.30816597264554e-08
0
0.00303471519279125
0.0197062663144322
0.0403139388116529
0.0417233036116122
0.0356276968095799
0.0157816218930035
0.00174821067003983
5.08794401369438e-05
4.30816597264554e-08
0
0.000398333025830807
0.00437893190691222
0.0113794603551668
0.00954032153410826
0.00451210593345864
0.000888223194912276
5.71693624570063e-05
5.68677908389211e-07
0
0
3.90319837121686e-06
7.23858046723904e-05
0.000505115227628799
0.00113745921276177
0.000142341803736209
8.05627036884716e-06
4.39432929209845e-07
0
0
0
0
3.01571618085188e-07
4.13583933373972e-06
1.12615458524954e-05
1.30106612373895e-06
2.58489958358732e-08
0
0
0
0
0
0
0
0
0
0
0
0
0
0
0
0
0
0
0
0
0
0
0
0
0
0
0
0
0
0
0
0
0
0
0
0
0
0
0
0
0
0
0
0
1.79478194420413e-05
0.000193229860205098
0.000167604888999802
0.000190102131708957
9.00665178241277e-05
2.13857358882125e-05
1.99037267936224e-06
6.03143236170376e-08
0
0
0.00014874373837156
0.00165359472894859
0.00193347042319554
0.00557518896886865
0.00559726401131249
0.00183771712628752
0.000188637355278258
5.7040117477827e-06
8.61633194529108e-09
0
8.12778592399308e-05
0.000900820272216292
0.00116709077832162
0.00441966130801761
0.00631202321150216
0.00363025020785393
0.000389216946632689
9.11607919811797e-06
8.61633194529108e-09
0
1.40446210708245e-05
0.000155946991877823
0.000140256651405448
0.000205301341260451
0.000924170531788031
0.00097460192266382
8.74643855766498e-05
1.72326638905822e-07
0
0
1.37861311124657e-07
1.56817241404298e-06
1.60263774182414e-06
2.35225862106447e-06
9.14192819395384e-06
9.90878173708475e-06
8.7886585841969e-07
0
0
0
0
0
0
8.61633194529108e-09
0
0
0
0
0
0
0
0
0
0
0
0
0
0
0
0
0
0
0
0
0
0
0
0
0
0
0
0
0
0
0
0
0
0
0
0
0
0
0
0
0
0
0
0
0
0
8.61633194529108e-09
1.20628647234075e-07
3.79118605592808e-07
3.11049583225008e-06
1.94729101963578e-06
1.72326638905822e-07
0
0
0
0
9.47796513982019e-08
1.07704149316139e-06
2.73827029221351e-05
0.000289293345063148
0.000185363149139047
1.76979458156279e-05
2.75722622249315e-07
0
0
0
5.16979916717465e-08
5.85910572279794e-07
2.46771746913137e-05
0.000276291300157704
0.000308869651242849
0.000170215637579225
1.39929230791527e-05
1.72326638905822e-08
0
0
8.61633194529108e-09
9.47796513982019e-08
3.44653277811643e-07
1.51733605556576e-05
0.000144806074672562
0.000169922682293085
1.52164422153841e-05
1.72326638905822e-08
0
0
0
0
0
1.29244979179366e-07
1.49924175848065e-06
1.77496438072996e-06
1.63710306960531e-07
0
0
0
0
0
0
0
0
0
0
0
0
0
0
0
0
0
0
0
0
0
0
0
0
0
0
0
0
0
0
0
0
0
0
0
0
0
0
0
0
0
0
0
0
0
0
0
0
0
0
0
0
0
0
0
0
0
0
0
0
0
0
0
0
0
1.72326638905822e-08
1.80942970851113e-07
1.20628647234075e-07
8.61633194529108e-09
0
0
0
0
0
0
1.72326638905822e-08
1.72326638905822e-07
1.98175634741695e-07
1.03395983343493e-07
8.61633194529108e-09
0
0
0
0
0
0
8.61633194529108e-09
9.47796513982019e-08
1.12012315288784e-07
8.61633194529108e-09
0
0
0
0
0
0
0
0
0
0
0
0
0
0
0
0
0
0
0
0
0
0
0
0
0
0
0
0
0
0
0
0
0
0
0
0
0
0
0
0
0
0
0
0
0
0
0
0
0
0
0
0
0
0
0
0
0
0
0
0
0
0
0
0
0
0
0
0
0
0
0
0
0
0
0
0
0
0
0
0
0
0
0
0
0
0
0
0
0
0
0
0
0
0
0
0
0
0
0
0
0
0
0
0
0
0
0
0
0
0
0
0
0
0
0
0
0
0
0
0
0
0
0
0
0
0
0
0
0
0
0
0
0
0
0
0
0
0
0
0
0
0
0
0
0
0
0
0
0
0
0
0
0
0
0
0
0
0
0
0
0
0
0
0
