0
0
0
0
0
0
0
0
0
0
0
0
0
0
0
0
0
0
0
0
0
0
0
0
0
0
0
0
0
0
0
0
0
0
0
0
0
0
0
0
0
0
0
0
0
0
0
0
0
0
0
0
0
0
0
0
0
0
0
0
0
0
0
0
0
0
0
0
0
0
0
0
0
0
0
0
0
0
0
0
0
0
0
0
0
0
0
0
0
0
0
0
0
0
0
0
0
0
0
0
0
0
0
0
0
0
0
0
0
0
0
0
0
0
0
0
0
0
0
0
0
0
0
0
0
0
0
0
0
0
0
0
0
0
0
0
0
0
0
0
0
0
0
0
0
0
0
0
0
0
0
0
0
0
0
0
0
0
0
0
0
0
0
0
0
0
0
0
0
0
0
0
0
0
0
0
0
0
0
0
0
0
0
0
0
0
0
0
0
0
0
0
0
0
0
0
0
0
0
0
0
0
0
0
0
0
0
0
0
0
0
0
0
0
0
0
0
0
0
0
0
0
0
0
0
0
0
0
0
0
0
0
0
0
0
0
0
0
0
0
0
0
0
1.77569158481646e-08
7.10276633926584e-08
2.66353737722469e-08
0
0
0
0
0
0
0
7.10276633926584e-08
3.64016774887374e-07
1.42055326785317e-07
0
0
0
0
0
0
0
3.55138316963292e-08
8.87845792408229e-08
4.43922896204115e-08
0
0
0
0
0
0
0
1.42055326785317e-07
8.87845792408230e-09
0
0
0
0
0
0
0
0
1.06541495088988e-07
0
0
0
0
0
0
0
0
0
1.77569158481646e-08
0
0
0
0
0
0
0
0
0
0
0
0
0
0
0
0
0
0
0
8.87845792408230e-09
8.87845792408229e-08
2.66353737722469e-08
0
0
0
0
0
0
0
3.55138316963292e-08
6.12613596761678e-07
2.21961448102057e-07
8.87845792408230e-09
0
0
0
0
0
2.66353737722469e-08
6.12613596761678e-07
3.65792466472191e-06
1.65139317387931e-06
9.76630371649052e-08
8.87845792408230e-09
0
0
0
0
1.58924396841073e-06
6.88701981171064e-05
0.000353167299304146
0.000133691819420831
3.43596321661985e-06
3.55138316963292e-08
0
0
0
0
7.91070601035732e-06
0.000351613569167431
0.00180954514488098
0.000694446343447945
1.70200038404658e-05
7.99061213167407e-08
0
0
0
0
4.72333961561178e-06
0.000193177487512183
0.00042553560984334
0.000221410983710764
5.62894232386817e-06
3.55138316963292e-08
0
0
0
0
1.80765403334316e-05
0.000700607993247258
3.9597922341407e-05
1.85204632296357e-05
4.97193643748608e-07
0
0
0
0
0
1.38947866511888e-05
0.000538336417768806
1.80942972492797e-05
2.39718363950222e-07
0
0
0
0
0
0
2.14858681762792e-06
8.31733938328029e-05
2.77895733023776e-06
1.77569158481646e-08
0
0
0
0
0
0
0
1.9532607432981e-07
3.38269246907535e-06
1.01214420334538e-06
9.76630371649052e-08
0
0
0
0
0
4.08409064507786e-07
2.54367819524958e-05
0.000448459788203321
0.000126127373269513
3.47147704831618e-06
2.66353737722469e-08
0
0
0
1.50933784709399e-07
8.60322572843574e-06
0.000188729380092217
0.00305728810769981
0.00112082540679407
4.8121241948526e-05
7.81304297319242e-07
8.87845792408230e-09
0
0
1.65139317387931e-06
7.17556969424331e-05
0.000468613887690988
0.00497845322560236
0.00324409086242251
0.000349083208659068
2.86774190947858e-05
5.59342849217185e-07
0
0
5.18501942766406e-06
0.000221446497542461
0.000945964177979272
0.00352866319580519
0.00386911654336205
0.00117747884680764
0.00019804288245458
4.39483667242074e-06
0
0
3.08970335758064e-06
0.000149584259104938
0.00124579858053346
0.00264718325772853
0.00231400136721149
0.00142983125638383
0.000390403551837747
9.17144703557701e-06
0
0
1.24298410937152e-06
6.68725450841878e-05
0.00074698017898474
0.000869653832121785
0.000643182127394294
0.000966482294241826
0.000170546298263697
3.77334461773498e-06
0
0
2.48596821874304e-07
3.86479273435302e-05
0.00113816503511981
0.000355617753691192
7.09832711030379e-05
0.000148776319433847
2.06690500472636e-05
4.35044438280032e-07
0
0
1.77569158481646e-08
3.19979623583926e-05
0.00121795573648353
0.000216669887179304
5.46913008123469e-06
1.13644261428253e-06
1.50933784709399e-07
0
0
0
0
5.66889538452655e-05
0.00219582909224196
8.48780577542267e-05
7.45790465622913e-07
0
0
0
0
0
8.87845792408230e-09
7.90182755243324e-07
2.62979923711318e-05
0.00024075714352734
0.000490161905072735
0.000366493864648193
9.59761301593296e-06
8.87845792408230e-09
0
0
1.10980724051029e-06
6.18828517308536e-05
0.00108247046856204
0.00409148640052862
0.00467059269708481
0.00194692152434031
9.88172366950359e-05
1.33176868861234e-06
0
5.68221307141267e-07
3.16872163310497e-05
0.000542180790049934
0.00697579551249353
0.0199696850381257
0.0169984291877102
0.00287190590624498
0.000439838805559037
9.73078988479419e-06
0
3.72895232811456e-06
0.000182470067255739
0.00180554096035722
0.0137111357490292
0.0326737816971158
0.0284755584754239
0.00685023636053116
0.000973860292776739
2.10685806538473e-05
0
4.98969335333425e-06
0.000273927062331711
0.00355269718140568
0.0174728673437994
0.0385557334364466
0.0356415749489409
0.0133023449108306
0.00178092099653374
3.77423246352738e-05
0
8.78967334484147e-07
0.000139480573987333
0.00446935356977756
0.0154395140315682
0.0289322574725807
0.0200911157071534
0.0107283556602282
0.00321211065697996
7.61771689886261e-05
0
8.87845792408230e-09
7.164027698942e-05
0.00295111062938571
0.00766213582385679
0.0141995929901805
0.00916342090961364
0.00560221816551669
0.00114279071169825
2.59428540541685e-05
0
0
1.50933784709399e-05
0.000636940571473664
0.00216571336296347
0.00467023755876784
0.00456889884002237
0.001422444379391
0.000138193197588341
2.69905120892102e-06
0
0
3.42708475869577e-06
0.000162795404495973
0.00119361988331362
0.00114436219875082
0.00118671244304869
0.000147959501304831
5.2649255489808e-06
5.32707475444938e-08
0
0
5.14950559596773e-07
2.49928590562917e-05
0.000198176059323441
0.000123295145191731
0.000109338209335073
4.32380900902808e-06
5.32707475444938e-08
0
0
0
3.55138316963292e-08
3.02755415211206e-06
7.55734338497885e-05
0.000422951978587432
0.000504038934808076
0.0007055266589372
0.000345922477638094
8.47892731749859e-06
0
8.87845792408230e-09
5.04296410087874e-06
0.000213766631438129
0.00127958999139251
0.00400206257231726
0.00415987716191782
0.00310670560450526
0.00101759557651077
2.42914608802892e-05
0
1.05653649296579e-06
8.242760336718e-05
0.00179335971608538
0.00749905630870725
0.0157088154173214
0.0143250988713953
0.00566669352696137
0.00145026058806715
3.39334661858425e-05
0
6.92519718078419e-06
0.000373010652764469
0.00451062952066662
0.0183916368051572
0.0391820464937851
0.0333361324151682
0.00794854599802976
0.00173343012509783
4.00418452376111e-05
0
9.26911007274192e-06
0.000430125772590091
0.0033045886747172
0.0220382591929418
0.05533649834969
0.0463560535794338
0.0118460114575434
0.0014098724829705
2.92989111494716e-05
0
1.62475780010706e-06
0.000142703454213775
0.00348055083231459
0.0161060820171345
0.0455878716429263
0.0305668614825256
0.0138322734289453
0.00160447052375053
3.27348743660914e-05
0
8.87845792408230e-09
5.32263552548734e-05
0.00221314208519392
0.00717358091966832
0.0209640101764174
0.0140549007613917
0.00702963448134517
0.000677239891991073
1.30424546904769e-05
0
0
1.28648855319952e-05
0.000550970463394775
0.00224333772059372
0.00743398609058165
0.00553723673197033
0.00291498418409262
0.000131214729660012
1.53597322086624e-06
0
0
3.03643261003615e-06
0.000137536191701959
0.000810274705525522
0.00126489614352816
0.00117369662373198
0.00102624319452882
2.62713569973595e-05
1.77569158481646e-08
0
0
4.08409064507786e-07
1.876906005151e-05
0.00011265875259868
6.91898226023733e-05
9.30906313340029e-05
0.000129678756439146
3.29390788983453e-06
0
0
0
0
3.72895232811456e-07
1.61055226742853e-05
5.94679111755032e-05
3.6250743704028e-05
1.20480674029797e-05
8.70976722352473e-06
2.21961448102057e-07
0
0
1.77569158481646e-08
4.89203031616934e-06
0.000172686006623401
0.000424647764050932
0.000271947166214641
5.04385194667115e-05
2.06512931314154e-05
5.06072101672691e-07
0
0
2.31727751818548e-06
0.000106985417985192
0.000711057938223903
0.00118876336682915
0.000757714234614955
0.000149770706721344
7.43126928245688e-06
1.06541495088988e-07
0
0
1.33975930074402e-05
0.000557451737679355
0.00168640093347396
0.00386416236384041
0.00213169111219839
0.000361752768116733
3.01956353998039e-05
5.77099765065349e-07
0
0
1.31933884751863e-05
0.000580296009918019
0.00299295480158191
0.00749961565155647
0.00456820632030429
0.000841562391249988
0.000148243611958402
3.34717863737903e-06
0
0
1.59190750578796e-05
0.00068138613184162
0.00270283343199668
0.00599775346603455
0.0045492241772626
0.00172767688436302
0.000172437409801526
3.38269246907535e-06
0
0
1.21634873559927e-05
0.000512668795910284
0.00170398028016365
0.00314718249418115
0.00208035586848134
0.0014819122905665
0.000133017056618601
2.48596821874304e-06
0
0
5.64669923971634e-06
0.000244184228286035
0.00101795071482773
0.000873995398046661
0.00083182272290727
0.000483547453919294
2.73012581165531e-05
3.99530606583703e-07
0
0
7.7242583939516e-07
3.39245877279185e-05
0.000157033285303244
0.000105058792615666
0.000173360769425631
5.32529906286456e-05
1.37616097823276e-06
0
0
0
8.87845792408230e-09
2.57475279798387e-07
1.26961948314377e-06
3.95091377621662e-06
1.26340456259691e-05
7.01398176002501e-07
8.87845792408230e-09
0
0
0
0
0
0
8.87845792408230e-09
8.87845792408230e-09
0
0
0
0
0
0
0
3.55138316963292e-08
8.87845792408229e-08
5.32707475444938e-08
8.87845792408230e-09
0
0
0
0
0
1.77569158481646e-08
1.42055326785317e-07
2.39718363950222e-07
1.50933784709399e-07
2.66353737722469e-08
0
0
0
0
0
1.06541495088988e-07
3.37381401115127e-07
7.90182755243324e-07
4.2616598035595e-07
7.10276633926584e-08
8.87845792408230e-09
0
0
0
0
1.1541995301307e-07
6.83641260154337e-07
4.78548882108036e-06
1.63363625803114e-06
1.86447616405728e-07
2.66353737722469e-08
0
0
0
0
1.33176868861234e-07
2.58363125590795e-06
8.0696304071984e-05
1.84228001924708e-05
7.45790465622913e-07
3.55138316963292e-08
0
0
0
0
1.06541495088988e-07
8.95836404539904e-06
0.000335943090931426
7.42771789928725e-05
1.97989611707035e-06
2.66353737722469e-08
0
0
0
0
4.43922896204115e-08
1.88223307990545e-06
6.54519918163347e-05
1.45429140796468e-05
4.2616598035595e-07
8.87845792408230e-09
0
0
0
0
8.87845792408230e-09
4.43922896204115e-08
5.14950559596773e-07
1.42055326785317e-07
8.87845792408230e-09
0
0
0
0
0
0
0
0
0
0
0
0
0
0
0
0
0
0
0
0
0
0
0
0
0
0
0
0
0
0
0
0
0
0
0
0
0
0
0
0
0
0
0
0
0
0
0
0
0
0
0
0
0
0
0
0
0
0
0
0
0
0
0
0
0
0
0
1.77569158481646e-08
0
0
0
0
0
0
0
0
0
7.10276633926584e-08
1.77569158481646e-08
0
0
0
0
0
0
0
0
8.87845792408230e-09
0
0
0
0
0
0
0
0
0
0
0
0
0
0
0
0
0
0
0
0
0
0
0
0
0
