3.34930130347908e-06
2.72617547957599e-05
2.26995835850409e-06
0
0
0
0
0
0
2.65941199844352e-06
9.73967917254232e-05
0.000794184989811336
6.60179555931607e-05
3.33817405662367e-08
0
0
0
0
0
8.8350340031973e-06
0.000323980919442182
0.00264180869391826
0.00021959621669156
1.22399715409534e-07
0
0
0
0
0
3.44944652517779e-07
1.26516796746037e-05
0.000103138451102816
8.56798007866741e-06
0
0
0
0
0
0
0
0
1.11272468554122e-08
0
0
0
0
0
0
0
0
0
0
0
0
0
0
0
0
0
0
0
0
0
0
0
0
0
0
0
0
0
0
0
0
0
0
0
0
0
0
0
0
0
0
0
0
0
0
0
0
0
0
0
0
0
0
0
0
0
0
1.11272468554122e-08
1.22399715409534e-07
1.11272468554122e-08
0
0
0
0
0
0
1.11272468554122e-08
4.56217121071901e-07
3.68311870914145e-06
3.0043566509613e-07
0
0
0
0
0
0
4.45089874216489e-08
1.50217832548065e-06
1.22399715409534e-05
1.01257946384251e-06
0
0
0
0
0
0
0
5.56362342770611e-08
4.78471614782725e-07
4.45089874216489e-08
0
0
0
0
0
0
0
0
0
0
0
0
0
0
0
0
0
0
0
0
0
0
0
0
0
0
0
0
0
0
0
0
0
0
0
0
0
0
0
0
0
0
0
0
0
0
0
0
0
0
0
0
0
0
0
0
0
0
0
0
0
0
0
0
0
0
0
1.11272468554122e-08
1.55781455975771e-07
2.0029044339742e-07
1.11272468554122e-07
1.33526962264947e-07
1.11272468554122e-08
0
0
0
0
3.22690158806954e-07
4.15046307706876e-06
5.84180459909142e-06
3.5495917468765e-06
3.72762769656309e-06
3.89453639939428e-07
1.11272468554122e-08
0
0
0
5.45235095915199e-07
7.59990960224655e-06
1.7113705663624e-05
1.9517190984393e-05
1.11161196085568e-05
8.79052501577566e-07
1.11272468554122e-08
0
0
0
4.45089874216489e-08
1.06821569811957e-06
7.11031074060841e-06
1.39313130629761e-05
5.95307706764554e-06
4.11708133650252e-07
0
0
0
0
0
8.90179748432978e-08
1.68021427516725e-06
9.06870618716096e-06
2.49250329561234e-06
1.89163196542008e-07
4.45089874216489e-08
0
0
0
0
0
8.90179748432978e-08
5.0072610849355e-07
1.89163196542008e-07
1.19061541352911e-06
1.20174266038452e-06
8.90179748432978e-08
0
0
0
0
0
1.11272468554122e-08
3.33817405662367e-08
4.11708133650252e-07
4.11708133650252e-07
3.33817405662367e-08
0
0
0
0
0
0
0
1.11272468554122e-08
1.11272468554122e-08
0
0
0
0
0
0
0
0
0
0
0
0
0
0
0
0
0
0
0
0
0
0
3.33817405662367e-08
2.95984766353965e-06
3.50285731008377e-05
5.20087518021967e-05
3.85781648477142e-05
3.41495205992601e-05
3.74988219027392e-06
1.0014522169871e-07
0
0
8.34543514155917e-07
7.93150155853783e-05
0.000938928216906539
0.00134893388178791
0.00085866738533845
0.00083732532586977
8.96411006672009e-05
2.10304965567291e-06
0
0
1.02370671069792e-06
0.000128664355389131
0.00171041362313283
0.00385063941054968
0.00436368338131217
0.00245352454987783
0.000195739399433556
1.62457804089018e-06
0
0
4.42864424845406e-06
1.64349436054439e-05
0.000269379519122674
0.00164109087522362
0.00311559573777486
0.00132699095098904
9.15549871263317e-05
1.33526962264947e-07
0
0
1.06376479937741e-05
2.04741342139585e-06
2.55147770394602e-05
0.000381675694387495
0.00201240710278872
0.000559644880592958
4.33851354892523e-05
1.03483395755334e-05
8.0116177358968e-07
0
4.11708133650252e-07
6.67634811324733e-08
1.11272468554122e-06
2.09080968413196e-05
0.000112974937323
4.6778945780153e-05
0.000262213572147789
0.000264828475158811
2.04296252265368e-05
1.11272468554122e-08
0
0
2.22544937108244e-08
3.22690158806954e-07
1.51330557233606e-06
7.17707422174088e-06
8.9997172566574e-05
9.1399205670356e-05
7.04354725947594e-06
0
0
0
0
0
0
2.44799430819069e-07
3.14901086008166e-06
3.19351984750331e-06
2.44799430819069e-07
0
0
0
0
0
0
0
0
0
0
0
0
0
0
0
0
0
0
0
0
0
4.80697064153808e-06
8.70039431624681e-05
0.000478538378263858
0.00171299514440329
0.00319646856791999
0.00131546312324683
0.000160688571839008
6.06434953619966e-06
0
0
0.000124925600445713
0.00215834094529745
0.00950918938117931
0.0192166217923346
0.0201658538398293
0.00716759380742007
0.00125520908152478
6.60958463211486e-05
3.33817405662367e-08
0
0.000157784360409745
0.00253579941312675
0.0150337339179292
0.0342463944103833
0.0328521837611407
0.0120903434524887
0.00156394567277504
6.42375960962947e-05
3.33817405662367e-08
0
0.000954395090035562
0.00130761841421377
0.00838808587875596
0.0228921405918738
0.0237874054921197
0.00910750689694578
0.000721334904648953
9.60281403622075e-06
1.11272468554122e-08
0
0.00229768745766778
0.000392647159786931
0.00122375235466453
0.00391426500806892
0.0117907312036599
0.00473248485108795
0.000398333182930047
4.94606122723073e-05
3.57184624058732e-06
0
8.93072832615385e-05
1.363087739788e-05
4.18161936826391e-05
0.000236164687259269
0.00107275561483658
0.00105539710974214
0.00124356998131401
0.0011869990583011
9.15438598794763e-05
5.56362342770611e-08
0
0
2.33672183963657e-07
4.61780744499607e-06
2.54257590646169e-05
6.23237096371639e-05
0.000405732802088896
0.000409593956747724
3.15902538225153e-05
2.22544937108244e-08
0
0
0
0
0
1.0904701918304e-06
1.41204762595181e-05
1.43318939497709e-05
1.10159743868581e-06
0
0
0
0
0
0
0
0
0
0
0
0
0
0
0
0
0
0
0
0
0
6.99903827205429e-06
0.000119217322808887
0.00066524245325082
0.00322632297123306
0.00513621474874287
0.00317173269816041
0.00083693587222983
5.09182816103663e-05
3.33817405662367e-08
0
0.000152843862805942
0.00269568682319216
0.0129656126901354
0.0324245970462278
0.035800982068553
0.0181547486249227
0.00492066884990668
0.000305465180674776
1.78035949686596e-07
0
0.00010987043545034
0.00284386836956569
0.0236579956111913
0.0623565906516216
0.0765801274715145
0.0377015047042105
0.0077202841587284
0.000426073409340589
2.44799430819069e-07
0
0.000210071293383327
0.00220782381206347
0.015332422605269
0.0422113444729685
0.0489548789027288
0.0248298059775348
0.00485620870887328
0.000260522230625766
1.55781455975771e-07
0
0.000297587089901144
0.00037373084013273
0.00276326259334508
0.0113515832792642
0.0137362079166133
0.00470622454850918
0.000682211504705323
3.2013089203021e-05
3.33817405662367e-08
0
1.14388097673638e-05
1.15612094827733e-05
0.000195594745224436
0.00171176002000234
0.000828145347214055
0.000324392627575832
3.81664567140639e-05
6.3759124481512e-06
4.22835380505664e-07
0
0
0
5.34107849059787e-06
6.48718491670533e-05
1.70246876887807e-05
7.19932871545171e-06
2.38123082705822e-06
1.89163196542008e-06
1.44654209120359e-07
0
0
0
4.45089874216489e-08
5.0072610849355e-07
1.11272468554122e-07
1.11272468554122e-08
6.67634811324733e-08
6.67634811324733e-08
0
0
0
0
0
0
0
0
0
0
0
0
0
0
0
0
0
0
0
0
0
0
2.11417690252832e-07
3.441657452379e-05
0.000512520990160287
0.00166272224311054
0.00129642440387722
0.000809229027559854
0.000576346878122931
4.34073899829631e-05
2.22544937108244e-08
0
6.79874782865687e-06
0.00049531826652182
0.00579702855774524
0.0107624400672575
0.0107459606146647
0.0117687326366267
0.00461470294312341
0.000310884149893362
1.78035949686596e-07
0
4.72129084075141e-05
0.00100910776282362
0.00629017701113025
0.0130831275441754
0.0246819916303075
0.0179158355076901
0.00582328886032401
0.000377358322607595
2.22544937108244e-07
0
2.79293896070847e-05
0.000483078294980866
0.00278873286139712
0.0121945167375491
0.015752542937542
0.0117452875275024
0.00343120896758177
0.000214511064878637
1.22399715409534e-07
0
2.32559459278115e-06
2.78626261259522e-05
0.000412809731088938
0.00323174194045165
0.00539588018136077
0.00205633747337389
0.000465675280899001
2.7695717423121e-05
1.11272468554122e-08
0
5.56362342770611e-08
4.89598861638138e-07
0.000150217832548065
0.00178350850772604
0.000577626511511304
8.56019100586862e-05
1.34639686950488e-05
7.78907279878856e-07
0
0
0
0
6.75423884123522e-06
8.19633003369664e-05
1.89830831353333e-05
1.05708845126416e-06
0
0
0
0
0
0
5.56362342770611e-08
6.34253070758497e-07
1.44654209120359e-07
1.11272468554122e-08
0
0
0
0
0
0
0
0
0
0
0
0
0
0
0
0
0
0
0
0
0
0
0
0
0
2.24770386479327e-06
3.51509728162472e-05
0.000112574356436205
0.000128998172794794
3.81553294672085e-05
1.95839544655255e-05
1.44654209120359e-06
0
0
5.56362342770611e-08
5.54804528210853e-05
0.000696242962989998
0.000499991710201093
0.000393181267635991
0.000802441406978052
0.000473130536292128
3.43164293020913e-05
2.22544937108244e-08
0
2.22544937108244e-07
1.67465065173954e-05
0.000229243539715203
0.000844736072275474
0.00165670240256176
0.00257985218342732
0.000626452870712853
3.54625357281987e-05
2.22544937108244e-08
0
1.22399715409534e-07
2.80406620756388e-06
0.000398233037708348
0.00468654044882195
0.00124059900640362
0.000437768145785628
0.000186225603372179
1.30745150551094e-05
1.11272468554122e-08
0
0
1.44654209120359e-07
4.92491945820545e-05
0.000592281095619882
0.000183911136026253
2.76845901762656e-05
7.97823599533056e-06
5.56362342770611e-07
0
0
0
0
1.96952269340796e-06
2.38790717517146e-05
7.22158320916253e-06
6.67634811324733e-07
6.67634811324733e-08
0
0
0
0
0
3.33817405662367e-08
3.78326393084016e-07
8.90179748432978e-08
0
0
0
0
0
0
0
0
0
0
0
0
0
0
0
0
0
0
0
0
0
0
0
0
0
0
0
0
0
0
0
0
0
0
0
0
1.11272468554122e-08
1.55781455975771e-07
4.89598861638138e-07
5.67489589626023e-07
1.55781455975771e-07
7.78907279878855e-08
1.11272468554122e-08
0
0
0
2.44799430819069e-07
3.10450187266001e-06
2.0919224088175e-06
1.59119630032395e-06
3.47170101888861e-06
2.0919224088175e-06
1.55781455975771e-07
0
0
0
5.56362342770611e-08
9.34688735854627e-07
3.6386097217198e-06
7.15481972803006e-06
1.15723367296287e-05
2.78181171385306e-06
1.55781455975771e-07
0
0
0
0
1.79148674372137e-06
2.14533319372348e-05
5.41896921858575e-06
1.78035949686596e-06
7.90034526734268e-07
5.56362342770611e-08
0
0
0
0
2.22544937108244e-07
2.67053924529893e-06
7.34398292457207e-07
8.90179748432978e-08
2.22544937108244e-08
0
0
0
0
0
1.11272468554122e-08
7.78907279878855e-08
2.22544937108244e-08
0
0
0
0
0
0
0
0
0
0
0
0
0
0
0
0
0
0
0
0
0
0
0
0
0
0
0
0
0
0
0
0
0
0
0
0
0
0
0
0
0
0
0
0
0
0
0
0
0
0
0
0
0
0
0
0
0
0
0
0
0
0
0
0
0
0
0
0
0
0
0
0
0
0
0
0
0
0
0
0
0
0
0
0
0
0
0
0
0
0
0
0
0
0
0
0
0
0
0
0
0
0
0
0
0
0
0
0
0
0
0
0
0
0
0
0
0
0
0
0
0
0
0
0
0
0
0
0
0
0
0
0
0
0
0
0
0
0
0
0
0
0
0
0
0
0
