0
0
0
0
0
0
0
0
0
0
0
0
0
0
0
0
0
0
0
0
0
0
0
0
0
0
0
0
0
0
0
0
0
0
0
0
0
0
0
0
0
0
0
0
0
0
0
0
0
0
0
0
0
0
0
0
0
0
0
0
0
0
0
0
0
0
0
0
0
0
0
0
0
0
0
0
0
0
0
0
0
0
0
0
0
0
0
0
0
0
0
0
0
0
0
0
0
0
0
0
0
0
0
0
0
0
0
0
0
0
0
0
0
0
0
0
0
0
0
0
0
0
0
0
0
0
0
0
0
0
0
0
0
0
0
0
0
0
0
0
0
0
0
0
0
0
0
0
0
0
0
0
0
0
0
0
0
0
0
0
0
0
0
0
0
0
0
0
0
0
0
0
0
0
0
0
0
0
0
0
0
0
0
0
0
0
0
0
0
0
0
0
0
0
0
0
0
0
0
0
0
0
0
0
0
0
0
0
0
0
0
0
0
0
0
0
0
0
0
0
0
0
0
0
0
0
0
0
0
0
0
0
0
0
0
0
0
0
0
0
0
0
0
0
0
0
0
0
0
0
0
0
0
0
0
0
0
0
0
0
0
0
0
0
0
0
0
0
0
0
0
0
0
0
0
0
0
0
0
0
0
0
0
0
0
0
0
0
0
0
0
0
0
0
0
0
0
0
0
0
0
0
0
0
0
0
0
0
0
0
0
0
0
0
0
0
0
0
0
0
0
0
0
0
0
0
0
0
0
0
0
0
0
0
0
0
0
0
0
0
0
0
0
0
0
0
0
0
0
0
2.83762974217801e-09
5.67525948435602e-09
1.1350518968712e-08
2.83762974217801e-09
0
0
0
0
0
0
0
0
0
0
0
0
0
0
1.1350518968712e-08
4.82397056170262e-08
7.66160030388063e-08
2.83762974217801e-08
2.83762974217801e-09
0
0
0
0
0
0
0
0
0
0
0
0
2.83762974217801e-09
3.12139271639581e-08
1.33368597882367e-07
2.04309341436817e-07
7.66160030388063e-08
5.67525948435602e-09
0
0
0
0
0
0
0
0
0
0
0
0
2.83762974217801e-09
3.40515569061362e-08
1.50394376335435e-07
2.29848009116419e-07
8.79665220075184e-08
5.67525948435602e-09
0
0
0
0
0
0
0
0
0
0
0
0
0
1.41881487108901e-08
6.52654840700943e-08
9.93170409762304e-08
3.68891866483142e-08
2.83762974217801e-09
0
0
0
0
0
0
0
0
0
0
0
0
0
2.83762974217801e-09
8.51288922653404e-09
1.41881487108901e-08
5.67525948435602e-09
0
0
0
0
0
0
0
0
0
0
0
0
0
0
0
0
0
0
0
0
0
0
0
0
0
0
0
0
0
0
0
0
0
0
0
0
0
0
0
0
0
0
0
0
0
0
0
0
0
0
0
0
0
0
0
0
0
0
0
0
0
0
0
0
0
0
0
0
0
0
0
0
0
0
0
0
0
0
0
0
0
0
0
0
0
0
0
0
0
0
0
0
0
0
0
0
0
0
0
0
0
0
0
0
0
0
0
0
0
0
0
0
0
0
0
0
0
0
0
0
0
0
0
0
0
0
0
0
0
0
0
0
0
0
0
0
0
0
0
0
0
0
0
0
0
0
0
0
0
0
0
0
0
0
0
0
0
0
0
0
0
0
0
0
0
0
0
0
0
0
0
0
0
0
0
0
0
0
0
0
0
0
0
0
0
0
0
0
0
0
0
0
0
0
0
0
0
0
0
0
0
0
0
0
0
0
0
0
0
0
0
0
1.1350518968712e-08
5.39149651013822e-08
7.94536327809843e-08
3.12139271639581e-08
2.83762974217801e-09
0
0
0
0
0
0
0
0
0
0
0
0
1.70257784530681e-08
2.80925344475623e-07
1.25706997578486e-06
1.92675059493887e-06
7.23595584255393e-07
5.10773353592042e-08
0
0
0
0
0
0
0
0
0
0
0
2.83762974217801e-09
1.30530968140189e-07
2.11403415792262e-06
9.47200807939021e-06
1.45002879825296e-05
5.44824910498178e-06
3.88755274678388e-07
5.67525948435602e-09
0
0
0
0
0
0
0
0
0
0
5.67525948435602e-09
3.54703717772252e-07
5.76322600636354e-06
2.58139177645934e-05
3.9516831789571e-05
1.48521540705597e-05
1.05559826409022e-06
1.41881487108901e-08
0
0
0
0
0
0
0
0
0
0
5.67525948435602e-09
3.97268163904922e-07
6.46128292293933e-06
2.89381481107314e-05
4.43010755348831e-05
1.66483736973584e-05
1.18329160248823e-06
1.41881487108901e-08
0
0
0
0
0
0
0
0
0
0
2.83762974217801e-09
1.73095414272859e-07
2.79506529604534e-06
1.25111095332629e-05
1.91540007597016e-05
7.19906665590562e-06
5.10773353592042e-07
5.67525948435602e-09
0
0
0
0
0
0
0
0
0
0
0
2.55386676796021e-08
3.97268163904922e-07
1.78203147808779e-06
2.72696218223307e-06
1.02438433692626e-06
7.37783732966283e-08
0
0
0
0
0
0
0
0
0
0
0
0
0
1.70257784530681e-08
7.66160030388063e-08
1.16342819429299e-07
4.25644461326702e-08
2.83762974217801e-09
0
0
0
0
0
0
0
0
0
0
0
0
0
0
0
2.83762974217801e-09
0
0
0
0
0
0
0
0
0
0
0
0
0
0
0
0
0
0
0
0
0
0
0
0
0
0
0
0
0
0
0
0
0
0
0
0
0
0
0
0
0
0
0
0
0
0
0
0
0
0
0
0
0
0
0
0
0
0
0
0
0
0
0
0
0
0
0
0
0
0
0
0
0
0
0
0
0
0
0
0
0
0
0
0
0
0
0
0
0
0
0
0
0
0
0
0
0
0
0
0
0
0
0
0
0
0
0
0
0
0
0
0
0
0
0
0
0
0
0
0
0
0
0
0
0
0
0
0
0
0
0
0
0
0
0
0
0
0
0
0
0
0
0
0
0
0
0
0
0
0
0
0
0
0
0
0
0
0
0
0
0
0
0
0
0
0
0
0
0
0
0
0
0
0
0
0
5.67525948435602e-09
7.94536327809843e-08
3.54703717772252e-07
5.44824910498178e-07
2.04309341436817e-07
1.41881487108901e-08
0
0
0
0
0
0
0
0
0
0
0
2.83762974217801e-09
1.16342819429299e-07
1.90404955700145e-06
8.52423974550275e-06
1.30502591842767e-05
4.90342419448361e-06
3.49028458287896e-07
5.67525948435602e-09
0
0
0
0
0
0
0
0
0
0
1.1350518968712e-08
8.82502849817362e-07
1.43328678277411e-05
6.41900223978088e-05
9.82699556013667e-05
3.69317510944468e-05
2.62480751151466e-06
3.40515569061362e-08
0
0
0
0
0
0
0
0
0
0
2.83762974217801e-08
2.40347239162478e-06
3.90599734010803e-05
0.000174939873605274
0.000267818332696503
0.000100653564584796
7.15366458003077e-06
9.08041517496964e-08
0
0
0
0
0
0
0
0
0
0
3.40515569061362e-08
2.69574825506911e-06
4.37903021812911e-05
0.000196119942000891
0.000300246765390113
0.000112841184327451
8.02197928113724e-06
9.93170409762304e-08
0
0
0
0
0
0
0
0
0
0
1.41881487108901e-08
1.16626582403516e-06
1.89326656398117e-05
8.47997272152477e-05
0.000129818723074902
4.87902057870087e-05
3.46758354494153e-06
4.25644461326702e-08
0
0
0
0
0
0
0
0
0
0
2.83762974217801e-09
1.64582525046325e-07
2.69574825506911e-06
1.20769521827096e-05
1.84871577702898e-05
6.94935523859395e-06
4.93747575138974e-07
5.67525948435602e-09
0
0
0
0
0
0
0
0
0
0
0
8.51288922653404e-09
1.16342819429299e-07
5.16448613076398e-07
7.88861068325487e-07
2.97951122928691e-07
1.98634081952461e-08
0
0
0
0
0
0
0
0
0
0
0
0
0
2.83762974217801e-09
5.67525948435602e-09
8.51288922653404e-09
2.83762974217801e-09
0
0
0
0
0
0
0
0
0
0
0
0
0
0
0
0
0
0
0
0
0
0
0
0
0
0
0
0
0
0
0
0
0
0
0
0
0
0
0
0
0
0
0
0
0
0
0
0
0
0
0
0
0
0
0
0
0
0
0
0
0
0
0
0
0
0
0
0
0
0
0
0
0
0
0
0
0
0
0
0
0
0
0
0
0
0
0
0
0
0
0
0
0
0
0
0
0
0
0
0
0
0
0
0
0
0
0
0
0
0
0
0
0
0
0
0
0
0
0
0
0
0
0
0
0
0
0
0
0
0
0
0
0
0
0
0
0
0
0
0
0
0
0
0
0
0
0
0
0
0
0
0
0
0
0
0
0
0
0
0
0
0
0
0
0
0
0
0
0
0
0
0
0
0
0
5.67525948435602e-09
8.22912625231624e-08
3.68891866483142e-07
5.64688318693424e-07
2.12822230663351e-07
1.41881487108901e-08
0
0
0
0
0
0
0
0
0
0
2.83762974217801e-09
5.67525948435602e-09
1.24855708655833e-07
1.9749903005559e-06
8.84205427662669e-06
1.35383314999313e-05
5.08787012772518e-06
3.60378977256608e-07
5.67525948435602e-09
0
0
0
0
0
0
0
0
0
1.70257784530681e-08
5.95902245857383e-08
9.50605963629634e-07
1.48776927382393e-05
6.65906571596914e-05
0.000101944686117487
3.83136767788875e-05
2.72412455249089e-06
3.40515569061362e-08
0
0
0
0
0
0
0
0
5.67525948435602e-09
8.79665220075184e-08
2.75250084991267e-07
2.67588484687387e-06
4.05667547941769e-05
0.000181483447790737
0.000277835165686391
0.000104421936882409
7.42323940553768e-06
9.36417814918744e-08
0
0
0
0
0
0
0
0
1.1350518968712e-08
1.70257784530681e-07
5.10773353592042e-07
3.15544427330195e-06
4.55184186942775e-05
0.000203463727773648
0.000311483779169138
0.00011707492790278
8.32560566355029e-06
1.04992300460586e-07
0
0
0
0
0
0
0
0
8.51288922653404e-09
1.30530968140189e-07
3.80242385451854e-07
1.49543087412781e-06
1.9718689078395e-05
8.79778725264871e-05
0.000134690933342222
5.06346651194245e-05
3.60378977256608e-06
4.54020758748482e-08
0
0
0
0
0
0
0
0
2.83762974217801e-09
4.25644461326702e-08
1.30530968140189e-07
2.92275863444335e-07
2.83762974217801e-06
1.25338105712003e-05
1.91880523166077e-05
7.21609243435869e-06
5.16448613076398e-07
5.67525948435602e-09
0
0
0
0
0
0
0
0
8.51288922653404e-09
3.12139271639581e-08
9.36417814918744e-08
1.95796452210283e-07
2.21335119889885e-07
5.53337799724712e-07
8.22912625231624e-07
3.09301641897403e-07
2.27010379374241e-08
0
0
0
0
0
0
0
0
2.83762974217801e-09
5.39149651013822e-08
1.47556746593257e-07
2.46873787569487e-07
4.45507869521948e-07
2.41198528085131e-07
4.82397056170262e-08
1.1350518968712e-08
2.83762974217801e-09
0
0
0
0
0
0
0
0
0
8.51288922653404e-09
1.07829930202764e-07
2.86600603959979e-07
3.26327420350471e-07
4.5685838849066e-07
2.38360898342953e-07
4.25644461326702e-08
2.83762974217801e-09
0
0
0
0
0
0
0
0
0
0
5.67525948435602e-09
7.37783732966283e-08
1.95796452210283e-07
1.75933044015037e-07
1.90121192725927e-07
9.64794112340524e-08
1.70257784530681e-08
0
0
0
0
0
0
0
0
0
0
0
2.83762974217801e-09
1.98634081952461e-08
5.39149651013822e-08
3.97268163904922e-08
2.83762974217801e-08
1.41881487108901e-08
2.83762974217801e-09
0
0
0
0
0
0
0
0
0
0
0
0
2.83762974217801e-09
5.67525948435602e-09
2.83762974217801e-09
2.83762974217801e-09
0
0
0
0
0
0
0
0
0
0
0
0
0
0
0
0
0
0
0
0
0
0
0
0
0
0
0
0
0
0
0
0
0
0
0
0
0
0
0
0
0
0
0
0
0
0
0
0
0
0
0
0
0
0
0
0
0
0
0
0
0
0
0
0
0
0
0
0
0
0
0
0
0
0
0
0
0
0
0
0
0
0
0
0
0
0
0
0
0
0
0
0
0
0
0
0
0
0
0
0
0
0
0
0
0
8.51288922653404e-09
3.12139271639581e-08
2.83762974217801e-08
2.83762974217801e-08
7.37783732966283e-08
1.07829930202764e-07
4.25644461326702e-08
2.83762974217801e-09
0
0
0
0
0
0
0
0
0
1.98634081952461e-08
2.83762974217801e-07
8.03049217036377e-07
6.49817210958765e-07
5.07935723849864e-07
1.46705457670603e-06
2.21051356915667e-06
8.54126552395582e-07
7.09407435544503e-08
2.83762974217801e-09
0
0
0
0
0
0
0
2.83762974217801e-09
2.38360898342953e-07
3.3938051716449e-06
9.40674259532011e-06
7.10826250415592e-06
4.13158890461119e-06
1.05276063434804e-05
1.59446415212983e-05
6.15198128104193e-06
5.05098094107686e-07
1.1350518968712e-08
0
0
0
0
0
0
0
1.41881487108901e-08
1.19747975119912e-06
1.70002397853885e-05
4.71216794986081e-05
3.52547119168196e-05
1.51472675637462e-05
2.86231712093496e-05
4.33646577199644e-05
1.70626676397164e-05
1.52380717154959e-06
4.25644461326702e-08
0
0
0
0
0
0
0
2.83762974217801e-08
2.31834349935944e-06
3.28824534523588e-05
9.17434071943573e-05
6.95957070566579e-05
2.50023556583305e-05
3.30555488666317e-05
5.02459098447461e-05
2.10495374274765e-05
2.36090794549211e-06
9.36417814918744e-08
0
0
0
0
0
0
0
2.27010379374241e-08
1.76216806989255e-06
2.49995180285883e-05
7.06825192479121e-05
5.55352516841659e-05
1.81636679796815e-05
1.58141105531581e-05
2.44121286719574e-05
1.19776351417334e-05
1.98350318978243e-06
1.13505189687121e-07
2.83762974217801e-09
0
0
0
0
0
0
1.1350518968712e-08
6.38466691990053e-07
8.35965722045642e-06
2.49569535824556e-05
2.33338293699298e-05
8.4277603342687e-06
3.63784132947221e-06
4.93180049190539e-06
3.16395716252848e-06
8.25750254973802e-07
1.16342819429299e-07
2.27010379374241e-08
2.83762974217801e-09
0
0
0
0
0
1.07829930202764e-07
1.58339739613533e-06
5.8199786012071e-06
1.82487968719468e-05
3.61939673614805e-05
1.95285678856691e-05
3.8194496329716e-06
7.03732176060147e-07
4.45507869521948e-07
3.68891866483142e-07
2.66737195764733e-07
7.94536327809843e-08
5.67525948435602e-09
0
0
0
0
8.51288922653404e-09
7.20757954513215e-07
1.00962866226694e-05
2.82713051213195e-05
4.75019218840599e-05
8.53927918313629e-05
4.63725452466731e-05
8.45897426143266e-06
5.73201207919959e-07
1.50394376335435e-07
3.94430534162744e-07
3.77404755709676e-07
1.16342819429299e-07
8.51288922653404e-09
0
0
0
0
1.98634081952461e-08
1.46989220644821e-06
2.05614651118219e-05
5.51691974474249e-05
6.27371559698137e-05
8.74614239134107e-05
4.60263544181274e-05
8.32276803380811e-06
5.33474391529466e-07
7.09407435544503e-08
1.90121192725927e-07
1.84445933241571e-07
5.67525948435603e-08
2.83762974217801e-09
0
0
0
0
1.1350518968712e-08
1.01303381795755e-06
1.41824734514057e-05
3.74340115588123e-05
3.40941213522688e-05
3.67473051612053e-05
1.85212093271959e-05
3.33421494705916e-06
2.15659860405529e-07
1.41881487108901e-08
2.83762974217801e-08
2.83762974217801e-08
8.51288922653404e-09
0
0
0
0
0
2.83762974217801e-09
2.78087714733445e-07
3.87620222781516e-06
1.01502015877708e-05
7.76375497459904e-06
5.87956882579284e-06
2.68723536584258e-06
4.73884166943728e-07
3.12139271639581e-08
0
0
0
0
0
0
0
0
0
0
3.12139271639581e-08
4.31319720811058e-07
1.13788952661338e-06
8.22912625231624e-07
4.5685838849066e-07
1.67420154788503e-07
2.55386676796021e-08
2.83762974217801e-09
0
0
0
0
0
0
0
0
0
0
0
1.70257784530681e-08
4.82397056170262e-08
4.25644461326702e-08
2.83762974217801e-08
8.51288922653404e-09
0
0
0
0
0
0
0
0
0
0
0
0
0
0
0
0
0
0
0
0
0
0
0
0
0
0
0
0
0
0
0
0
0
0
0
0
0
0
0
0
0
0
0
0
0
0
0
0
0
0
0
0
0
0
0
0
0
0
0
0
0
0
0
0
0
0
0
0
0
0
0
0
0
0
0
0
0
0
0
0
0
0
0
0
0
5.67525948435602e-09
1.16342819429299e-07
9.2790492569221e-07
2.13673519586004e-06
1.96363978158718e-06
3.23489790608293e-06
4.23090594558742e-06
2.04876867385253e-06
3.63216606998786e-07
1.98634081952461e-08
0
0
0
0
0
0
0
2.83762974217801e-09
1.33368597882367e-07
2.18497490147707e-06
1.01558768472551e-05
1.73691316518716e-05
1.50536257822544e-05
2.57713533184607e-05
3.42360028393777e-05
1.71279331237865e-05
3.2008463491768e-06
1.84445933241571e-07
2.83762974217801e-09
0
0
0
0
0
0
1.98634081952461e-08
1.56069635819791e-06
2.26925250481976e-05
7.12982849019647e-05
7.36648681069412e-05
4.79985070889411e-05
8.13151178918531e-05
0.000112086374816031
5.9681028737488e-05
1.2130867147811e-05
7.23595584255393e-07
8.51288922653404e-09
0
0
0
0
0
0
1.04992300460586e-07
7.9113117211923e-06
0.000111791261322845
0.00031629356158213
0.000253085359075115
0.000104748264302759
0.000129608738473981
0.000189428811068835
0.000109952477249914
2.4468881266801e-05
1.53232006077613e-06
1.98634081952461e-08
0
0
0
0
0
0
2.44036157827309e-07
1.6100711157118e-05
0.000221729550424048
0.00062056124831691
0.000487924758908025
0.000178030052394506
0.000141969453630908
0.000209053858365739
0.000139781641099689
3.59414183144267e-05
2.52265284079625e-06
5.95902245857383e-08
2.83762974217801e-09
0
0
0
0
5.67525948435602e-09
3.23489790608293e-07
1.44293472389752e-05
0.000183117922522231
0.000511809088447937
0.000423595692652849
0.000181753022616244
0.000138201081333296
0.000171739027256098
0.000129611576103723
3.95735843844146e-05
4.31887246759494e-06
5.1361098333422e-07
3.12139271639581e-08
0
0
0
0
8.51288922653404e-09
3.17814531123937e-07
7.63038637671668e-06
7.5543378996263e-05
0.000208205407072827
0.000195424722714058
0.000116232151869354
0.000102969070454414
8.70215913033731e-05
6.21554418726672e-05
3.14778267299807e-05
1.48010767352005e-05
4.18550386971257e-06
2.83762974217801e-07
2.83762974217801e-09
0
0
0
1.1350518968712e-08
8.4277603342687e-07
1.21762692236859e-05
4.68719680812964e-05
0.000129166068234201
0.000238814919101702
0.000168597771131507
8.54268433882691e-05
3.35265954038332e-05
2.71334155947062e-05
5.41192744428191e-05
4.98287782726459e-05
1.53686026836361e-05
1.04708537486369e-06
1.41881487108901e-08
0
0
0
6.24278543279163e-08
4.86937263757747e-06
6.82449952993812e-05
0.000189970798349591
0.000296679864804196
0.000526292350652014
0.000334996379212825
0.000109949639620171
2.44433425991214e-05
2.61345699254595e-05
7.48595102283981e-05
7.23141563496645e-05
2.24144373334641e-05
1.52664480129177e-06
1.98634081952461e-08
0
0
0
1.24855708655833e-07
9.90049017045909e-06
0.000138694828908435
0.000371902591639592
0.000404365075890109
0.000547503632974794
0.00032936084654486
0.000100355613461868
1.95881581102548e-05
1.3007694738144e-05
3.67047407150726e-05
3.55753640776857e-05
1.10383796970725e-05
7.51971881677173e-07
8.51288922653404e-09
0
0
0
8.51288922653404e-08
6.83868767864901e-06
9.60452538834992e-05
0.000258675489667205
0.000247603058413227
0.000266095891443001
0.00014750850688764
4.32398020113086e-05
8.28871647690197e-06
2.2842919424533e-06
5.49365118085663e-06
5.33190628555249e-06
1.65717576943196e-06
1.13505189687121e-07
0
0
0
0
2.27010379374241e-08
1.87567325957967e-06
2.67815495066761e-05
7.84803257794173e-05
9.12070951730857e-05
9.21264872095513e-05
4.04787882721693e-05
8.51005159679186e-06
1.52380717154959e-06
1.78770673757215e-07
2.44036157827309e-07
2.35523268600775e-07
7.37783732966283e-08
5.67525948435602e-09
0
0
0
0
2.83762974217801e-09
2.09984600921173e-07
3.2263850168564e-06
1.26217770932078e-05
2.50818092911115e-05
2.96901199924085e-05
1.10610807350099e-05
1.18612923223041e-06
1.27693338398011e-07
8.51288922653404e-09
2.83762974217801e-09
2.83762974217801e-09
0
0
0
0
0
0
0
8.51288922653404e-09
1.61744895304147e-07
1.05276063434804e-06
3.18665820046591e-06
4.14861468306425e-06
1.50394376335435e-06
1.19180449171477e-07
5.67525948435602e-09
0
0
0
0
0
0
0
0
0
0
0
2.83762974217801e-09
3.68891866483142e-08
1.33368597882367e-07
1.78770673757215e-07
6.52654840700943e-08
5.67525948435602e-09
0
0
0
0
0
0
0
0
0
0
0
0
0
0
2.83762974217801e-09
2.83762974217801e-09
0
0
0
0
0
0
0
0
0
0
0
0
0
0
0
0
0
0
0
0
0
0
0
0
0
0
0
0
0
0
0
0
0
0
0
0
0
0
0
0
0
0
0
0
0
0
0
0
0
0
8.51288922653404e-09
5.02260464365508e-07
6.53222366649378e-06
1.70172655638415e-05
1.4872017478755e-05
2.08537409752662e-05
2.61657838526235e-05
1.2641640501403e-05
2.26159090451588e-06
1.27693338398011e-07
2.83762974217801e-09
0
0
0
0
0
0
2.83762974217801e-09
1.39043857366723e-07
4.50048077109433e-06
4.73685532861776e-05
0.000119384758512913
0.00011372652480701
0.000174122636239527
0.000215586082032232
0.000106734605122284
2.02067613940496e-05
1.17761634300388e-06
1.70257784530681e-08
0
0
0
0
0
0
2.55386676796021e-08
1.42732776031554e-06
2.43582137068561e-05
0.000140791837287904
0.000293867773729697
0.000331789857604164
0.000594193992752591
0.000728416717187354
0.000377186258219528
7.80234673909266e-05
4.93180049190539e-06
9.64794112340524e-08
2.83762974217801e-09
0
0
0
0
8.51288922653404e-09
3.34840309577005e-07
9.47768333887456e-06
0.000107049582023666
0.000344709585820301
0.000443058995054448
0.000511037253158065
0.00099532700836636
0.00125347469890152
0.000696760119783616
0.000165862296060047
1.48521540705597e-05
5.67525948435602e-07
1.70257784530681e-08
0
0
0
0
1.02154670718408e-07
2.83762974217801e-06
3.88897156165497e-05
0.000276470265780404
0.000708544796102881
0.00073547390235615
0.00069440772472735
0.00108903689297205
0.00136391524846709
0.00088199207646377
0.000294801353914874
4.82340303575419e-05
2.83195448269366e-06
5.39149651013822e-08
0
0
0
5.67525948435602e-09
5.53337799724712e-07
1.17307613541639e-05
9.90049017045909e-05
0.000420789276837835
0.000857455092083156
0.000888436333608256
0.000865587738924239
0.00108866800110556
0.00112053742073996
0.000839938403684692
0.000391329004854543
9.04607985508928e-05
7.77510549356775e-06
2.52549047053843e-07
2.83762974217801e-09
0
0
1.1350518968712e-08
9.7046937182488e-07
1.86063382194612e-05
0.000126081564704453
0.000385196886981697
0.000595113384789057
0.000584242425246773
0.000688474240936456
0.000859004437922386
0.000654967508940818
0.00048150887806096
0.000322465406271367
0.00013737249344858
2.84302123868815e-05
1.73379177247077e-06
1.98634081952461e-08
0
0
5.67525948435602e-09
5.16448613076398e-07
1.01615521067395e-05
6.93459956393463e-05
0.000187564488328224
0.000270008982857464
0.000393048608478303
0.000607062643633369
0.000634170520560395
0.000367021868483046
0.000313705643257264
0.000431716988974963
0.000330683182004715
9.46860292369959e-05
6.33358958454132e-06
7.94536327809843e-08
0
0
0
1.39043857366723e-07
6.32507669531479e-06
7.74474285532645e-05
0.000206860370575035
0.000234680492567348
0.000443683273597727
0.000683928358089487
0.000572690434566366
0.00025262282542714
0.000250032069472531
0.000511871516302265
0.000459139842803371
0.000139375860046557
9.45214467119496e-06
1.16342819429299e-07
0
0
0
1.27693338398011e-07
1.00735855847319e-05
0.000141118164708255
0.000380012537442737
0.000350299716412391
0.000468052837823552
0.000634425907237191
0.000496982473045057
0.000181753022616244
0.00011141953182662
0.000246263697174919
0.000235540294379228
7.33867803922078e-05
5.00557886520201e-06
6.24278543279163e-08
0
0
0
8.79665220075184e-08
6.93800471962524e-06
9.95724276530265e-05
0.000298765522664696
0.000373667597339227
0.000459012149464973
0.000405798078909909
0.000257659618219506
8.83666278011655e-05
2.55244795308912e-05
4.16450540962045e-05
4.21813661174762e-05
1.35752206865796e-05
9.33580185176566e-07
1.1350518968712e-08
0
0
0
2.27010379374241e-08
1.93810111390758e-06
3.07315301077879e-05
0.000136407699336239
0.00031759603363379
0.000416138401690405
0.00021111397755856
6.95417920915565e-05
2.11772307658745e-05
4.08618682873634e-06
2.79222766630316e-06
2.93410915341206e-06
9.90332780020126e-07
6.81031138122723e-08
0
0
0
0
2.83762974217801e-09
2.35523268600775e-07
5.05098094107686e-06
4.06263450187626e-05
0.000135982054874913
0.000183197376155013
7.29157338550062e-05
1.08567713935731e-05
2.34104453729686e-06
5.59013059209068e-07
1.58907265561969e-07
9.08041517496964e-08
3.12139271639581e-08
2.83762974217801e-09
0
0
0
0
0
1.1350518968712e-08
4.2848209106888e-07
5.19570005792794e-06
1.95881581102548e-05
2.65829154247236e-05
9.8863020217482e-06
9.2790492569221e-07
1.39043857366723e-07
9.93170409762304e-08
3.40515569061362e-08
2.83762974217801e-09
0
0
0
0
0
0
0
0
1.41881487108901e-08
2.15659860405529e-07
8.39938403684692e-07
1.14356478609774e-06
4.19969201842346e-07
3.40515569061362e-08
8.51288922653404e-09
1.1350518968712e-08
5.67525948435602e-09
0
0
0
0
0
0
0
0
0
0
2.83762974217801e-09
1.1350518968712e-08
1.41881487108901e-08
5.67525948435602e-09
0
0
0
0
0
0
0
0
0
0
0
0
0
0
0
0
0
0
0
0
0
0
0
0
0
0
0
0
0
0
0
0
0
0
0
0
0
0
0
0
0
0
0
0
0
0
0
0
0
1.1350518968712e-08
9.30742555434388e-07
1.30644473329876e-05
3.56065780048497e-05
3.13018936859657e-05
3.12621668695752e-05
3.03314243141408e-05
1.2386253824607e-05
1.82459592422046e-06
1.30530968140189e-07
1.98634081952461e-08
2.83762974217801e-09
0
0
0
0
0
0
1.02154670718408e-07
6.7365330079306e-06
9.29749385024626e-05
0.000261098825467025
0.00026229062995874
0.000268470987537204
0.000209899472028908
8.76401945871679e-05
1.73322424652233e-05
2.07146971178995e-06
5.1361098333422e-07
7.66160030388063e-08
2.83762974217801e-09
0
0
0
0
5.10773353592042e-08
9.47768333887456e-07
1.97442277460746e-05
0.000232004607720474
0.000698247037768517
0.000953645065083507
0.00116572099912466
0.000804933403185184
0.000348245272479054
9.06934841897515e-05
1.6673912365038e-05
4.44940343573512e-06
6.35629062247875e-07
3.12139271639581e-08
0
0
0
3.97268163904922e-08
1.34787412753456e-06
1.54991336517763e-05
7.04441583495692e-05
0.000332825592460059
0.000988303874754469
0.0017736491198294
0.00239201971798535
0.00167039061114128
0.000848686816179826
0.000330214973097255
8.71975243473881e-05
1.71875233483722e-05
2.11970941740698e-06
1.04992300460586e-07
0
0
5.67525948435602e-09
5.87389356630849e-07
1.44350224984595e-05
0.000127185402674161
0.000364079246440408
0.000644025608654979
0.00133807862966456
0.00229430593781345
0.002963969531189
0.00220504261901375
0.00155346040235535
0.000995034732502915
0.000310842474847406
3.68012201263066e-05
3.02207567541958e-06
1.41881487108901e-07
0
0
3.68891866483142e-08
3.19517108969244e-06
6.41361074327074e-05
0.000442851848083269
0.00105290535346489
0.00121257594142751
0.00173747501587611
0.00258094910621956
0.00313363425110357
0.0022439521980385
0.0019830434937642
0.00161042298179983
0.000515078037910926
4.36824722510883e-05
1.82743355396264e-06
6.81031138122723e-08
0
0
6.81031138122723e-08
5.64404555719207e-06
0.000104112635240511
0.0006286002533765
0.00136006458490695
0.00130976476009711
0.00156223719114791
0.00226010398653097
0.00263936738972178
0.00184670957280126
0.00163257068193753
0.0012709119336672
0.000402384410330069
3.61258642476683e-05
1.18329160248823e-06
1.98634081952461e-08
0
0
3.68891866483142e-08
3.00221226722434e-06
5.4278181708381e-05
0.000320569869603592
0.000702787245356002
0.000844895742844277
0.00142880049015173
0.00210921018736092
0.00215986471588854
0.00155923214125094
0.00131935594862567
0.000954448114300543
0.000362433421189944
6.01407247557208e-05
3.3171891686061e-06
3.97268163904922e-08
0
0
5.67525948435602e-09
4.93747575138974e-07
1.01331758093177e-05
7.62499488020654e-05
0.000218974211944393
0.000524161290715638
0.00130958882705309
0.00193148943660831
0.00178639291500152
0.00110125005138238
0.000781361212916911
0.000657368143702701
0.000392529322235484
0.000103340799950639
6.77909745406327e-06
8.51288922653404e-08
0
0
0
4.82397056170262e-08
2.48860128389012e-06
3.44090982536506e-05
0.000137585315679243
0.000406374117747571
0.00103802482309691
0.00160860973639458
0.00149187248643112
0.000750782914815201
0.000324576602799548
0.000314718677075221
0.000290584636117997
9.48250730943626e-05
6.55208707468903e-06
8.22912625231624e-08
0
0
0
1.41881487108901e-08
1.1747787132617e-06
2.01954108750809e-05
0.000114549437432242
0.000371329390431673
0.000787115926034048
0.00105919354097356
0.000886418778861568
0.000419018595878716
0.000135613163008429
0.00010026764693986
0.000107191463510774
3.75985940838587e-05
2.63899566022555e-06
3.40515569061362e-08
0
0
0
2.83762974217801e-09
3.37677939319183e-07
8.37668299890949e-06
7.92833749964537e-05
0.000292247487146914
0.000493951884480411
0.000444398356292756
0.000283053566782257
0.000137205073293791
6.13013153202716e-05
2.53854356735245e-05
1.53317134969878e-05
5.20421294715447e-06
3.66054236740964e-07
5.67525948435602e-09
0
0
0
0
5.39149651013822e-08
2.27010379374241e-06
2.96901199924085e-05
0.0001153808629467
0.000173228782870741
0.000106541646299816
4.73486898779823e-05
3.51525572461012e-05
3.92472569640641e-05
1.48833679977237e-05
1.62879947201018e-06
2.32685638858597e-07
1.41881487108901e-08
0
0
0
0
0
5.67525948435602e-09
2.75250084991267e-07
4.08334919899416e-06
1.63163710175236e-05
2.43355126689186e-05
1.36745377275558e-05
5.49648881059881e-06
9.69050556953791e-06
1.64724406533434e-05
6.48398396087676e-06
4.7104653720155e-07
8.51288922653404e-09
0
0
0
0
0
0
0
1.1350518968712e-08
1.75933044015037e-07
7.37783732966283e-07
1.23153130810526e-06
8.79665220075184e-07
4.73884166943728e-07
1.30530968140189e-06
2.38077135368735e-06
9.420930744031e-07
6.81031138122723e-08
0
0
0
0
0
0
0
0
0
2.83762974217801e-09
1.1350518968712e-08
2.55386676796021e-08
2.55386676796021e-08
1.70257784530681e-08
5.67525948435603e-08
1.02154670718408e-07
3.97268163904922e-08
2.83762974217801e-09
0
0
0
0
0
0
0
0
0
0
0
0
0
0
0
0
0
0
0
0
0
0
0
0
0
0
0
0
0
0
0
0
0
0
0
0
0
0
0
0
0
0
0
0
2.83762974217801e-09
2.55386676796021e-07
4.06632342054109e-06
1.93270961739744e-05
5.24365600057075e-05
0.000101394185947505
0.000109336711595861
4.02432650035686e-05
4.45791632496166e-06
6.46979581216587e-07
2.07146971178995e-07
2.83762974217801e-08
0
0
0
0
0
0
5.39149651013822e-08
3.45055776648846e-06
5.14859540420779e-05
0.000209584495127526
0.000436146529002503
0.000616293453184674
0.000493242477044866
0.000187839738413216
3.96956024633282e-05
1.43044915303194e-05
5.10205827643607e-06
6.75355878638367e-07
3.12139271639581e-08
0
0
0
0
1.98634081952461e-08
6.38466691990053e-07
2.20256820587857e-05
0.000289387156366798
0.00105057849707631
0.00184981961499868
0.00220873153767858
0.00144251759232542
0.00064323107232717
0.000248391919481552
0.0001206957434538
4.22324434528354e-05
5.57594244337979e-06
2.63899566022555e-07
0
0
0
2.27010379374241e-08
4.90909945396796e-07
7.06853568776543e-06
7.83753334789567e-05
0.000738444900696211
0.00250856684675608
0.00412915705592214
0.00451583802325899
0.00290498088410861
0.00169863921522466
0.000922609908593306
0.000444821163124341
0.000138964403733942
1.80530004197365e-05
8.5696418213776e-07
0
0
1.70257784530681e-08
4.001057936471e-07
5.16448613076398e-06
4.71301923878346e-05
0.0002135117746907
0.00103841925363107
0.00327809798127785
0.00558840531320744
0.0060940936343015
0.00436092897800376
0.00333773644556921
0.00207438395753517
0.000827205959031539
0.000199788997257527
2.41993064412941e-05
1.14356478609774e-06
0
2.83762974217801e-09
1.47556746593257e-07
2.81492870424059e-06
2.43865900042778e-05
0.000151960747953117
0.000453402155464687
0.00112942203946272
0.00303755494566316
0.00558095085987474
0.00654903094745671
0.00505368236459142
0.00444030315715196
0.00273493024654911
0.000833863038406689
0.000126229121451047
1.20769521827096e-05
5.44824910498178e-07
0
5.67525948435602e-09
4.54020758748482e-07
7.82902045866914e-06
4.99905231679501e-05
0.00024006347618826
0.000640958130903685
0.00126244728414629
0.00277366673015958
0.00476097518142627
0.00558966238318323
0.00434290435388144
0.00380236142666421
0.00213445657917707
0.000528551103926787
4.99593092407861e-05
2.59643121409288e-06
8.79665220075184e-08
0
8.51288922653404e-09
5.81714097146493e-07
9.19959562414112e-06
4.69826356412414e-05
0.000215424337136928
0.000650299608014935
0.00141834949981129
0.00282904591220792
0.00422199578819698
0.00472154915378845
0.00344058633557445
0.00250717640818241
0.00131961984819169
0.000381502293057381
5.70108191500985e-05
3.0845035297475e-06
3.97268163904922e-08
0
2.83762974217801e-09
2.69574825506911e-07
4.1429394235799e-06
2.2556318820573e-05
0.000150130476769412
0.000573504834302372
0.00144467419092947
0.0027347344500969
0.00363739014634321
0.00409161521443312
0.00269217851685345
0.0014459880135001
0.000822166328609431
0.00046183559105844
0.000130868646079508
8.79948983049402e-06
1.10667559944942e-07
0
0
3.97268163904922e-08
6.27116173021341e-07
5.66390896538731e-06
6.86422634632861e-05
0.000396362960017167
0.00122570849187431
0.00213974308338675
0.00263800816507527
0.00317695350674766
0.00210617959879627
0.000892346587392977
0.000535613964355069
0.000475995363471908
0.000162738065713909
1.1381732895876e-05
1.41881487108901e-07
0
0
2.83762974217801e-09
3.12139271639581e-08
7.94536327809844e-07
2.317775973411e-05
0.000256039331636722
0.000849413249393824
0.00125878390414913
0.00155218346897137
0.0019106867729684
0.00136582497328357
0.000586418887259024
0.000264946651397419
0.000216074154347887
7.56483712967236e-05
5.32906865581031e-06
6.81031138122723e-08
0
0
0
0
1.22018078913655e-07
8.16669839798832e-06
0.000115633411993754
0.000376794665315107
0.000544379402628656
0.000713022575836038
0.000765864916894877
0.00059704581064348
0.000390213816365867
0.000135684103751984
3.81065298077085e-05
1.11518848867596e-05
7.80348179098953e-07
8.51288922653404e-09
0
0
0
0
1.98634081952461e-08
1.63163710175236e-06
2.45114457129337e-05
9.14170797740068e-05
0.000179902888024344
0.000257872440450169
0.000211156542004692
0.000228332714834096
0.000295385905641762
0.000112069349037578
9.22229666207854e-06
5.76038837662136e-07
3.40515569061362e-08
0
0
0
0
0
2.83762974217801e-09
1.47556746593257e-07
2.49711417311665e-06
1.36546743193606e-05
4.20111083329455e-05
6.52966979972583e-05
4.47323952556942e-05
7.47091158520627e-05
0.000126214933302336
4.96641957475996e-05
3.57825110488647e-06
5.10773353592042e-08
0
0
0
0
0
0
0
5.67525948435602e-09
1.27693338398011e-07
1.17194108351952e-06
4.77005559660124e-06
7.71267763923984e-06
5.02544227339726e-06
1.02353304800361e-05
1.82459592422046e-05
7.21893006410086e-06
5.19286242818576e-07
5.67525948435602e-09
0
0
0
0
0
0
0
0
2.83762974217801e-09
4.25644461326702e-08
1.90121192725927e-07
3.12139271639581e-07
2.01471711694639e-07
4.34157350553236e-07
7.83185808841131e-07
3.09301641897403e-07
2.27010379374241e-08
0
0
0
0
0
0
0
0
0
0
0
2.83762974217801e-09
2.83762974217801e-09
2.83762974217801e-09
5.67525948435602e-09
8.51288922653404e-09
2.83762974217801e-09
0
0
0
0
0
0
0
0
0
0
0
0
0
0
0
0
0
0
0
0
0
0
0
0
0
0
0
5.95902245857383e-08
9.67631742082702e-07
5.10205827643607e-06
1.62255668657739e-05
4.00474685513583e-05
8.34575283471975e-05
0.000111439395234815
5.34155422667589e-05
1.05304439732226e-05
2.1168717876648e-06
5.59013059209068e-07
5.95902245857383e-08
2.83762974217801e-09
0
0
0
0
5.67525948435602e-09
4.8523468591244e-07
8.98677339347776e-06
5.9314974500747e-05
0.000185263170607318
0.000337235269079404
0.000493086407409047
0.000581526813583509
0.000332550342375068
0.000111916117031501
4.43095884241097e-05
1.35837335758061e-05
1.48975561464346e-06
5.95902245857383e-08
0
0
0
2.83762974217801e-09
4.25644461326702e-08
2.2332146070941e-06
4.35462660234638e-05
0.000329840405971288
0.000999850190175391
0.00151920169847804
0.00179026344196985
0.00192251117610406
0.00126436268422226
0.000626057737127508
0.000336744359134007
0.000107722100272562
1.20457382555457e-05
4.93747575138974e-07
0
0
8.51288922653404e-09
1.33368597882367e-07
5.64688318693424e-07
8.98109813399341e-06
0.000143975657858628
0.000945157714524652
0.00263584021595225
0.00366527837144933
0.00381134820005769
0.00400151195722975
0.00299285660196438
0.00179018115070733
0.00102568113371844
0.000327547601139608
3.76411585299913e-05
1.58907265561969e-06
0
2.83762974217801e-09
1.90121192725927e-07
2.74682559042832e-06
8.74841249513481e-06
2.94120322776751e-05
0.000298356903981823
0.00155403927882276
0.00394697271358508
0.00551966657033292
0.00565129853881307
0.00599428852100961
0.00481851379970841
0.00282949142007745
0.00142527615401195
0.000425956600598341
4.90909945396796e-05
2.10835889843826e-06
0
1.70257784530681e-08
1.40746435212029e-06
2.03344547324476e-05
6.27626946374933e-05
9.81819890793592e-05
0.000467334917498781
0.00197057211104733
0.0044701635349289
0.00636901455424267
0.00719330342989925
0.00741649435964052
0.00570887688391161
0.00278243500606291
0.000977603172996716
0.000231976231423052
2.44944199344806e-05
1.01019618821537e-06
0
5.10773353592042e-08
4.00673319595535e-06
5.81714097146493e-05
0.000181923280400775
0.000243130953939554
0.000698953607574319
0.0025452744251009
0.005053741954816
0.00647019308032977
0.00768518100703813
0.00729872705008065
0.00517564085328048
0.00209271504566964
0.000472646960376138
7.16785272874166e-05
5.40852228859129e-06
1.70257784530681e-07
0
5.95902245857383e-08
4.76438033711688e-06
6.94907147561973e-05
0.000222484359935467
0.000313768071111592
0.000782658009709086
0.00261619814287689
0.00507286757927828
0.00625992471643438
0.00722347594694783
0.0062184697835309
0.00412500844123908
0.00153378995298258
0.000301027113569212
4.26949771008104e-05
2.43468631878873e-06
3.40515569061362e-08
0
2.55386676796021e-08
2.13105993637569e-06
3.11940637557629e-05
0.000103377689137287
0.000188367537545261
0.000597224581317238
0.00199650237163135
0.00407957798906681
0.00537293841162438
0.00600900730648229
0.00481932536181468
0.00301734534663937
0.00109791299880558
0.000231054001756845
3.8719457832019e-05
2.31266823987508e-06
2.83762974217801e-08
0
2.83762974217801e-09
3.06464012155225e-07
4.52034417928957e-06
1.65859458430305e-05
6.54499300033359e-05
0.000435275376671654
0.00163777205725495
0.00326124246060931
0.00444047341493649
0.00528648434626944
0.00421307144265783
0.00212499592161665
0.000639667009370994
0.000148978399094088
3.14012107269419e-05
2.02039237643075e-06
2.55386676796021e-08
0
0
1.41881487108901e-08
1.98634081952461e-07
1.22301841887872e-06
2.7258271303362e-05
0.000348080689954008
0.00131441563524453
0.00237764996097096
0.00335135139307218
0.00413943778847805
0.00332775366413623
0.00146589966140097
0.000336505998235664
6.09806631594055e-05
1.33709113451428e-05
8.91015739043896e-07
1.1350518968712e-08
0
0
0
2.83762974217801e-09
1.61744895304147e-07
1.10213539186194e-05
0.000164906014836933
0.000647254831301578
0.00130081487589028
0.00194922178486718
0.00202972817828251
0.00156705832407987
0.000862979957191177
0.000227844642518441
2.04621480708456e-05
2.07146971178995e-06
1.30530968140189e-07
2.83762974217801e-09
0
0
0
0
2.55386676796021e-08
2.13105993637569e-06
3.6313147810652e-05
0.00019951942243202
0.000583098860460675
0.000900411131120247
0.000654178647872492
0.000504834194541664
0.000517680144384504
0.000185237631939638
1.33056458610727e-05
2.44036157827309e-07
5.67525948435602e-09
0
0
0
0
0
2.83762974217801e-09
1.95796452210283e-07
4.88923604577272e-06
4.73373393590136e-05
0.000180115710255007
0.000275565061892649
0.000159704639519521
0.000140431458310648
0.000205645865045383
7.99246793181859e-05
5.72633681971523e-06
7.37783732966283e-08
0
0
0
0
0
0
0
8.51288922653404e-09
4.19969201842346e-07
5.68377237358256e-06
2.33338293699298e-05
3.53653794767646e-05
1.92221038735139e-05
1.84133793969931e-05
2.93354162746363e-05
1.15463154209223e-05
8.2858788471598e-07
1.1350518968712e-08
0
0
0
0
0
0
0
0
1.41881487108901e-08
2.32685638858597e-07
9.7046937182488e-07
1.46705457670603e-06
7.83185808841131e-07
7.74672919614597e-07
1.25706997578486e-06
4.96585204881152e-07
3.68891866483142e-08
0
0
0
0
0
0
0
0
0
0
2.83762974217801e-09
1.1350518968712e-08
1.70257784530681e-08
8.51288922653404e-09
8.51288922653404e-09
1.41881487108901e-08
5.67525948435602e-09
0
0
0
0
0
0
0
0
0
0
0
0
0
0
0
0
0
0
0
0
0
0
0
0
0
0
8.51288922653404e-09
4.05781053131456e-07
5.57026718389544e-06
2.23832234063002e-05
4.95138013712641e-05
6.77767863919218e-05
4.19827320355237e-05
2.74001527904709e-05
1.44208343497487e-05
3.48177169365242e-06
4.76721796685906e-07
9.64794112340524e-08
1.1350518968712e-08
0
0
0
0
0
1.24855708655833e-07
3.99822030672882e-06
4.5302758833872e-05
0.000166381582302866
0.000299293321796741
0.000335217714332715
0.000237379078452159
0.000200750953740126
0.000126495858646811
3.91224012554083e-05
8.89596924172807e-06
2.29564246142201e-06
2.46873787569487e-07
8.51288922653404e-09
0
0
0
2.55386676796021e-08
8.22912625231624e-07
1.88021346716715e-05
0.000166824252542645
0.00053630634601216
0.000918310899533906
0.00115929660538837
0.00103372013877803
0.000976459608210618
0.000634973569777432
0.000221757926721469
6.57365306072958e-05
1.82062324258141e-05
1.98634081952461e-06
7.94536327809843e-08
0
0
5.10773353592042e-08
7.32108473481927e-07
3.87336459807299e-06
4.95705539661077e-05
0.000412052214861669
0.0011685557912371
0.00183071101631486
0.00273773382473438
0.00293036915741187
0.00291246938899822
0.0018830964989852
0.000685250693549342
0.000209905147288392
5.5935357477813e-05
6.20589624614331e-06
2.58224306538199e-07
0
1.1350518968712e-08
8.73989960590828e-07
1.22727486349199e-05
3.47950158985868e-05
9.29522374645251e-05
0.000674907533139103
0.0018511731643857
0.00264644160066903
0.00417211025732949
0.00524789825703531
0.00575829704350138
0.0038001140239084
0.00136905987118966
0.000353852428849598
7.72771707687338e-05
8.20926284412099e-06
3.4335319880354e-07
0
6.81031138122723e-08
5.49365118085663e-06
7.73793254394522e-05
0.000210810351176147
0.00024096300481653
0.000902519490018686
0.00244761172226436
0.00345924658875901
0.00490749051790415
0.00684651953673742
0.00818996696187418
0.00552411029850917
0.00193840757791974
0.000410426253019401
6.48228138303145e-05
5.27231606096675e-06
1.78770673757215e-07
0
1.53232006077613e-07
1.22812615241464e-05
0.000174324107951222
0.000494167544340816
0.000573448081707528
0.00149873671277745
0.00395992933098787
0.00585801419027126
0.00668147731567286
0.00817568800901154
0.00893355648529296
0.00605392698530097
0.00223207955519722
0.000548269793005183
0.000101944686117487
6.44993240397062e-06
9.64794112340524e-08
0
1.36206227624545e-07
1.083974561512e-05
0.000155902215665002
0.000476701933277711
0.00072855576104472
0.00194710207544977
0.00503500792325814
0.00806497220936098
0.00880671159818786
0.00906628094122385
0.00814565453582033
0.00570438775365948
0.00238514414112005
0.000705925663850851
0.000150984603321808
9.58551326907733e-06
1.19180449171477e-07
0
4.82397056170262e-08
3.96416874982268e-06
5.77514405128069e-05
0.000195018941660926
0.000462465544861204
0.00148486921622743
0.00377395675294501
0.00651196299013463
0.00767431288512559
0.00746246963672329
0.00587244353751023
0.00414602960236913
0.00181558644978905
0.000481279030051844
8.48025648449899e-05
5.0197670139129e-06
5.95902245857383e-08
0
5.67525948435602e-09
5.24961502302932e-07
7.76375497459904e-06
3.18836077831121e-05
0.000150706515607074
0.000636310093385998
0.00187852507747056
0.00374912181744147
0.00467500067549776
0.00442948043731529
0.00321160664115914
0.00202843138149034
0.000867829466420559
0.000194896923582012
2.03344547324476e-05
8.5696418213776e-07
8.51288922653404e-09
0
0
2.27010379374241e-08
3.37677939319183e-07
2.45738735672616e-06
2.73150238982055e-05
0.000186647933921501
0.000892508332288281
0.00214992166127194
0.00252260743872038
0.00219825217104072
0.00161635362796099
0.000842810084983776
0.000290263983957131
5.61254786705389e-05
3.7683722976124e-06
7.66160030388063e-08
0
0
0
0
5.67525948435602e-09
1.41881487108901e-07
3.79107333554982e-06
5.88779795204516e-05
0.000475240553960489
0.00132312999618276
0.00146691553284867
0.00102508239384284
0.00068947024897596
0.00034683213286745
9.15816622990532e-05
1.05162558245117e-05
4.76721796685906e-07
5.67525948435602e-09
0
0
0
0
0
8.51288922653404e-09
5.93064616115205e-07
2.19774423531687e-05
0.000264992053473294
0.000831348898455119
0.000938761697085783
0.00051951325319795
0.000228840650557946
0.000128958921263022
3.89521434708776e-05
2.84898026114672e-06
5.10773353592042e-08
0
0
0
0
0
0
0
1.07829930202764e-07
6.88408975452386e-06
9.70582877014567e-05
0.000317777641937289
0.000365376043232583
0.000188489555624174
6.28903879758913e-05
3.88897156165497e-05
1.36688624680715e-05
9.7046937182488e-07
1.1350518968712e-08
0
0
0
0
0
0
0
1.1350518968712e-08
9.16554406723498e-07
1.33936123830802e-05
4.42840497564301e-05
5.12220544760553e-05
2.61033559982955e-05
8.08440713546516e-06
5.1361098333422e-06
1.88134851906402e-06
1.33368597882367e-07
2.83762974217801e-09
0
0
0
0
0
0
0
0
3.97268163904922e-08
5.67525948435602e-07
1.8841861488062e-06
2.18213727173489e-06
1.1095132291916e-06
3.37677939319183e-07
2.15659860405529e-07
7.94536327809843e-08
5.67525948435602e-09
0
0
0
0
0
0
0
0
0
0
5.67525948435602e-09
2.27010379374241e-08
2.55386676796021e-08
1.41881487108901e-08
2.83762974217801e-09
2.83762974217801e-09
0
0
0
0
0
0
0
0
0
0
0
0
0
0
0
0
0
0
0
0
0
0
0
0
0
0
0
2.55386676796021e-08
5.1361098333422e-07
4.04078475286149e-06
1.92760188386152e-05
0.000114183383195501
0.000251371430710839
0.000121535681857484
1.80416499007678e-05
2.67588484687387e-06
6.41304321732231e-07
4.54020758748482e-08
0
0
0
0
0
0
5.67525948435602e-09
5.36312021271644e-07
9.06622702625875e-06
4.71869449826782e-05
0.000123553236604173
0.000331835259680039
0.000588890462764461
0.000291450113189361
7.05434753905454e-05
3.54505083690299e-05
1.14696994178835e-05
8.91015739043896e-07
2.83762974217801e-08
0
0
0
0
2.83762974217801e-09
8.79665220075184e-08
3.82228726271378e-06
5.87900129984441e-05
0.000248403270000521
0.000442658889260801
0.00054740715356356
0.000688752328651189
0.000454156964976107
0.000300102046273262
0.000244424913101987
8.34773917553928e-05
7.55093274393569e-06
2.92275863444335e-07
1.1350518968712e-08
0
0
2.83762974217801e-09
1.19180449171477e-07
1.75365518066601e-06
1.27977101372228e-05
0.000140842914623263
0.000583047783125316
0.000942359811598865
0.000808596783182335
0.00093561760333145
0.00102011086653454
0.00101462572824291
0.00079390637400708
0.000273541831886476
3.12791926480282e-05
1.52096954180741e-06
4.54020758748482e-08
0
0
2.27010379374241e-08
1.87283562983749e-06
2.60210647357724e-05
7.19140505560174e-05
0.000172709496627923
0.000675736121023819
0.0012019319922646
0.00115074115171571
0.00164607212425082
0.00214378386813961
0.00218929661157441
0.00152358867405944
0.000520041052329996
7.18970247775643e-05
4.10605023693158e-06
1.04992300460586e-07
2.83762974217801e-09
0
1.36206227624545e-07
1.07205651659485e-05
0.000148504514927144
0.000370200013794286
0.000294125998036235
0.000645637382348537
0.00125529361956626
0.00151227788190712
0.00231223975778401
0.00315077921000581
0.0033122914196711
0.00213964376634578
0.000707690669550485
0.000112111913483711
9.52592304449159e-06
3.80242385451854e-07
5.67525948435602e-09
0
2.46873787569487e-07
1.95711323318018e-05
0.000271430635358296
0.000680608331291138
0.000536187165562988
0.0010188027192234
0.00195565752912244
0.0023669691226214
0.00268518375953898
0.00348364452928226
0.00399298204222476
0.00276894775189834
0.0010094981312988
0.000208616863385443
2.86316840985761e-05
1.54083295000266e-06
1.70257784530681e-08
0
1.39043857366723e-07
1.10241915483616e-05
0.000153549820608737
0.000402035381871781
0.000482206934977536
0.00127828125810764
0.00258930308818053
0.00320725371713464
0.00293303369173978
0.00330338693754014
0.00390808299796854
0.00329501876743046
0.00147809863166259
0.000355370560761663
4.92924662513743e-05
2.59643121409288e-06
3.12139271639581e-08
0
2.55386676796021e-08
2.04876867385253e-06
2.88955836645987e-05
8.68967355947173e-05
0.000229393988357671
0.000860074224335187
0.00190009390114085
0.00248547705354398
0.00231479362455197
0.00244926606040405
0.00265744309117945
0.00250246310518066
0.00130515361176607
0.000321659519424589
3.43892348454553e-05
1.45002879825296e-06
1.70257784530681e-08
0
2.83762974217801e-09
1.44719116851079e-07
2.12822230663351e-06
9.74725816438147e-06
6.85883484981847e-05
0.000325785433069715
0.000796690088784157
0.00113020522527156
0.00112853953661291
0.0011270185670711
0.00106337620721353
0.00102589679357884
0.000627567356150347
0.00016524085514651
1.28941895484569e-05
3.14976901381759e-07
2.83762974217801e-09
0
0
5.67525948435602e-09
7.09407435544503e-08
9.81819890793592e-07
1.36830506167824e-05
7.47970823740702e-05
0.000232790631159058
0.00042035228185754
0.000422296058230932
0.00034562046496754
0.000284602912621486
0.000244041833086793
0.000164432130669989
4.74820584758647e-05
3.28313761169996e-06
4.82397056170262e-08
0
0
0
0
2.83762974217801e-09
8.51288922653404e-08
1.46137931722168e-06
1.15917174967972e-05
7.7980902944794e-05
0.000207952858025773
0.000209953386994009
0.000128084931302431
8.34915799041037e-05
4.89973527581877e-05
2.33735561863203e-05
6.04982661032352e-06
4.001057936471e-07
5.67525948435602e-09
0
0
0
0
0
2.83762974217801e-09
9.08041517496964e-08
3.1355808651067e-06
4.20565104088203e-05
0.000131807901524169
0.000141447329758347
7.38181001130188e-05
2.66112917221454e-05
8.94704657708727e-06
2.32401875884379e-06
3.32002679834827e-07
1.70257784530681e-08
0
0
0
0
0
0
0
1.41881487108901e-08
1.09248745073853e-06
1.59645049294935e-05
5.14831164123357e-05
5.71640511561761e-05
2.90062512245436e-05
7.28419554817096e-06
1.23720656758961e-06
2.29848009116419e-07
1.70257784530681e-08
0
0
0
0
0
0
0
0
2.83762974217801e-09
1.50394376335435e-07
2.22470171786756e-06
7.22460532358522e-06
8.10710817340258e-06
4.10037497744723e-06
9.2790492569221e-07
1.02154670718408e-07
1.70257784530681e-08
0
0
0
0
0
0
0
0
0
0
5.67525948435602e-09
9.36417814918744e-08
3.06464012155225e-07
3.46190828545718e-07
1.75933044015037e-07
3.97268163904922e-08
2.83762974217801e-09
0
0
0
0
0
0
0
0
0
0
0
0
0
2.83762974217801e-09
5.67525948435602e-09
2.83762974217801e-09
0
0
0
0
0
0
0
0
0
0
0
0
0
0
0
0
0
0
0
0
0
0
0
0
0
0
0
0
0
5.67525948435602e-09
9.36417814918744e-08
6.15765654052629e-07
4.39832610037592e-06
4.08675435468477e-05
9.71604423721751e-05
4.72522104667483e-05
6.43290662551755e-06
4.62533647975016e-07
7.09407435544503e-08
5.67525948435602e-09
0
0
0
0
0
0
2.83762974217801e-09
1.13505189687121e-07
1.80473251602522e-06
8.10143291391823e-06
2.16085504866856e-05
9.81819890793592e-05
0.000213097480748342
0.000105559826409022
1.84020288780244e-05
5.74052496842612e-06
2.21335119889885e-06
3.14976901381759e-07
1.41881487108901e-08
0
0
0
0
0
1.70257784530681e-08
8.05886846778556e-07
1.20883027016783e-05
4.64179473225479e-05
7.39826826380651e-05
0.0001153808629467
0.000198540440170969
0.000130698388294977
6.86025366468956e-05
6.05465058088522e-05
3.01327902321883e-05
5.8852440852772e-06
3.46190828545718e-07
2.83762974217801e-09
0
0
0
1.98634081952461e-08
2.95113493186513e-07
2.51981521105408e-06
2.8804779512849e-05
0.000108882690837113
0.000157119558824397
0.000142525629060375
0.000225583051613925
0.000289424045553446
0.000301117917720962
0.000311171639897499
0.000174735564263838
4.00162546241943e-05
2.50278943260101e-06
3.12139271639581e-08
0
0
2.83762974217801e-09
3.09301641897403e-07
4.29617142965751e-06
1.22273465590451e-05
3.42360028393777e-05
0.000125616193426736
0.00021542717476667
0.000264580597160678
0.000465067651334781
0.000617893876359262
0.00067805730215292
0.000708445479061905
0.000417951647095657
0.000101541742694098
6.50100973932983e-06
8.22912625231624e-08
0
0
2.27010379374241e-08
1.75365518066601e-06
2.42872729633016e-05
6.06969001851877e-05
5.7371198127355e-05
0.000158859025856352
0.000376241327515383
0.00057784073254842
0.000743180904735906
0.000876484237134202
0.000888564026946654
0.000811269830399467
0.000454965689452627
0.000110432036676342
7.26716976971789e-06
1.04992300460586e-07
0
0
3.97268163904922e-08
3.14125612459106e-06
4.34781629096515e-05
0.000108590414973668
0.000101013943562053
0.000275891389312999
0.00068576997979216
0.00095678915883784
0.000843471252713703
0.00104000548865695
0.00105154896644813
0.00076227247764128
0.000333781873683173
7.02086350809684e-05
5.28366657993546e-06
1.39043857366723e-07
0
0
1.98634081952461e-08
1.66001339917414e-06
2.30103395793215e-05
5.92014693110599e-05
8.17010355367893e-05
0.000276989552023222
0.000663897529739452
0.000861073070004434
0.000664635313472418
0.000973346728383449
0.0012697541807324
0.000999679932390861
0.0003867916348968
6.7158183108127e-05
5.43689858601307e-06
1.90121192725927e-07
2.83762974217801e-09
0
2.83762974217801e-09
2.55386676796021e-07
3.54419954798034e-06
1.03119464830749e-05
3.27689482626717e-05
0.000143777023776676
0.000342008162305747
0.000425380561760679
0.000342941742490924
0.000658914651912188
0.00115758551465384
0.000984302816817998
0.000378105650255994
6.29698416086723e-05
4.32738535682147e-06
1.16342819429299e-07
0
0
0
1.1350518968712e-08
1.64582525046325e-07
8.7115233084865e-07
8.51856448601839e-06
4.4601864287554e-05
0.000105460509368046
0.000121737153569179
0.000103213106612241
0.000241070834746733
0.000491752721430223
0.000429546202222197
0.00017460787092544
3.18722572641434e-05
1.96931504107154e-06
3.40515569061362e-08
0
0
0
0
2.83762974217801e-09
1.07829930202764e-07
1.75081755092383e-06
9.39822970609358e-06
2.08111765291335e-05
2.09899472028908e-05
1.59645049294935e-05
3.46900235981262e-05
7.33243525378798e-05
6.86167247956065e-05
3.44232864023615e-05
8.01062876216853e-06
5.1361098333422e-07
5.67525948435602e-09
0
0
0
0
0
1.1350518968712e-08
1.95796452210283e-07
1.03573485589497e-06
2.36658320497646e-06
2.66737195764733e-06
1.95228926261847e-06
2.22470171786756e-06
3.91592904420566e-06
4.21388016713435e-06
2.98234885902909e-06
8.79665220075184e-07
5.95902245857383e-08
0
0
0
0
0
0
0
8.51288922653404e-09
5.39149651013822e-08
2.92275863444335e-07
7.43458992450639e-07
7.60484770903707e-07
4.11456312615812e-07
1.98634081952461e-07
1.41881487108901e-07
1.07829930202764e-07
3.40515569061362e-08
2.83762974217801e-09
0
0
0
0
0
0
0
0
5.67525948435602e-09
8.51288922653404e-08
2.69574825506911e-07
2.97951122928691e-07
1.50394376335435e-07
3.68891866483142e-08
5.67525948435602e-09
2.83762974217801e-09
0
0
0
0
0
0
0
0
0
0
0
1.1350518968712e-08
3.68891866483142e-08
4.25644461326702e-08
2.27010379374241e-08
5.67525948435602e-09
0
0
0
0
0
0
0
0
0
0
0
0
0
0
2.83762974217801e-09
2.83762974217801e-09
0
0
0
0
0
0
0
0
0
0
0
0
0
0
0
0
0
0
0
0
0
0
0
0
0
0
0
0
0
0
0
0
0
0
0
0
0
0
0
0
0
0
0
0
0
0
0
0
0
2.83762974217801e-09
1.41881487108901e-08
3.03626382413047e-07
4.02375897440842e-06
9.9884566924666e-06
5.04246805185033e-06
7.57647141161529e-07
5.10773353592042e-08
2.83762974217801e-09
0
0
0
0
0
0
0
0
2.83762974217801e-09
6.24278543279163e-08
2.18497490147707e-07
8.76827590333006e-07
8.89029398224371e-06
2.37339351635769e-05
1.66767499947802e-05
4.90058656474143e-06
8.54126552395582e-07
1.78770673757215e-07
3.68891866483142e-08
2.83762974217801e-09
0
0
0
0
0
0
2.83762974217801e-08
4.34157350553236e-07
1.44719116851079e-06
2.12822230663351e-06
9.78698498077196e-06
4.69031820084604e-05
8.33894252333852e-05
4.41620316775164e-05
1.17931892084918e-05
3.77688518683893e-06
8.79665220075184e-07
5.67525948435603e-08
0
0
0
0
0
2.83762974217801e-09
7.37783732966283e-08
1.03573485589497e-06
3.459070655715e-06
4.47210447367255e-06
1.76557322558316e-05
0.000155513460390324
0.000366982141666656
0.000214099164047331
6.83414747106152e-05
2.65148123109113e-05
6.44993240397062e-06
4.17131572100168e-07
5.67525948435602e-09
0
0
0
2.83762974217801e-09
2.27010379374241e-08
1.33368597882367e-07
1.23436893784744e-06
4.86085974835094e-06
1.00707479549898e-05
3.85492000474883e-05
0.000271615081291537
0.000626872136863513
0.000379632295057285
0.000145681073333677
6.63352704828954e-05
1.66682371055536e-05
1.083974561512e-06
1.41881487108901e-08
0
0
0
8.51288922653404e-09
1.27693338398011e-07
4.34157350553236e-07
2.34388216703904e-06
1.28345993238711e-05
3.99254504724446e-05
7.95841637491245e-05
0.000197501867685332
0.000380699243840344
0.000250440688155405
0.000129818723074902
6.90679079246128e-05
1.77153224804173e-05
1.15491530506645e-06
1.41881487108901e-08
0
0
0
1.70257784530681e-08
2.29848009116419e-07
7.74672919614597e-07
4.29617142965751e-06
2.52009897402829e-05
8.10994580314476e-05
0.000126300062194601
0.000117270724354991
0.000164134179547061
0.000132931602902071
8.34291520497757e-05
3.9006058435979e-05
8.67179649209601e-06
5.44824910498178e-07
5.67525948435602e-09
0
0
0
8.51288922653404e-09
1.22018078913655e-07
4.65371277717194e-07
3.29165050092649e-06
1.96903127809732e-05
6.32422540639214e-05
9.37524490518193e-05
7.25099528018748e-05
0.000120900052795236
0.000148632208265542
0.000104694349337658
3.49482479046644e-05
4.55155810645353e-06
2.24172749632063e-07
2.83762974217801e-09
0
0
0
0
1.98634081952461e-08
1.02154670718408e-07
1.07546167228547e-06
6.53222366649378e-06
2.08480657157819e-05
3.06293754370695e-05
2.69943717373394e-05
7.88378671269317e-05
0.000153382400453948
0.000118411451511346
3.59953332795281e-05
3.71445733251102e-06
1.44719116851079e-07
2.83762974217801e-09
0
0
0
0
0
1.1350518968712e-08
1.56069635819791e-07
9.420930744031e-07
2.89721996676375e-06
4.15145231280643e-06
4.92896286216321e-06
2.77747199164384e-05
6.88210341370433e-05
5.41107615535925e-05
1.59020770751656e-05
1.54934583922919e-06
5.67525948435603e-08
0
0
0
0
0
0
0
1.41881487108901e-08
7.66160030388063e-08
2.01471711694639e-07
2.46873787569487e-07
4.31319720811058e-07
3.74567125967498e-06
1.00991242524115e-05
7.9623890565515e-06
2.34104453729686e-06
2.35523268600775e-07
8.51288922653404e-09
0
0
0
0
0
0
0
0
5.67525948435602e-09
1.1350518968712e-08
1.1350518968712e-08
1.70257784530681e-08
1.64582525046325e-07
4.51183129006304e-07
3.54703717772252e-07
1.07829930202764e-07
1.41881487108901e-08
0
0
0
0
0
0
0
0
0
0
0
0
0
2.83762974217801e-09
5.67525948435602e-09
5.67525948435602e-09
2.83762974217801e-09
0
0
0
0
0
0
0
0
0
0
0
0
0
0
0
0
0
0
0
0
0
0
0
0
0
0
0
0
0
0
0
0
0
0
0
0
0
0
0
0
0
0
0
0
0
0
0
0
0
0
0
0
0
0
0
0
0
0
0
0
0
0
0
0
0
0
0
0
0
0
0
0
0
0
0
0
0
0
0
0
0
0
0
0
0
0
0
0
0
0
0
0
0
0
0
0
0
0
0
0
0
2.83762974217801e-09
2.27010379374241e-08
6.52654840700943e-08
5.95902245857383e-08
2.27010379374241e-08
2.83762974217801e-09
0
0
0
0
0
0
0
0
0
0
0
0
5.67525948435602e-09
7.37783732966283e-08
5.30636761787288e-07
1.11802611841814e-06
5.78876467404315e-07
9.64794112340524e-08
5.67525948435602e-09
0
0
0
0
0
0
0
0
0
2.83762974217801e-09
5.67525948435602e-09
1.41881487108901e-08
3.94430534162744e-07
5.05098094107686e-06
1.2576375017333e-05
6.75072115664149e-06
1.14072715635556e-06
7.66160030388063e-08
5.67525948435602e-09
0
0
0
0
0
0
0
0
5.67525948435602e-09
1.70257784530681e-08
3.97268163904922e-08
1.73946703195512e-06
2.37906877584205e-05
5.99420906737683e-05
3.22780383172749e-05
5.51918984853623e-06
4.1429394235799e-07
3.68891866483142e-08
2.83762974217801e-09
0
0
0
0
0
0
0
5.67525948435602e-09
2.27010379374241e-08
8.22912625231624e-08
2.95964782109167e-06
3.98772107668276e-05
0.000100392502648516
5.41419754807565e-05
9.40390496557793e-06
8.05886846778556e-07
9.36417814918744e-08
5.67525948435602e-09
0
0
0
0
0
0
0
1.1350518968712e-08
6.52654840700943e-08
2.24172749632063e-07
1.84729696215789e-06
2.1009810611086e-05
5.24706115626136e-05
2.8469939203272e-05
5.19286242818576e-06
6.01577505341739e-07
9.64794112340524e-08
5.67525948435602e-09
0
0
0
0
0
0
0
1.98634081952461e-08
1.27693338398011e-07
4.19969201842346e-07
8.91015739043896e-07
3.92444193343219e-06
9.28472451640646e-06
5.34893206400555e-06
1.24571945681615e-06
2.46873787569487e-07
4.54020758748482e-08
2.83762974217801e-09
0
0
0
0
0
0
0
1.41881487108901e-08
9.93170409762304e-08
3.23489790608293e-07
5.10773353592042e-07
8.002115872942e-07
1.75933044015037e-06
1.50394376335435e-06
7.00894546317969e-07
1.87283562983749e-07
2.27010379374241e-08
0
0
0
0
0
0
0
0
5.67525948435602e-09
3.12139271639581e-08
1.02154670718408e-07
1.61744895304147e-07
2.52549047053843e-07
7.20757954513215e-07
1.01303381795755e-06
6.64005359669655e-07
1.87283562983749e-07
1.70257784530681e-08
0
0
0
0
0
0
0
0
0
2.83762974217801e-09
1.41881487108901e-08
1.98634081952461e-08
3.97268163904922e-08
1.84445933241571e-07
3.8591764493621e-07
2.86600603959979e-07
8.22912625231624e-08
8.51288922653404e-09
0
0
0
0
0
0
0
0
0
0
0
0
2.83762974217801e-09
1.98634081952461e-08
5.39149651013822e-08
4.25644461326702e-08
1.1350518968712e-08
0
0
0
0
0
0
0
0
0
0
0
0
0
0
0
2.83762974217801e-09
2.83762974217801e-09
0
0
0
0
0
0
0
0
0
0
0
0
0
0
0
0
0
0
0
0
0
0
0
0
0
0
0
0
0
0
0
0
0
0
0
0
0
0
0
0
0
0
0
0
0
0
0
0
0
0
0
0
0
0
0
0
0
0
0
0
0
0
0
0
0
0
0
0
0
0
0
0
0
0
0
0
0
0
0
0
0
0
0
0
0
0
0
0
0
0
0
0
0
0
0
0
0
0
0
0
0
0
0
0
0
0
0
0
0
0
0
0
0
0
0
0
0
0
0
0
0
0
0
0
0
0
0
0
0
0
0
0
0
0
0
0
0
0
0
0
2.83762974217801e-09
5.67525948435602e-09
2.83762974217801e-09
0
0
0
0
0
0
0
0
0
0
0
0
0
0
2.83762974217801e-09
2.55386676796021e-08
6.52654840700943e-08
3.40515569061362e-08
5.67525948435602e-09
0
0
0
0
0
0
0
0
0
0
0
0
0
8.51288922653404e-09
1.24855708655833e-07
3.12139271639581e-07
1.67420154788503e-07
2.83762974217801e-08
2.83762974217801e-09
0
0
0
0
0
0
0
0
0
0
0
0
1.41881487108901e-08
2.07146971178995e-07
5.24961502302932e-07
2.80925344475623e-07
4.54020758748482e-08
2.83762974217801e-09
0
0
0
0
0
0
0
0
0
0
0
0
8.51288922653404e-09
1.07829930202764e-07
2.72412455249089e-07
1.47556746593257e-07
2.55386676796021e-08
0
0
0
0
0
0
0
0
0
0
0
0
0
0
1.70257784530681e-08
4.54020758748482e-08
2.55386676796021e-08
5.67525948435602e-09
0
0
0
0
0
0
0
0
0
0
0
0
0
0
2.83762974217801e-09
5.67525948435602e-09
2.83762974217801e-09
0
0
0
0
0
0
0
0
0
0
0
0
0
0
0
0
2.83762974217801e-09
0
0
0
0
0
0
0
0
0
0
0
0
0
0
0
0
0
0
0
0
0
0
0
0
0
0
0
0
0
0
0
0
0
0
0
0
0
0
0
0
0
0
0
0
0
0
0
0
0
0
0
0
0
0
0
0
0
0
0
0
0
0
0
0
0
0
0
0
0
0
0
0
0
0
0
0
0
0
0
0
0
0
0
0
0
0
0
0
0
0
0
0
0
0
0
0
0
0
0
0
0
0
0
0
0
0
0
0
0
0
0
0
0
0
0
0
0
0
0
0
0
0
0
0
0
0
0
0
0
0
0
0
0
0
0
0
0
0
0
0
0
0
0
0
0
0
0
0
0
0
0
0
0
0
0
0
0
0
0
0
0
0
0
0
0
0
0
0
0
0
0
0
0
0
0
0
0
0
0
0
0
0
0
0
0
0
0
0
0
0
0
0
0
0
0
0
0
0
0
0
0
0
0
0
0
0
0
0
0
0
0
0
0
0
0
0
0
0
0
0
0
0
0
0
0
0
0
0
0
0
0
0
0
0
0
0
0
0
0
0
0
0
0
0
0
0
0
0
0
0
0
0
0
0
0
0
0
0
0
0
0
0
0
0
0
0
0
0
0
0
0
0
0
0
0
0
0
0
0
0
0
0
0
0
0
0
0
0
0
0
0
0
0
0
0
0
0
0
0
0
0
0
0
0
0
0
0
0
0
0
0
0
0
0
0
0
0
0
0
0
0
0
0
0
0
0
0
0
0
0
0
0
0
0
0
0
0
0
0
0
0
0
0
0
0
0
0
0
0
0
0
0
0
0
0
0
0
0
0
0
0
0
0
0
0
0
0
0
0
0
0
0
0
0
0
0
0
0
0
0
0
0
0
0
0
0
0
0
0
0
0
0
0
0
0
0
0
0
0
0
0
0
0
0
0
0
0
0
0
0
0
0
0
0
0
0
0
0
0
0
0
0
0
0
0
0
0
0
0
0
0
0
0
0
0
0
0
0
0
0
0
0
0
0
0
0
0
0
0
0
0
0
0
0
0
0
0
0
0
0
0
0
0
0
0
0
0
0
0
0
0
0
0
0
0
0
0
0
0
0
0
0
0
0
0
0
0
0
0
0
0
0
0
0
