0
0
0
0
0
0
0
0
0
0
0
0
0
0
0
0
0
0
0
0
0
0
0
0
0
0
0
0
0
0
0
0
0
0
0
0
0
0
0
0
0
0
0
0
0
0
0
0
0
0
0
0
0
0
0
0
0
0
0
0
0
0
0
0
0
0
0
0
0
0
0
0
0
0
0
0
0
0
0
0
0
0
0
0
0
0
0
0
0
0
0
0
0
0
0
0
0
0
0
0
0
0
0
0
0
0
0
0
0
0
0
0
0
0
0
0
0
0
0
0
0
0
0
0
0
0
0
0
0
0
0
0
0
0
0
0
0
0
0
0
0
0
0
0
0
0
0
0
0
0
0
0
0
0
0
0
0
0
0
0
0
0
0
0
0
0
0
0
0
0
0
0
0
0
0
0
0
0
0
0
0
0
0
0
0
0
0
0
0
0
0
0
0
0
0
0
0
0
0
0
0
0
0
0
0
0
0
0
0
0
0
0
0
0
0
0
0
0
0
0
0
0
0
0
0
0
0
0
0
0
0
0
0
0
0
0
0
0
0
0
0
0
0
0
0
0
0
0
0
0
0
0
0
0
0
0
0
0
0
0
0
0
0
0
0
0
0
0
0
0
0
0
0
0
0
0
0
0
0
0
0
0
0
0
0
0
0
0
0
0
0
0
0
0
0
0
0
0
0
0
0
0
0
0
0
0
0
0
0
0
0
0
0
0
0
0
0
0
0
0
0
0
0
0
0
0
0
0
0
0
0
0
0
0
0
0
0
0
0
0
0
0
0
0
0
0
0
0
0
0
0
0
0
0
0
0
0
0
0
0
0
0
0
0
0
0
0
0
0
0
0
0
0
0
0
0
0
0
0
0
0
0
0
0
0
0
0
0
0
0
0
0
0
0
1.08047455244982e-07
2.73205708262311e-06
1.18594944923659e-05
1.42725543261705e-05
3.66846836141295e-06
1.02902338328554e-07
0
0
0
0
0
0
0
1.02902338328554e-08
4.52770288645638e-07
2.23812585864605e-06
3.50382462008727e-06
1.99630536357395e-06
3.75593534899223e-07
1.02902338328554e-08
0
0
0
0
0
0
0
1.02902338328554e-08
4.06464236397789e-07
1.57440577642688e-06
1.29656946293978e-06
3.44722833400656e-07
2.57255845821385e-08
0
0
0
0
0
0
0
0
0
3.08707014985662e-08
1.18337689077837e-07
9.26121044956987e-08
2.57255845821385e-08
0
0
0
0
0
0
0
0
0
0
0
0
0
0
0
0
0
0
0
0
0
0
0
0
0
0
0
0
0
0
0
0
0
0
0
0
0
0
0
0
0
0
0
0
0
0
0
0
0
0
0
0
0
0
0
0
0
0
0
0
0
0
0
0
0
0
0
0
0
0
0
0
0
0
0
0
0
0
0
0
0
0
0
0
0
0
0
0
0
0
0
0
0
0
0
0
0
0
0
0
0
0
0
0
0
0
0
0
0
0
0
0
0
0
0
0
0
0
0
0
0
0
0
0
0
0
0
0
0
0
0
0
0
0
0
0
0
0
0
0
0
0
0
0
0
0
0
1.02902338328554e-08
2.88126547319952e-07
1.64129229634044e-06
8.3196540538636e-06
0.000125108662939856
0.000523988997002831
0.000626654659953229
0.000161222238576262
4.62546010786851e-06
1.54353507492831e-08
0
0
0
0
1.08047455244982e-07
4.03377166247932e-06
2.19233431808985e-05
6.70254380703037e-05
0.000170380546687503
0.000221317204160138
0.000120627266105648
2.70118638112455e-05
2.13007840340107e-06
4.63060522478494e-08
0
0
0
0
2.16094910489964e-07
7.79485212838797e-06
3.3309486916953e-05
6.88982606278834e-05
0.000149151794290323
0.000123642304618674
6.6546942197076e-05
2.96873246077879e-05
5.7573858294826e-06
1.54353507492831e-07
0
0
0
0
4.63060522478494e-08
1.65672764708972e-06
6.9819236555924e-06
2.63429986121099e-05
8.51311044992128e-05
8.52803128897892e-05
5.91431189543365e-05
1.83526320408976e-05
1.99630536357395e-06
4.63060522478494e-08
0
0
0
0
5.14511691642771e-09
8.7466987579271e-08
5.76253094639903e-07
7.74854607614013e-06
3.25943156655695e-05
4.33579002547363e-05
3.06906224064913e-05
7.92348005129867e-06
5.65962860807048e-07
1.02902338328554e-08
0
0
0
0
0
0
2.05804676657108e-08
5.29947042392054e-07
3.0459092145252e-06
9.69854538746623e-06
1.7117803980955e-05
4.93416712285417e-06
1.64643741325687e-07
0
0
0
0
0
0
0
0
0
6.68865199135602e-08
5.6081774389062e-07
1.27084387835764e-06
3.70448417982795e-07
1.02902338328554e-08
0
0
0
0
0
0
0
0
0
0
0
0
0
0
0
0
0
0
0
0
0
0
0
0
0
0
0
0
0
0
0
0
0
0
0
0
0
0
0
0
0
0
0
0
0
0
0
0
0
0
0
0
0
0
0
0
0
0
0
0
0
0
0
0
0
0
0
0
0
0
0
0
0
0
0
0
0
0
0
0
0
0
0
0
0
0
0
0
0
0
0
0
0
0
0
0
0
0
0
0
0
0
0
6.58574965302746e-07
2.38733424922246e-05
0.000110872124432101
0.000195540168408835
0.000435899450276672
0.00102540122097638
0.00105872099812716
0.000274538293543666
1.1283241397726e-05
1.3377303982712e-07
0
0
0
0
6.3696547425375e-06
0.000207548871291777
0.00107090463498526
0.00225979194598113
0.00337582440144038
0.00323460637743519
0.00159598954189129
0.00048322938079089
7.31069662655213e-05
1.96543466207538e-06
5.14511691642771e-09
0
0
0
2.11515756434343e-05
0.000371508312067579
0.00151273125994966
0.00239308648993502
0.00372492058422
0.00310086935342648
0.00235366974923827
0.00126775166309087
0.000254950833442826
8.10355914337364e-06
5.65962860807048e-08
0
0
0
3.11022317598055e-05
0.000142946783289111
0.000369676650445331
0.00117103890041278
0.00356448554853195
0.00361281877684487
0.00254557231998719
0.000801485732773442
0.00010872661067795
8.82387551167352e-06
2.00659559740681e-07
0
0
0
1.00998645069476e-05
4.28073727446785e-05
7.32407393053484e-05
0.000372264644254294
0.00142781625036094
0.0018944063230441
0.00134809266374089
0.00035068087878988
2.71096210326576e-05
1.08047455244982e-06
1.54353507492831e-08
0
0
0
5.55672626974192e-06
2.10332379543565e-05
2.24429999894577e-05
4.8142858987014e-05
0.0001424734325328
0.00042302636775177
0.00074132902578657
0.000213764172526822
7.12084181233595e-06
5.14511691642771e-08
0
0
0
0
4.16754470230644e-07
1.55382530876117e-06
1.53838995801188e-06
2.01688583123966e-06
3.8434023365715e-06
2.44495955868645e-05
5.48881072644508e-05
1.61145061822516e-05
4.63060522478494e-07
0
0
0
0
0
0
0
0
0
0
1.54353507492831e-08
3.08707014985662e-08
1.02902338328554e-08
0
0
0
0
0
0
0
0
0
0
0
0
0
0
0
0
0
0
0
0
0
0
0
0
0
0
0
0
0
0
0
0
0
0
0
0
0
0
0
0
0
0
0
0
0
0
0
0
0
0
0
0
0
0
0
0
0
0
0
0
0
0
0
0
0
0
0
0
0
0
0
0
0
0
0
0
0
0
0
0
0
0
0
0
0
0
0
0
0
0
1.88722888494568e-05
0.000517619342260293
0.00191107650185333
0.00155174153641001
0.000825060658484514
0.000522049287925337
0.00022752221516135
4.7792991036697e-05
6.50342778236462e-06
9.15830811124132e-07
2.57255845821385e-08
0
0
0
8.12568314611428e-05
0.00164915918010566
0.00734766429159666
0.0104014198094194
0.00769594754590349
0.00573202040308461
0.00277526577448727
0.000675461239022462
8.88664593805393e-05
7.60448280248015e-06
1.74933975158542e-07
0
0
0
0.00053024031405629
0.00194237424805595
0.00575640825726848
0.00942909046943599
0.0103259718149569
0.00859782479995026
0.00722303412453003
0.00297413483354104
0.000608970893111467
6.59192379332718e-05
1.60013136100902e-06
5.14511691642771e-09
0
0
0.00125823319679548
0.00321962379697455
0.00355733898113503
0.00539820521754678
0.00838064426979093
0.00800568358427243
0.00427558701243451
0.00149323641195331
0.00109990765904317
0.000295015858871048
8.37110522302788e-06
2.05804676657108e-08
0
0
0.00042926224945448
0.00169830533689137
0.0022148699301838
0.00216983986693122
0.00252004224984788
0.00301780144081076
0.0023947380724652
0.000747590633073862
0.000151801529502283
2.63481437290263e-05
7.15171251383451e-07
0
0
0
0.000234787120247346
0.000890789527091878
0.000938124602723013
0.00115062307648839
0.000636301754171531
0.000622049780313026
0.000842142446647054
0.000248869305247608
1.27856155373228e-05
2.31530261239247e-07
0
0
0
0
1.76528961402635e-05
6.5728868607364e-05
7.21859903374807e-05
0.000105783603801754
4.70418039668985e-05
3.59283514274147e-05
5.67454944712812e-05
1.65775667047301e-05
6.32849380720608e-07
5.14511691642771e-09
0
0
0
0
1.02902338328554e-08
5.65962860807048e-08
6.37994497637036e-07
2.01174071432323e-06
6.9459078371774e-07
6.17414029971325e-08
3.60158184149939e-08
1.02902338328554e-08
0
0
0
0
0
0
0
0
5.14511691642771e-09
2.05804676657108e-08
1.02902338328554e-08
0
0
0
0
0
0
0
0
0
0
0
0
0
0
0
0
0
0
0
0
0
0
0
0
0
0
0
0
0
0
0
0
0
0
0
0
0
0
0
0
0
0
0
0
0
0
0
0
0
0
0
0
0
0
0
0
0
0
0
0
0
0
0
0
0
0
0
0
0
0
0
0
0
0
0
0
0
0
0
0.000227475909109102
0.0010471136143637
0.00285712458462764
0.00602854378121218
0.00595616227643187
0.00350288820880848
0.00135344873045089
0.00048876038147605
0.000205804676657108
4.05486664183668e-05
1.10620013703196e-06
5.14511691642771e-09
0
0
0.00029756269174468
0.00266733665693137
0.0103789613740792
0.0199900603544338
0.0223142382935071
0.0151960976675523
0.00776885385260927
0.00359237722733591
0.0011619937848737
0.000168564320416005
4.36305914513069e-06
1.02902338328554e-08
0
0
0.00112442928626686
0.00571532449869081
0.0138046419584398
0.0236040213472342
0.0284095245313592
0.0226458256434202
0.0180149322920879
0.00921181732717216
0.00193989944681915
0.000115332940798643
2.10435281881893e-06
5.14511691642771e-09
0
0
0.00130252236321209
0.00604419522687195
0.013478642205498
0.0208803868210032
0.0197677141268904
0.0143122437580638
0.0127758861212339
0.00794925194193305
0.00255531202630999
0.000345540906990368
8.79814992709138e-06
2.57255845821385e-08
0
0
0.0003369691422076
0.00224340474860231
0.00656582261521014
0.0103179351423335
0.0104903119943845
0.00875342857085379
0.00456823097240708
0.00212475320739257
0.000552595847058169
4.89712228105589e-05
1.0959099031991e-06
5.14511691642771e-09
0
0
2.59262441418792e-05
0.00019572024750091
0.00104029118933252
0.00258390344101458
0.00175230333892928
0.00104137680900188
0.000438353671045808
0.000152809972417903
3.18431285957711e-05
1.79050068691684e-06
3.08707014985662e-08
0
0
0
5.50527510057765e-07
1.23071196640951e-05
0.000326010043175609
0.00106133471752071
0.000372367546592622
4.50043376679931e-05
1.14478851390516e-05
2.09406258498608e-06
1.95514442824253e-07
5.14511691642771e-09
0
0
0
0
5.14511691642771e-09
9.20975928040559e-07
3.07214931079898e-05
0.000102444422922992
3.95659490873291e-05
3.66332324449653e-06
8.7466987579271e-08
0
0
0
0
0
0
0
0
1.54353507492831e-08
6.17414029971325e-07
2.20211004023106e-06
1.29142434602335e-06
2.26385144322819e-07
5.14511691642771e-09
0
0
0
0
0
0
0
0
0
0
0
0
0
0
0
0
0
0
0
0
0
0
0
0
0
0
0
0
0
0
0
0
0
0
0
0
0
0
0
0
0
0
0
0
0
0
0
0
0
0
0
0
0
0
0
0
0
0
0
0
0
0
0
0
0
0
0
0
0
0
0
0
0
0
0
0
0
0.000963268789093595
0.0026256303392068
0.00301276951646649
0.00421568756129346
0.0038426511495017
0.00228134484074404
0.00224226767776378
0.00143668643192486
0.000708636952899588
0.000147140053576
4.04406189631218e-06
1.02902338328554e-08
0
0
0.000628846479759627
0.00360485413585824
0.0107738336620643
0.01572231450018
0.0143597126067347
0.00880607340714268
0.00511856296802202
0.00358632142472527
0.00143959342298264
0.000220905594806824
5.76767606331546e-06
1.54353507492831e-08
0
0
0.00107061650843794
0.00708977559639455
0.0186797997353794
0.0250637990638799
0.0253415839261979
0.0177850844840803
0.0115476386658273
0.00478806638289529
0.000901537676330295
5.76716155162382e-05
1.11649037086481e-06
5.14511691642771e-09
0
0
0.00134345176828227
0.00560718957645825
0.0110746480677001
0.0181342681338475
0.0193692093863623
0.0146723762166291
0.0107399993732219
0.00640982267030405
0.00143384118227007
5.93797943324922e-05
7.25461485216307e-07
0
0
0
0.000314459255698229
0.00124284929721536
0.00336841543308072
0.00735097260177392
0.00913444505898293
0.0073912434318788
0.00335761068755623
0.00233449904360766
0.000685653715633905
4.45104064440161e-05
8.38654057377716e-07
0
0
0
1.78175398815891e-05
8.09841402645721e-05
0.000573675391064773
0.00174658711403513
0.00136619318505288
0.000818516069766818
0.00027402892696894
0.000157450867876521
4.86162097433254e-05
3.39063204792586e-06
6.68865199135602e-08
0
0
0
6.17414029971325e-08
1.47253246148161e-05
0.000501190983946139
0.00173501574609009
0.000869411566304121
0.000142488867883549
8.15501031253792e-06
2.72691196570668e-07
3.60158184149939e-08
0
0
0
0
0
2.05804676657108e-08
6.6474910560246e-06
0.000232662186960861
0.000827911053256215
0.000476340069239793
8.19154064264455e-05
2.18152957256535e-06
5.14511691642771e-09
0
0
0
0
0
0
0
4.68205639394921e-07
1.64283583141537e-05
5.87983961209358e-05
3.47604098873856e-05
6.1278342474654e-06
1.64643741325687e-07
0
0
0
0
0
0
0
0
0
1.02902338328554e-08
3.60158184149939e-08
2.05804676657108e-08
5.14511691642771e-09
0
0
0
0
0
0
0
0
0
0
0
0
0
0
0
0
0
0
0
0
0
0
0
0
0
0
0
0
0
0
0
0
0
0
0
0
0
0
0
0
0
0
0
0
0
0
0
0
0
0
0
0
0
0
0
0
0
0
0
0
0
0
0
0
0.000142838735833866
0.000308815062440907
0.00027795979629309
0.000427368846429235
0.000520886491502225
0.000504586761110982
0.000869735708669856
0.00065123802857992
0.000348535365035729
7.38838789199019e-05
2.03746629890537e-06
5.14511691642771e-09
0
0
9.68825515363337e-05
0.000607257569178296
0.0020307725017971
0.00306135485550832
0.00328103076737212
0.00250862523541032
0.00140925781364338
0.000720614785081032
0.000333357270132268
6.54716127615426e-05
1.78535557000041e-06
5.14511691642771e-09
0
0
0.000122906552899625
0.00136693922700576
0.00489370077830647
0.00615963107000892
0.00485710870679683
0.00384693703189308
0.00241114585031168
0.00171178554321241
0.000775302232785742
0.000132898369951328
3.53984043850226e-06
1.02902338328554e-08
0
0
0.000359648817575213
0.00107370872370472
0.0023204168586074
0.00447781068771778
0.00356050837315555
0.0016861628609686
0.00112565382409297
0.000881492300823893
0.000376823217842249
6.19369174399567e-05
1.63614717942401e-06
5.14511691642771e-09
0
0
0.000151405355499718
0.000352852118128612
0.000612778279629623
0.00159444600681636
0.00163220601986603
0.00111145844652055
0.000333161755689443
0.000110985317004262
4.00290096098076e-05
5.28918019008768e-06
1.3377303982712e-07
0
0
0
1.03879910542675e-05
2.57101492313892e-05
0.000128766841067436
0.000448654195112496
0.000391481655937151
0.00020698290843097
4.42788761827768e-05
4.72321732928063e-06
1.15250618927981e-06
8.23218706628433e-08
0
0
0
0
1.02902338328554e-08
5.55672626974192e-07
1.87385158096297e-05
6.73032743837908e-05
4.25398266650243e-05
1.32589662936342e-05
2.01174071432323e-06
5.65962860807048e-08
0
0
0
0
0
0
0
1.59498624409259e-07
5.50527510057765e-06
1.95977503346731e-05
1.12883865146424e-05
1.94485419440967e-06
5.14511691642771e-08
0
0
0
0
0
0
0
0
1.02902338328554e-08
3.91028885648506e-07
1.39432668435191e-06
8.23218706628433e-07
1.44063273659976e-07
5.14511691642771e-09
0
0
0
0
0
0
0
0
0
0
0
0
0
0
0
0
0
0
0
0
0
0
0
0
0
0
0
0
0
0
0
0
0
0
0
0
0
0
0
0
0
0
0
0
0
0
0
0
0
0
0
0
0
0
0
0
0
0
0
0
0
0
0
0
0
0
0
0
0
0
0
0
0
0
0
0
0
2.85039477170095e-06
6.1844305335461e-06
1.67627909137215e-05
7.08945659914574e-05
0.000129615785358647
0.000118173045336512
6.88005034064713e-05
2.33639759174982e-05
8.10355914337364e-06
1.672162997839e-06
4.63060522478494e-08
0
0
0
1.96028954515896e-06
1.63408913265744e-05
0.000186875791521571
0.000814369105532177
0.00146750568225426
0.00140427734046828
0.000700106349052151
0.000138233856193663
1.04342971065154e-05
1.44063273659976e-06
4.11609353314217e-08
0
0
0
2.33588308005818e-06
3.06700419388256e-05
0.000185584367175547
0.000565515235635318
0.00112165092313199
0.00165727817459978
0.00119255577935728
0.000287905307292545
2.48148988879308e-05
3.1385213190209e-06
8.23218706628433e-08
0
0
0
7.79485212838797e-06
2.30295433179304e-05
8.06651430157536e-05
0.000536054296171853
0.00135558909908812
0.000596411662718467
0.00014899744078283
3.85780866393749e-05
8.73126340717782e-06
1.44063273659976e-06
3.60158184149939e-08
0
0
0
3.42150274942442e-06
7.74854607614013e-06
1.78432654661713e-05
0.000169932921515774
0.000474220281070225
0.000185877638839784
1.97006526730017e-05
1.65158253017329e-06
5.71107977723475e-07
1.02902338328554e-07
5.14511691642771e-09
0
0
0
2.36675378155675e-07
5.65962860807048e-07
2.99445804536093e-06
1.83474869239812e-05
3.73895646316801e-05
1.52244009557096e-05
1.8007909207497e-06
4.63060522478494e-08
0
0
0
0
0
0
0
5.14511691642771e-09
1.64643741325687e-07
6.37994497637036e-07
5.40237276224909e-07
2.41820495072102e-07
4.63060522478494e-08
0
0
0
0
0
0
0
0
0
0
0
0
0
0
0
0
0
0
0
0
0
0
0
0
0
0
0
0
0
0
0
0
0
0
0
0
0
0
0
0
0
0
0
0
0
0
0
0
0
0
0
0
0
0
0
0
0
0
0
0
0
0
0
0
0
0
0
0
0
0
0
0
0
0
0
0
0
0
0
0
0
0
0
0
0
0
0
0
0
0
0
0
0
0
0
0
0
0
0
0
0
0
0
0
0
0
5.14511691642771e-09
2.82981430403524e-07
1.49722902268046e-06
2.82981430403524e-06
2.54683287363171e-06
1.17308665694552e-06
2.05804676657108e-07
5.14511691642771e-09
0
0
0
0
0
0
9.26121044956987e-08
3.43179298325728e-06
1.78021045308399e-05
3.31499882925437e-05
3.20129174540132e-05
1.58829759210123e-05
2.92242640853094e-06
7.71767537464156e-08
0
0
0
0
0
0
5.14511691642771e-08
1.8934030252454e-06
1.02799435990226e-05
2.42026299748759e-05
3.73792743978473e-05
2.70838954480754e-05
5.92717468772472e-06
1.64643741325687e-07
0
0
0
0
0
0
1.54353507492831e-08
7.51187069798445e-07
1.04342971065154e-05
3.04076409760877e-05
1.33927393334613e-05
3.04076409760877e-06
5.04221457809915e-07
1.54353507492831e-08
0
0
0
0
0
0
0
1.23482805994265e-07
3.2311334235166e-06
1.04497324572647e-05
3.87941815498649e-06
3.24142365734945e-07
5.14511691642771e-09
0
0
0
0
0
0
0
0
5.14511691642771e-09
2.05804676657108e-07
6.84300549884885e-07
2.57255845821385e-07
2.05804676657108e-08
0
0
0
0
0
0
0
0
0
0
0
0
0
0
0
0
0
0
0
0
0
0
0
0
0
0
0
0
0
0
0
0
0
0
0
0
0
0
0
0
0
0
0
0
0
0
0
0
0
0
0
0
0
0
0
0
0
0
0
0
0
0
0
0
0
0
0
0
0
0
0
0
0
0
0
0
0
0
0
0
0
0
0
0
0
0
0
0
0
0
0
0
0
0
0
0
0
0
0
0
0
0
0
0
0
0
0
0
0
0
0
0
0
0
0
0
0
0
0
0
0
0
0
0
0
0
0
0
0
0
0
0
0
0
0
0
0
0
0
0
0
0
0
0
0
0
0
0
0
0
0
0
0
0
0
0
0
0
0
0
0
0
0
0
0
0
0
0
0
0
0
0
0
0
0
0
0
0
0
0
0
0
0
0
0
0
0
0
0
0
0
0
0
0
0
0
0
0
0
0
0
0
0
0
0
0
0
0
0
0
0
0
0
0
0
0
0
0
0
0
0
0
0
0
0
0
0
0
0
0
0
0
0
0
0
0
0
0
0
0
0
0
0
0
0
0
0
0
0
0
0
0
0
0
0
0
0
0
0
0
0
0
0
0
0
0
0
0
0
0
0
0
0
0
0
0
0
0
0
0
0
0
0
0
0
0
0
0
0
0
0
0
0
0
0
0
0
0
0
0
0
0
0
0
0
0
0
0
0
0
0
0
0
0
0
0
0
0
0
0
0
0
0
0
0
0
0
0
0
0
0
0
0
0
0
0
0
0
0
0
0
0
0
0
0
0
0
0
0
0
0
0
0
0
0
0
0
0
0
0
0
0
0
0
0
0
0
0
0
0
0
0
0
0
0
0
0
0
0
0
0
0
0
0
0
0
0
0
0
0
0
0
0
0
0
0
0
0
0
0
0
0
0
0
0
0
0
0
0
0
0
0
0
0
0
0
0
0
0
0
0
0
0
0
0
0
0
0
0
0
0
0
0
0
0
0
0
0
0
0
0
0
0
0
0
0
0
0
0
0
0
0
0
0
0
0
0
0
0
0
0
0
0
0
0
0
0
0
0
0
0
0
0
0
0
0
0
0
0
0
0
0
0
0
0
0
0
0
0
0
0
0
0
0
0
0
0
0
0
0
0
0
0
0
0
0
0
0
0
0
0
0
0
0
0
0
0
0
0
0
0
0
0
0
0
0
0
0
0
0
0
0
0
0
0
0
0
0
0
0
0
0
0
0
0
0
0
0
0
0
0
0
0
0
0
0
0
0
0
0
0
0
0
0
0
0
0
0
0
0
0
0
0
0
0
0
0
0
0
0
0
0
0
0
0
0
0
0
0
0
0
0
0
0
0
0
0
0
0
0
0
0
0
0
0
0
0
0
0
0
0
0
0
0
0
0
0
0
0
0
0
0
0
0
0
0
0
0
0
0
0
0
0
0
0
0
0
0
0
0
0
0
0
0
0
0
0
0
0
0
0
0
0
0
0
0
0
0
0
0
0
0
0
0
0
0
0
0
0
0
0
0
0
0
0
0
0
0
0
0
0
0
0
0
0
0
0
0
0
0
0
0
0
0
0
0
0
0
0
0
0
0
0
0
0
0
0
0
