0
0
0
0
0
0
0
0
0
0
0
0
0
0
0
0
0
0
0
0
0
0
0
0
0
0
0
0
0
0
0
0
0
0
0
0
0
0
0
0
0
0
0
0
0
0
0
0
0
0
0
0
0
0
0
0
0
0
0
0
0
0
0
0
0
0
0
0
0
0
0
0
0
0
0
0
0
0
0
0
0
0
0
0
0
0
0
0
0
0
0
0
0
0
0
0
0
0
0
0
3.25223238719199e-08
1.626116193596e-08
8.13058096797998e-09
0
0
0
0
0
0
4.87834858078799e-08
8.29319258733958e-07
1.11388959261326e-06
1.00819204002952e-06
2.43917429039399e-07
4.87834858078799e-08
0
0
0
0
4.06529048398999e-08
5.85401829694558e-07
6.66707639374358e-07
3.00831495815259e-07
2.35786848071419e-07
1.4635045742364e-07
8.13058096797998e-09
0
0
0
0
1.626116193596e-08
2.52048010007379e-07
2.43917429039399e-08
0
0
0
0
0
0
0
8.13058096797998e-09
1.3008929548768e-07
8.13058096797998e-09
0
0
0
0
0
0
0
0
0
0
0
0
0
0
0
0
0
0
0
0
0
0
0
0
0
0
0
0
0
0
0
0
0
0
0
0
0
0
0
0
0
0
0
0
0
0
0
0
0
0
0
0
0
0
0
0
3.07335960589643e-06
4.64174867461977e-05
1.91312570176569e-05
9.19568707478535e-06
2.63430823362551e-06
3.82137305495059e-07
1.626116193596e-08
0
0
0
6.26298651963498e-05
0.00100514307216652
0.00135525401922871
0.00123451489185421
0.000298319146296153
5.85564441313918e-05
2.96766205331269e-06
0
0
0
4.48157622955056e-05
0.000712238892795046
0.000818456802560736
0.000374925480176461
0.000293432667134397
0.000180051715535917
1.10006760496769e-05
0
0
0
2.68309171943339e-07
2.48389248571788e-05
0.000310799588082003
3.17173963560899e-05
2.44730487136197e-06
1.04071436390144e-06
6.50446477438398e-08
0
0
0
0
1.06104081632139e-05
0.000156928343262982
1.4204124951061e-05
2.60178590975359e-07
0
0
0
0
0
0
5.69140667758598e-08
8.86233325509817e-07
8.13058096797998e-08
0
0
0
0
0
0
0
0
0
0
0
0
0
0
0
0
0
0
0
0
0
0
0
0
0
0
0
0
0
0
0
0
0
0
0
0
0
0
0
0
0
0
0
0
0
0
0.00020559800093731
0.00310014987018592
0.00146613075188905
0.00172642317099796
0.00116029081819752
7.72161274529058e-05
4.22790210334959e-07
0
0
0
0.000560587296580283
0.00707068656357507
0.0106445484726984
0.0158658693504587
0.00779117799605262
0.00134920486698853
6.0914312612106e-05
4.06529048398999e-08
0
0
0.000399317223080401
0.00667347516096538
0.0168909079542539
0.0146145729394866
0.0106672084018562
0.00323537769284537
0.000175734377041919
8.94363906477797e-08
0
0
1.19275622800266e-05
0.000503600054575712
0.00527051089261656
0.00294620545013819
0.000438701757289296
3.62705216981587e-05
1.3821987645566e-06
8.13058096797998e-09
0
0
3.41484400655159e-07
7.9980524982019e-05
0.00113673652513328
0.000153497238094494
2.41071725700606e-05
1.30902353584478e-06
0
0
0
0
0
5.04096020014759e-07
7.27686996634208e-06
9.26886230349717e-07
1.3008929548768e-07
8.13058096797998e-09
0
0
0
0
0
0
8.13058096797998e-09
0
0
0
0
0
0
0
0
0
0
0
0
0
0
0
0
0
0
0
0
0
0
0
0
0
0
0
0
0
0
0
0
0
0
0
0
0
0.000515706489637034
0.00526590898378869
0.0159101647555723
0.0118758517850703
0.00664912407096628
0.00144694258080462
7.31183146450439e-05
1.5448103839162e-07
0
0
0.00331414676126316
0.0240063696272196
0.0589597453391465
0.0637179645861326
0.0260340145619193
0.00973926519598062
0.000901778996320595
2.33347673781025e-05
8.13058096797998e-09
0
0.00376279221907629
0.0187767311651291
0.0543408435970468
0.0474863166590864
0.0338874971999295
0.0147552157290707
0.00149515692594474
4.33847800451412e-05
1.626116193596e-08
0
0.0015877479820081
0.00730494486242451
0.013270701733613
0.0143486785500907
0.00788195593256012
0.00499634770237628
0.000460402277892834
1.04721882867582e-05
0
0
0.000324247569003041
0.00332344814589053
0.00219875301117083
0.00051064926827495
0.000151708510281538
3.40346119319642e-05
2.58552474781763e-06
5.69140667758598e-08
0
0
1.82938071779549e-06
9.53635841734371e-05
0.00114912753052848
0.000171563389005345
6.902863241815e-06
3.25223238719199e-08
0
0
0
0
0
4.39051372270919e-07
6.50446477438398e-06
9.67539135189617e-07
3.25223238719199e-08
0
0
0
0
0
0
0
0
0
0
0
0
0
0
0
0
0
0
0
0
0
0
0
0
0
0
0
0
0
0
0
0
0
0
0
0.000331158562825824
0.00437687873842588
0.0126734292557052
0.00867941957506153
0.00822538354206662
0.00179446800311899
9.02901016494176e-05
2.76439752911319e-07
0
0
0.00267906708185424
0.0214641402230565
0.0522527071399453
0.051381320255283
0.0226229675366798
0.00784721396008394
0.0010885872246409
4.39539207128998e-05
1.626116193596e-08
0
0.00205231311735654
0.0113878217930482
0.034484850983647
0.0454595823494551
0.0348629067374962
0.0133561704007485
0.00196483619672204
8.21107371956298e-05
2.43917429039399e-08
0
0.000859467452963227
0.00330418679957738
0.00916546570532737
0.0120333655301629
0.00784083145402407
0.00426108300427991
0.000470102060987634
1.45537399326842e-05
8.13058096797998e-09
0
5.68978056139239e-05
0.000549545967625767
0.000584865211350672
0.000138228007036628
4.6303658612646e-05
2.3936430369733e-05
2.62617765265753e-06
8.13058096797998e-08
0
0
3.08962076783239e-07
2.62455153646394e-05
0.000347541683476304
5.16454503086088e-05
1.91881710844327e-06
0
0
0
0
0
0
1.3008929548768e-07
1.96760059425115e-06
2.92700914847279e-07
8.13058096797998e-09
0
0
0
0
0
0
0
0
0
0
0
0
0
0
0
0
0
0
0
0
0
0
0
0
0
0
0
0
0
0
0
0
0
0
0
2.87009508169693e-06
7.22158201575982e-05
0.00054651326092471
0.00141309497223492
0.00189562056094163
0.000123723050589751
1.1382813355172e-07
0
0
0
4.27749864725427e-05
0.000871354362338414
0.00411791973459572
0.00424231762340582
0.00278550451730607
0.000186019561966414
1.59359386972408e-06
4.06529048398999e-08
0
0
2.05378475251174e-05
0.000381153505197933
0.00165779293704725
0.00387400230555632
0.00695424851353263
0.00144809712330207
6.86546256936229e-05
8.94363906477797e-08
0
0
8.37449839701937e-07
6.65325440609801e-05
0.0010330309648867
0.00185515465946399
0.00311376859330729
0.00025912974603049
4.01650699818211e-06
1.626116193596e-08
0
0
4.87834858078799e-08
8.04927515830018e-07
6.2930696692165e-06
1.054536351547e-05
1.75864466337407e-05
1.43098225036448e-06
2.43917429039399e-08
0
0
0
0
2.43917429039399e-08
2.84570333879299e-07
4.06529048398999e-08
0
0
0
0
0
0
0
0
0
0
0
0
0
0
0
0
0
0
0
0
0
0
0
0
0
0
0
0
0
0
0
0
0
0
0
0
0
0
0
0
0
0
0
0
0
0
3.17092657751219e-07
6.83781859407116e-06
3.14734789270505e-05
3.24410180622401e-06
1.56920212682014e-06
9.75669716157597e-08
0
0
0
0
6.46381186954408e-06
0.000137390557196926
0.000628998004844867
4.55556451635918e-05
3.41484400655159e-06
4.14659629366979e-07
1.626116193596e-08
0
0
0
4.87834858078799e-08
1.08949784970932e-06
5.65888435371406e-06
2.73268826333807e-05
0.000202500249588509
4.74500705291311e-05
2.30095441393833e-06
0
0
0
0
5.69140667758598e-08
3.51241097816735e-06
6.86708868555589e-05
0.000418310260221602
2.99530602860382e-05
1.3008929548768e-07
0
0
0
0
0
1.626116193596e-08
3.90267886463039e-07
2.38226022361813e-06
1.70742200327579e-07
0
0
0
0
0
0
0
0
0
0
0
0
0
0
0
0
0
0
0
0
0
0
0
0
0
0
0
0
0
0
0
0
0
0
0
0
0
0
0
0
0
0
0
0
0
0
0
0
0
0
0
0
0
0
0
8.13058096797998e-09
2.43917429039399e-08
0
0
0
0
0
0
0
8.13058096797998e-09
1.1382813355172e-07
5.20357181950718e-07
3.25223238719199e-08
0
0
0
0
0
0
0
0
0
1.626116193596e-08
1.626116193596e-07
4.06529048398999e-08
0
0
0
0
0
0
0
5.69140667758598e-08
3.41484400655159e-07
2.43917429039399e-08
0
0
0
0
0
0
0
0
0
0
0
0
0
0
0
0
0
0
0
0
0
0
0
0
0
0
0
0
0
0
0
0
0
0
0
0
0
0
0
0
0
0
0
0
0
0
0
0
0
0
0
0
0
0
0
0
0
0
0
0
0
0
0
0
0
0
0
0
0
0
0
0
0
0
0
0
0
0
0
0
0
0
0
0
0
0
0
0
0
0
0
0
0
0
0
0
0
0
0
0
0
0
0
0
0
0
0
0
0
0
0
0
0
0
0
0
0
0
0
0
0
0
0
0
0
0
0
0
0
0
0
0
0
0
0
0
0
0
0
0
0
0
0
0
0
0
0
0
0
0
0
0
0
0
0
0
0
0
0
0
0
0
0
0
0
