0
0
0
0
0
0
0
0
0
0
0
0
0
0
0
0
0
0
0
0
0
0
0
0
0
0
0
0
0
0
0
0
0
0
0
0
0
0
0
0
0
0
0
0
0
0
0
0
0
0
0
0
0
0
0
0
0
0
0
0
0
0
0
0
0
0
0
0
0
0
0
0
0
0
0
0
0
0
0
0
0
0
0
0
0
0
0
0
0
0
0
0
0
0
0
0
0
0
0
0
0
0
0
0
0
0
0
0
0
0
0
0
0
0
0
0
0
0
0
0
0
0
0
0
0
0
0
0
0
0
0
0
0
0
0
0
0
0
0
0
0
0
0
0
0
0
0
0
0
0
0
0
0
0
0
0
0
0
0
0
0
0
0
0
0
0
0
0
0
0
0
0
0
0
0
0
0
0
0
0
0
0
0
0
0
0
0
0
0
0
0
0
0
0
0
0
0
0
0
0
0
0
0
0
0
0
0
0
0
0
0
0
0
0
0
0
0
0
0
0
0
0
0
0
0
3.74229246799024e-08
6.23715411331707e-08
1.24743082266341e-08
0
0
0
0
0
0
1.24743082266341e-08
1.12268774039707e-07
2.24537548079414e-07
2.49486164532683e-08
0
0
0
0
0
0
0
2.49486164532683e-08
4.98972329065365e-08
0
0
0
0
0
0
0
7.48458493598048e-08
6.86086952464877e-07
5.7381817842517e-07
6.23715411331707e-08
0
0
0
0
0
0
4.11652171478926e-07
3.76724108444351e-06
3.19342290601834e-06
3.36806322119122e-07
0
0
0
0
0
0
9.9794465813073e-08
8.48252959411121e-07
7.2350987714478e-07
7.48458493598048e-08
0
0
0
0
0
0
0
3.74229246799024e-08
2.49486164532683e-08
0
0
0
0
0
0
0
0
0
0
0
0
0
0
0
0
0
0
0
0
0
0
0
0
0
0
0
4.98972329065365e-08
5.23920945518633e-07
1.0603161992639e-06
1.24743082266341e-07
0
0
0
0
4.98972329065365e-08
4.74023712612097e-07
1.59671145300917e-06
7.28499600435433e-06
1.45325690840288e-05
1.67155730236897e-06
0
0
0
0
3.11857705665853e-07
3.20589721424497e-06
8.07087742263228e-06
2.55224346316934e-05
5.03088850780154e-05
5.7756047089316e-06
1.24743082266341e-08
0
0
0
5.48869561971902e-07
5.21426083873307e-06
6.8359209081955e-06
6.31199996267687e-06
9.74243472500126e-06
1.11021343217044e-06
0
0
0
0
8.73201575864389e-07
8.3328378953916e-06
2.41253121103104e-05
0.000132190244277642
0.000109075351133689
1.14015177191436e-05
2.49486164532683e-08
0
0
1.24743082266341e-08
3.74229246799024e-07
2.93146243325902e-06
8.12576437882947e-05
0.000713929608426725
0.000600301134790314
6.28580391540094e-05
1.12268774039707e-07
0
0
7.48458493598048e-08
9.9794465813073e-07
3.75476677621687e-06
1.84495018671919e-05
0.000161392599836192
0.000136007382594992
1.42456599948162e-05
2.49486164532683e-08
0
0
1.12268774039707e-07
1.52186560364936e-06
5.50116992794565e-06
1.534339911876e-06
6.71117782592916e-06
5.67581024311853e-06
5.98766794878438e-07
0
0
0
1.24743082266341e-08
2.49486164532683e-07
9.23098808770926e-07
1.37217390492975e-07
3.74229246799024e-08
2.49486164532683e-08
0
0
0
0
2.49486164532683e-08
1.99588931626146e-07
1.62166006946244e-07
3.74229246799024e-08
9.9794465813073e-08
1.87114623399512e-07
2.49486164532683e-08
0
0
1.24743082266341e-08
2.74434780985951e-07
2.00836362448809e-06
2.22042686434088e-06
3.03125689907209e-06
1.64286639344771e-05
3.24830986221553e-05
3.72981815976361e-06
1.24743082266341e-08
0
2.61960472759317e-07
2.79424504276605e-06
1.58298971395987e-05
9.63640310507487e-05
0.000197730259700378
0.000241752093432169
0.000443212171292311
5.09700234140271e-05
1.12268774039707e-07
1.24743082266341e-08
1.37217390492975e-06
1.23370908361412e-05
7.51327584490174e-05
0.000625561608949248
0.00116950381917163
0.000896254097467209
0.00153744601462443
0.000177447034523871
4.61549404385463e-07
0
9.48047425224194e-07
1.01291382800269e-05
0.000127512378692654
0.00103325942472033
0.00126477011109843
0.000380478875220568
0.000310972029781762
3.65746717204913e-05
3.36806322119122e-07
0
4.11652171478926e-07
5.13941498937326e-06
0.000181002212368461
0.0016057678007817
0.00197748971162718
0.00102853166190244
0.000272002290881757
2.23290117256751e-05
1.74640315172878e-07
0
1.12268774039707e-07
4.01672724897619e-06
8.54240627359905e-05
0.000566882463051161
0.000870220216198223
0.00234011785177543
0.000915826287074798
7.89498967663674e-05
1.62166006946244e-07
0
3.74229246799024e-08
1.34098813436317e-05
0.000193389200437509
0.000718719742785752
0.000213996757627909
0.000450759127769424
0.000189809073976465
1.67779445648229e-05
2.49486164532683e-08
0
3.74229246799024e-08
2.00087903955211e-05
0.0002864475398082
0.0010366649108662
0.000160594244109688
1.8274861552019e-05
6.86086952464877e-06
6.36189719558341e-07
0
0
0
3.36806322119122e-06
4.81882526794876e-05
0.000174602892248198
2.66201737556372e-05
1.4969169871961e-06
2.1206323985278e-07
1.24743082266341e-08
0
0
1.24743082266341e-08
4.07909879010936e-06
3.69364266590637e-05
3.30818654170337e-05
6.39932012026331e-06
6.23715411331707e-07
3.74229246799024e-08
0
0
0
1.39712252138302e-06
5.12070352703331e-05
0.000371285310057538
0.000337841689701932
0.000105145944042299
5.35522052169403e-05
5.85045055829141e-06
2.49486164532683e-07
2.49486164532683e-08
4.61549404385463e-07
4.85749562345133e-05
0.000524033214292673
0.00143993434721683
0.00159446607752837
0.000927015741554089
0.000620634257199728
9.94077622580474e-05
3.68615808097039e-05
3.96683001606965e-06
2.53228457000673e-06
0.000256496725756051
0.00229963872158
0.00343669686505416
0.00573568692260637
0.0049675938678596
0.00303189308879165
0.00092763945696542
0.000318893215505675
2.97013278876159e-05
7.35984185371414e-07
0.00017755930329791
0.00187582409958011
0.00499146969380538
0.0120118731463646
0.0133501917787672
0.00747093804278054
0.00363250608128763
0.000776737750347827
5.20927111544241e-05
1.4969169871961e-07
7.75901971696643e-05
0.000921077970838211
0.00350780042194597
0.0110432056896418
0.014244662050158
0.00796535724934318
0.00355988065879217
0.000552512059974079
2.64829563651443e-05
3.74229246799024e-08
2.03954939505468e-05
0.000415893436275982
0.00295879364258358
0.00865296606741171
0.0112084653250282
0.00732416533218596
0.00156668579310766
0.000141221643433725
5.00219759888029e-06
0
2.10815809030117e-06
0.000117009011165828
0.00131164856141413
0.00454195799685862
0.0048345304220061
0.00361169893516561
0.000594288518225077
2.96514306547093e-05
3.49280630345756e-07
0
8.73201575864389e-08
4.20883159566636e-05
0.000590196945126741
0.00227416618418122
0.00206608224865273
0.00130023456938676
0.000250733595355346
1.47072093992016e-05
2.49486164532683e-08
0
2.49486164532683e-08
1.15262608014099e-05
0.000172033184753511
0.000682893529558859
0.000333313515815664
0.000160494449643875
3.33188772733398e-05
2.1580553232077e-06
0
0
6.23715411331707e-08
7.7465454087398e-06
0.00011752045780312
0.000494855807350576
0.000162378070186096
1.49067983308278e-05
2.86909089212585e-07
0
0
1.24743082266341e-08
8.2954149707117e-06
0.000160394655178062
0.00124271553415375
0.00419509738230883
0.0021742095523612
0.000570013514416047
4.75894858846092e-05
2.33269563838058e-06
2.37011856306049e-07
4.36600787932195e-07
9.56654697900572e-05
0.00123773828517132
0.00520746234074955
0.0119319502535565
0.0108639124575003
0.00453180390996214
0.000887971156804724
0.000374079555100304
3.85580867285261e-05
2.05826085739463e-06
0.000327625231264319
0.00384515561362706
0.0130887552269534
0.0247302786363775
0.026799429564854
0.0137451907487636
0.00509802523467729
0.00232851674512466
0.000228254891930951
7.98355726504584e-07
0.000286023413328494
0.00412571527995229
0.0193908131659737
0.0415042438968761
0.042415616855914
0.0229045638329438
0.00979612414760869
0.00227582526717536
0.00016625758004458
5.36395253745268e-07
0.000305633025860763
0.00358336978118292
0.012391516242934
0.0324788074601253
0.0344618981361462
0.0176381354372069
0.00586277517481932
0.00229484858722097
0.000218387714123684
2.1206323985278e-07
0.000124992568430874
0.00147627200708102
0.0058868381153885
0.0203536551207547
0.0227225387273007
0.0105693191944202
0.00372971836529779
0.00134848519360738
0.000124032046697423
2.49486164532683e-08
1.46573121662951e-05
0.000273124978622154
0.00261003693318334
0.0124960883687978
0.0121729039912622
0.00709324093829451
0.00132635577081333
0.000212624583722979
1.67030987154631e-05
0
1.74640315172878e-07
5.09076518728939e-05
0.000971312010066867
0.00493221672972887
0.0025574203010834
0.0021656895998424
0.000409057515367786
2.24412804997148e-05
1.37217390492975e-07
0
3.74229246799024e-08
1.91106402032035e-05
0.000375913278409619
0.0018666430087253
0.000384233641996785
0.000222154955208127
5.00593989134828e-05
3.1435256731118e-06
0
0
1.24743082266341e-08
3.36806322119122e-07
3.55143555212274e-05
0.000318743523806955
0.000306219318347415
3.32190828075267e-05
1.12268774039707e-07
0
0
0
3.08115413197863e-06
4.16891380934113e-05
0.000364861041320822
0.00221976572600486
0.00272437644238867
0.000388936456198226
1.24368853019542e-05
2.74434780985951e-07
1.24743082266341e-08
4.98972329065365e-08
2.64205848240111e-05
0.000377011017533563
0.0018162468034897
0.00497264596269139
0.00830891217221292
0.00247371769288268
0.000370960978043646
4.19136756414907e-05
2.39506717951375e-06
1.37217390492975e-07
7.41847110237932e-05
0.00124604617445026
0.00696183657543515
0.0156035882397511
0.016519639064374
0.00950479915328387
0.00219070058783681
0.000266451223720905
1.39961738302835e-05
2.24537548079414e-07
0.0001303440466601
0.00243829065751904
0.0143579287688559
0.0274951466832698
0.0251946222858057
0.0144145122309719
0.00335992997222745
0.000419635728743972
2.26283951231143e-05
2.61960472759317e-07
0.000153147082098387
0.00213611301503706
0.00907073064992169
0.0163460465910922
0.0159334588464962
0.0094490764184355
0.00330400764844745
0.00104347588315795
9.24470982675855e-05
3.74229246799024e-08
2.55723318646e-05
0.00052908530912446
0.00358444257169041
0.00886974459577416
0.0100995367466051
0.00451944187050955
0.00140372143043491
0.000476955175045356
4.36101815603129e-05
0
3.6175493857239e-07
8.36776595842617e-05
0.000996547535609347
0.00316262383900678
0.0039864271542937
0.00157320985631019
0.000255249294933388
5.66458336571456e-05
5.16436360582653e-06
0
1.24743082266341e-08
8.64469560105745e-06
0.000138427398390959
0.000632010826302418
0.00061228894499611
0.000234180188338603
2.22666401845419e-05
4.86498020838731e-07
2.49486164532683e-08
0
0
1.62166006946244e-07
8.03345449795238e-06
5.92654383847388e-05
2.92148298667771e-05
1.02663556705199e-05
1.0603161992639e-06
1.24743082266341e-08
0
0
0
3.74229246799024e-08
8.70706714219062e-06
8.01100074314444e-05
8.4488489618993e-05
9.14366793012282e-06
1.24743082266341e-08
0
0
0
2.49486164532683e-08
3.64249800217717e-06
8.74698492851585e-05
0.000555555791181378
0.000565223380057019
6.22093751262244e-05
4.86498020838731e-07
2.49486164532683e-08
0
0
1.99588931626146e-07
2.37136599388315e-05
0.000297811634602663
0.00104189164601316
0.000813175204677826
0.000230512741719972
5.49368534300967e-05
4.62796835208126e-06
2.49486164532683e-08
0
3.59260076927063e-06
6.45670193810583e-05
0.000535222668771964
0.00215716964732361
0.00120857335253745
0.000955457164310815
0.000335683634378724
2.9152458325644e-05
1.12268774039707e-07
3.74229246799024e-08
2.301509867814e-05
0.000283453705833807
0.00107874075251464
0.00262115154181327
0.00173566277234565
0.000732129624129384
0.000302738986352184
2.96389563464827e-05
1.62166006946244e-07
4.98972329065365e-08
3.19716519848633e-05
0.000441602985531075
0.00187747070826602
0.0033641213397916
0.00143746443418796
0.000962268136602557
0.000282118954853558
2.61586243512518e-05
5.23920945518633e-07
1.24743082266341e-08
5.46374700326575e-06
0.000194287350629827
0.00141199189678917
0.00145744827596703
0.000514652534506244
0.000384557974010677
0.000106929770118708
9.91707504017413e-06
2.49486164532683e-07
0
9.9794465813073e-08
4.33482210875536e-05
0.000468248107903165
0.00099813177275413
0.000369214574891917
7.29123315846765e-05
1.24618339184075e-05
1.12268774039707e-06
2.49486164532683e-08
0
1.24743082266341e-08
4.01672724897619e-06
9.27839045897047e-05
0.000521351238023947
0.000198640884200922
1.78008378394069e-05
1.99588931626146e-07
1.24743082266341e-08
0
0
0
3.74229246799024e-08
8.2954149707117e-06
6.97313829868848e-05
2.66575966803171e-05
2.28279840547405e-06
1.24743082266341e-08
0
0
0
0
0
4.98972329065365e-08
4.2412647970556e-07
4.49075096158829e-07
4.98972329065365e-08
0
0
0
0
0
1.24743082266341e-08
4.61549404385463e-07
2.91898812503239e-06
2.95641104971229e-06
3.24332013892487e-07
0
0
0
0
0
1.37217390492975e-07
1.99588931626146e-06
8.09582603908555e-06
4.44085372868175e-06
1.17258497330361e-06
2.86909089212585e-07
2.49486164532683e-08
0
0
2.49486164532683e-08
3.13105136488517e-06
7.7702465943704e-05
0.000448925404460109
5.82799680348347e-05
4.95230036597375e-06
1.73392884350214e-06
1.4969169871961e-07
0
0
1.87114623399512e-07
4.16392408605047e-05
0.000641403980397074
0.00259915933640971
0.00031453968193458
4.05415017365609e-06
1.534339911876e-06
1.4969169871961e-07
0
0
4.11652171478926e-07
0.000145101153292208
0.00135732947814006
0.00150149505831527
0.000168652647224093
5.17683791405316e-06
1.42207113783629e-06
1.12268774039707e-07
0
0
7.48458493598048e-08
2.6595225139184e-05
0.000240167856287387
0.000201148220154475
2.27032409724741e-05
1.97094069980819e-06
5.36395253745268e-07
3.74229246799024e-08
0
0
0
3.86703555025658e-07
3.89198416670985e-06
6.42426873671658e-06
1.99588931626146e-06
3.49280630345756e-07
6.23715411331707e-08
0
0
0
0
2.49486164532683e-08
4.98972329065365e-07
2.78177073453941e-06
1.04784189103727e-06
8.73201575864389e-08
0
0
0
0
0
0
4.98972329065365e-08
3.74229246799024e-07
1.37217390492975e-07
1.24743082266341e-08
0
0
0
0
