0
0
0
0
0
0
0
0
0
0
0
0
0
0
0
0
0
0
0
0
0
0
0
0
0
0
0
0
0
0
0
0
0
0
0
0
0
0
0
0
0
0
0
0
0
0
0
0
0
0
0
0
1.57071204580262e-09
3.14142409160523e-09
1.57071204580262e-09
0
0
0
0
0
0
0
0
0
0
0
0
0
0
0
0
0
1.57071204580262e-09
3.92678011450654e-08
2.3403609482459e-07
4.69642901694982e-07
3.47127362122378e-07
1.06808419114578e-07
1.41364084122236e-08
0
0
0
0
0
0
0
0
0
0
0
0
0
0
1.57071204580262e-09
7.53941781985256e-08
1.46233291464224e-06
8.87766448287639e-06
1.78165867355391e-05
1.31531426715511e-05
4.06029063839976e-06
5.23047111252271e-07
2.51313927328419e-08
0
0
0
0
0
0
0
0
0
0
0
0
0
1.09949843206183e-08
6.95825436290559e-07
1.33761837820551e-05
8.11696863909418e-05
0.000162893834134052
0.000120261567786877
3.71174963543616e-05
4.78281817946897e-06
2.26182534595577e-07
3.14142409160523e-09
0
0
0
0
0
0
0
0
0
0
0
0
2.67021047786445e-08
1.65553049627596e-06
3.18697474093351e-05
0.000193393920639447
0.00038811038082146
0.000286535574243497
8.84373710268705e-05
1.13939451802522e-05
5.38754231710298e-07
7.85356022901308e-09
0
0
0
0
0
0
0
0
0
0
0
0
2.0419256595434e-08
1.25656963664209e-06
2.41842533692229e-05
0.000146761050711613
0.000294525786420494
0.000217443092772731
6.71118135810084e-05
8.6467698121434e-06
4.0838513190868e-07
6.28284818321047e-09
0
0
0
0
0
0
0
0
0
0
0
0
6.28284818321047e-09
3.62834482580404e-07
6.98338575563843e-06
4.2374669571663e-05
8.50399208717995e-05
6.27829311827764e-05
1.93778745090669e-05
2.49586144078036e-06
1.17803403435196e-07
1.57071204580262e-09
0
0
0
0
0
0
0
0
0
0
0
0
0
3.45556650076576e-08
6.65981907420309e-07
4.04458351794174e-06
8.11743985270792e-06
5.99383716678279e-06
1.85029878995548e-06
2.38748230961998e-07
1.09949843206183e-08
0
0
0
0
0
0
0
0
0
0
0
0
0
0
1.57071204580262e-09
1.72778325038288e-08
1.0209628297717e-07
2.05763278000143e-07
1.52359068442854e-07
4.71213613740785e-08
6.28284818321047e-09
0
0
0
0
0
0
0
0
0
0
0
0
0
0
0
0
0
0
1.57071204580262e-09
1.57071204580262e-09
0
0
0
0
0
0
0
0
0
0
0
0
0
0
0
0
0
0
0
0
0
0
0
0
0
0
0
0
0
0
0
0
0
0
0
0
0
0
0
0
0
0
0
0
0
0
0
0
0
0
0
0
0
0
0
0
0
0
0
0
0
0
0
0
0
0
0
0
0
0
0
0
0
0
0
0
0
0
0
0
0
0
0
0
0
0
0
0
0
0
0
0
0
0
0
0
0
0
0
0
0
0
0
0
0
0
0
0
0
0
0
0
0
0
0
0
0
0
0
0
0
0
0
0
0
0
0
0
0
0
0
0
0
0
0
0
0
0
0
0
0
0
0
0
0
0
0
0
0
0
0
0
0
0
0
0
0
0
0
0
0
0
0
0
0
0
0
0
0
0
0
0
0
0
0
0
0
0
0
0
0
0
0
0
0
0
0
0
0
0
0
0
0
0
0
0
0
0
0
0
0
0
0
0
0
0
0
0
0
0
0
0
0
0
0
0
0
0
0
0
0
0
0
0
0
0
0
0
0
0
0
0
0
0
0
0
0
0
0
0
0
0
0
0
0
0
0
0
0
0
0
0
0
0
0
0
0
0
0
0
0
0
0
0
0
0
0
0
0
0
0
0
0
0
0
0
0
0
0
0
0
0
0
0
1.57071204580262e-09
1.57071204580262e-09
0
0
0
0
0
0
0
0
0
0
0
0
0
0
0
0
0
0
1.41364084122236e-08
8.48184504733413e-08
1.71207612992485e-07
1.27227675710012e-07
3.92678011450654e-08
4.71213613740785e-09
0
0
0
0
0
0
0
0
0
0
0
0
0
0
0
2.82728168244471e-08
5.3404209557289e-07
3.2419496625366e-06
6.50588929371444e-06
4.8032374360644e-06
1.48275217123767e-06
1.91626869587919e-07
9.4242722748157e-09
0
0
0
0
0
0
0
0
0
0
0
0
0
4.71213613740785e-09
2.54455351420024e-07
4.88334375040033e-06
2.96377655922496e-05
5.94797237504535e-05
4.39123966645038e-05
1.35536742432308e-05
1.74663179493251e-06
8.32477384275387e-08
1.57071204580262e-09
0
0
0
0
0
0
0
0
0
0
0
0
9.4242722748157e-09
6.04724137634007e-07
1.16374055473516e-05
7.0616072155194e-05
0.000141715923620495
0.000104626700082958
3.2292268949656e-05
4.16081620933113e-06
1.96339005725327e-07
3.14142409160523e-09
0
0
0
0
0
0
0
0
0
0
0
0
7.85356022901308e-09
4.58647917374364e-07
8.83054312150231e-06
5.35879828666479e-05
0.000107543512352014
7.93979232032765e-05
2.45062493386124e-05
3.15713121206326e-06
1.49217644351249e-07
1.57071204580262e-09
0
0
0
0
0
0
0
0
0
0
0
0
1.57071204580262e-09
1.3193981184742e-07
2.54926565033765e-06
1.54730843632016e-05
3.10514064334719e-05
2.29245423084892e-05
7.07605776634079e-06
9.11012986565518e-07
4.24092252366706e-08
0
0
0
0
0
0
0
0
0
0
0
0
0
0
1.25656963664209e-08
2.43460367099406e-07
1.47646932305446e-06
2.96393363042954e-06
2.18800187980305e-06
6.75406179695125e-07
8.63891625191439e-08
4.71213613740785e-09
0
0
0
0
0
0
0
0
0
0
0
0
0
0
0
6.28284818321047e-09
3.76970890992628e-08
7.53941781985256e-08
5.49749216030916e-08
1.72778325038288e-08
1.57071204580262e-09
0
0
0
0
0
0
0
0
0
0
0
0
0
0
0
0
0
0
0
0
0
0
0
0
0
0
0
0
0
0
0
0
0
0
0
0
0
0
0
0
0
0
0
0
0
0
0
0
0
0
0
0
0
0
0
0
0
0
0
0
0
0
0
0
0
0
0
0
0
0
0
0
0
0
0
0
0
0
0
0
0
0
0
0
0
0
0
0
0
0
0
0
0
0
0
0
0
0
0
0
0
0
0
0
0
0
0
0
0
0
0
0
0
0
0
0
0
0
0
0
0
0
0
0
0
0
0
0
0
0
0
0
0
0
0
0
0
0
0
0
0
0
0
0
0
0
0
0
0
0
0
0
0
0
0
0
0
0
0
0
0
0
0
0
0
0
0
0
0
0
0
0
0
0
0
0
0
0
0
0
0
0
0
0
0
0
0
0
0
0
0
0
0
0
0
0
0
0
0
0
0
0
0
0
0
0
0
0
0
0
0
0
0
0
0
0
0
0
0
0
0
0
0
0
0
0
0
0
0
0
0
0
0
0
0
0
0
0
0
0
0
0
0
0
0
0
0
0
0
0
0
0
0
0
0
0
0
0
0
0
0
0
0
0
0
0
0
0
0
0
0
0
0
0
0
0
0
0
0
0
0
0
0
0
0
0
0
0
0
0
0
0
0
0
0
0
0
0
0
0
0
0
0
0
0
0
0
0
0
0
0
0
0
0
0
0
0
0
0
0
0
0
0
0
0
4.71213613740785e-09
7.85356022901308e-09
6.28284818321047e-09
1.57071204580262e-09
0
0
0
0
0
0
0
0
0
0
0
0
0
0
0
0
1.57071204580262e-09
2.67021047786445e-08
1.57071204580262e-07
3.17283833252129e-07
2.3403609482459e-07
7.22527541069204e-08
9.4242722748157e-09
0
0
0
0
0
0
0
0
0
0
0
0
0
0
0
1.25656963664209e-08
2.37177518916195e-07
1.4434843700926e-06
2.89639301246003e-06
2.13773909433736e-06
6.59699059237099e-07
8.48184504733413e-08
4.71213613740785e-09
0
0
0
0
0
0
0
0
0
0
0
0
0
0
2.98435288702497e-08
5.67027048534745e-07
3.43828866826193e-06
6.89856730516509e-06
5.09381916453789e-06
1.57228275784842e-06
2.02621853908538e-07
9.4242722748157e-09
0
0
0
0
0
0
0
0
0
0
0
0
0
0
2.19899686412366e-08
4.30375100549917e-07
2.60895270807815e-06
5.23518324866012e-06
3.86552234472024e-06
1.19374115480999e-06
1.53929780488656e-07
7.85356022901308e-09
0
0
0
0
0
0
0
0
0
0
0
0
0
0
6.28284818321047e-09
1.24086251618407e-07
7.53941781985256e-07
1.51102498806212e-06
1.11677626456566e-06
3.43985938030773e-07
4.39799372824733e-08
1.57071204580262e-09
0
0
0
0
0
0
0
0
0
0
0
0
0
0
0
1.25656963664209e-08
7.22527541069204e-08
1.44505508213841e-07
1.06808419114578e-07
3.2984952961855e-08
4.71213613740785e-09
0
0
0
0
0
0
0
0
0
0
0
0
0
0
0
0
0
1.57071204580262e-09
3.14142409160523e-09
3.14142409160523e-09
1.57071204580262e-09
0
0
0
0
0
0
0
0
0
0
0
0
0
0
0
0
0
0
0
0
0
0
0
0
0
0
0
0
0
0
0
0
0
0
0
0
0
0
0
0
0
0
0
0
0
0
0
0
0
0
0
0
0
0
0
0
0
0
0
0
0
0
0
0
0
0
0
0
0
0
0
0
0
0
0
0
0
0
0
0
0
0
0
0
0
0
0
0
0
0
0
0
0
0
0
0
0
0
0
0
0
0
0
0
0
0
0
0
0
0
0
0
0
0
0
0
0
0
0
0
0
0
0
0
0
0
0
0
0
0
0
0
0
0
0
0
0
0
0
0
0
0
0
0
0
0
0
0
0
0
0
0
0
0
0
0
0
0
0
0
0
0
0
0
0
0
0
0
0
0
0
0
0
0
0
0
0
0
0
0
0
0
0
0
0
0
0
0
0
0
0
0
0
0
0
0
0
0
0
0
0
0
0
0
0
0
0
0
0
0
0
0
0
0
0
0
0
0
0
0
0
0
0
0
0
0
0
0
0
0
0
0
0
0
0
0
0
0
0
0
0
0
0
0
0
0
0
0
0
0
0
0
0
0
0
0
0
0
0
0
0
0
0
0
0
0
0
0
0
0
0
0
0
0
0
0
0
0
0
0
0
0
0
0
0
0
0
0
0
0
0
0
0
0
0
0
0
0
0
0
0
0
0
0
0
0
0
0
0
0
0
0
0
0
0
0
0
0
0
0
0
0
0
0
0
0
0
0
0
0
0
0
0
0
0
0
0
0
0
0
0
0
0
0
0
0
0
0
1.57071204580262e-09
1.57071204580262e-09
1.57071204580262e-09
0
0
0
0
0
0
0
0
0
0
0
0
0
0
0
0
0
0
1.57071204580262e-09
9.4242722748157e-09
1.88485445496314e-08
1.41364084122236e-08
4.71213613740785e-09
0
0
0
0
0
0
0
0
0
0
0
0
0
0
0
0
0
3.14142409160523e-09
2.19899686412366e-08
4.55506493282759e-08
3.2984952961855e-08
9.4242722748157e-09
1.57071204580262e-09
0
0
0
0
0
0
0
0
0
0
0
0
0
0
0
0
3.14142409160523e-09
1.72778325038288e-08
3.45556650076576e-08
2.51313927328419e-08
7.85356022901308e-09
1.57071204580262e-09
0
0
0
0
0
0
0
0
0
0
0
0
0
0
0
0
1.57071204580262e-09
4.71213613740785e-09
9.4242722748157e-09
7.85356022901308e-09
1.57071204580262e-09
0
0
0
0
0
0
0
0
0
0
0
0
0
0
0
0
0
0
0
1.57071204580262e-09
0
0
0
0
0
0
0
0
0
0
0
0
0
0
0
0
0
0
0
0
0
0
0
0
0
0
0
0
0
0
0
0
0
0
0
0
0
0
0
0
0
0
0
0
0
0
0
0
0
0
0
0
0
0
0
0
0
0
0
0
0
0
0
0
0
0
0
0
0
0
0
0
0
0
0
0
0
0
0
0
0
0
0
0
0
0
0
0
0
0
0
0
0
0
0
0
0
0
0
0
0
0
0
0
0
0
0
0
0
0
0
0
0
0
0
0
0
0
0
0
0
0
0
0
0
0
0
0
0
0
0
0
0
0
0
0
0
0
0
0
0
0
0
0
0
0
0
0
0
0
0
0
0
0
0
0
0
0
0
0
0
0
0
0
0
0
0
0
0
0
0
0
0
0
0
0
0
0
0
0
0
0
0
0
0
0
0
0
0
0
0
0
0
0
0
0
0
0
0
0
0
0
0
0
0
0
0
0
0
0
0
0
0
0
0
0
0
0
0
0
0
0
0
0
0
0
0
0
0
0
0
0
0
0
0
0
0
0
0
0
0
0
0
0
0
0
0
0
0
0
0
0
0
0
0
0
0
0
0
0
0
0
0
0
0
0
0
0
0
0
0
0
0
0
0
0
0
0
0
0
0
0
0
0
0
0
0
0
0
0
0
0
0
0
0
0
0
0
0
0
0
0
0
0
0
0
0
0
0
0
0
0
0
0
0
0
0
0
0
0
0
0
0
0
0
0
0
0
0
0
0
0
0
0
0
0
0
0
0
0
0
0
0
0
0
0
0
0
0
0
0
0
0
0
0
0
0
0
0
0
0
0
0
0
0
0
0
0
0
0
0
0
0
0
0
0
0
0
0
0
0
0
0
0
0
0
0
0
0
0
0
0
0
0
0
0
0
0
0
0
0
0
0
0
0
0
0
0
0
0
0
0
0
0
0
0
0
0
0
0
0
0
0
0
0
0
0
0
0
0
0
0
0
0
0
0
0
0
1.57071204580262e-09
4.71213613740785e-09
4.71213613740785e-09
1.57071204580262e-09
0
0
0
0
0
0
0
0
0
0
0
0
0
0
0
0
0
1.57071204580262e-09
1.09949843206183e-08
2.51313927328419e-08
2.19899686412366e-08
7.85356022901308e-09
1.57071204580262e-09
0
0
0
0
0
0
0
0
0
0
0
0
0
0
0
0
3.14142409160523e-09
1.88485445496314e-08
4.24092252366706e-08
3.76970890992628e-08
1.41364084122236e-08
1.57071204580262e-09
0
0
0
0
0
0
0
0
0
0
0
0
0
0
0
0
1.57071204580262e-09
9.4242722748157e-09
2.0419256595434e-08
1.72778325038288e-08
6.28284818321047e-09
1.57071204580262e-09
0
0
0
0
0
0
0
0
0
0
0
0
0
0
0
0
0
1.57071204580262e-09
1.57071204580262e-09
1.57071204580262e-09
0
0
0
0
0
0
0
0
0
0
0
0
0
0
0
0
0
0
0
0
0
0
0
0
0
0
0
0
0
0
0
0
0
0
0
0
0
0
0
0
0
0
0
0
0
0
0
0
0
0
0
0
0
0
0
0
0
0
0
0
0
0
0
0
0
0
0
0
0
0
0
0
0
0
0
0
0
0
0
0
0
0
0
0
0
0
0
0
0
0
0
0
0
0
0
0
0
0
0
0
0
0
0
0
0
0
0
0
0
0
0
0
0
0
0
0
0
0
0
0
0
0
0
0
0
0
0
0
0
0
0
0
0
0
0
0
0
0
0
0
0
0
0
0
0
0
0
0
0
0
0
0
0
0
0
0
0
0
0
0
0
0
0
0
0
0
0
0
0
0
0
0
0
0
0
0
0
0
0
0
0
0
0
0
0
0
0
0
0
0
0
0
0
0
0
0
0
0
0
0
0
0
0
0
0
0
0
0
0
0
0
0
0
0
0
0
0
0
0
0
0
0
0
0
0
0
0
0
0
0
0
0
0
0
0
0
0
0
1.57071204580262e-09
1.57071204580262e-09
0
0
0
0
0
0
0
0
0
0
0
0
0
0
0
0
1.57071204580262e-09
1.57071204580262e-09
1.57071204580262e-09
4.71213613740785e-09
1.09949843206183e-08
9.4242722748157e-09
6.28284818321047e-09
4.71213613740785e-09
3.14142409160523e-09
1.57071204580262e-09
0
0
0
0
0
0
0
0
0
0
1.57071204580262e-09
6.28284818321047e-09
1.41364084122236e-08
1.72778325038288e-08
9.4242722748157e-09
1.57071204580262e-08
2.98435288702497e-08
2.98435288702497e-08
2.98435288702497e-08
2.82728168244471e-08
1.57071204580262e-08
4.71213613740785e-09
0
0
0
0
0
0
0
0
0
0
3.14142409160523e-09
1.57071204580262e-08
3.61263770534602e-08
3.76970890992628e-08
2.19899686412366e-08
1.88485445496314e-08
3.45556650076576e-08
5.02627854656837e-08
7.22527541069204e-08
7.53941781985256e-08
3.92678011450654e-08
9.4242722748157e-09
1.57071204580262e-09
0
0
0
0
0
0
0
0
0
4.71213613740785e-09
1.72778325038288e-08
3.14142409160523e-08
2.98435288702497e-08
2.51313927328419e-08
2.51313927328419e-08
3.92678011450654e-08
5.96870577404994e-08
8.63891625191439e-08
9.73841468397622e-08
5.49749216030916e-08
1.41364084122236e-08
1.57071204580262e-09
0
0
0
0
0
0
0
0
0
1.57071204580262e-09
6.28284818321047e-09
1.09949843206183e-08
1.57071204580262e-08
2.51313927328419e-08
3.76970890992628e-08
5.3404209557289e-08
6.1257769786302e-08
5.65456336488942e-08
5.18334975114863e-08
2.98435288702497e-08
7.85356022901308e-09
1.57071204580262e-09
0
0
0
0
0
0
0
0
0
0
1.57071204580262e-09
1.57071204580262e-09
4.71213613740785e-09
1.57071204580262e-08
3.2984952961855e-08
4.71213613740785e-08
6.1257769786302e-08
7.3823466152723e-08
6.1257769786302e-08
2.51313927328419e-08
4.71213613740785e-09
0
0
0
0
0
0
0
0
0
0
0
0
0
1.57071204580262e-09
6.28284818321047e-09
1.72778325038288e-08
6.91113300153151e-08
3.37703089847563e-07
7.20956829023401e-07
6.28284818321047e-07
2.35606806870392e-07
3.45556650076576e-08
1.57071204580262e-09
0
0
0
0
0
0
0
0
0
0
0
0
0
1.57071204580262e-09
1.72778325038288e-08
2.78016032107063e-07
1.72778325038288e-06
3.7822746062927e-06
3.30634885641451e-06
1.23457966800086e-06
1.79061173221498e-07
9.4242722748157e-09
0
0
0
0
0
0
0
0
0
0
0
0
0
0
2.51313927328419e-08
4.80637886015601e-07
3.00948427975781e-06
6.59384916827939e-06
5.7645132080956e-06
2.15187550274958e-06
3.12571697114721e-07
1.57071204580262e-08
0
0
0
0
0
0
0
0
0
0
0
0
0
0
1.09949843206183e-08
2.21470398458169e-07
1.39322158462692e-06
3.05346421704029e-06
2.67021047786445e-06
9.97402149084662e-07
1.44505508213841e-07
7.85356022901308e-09
0
0
0
0
0
0
0
0
0
0
0
0
0
0
1.57071204580262e-09
2.51313927328419e-08
1.57071204580262e-07
3.4241522598497e-07
3.000060007483e-07
1.11520555251986e-07
1.57071204580262e-08
1.57071204580262e-09
0
0
0
0
0
0
0
0
0
0
0
0
0
0
0
0
4.71213613740785e-09
9.4242722748157e-09
7.85356022901308e-09
3.14142409160523e-09
0
0
0
0
0
0
0
0
0
0
0
0
0
0
0
0
0
0
0
0
0
0
0
0
0
0
0
0
0
0
0
0
0
0
0
0
0
0
0
0
0
0
0
0
0
0
0
0
0
0
0
0
0
0
0
0
0
0
0
0
0
0
0
0
0
0
0
0
0
0
0
0
0
0
0
0
0
0
0
0
0
0
0
0
0
0
0
0
0
0
0
0
0
0
0
0
0
0
0
0
0
0
0
0
0
0
0
0
0
0
0
0
0
0
0
0
0
0
0
0
0
0
0
0
0
0
0
0
0
0
0
0
0
0
0
0
0
0
0
0
0
0
0
0
0
0
0
0
0
0
0
0
0
0
0
0
0
0
0
0
0
0
0
0
0
0
0
0
0
0
0
0
0
0
0
0
0
0
0
0
0
0
0
0
0
0
0
0
0
0
0
0
0
0
0
0
0
0
0
0
0
0
0
0
0
0
0
0
0
0
3.14142409160523e-09
1.09949843206183e-08
1.25656963664209e-08
1.88485445496314e-08
8.63891625191439e-08
1.79061173221498e-07
1.57071204580262e-07
9.89548588855648e-08
8.16770263817361e-08
5.81163456946968e-08
2.35606806870392e-08
4.71213613740785e-09
1.57071204580262e-09
0
0
0
0
0
0
0
0
1.41364084122236e-08
9.73841468397622e-08
2.67021047786445e-07
3.21995969389536e-07
2.78016032107063e-07
8.27765248137979e-07
1.67594975287139e-06
1.46861576282545e-06
9.92690012947254e-07
8.82740169741071e-07
5.96870577404994e-07
2.15187550274958e-07
4.24092252366706e-08
7.85356022901308e-09
1.57071204580262e-09
0
0
0
0
0
0
9.4242722748157e-09
1.39793372076433e-07
8.56038064962426e-07
2.22412825685651e-06
2.5806798912537e-06
1.56442919761941e-06
2.34821450847491e-06
4.57234276533142e-06
4.75611607469032e-06
4.6838633205834e-06
4.3838573198351e-06
2.4000480059864e-06
6.62840483328704e-07
1.03666995022973e-07
1.41364084122236e-08
1.57071204580262e-09
0
0
0
0
0
1.57071204580262e-09
4.86920734198811e-08
5.05769278748443e-07
2.44088651917727e-06
5.47550219166792e-06
5.90116515608043e-06
3.40373300325427e-06
3.05189350499448e-06
5.41738584597322e-06
7.72633255330307e-06
1.11206412842825e-05
1.16311226991684e-05
6.0660899208897e-06
1.43091867372618e-06
1.6178334071767e-07
1.09949843206183e-08
1.57071204580262e-09
0
0
0
0
0
3.14142409160523e-09
8.32477384275387e-08
7.09961844702783e-07
2.67492261400186e-06
4.78438889151477e-06
4.75611607469032e-06
3.92520940246074e-06
4.04615422998754e-06
6.09279202566835e-06
9.3064688713805e-06
1.34814214891239e-05
1.50442799746975e-05
8.47242077505931e-06
2.12674411001674e-06
2.38748230961998e-07
1.09949843206183e-08
0
0
0
0
0
0
1.57071204580262e-09
4.0838513190868e-08
3.17283833252129e-07
1.07279632728319e-06
1.76233891539054e-06
2.36549234097874e-06
4.05243707817075e-06
6.04881208838588e-06
8.39231446072338e-06
9.4871007566478e-06
8.57922919417389e-06
7.94623223971544e-06
4.54721137259857e-06
1.19059973071838e-06
1.41364084122235e-07
7.85356022901308e-09
0
0
0
0
0
0
0
4.71213613740785e-09
4.0838513190868e-08
1.42934796168038e-07
2.98435288702497e-07
8.59179489054031e-07
2.5806798912537e-06
5.13779910182036e-06
6.99123931586745e-06
6.57028848759235e-06
4.67758047240019e-06
3.42886439598711e-06
1.72778325038288e-06
4.0838513190868e-07
4.55506493282759e-08
3.14142409160523e-09
0
0
0
0
0
0
0
0
3.14142409160523e-09
1.41364084122236e-08
5.02627854656837e-08
2.27753246641379e-07
9.81695028626636e-07
2.31837097960466e-06
3.81840098334616e-06
8.68603761328847e-06
1.57228275784842e-05
1.35473913950476e-05
5.17549619091962e-06
7.88497446992914e-07
4.55506493282759e-08
1.57071204580262e-09
0
0
0
0
0
0
0
0
0
3.14142409160523e-09
1.25656963664209e-08
5.02627854656837e-08
2.32465382778787e-07
7.94780295176124e-07
6.1838933243249e-06
3.58750631261318e-05
7.80926614932145e-05
6.82458676780779e-05
2.55020807756513e-05
3.70688042809418e-06
1.85344021404709e-07
3.14142409160523e-09
0
0
0
0
0
0
0
0
0
0
1.57071204580262e-09
4.71213613740785e-09
2.98435288702497e-08
5.56032064214126e-07
9.93946582583896e-06
6.20745400501194e-05
0.000135945127564216
0.000118841644097472
4.43836102782445e-05
6.44620223597394e-06
3.20425257343734e-07
4.71213613740785e-09
0
0
0
0
0
0
0
0
0
0
0
0
4.71213613740785e-09
2.37177518916195e-07
4.58333774965204e-06
2.87377475900047e-05
6.29557095078147e-05
5.50346086608321e-05
2.05527671193272e-05
2.98435288702497e-06
1.47646932305446e-07
3.14142409160523e-09
0
0
0
0
0
0
0
0
0
0
0
0
0
2.67021047786445e-08
5.13622838977456e-07
3.22624254207858e-06
7.06663349406597e-06
6.17761047614169e-06
2.30737599528404e-06
3.34561665755957e-07
1.72778325038288e-08
0
0
0
0
0
0
0
0
0
0
0
0
0
0
0
1.41364084122236e-08
8.48184504733413e-08
1.86914733450511e-07
1.63354052763472e-07
6.1257769786302e-08
9.4242722748157e-09
0
0
0
0
0
0
0
0
0
0
0
0
0
0
0
0
0
0
1.57071204580262e-09
1.57071204580262e-09
0
0
0
0
0
0
0
0
0
0
0
0
0
0
0
0
0
0
0
0
0
0
0
0
0
0
0
0
0
0
0
0
0
0
0
0
0
0
0
0
0
0
0
0
0
0
0
0
0
0
0
0
0
0
0
0
0
0
0
0
0
0
0
0
0
0
0
0
0
0
0
0
0
0
0
0
0
0
0
0
0
0
0
0
0
0
0
0
0
0
0
0
0
0
0
0
0
0
0
0
0
0
0
0
0
0
0
0
0
0
0
0
0
0
0
0
0
0
0
0
0
0
0
0
0
0
0
0
0
0
0
0
0
0
0
0
0
0
0
0
0
0
0
0
0
0
0
0
0
0
0
0
0
0
0
0
0
0
0
0
0
0
0
0
0
0
0
0
0
0
0
0
0
0
0
0
0
0
0
0
0
0
0
0
0
0
0
0
1.09949843206183e-08
7.85356022901308e-08
2.16758262320761e-07
2.71733183923853e-07
4.33516524641522e-07
1.97281432952809e-06
4.45453936189622e-06
5.43152225438545e-06
5.29172888230902e-06
3.60478414511701e-06
1.8628644863219e-06
8.96876578153294e-07
4.11526556000286e-07
1.3822266003063e-07
2.0419256595434e-08
1.57071204580262e-09
0
0
0
0
0
1.72778325038288e-08
3.09430273023115e-07
2.07491061250526e-06
5.6451390926146e-06
6.7839053258215e-06
5.98284218246217e-06
1.81652848097073e-05
3.76562505860719e-05
3.64358073264833e-05
2.88665459777605e-05
2.45517999879407e-05
1.62066068885914e-05
7.43889224892119e-06
2.96236291838374e-06
9.39285803389965e-07
1.36651947984828e-07
6.28284818321047e-09
0
0
0
0
6.28284818321047e-09
2.08904702091748e-07
2.99377715929979e-06
1.81558605374324e-05
4.69909922742769e-05
5.44393087954729e-05
3.3374489549214e-05
5.11565206197454e-05
0.000100121897935596
0.000105668082169325
0.000105470172451554
9.96663914423134e-05
5.71927670117649e-05
1.96700269495862e-05
6.16818620386688e-06
1.82045526108523e-06
2.62308911649037e-07
1.25656963664209e-08
0
0
0
0
4.39799372824733e-08
1.07122561523738e-06
1.10326814097176e-05
5.25717321730136e-05
0.000116864117631806
0.000125419786145293
7.33035604655623e-05
6.74338095503979e-05
0.00011890604329135
0.000167133185945673
0.000236948194957508
0.000247734274576034
0.00013075706567693
3.28608667102365e-05
5.33885024368309e-06
9.70700044306017e-07
1.27227675710012e-07
6.28284818321047e-09
0
0
0
0
8.48184504733413e-08
1.87228875859672e-06
1.57542418194002e-05
5.88969895814607e-05
0.000104441356061553
0.000103627727221828
8.80179909106412e-05
9.42757077011189e-05
0.0001408347541628
0.000207285297972526
0.000289155521935895
0.000319069732848206
0.000180382142052018
4.61993534031924e-05
5.65142194079782e-06
3.80112315084233e-07
2.0419256595434e-08
1.57071204580262e-09
0
0
0
0
4.24092252366706e-08
9.03159426336505e-07
7.12789126385227e-06
2.42046726258183e-05
4.03107539434784e-05
5.51162856872138e-05
9.55903936834557e-05
0.000145165207273078
0.000201230203035956
0.000223099226849666
0.000195548937566288
0.00017839833273817
0.000104166481453538
2.92812139578524e-05
4.201654722522e-06
3.20425257343734e-07
1.25656963664209e-08
0
0
0
0
0
6.28284818321047e-09
1.24086251618407e-07
1.04923564659615e-06
4.15296264910212e-06
1.00965370304192e-05
2.52994589217427e-05
6.53227725608392e-05
0.00012582502985311
0.000169506531846881
0.000151364807717861
9.53642111488601e-05
6.93500782462771e-05
3.99102223717987e-05
1.2031654270848e-05
2.13145624615415e-06
2.24611822549774e-07
1.25656963664209e-08
0
0
0
0
0
0
1.25656963664209e-08
1.94768293679524e-07
1.39322158462692e-06
4.84878808539268e-06
1.08928880376411e-05
2.72251518898968e-05
5.76906827302843e-05
7.4524003725151e-05
7.19684552266301e-05
7.0584657914278e-05
5.75587429184369e-05
2.5822506032995e-05
5.5854520348741e-06
7.66507478351677e-07
8.32477384275387e-08
6.28284818321047e-09
0
0
0
0
0
0
3.14142409160523e-09
6.1257769786302e-08
4.91632870336219e-07
1.71050541787905e-06
3.23723752639919e-06
6.86087021606583e-06
1.51652248022243e-05
3.29629629932137e-05
0.00011174359636249
0.000226518666973379
0.00019841862847397
7.52009806168919e-05
1.11693333577024e-05
6.14148409908823e-07
2.19899686412366e-08
1.57071204580262e-09
0
0
0
0
0
0
0
6.28284818321047e-09
5.18334975114863e-08
1.85344021404709e-07
3.53410210305589e-07
8.01063143359335e-07
3.35818235392599e-06
3.06493041497465e-05
0.000176967414064443
0.000385036497347824
0.000337734504088479
0.000126687350766256
1.84542958261349e-05
9.25149394977741e-07
1.72778325038288e-08
0
0
0
0
0
0
0
0
0
1.57071204580262e-09
6.28284818321047e-09
2.0419256595434e-08
6.28284818321047e-08
7.97921719267729e-07
1.31264405667725e-05
8.11319893018426e-05
0.000177704078013925
0.000155764372158154
5.83331039570176e-05
8.48655718347154e-06
4.24092252366707e-07
7.85356022901308e-09
0
0
0
0
0
0
0
0
0
0
0
1.57071204580262e-09
4.71213613740785e-09
7.85356022901308e-08
1.45447935441322e-06
9.09128132110555e-06
1.99401894214642e-05
1.74773129336457e-05
6.5435863828137e-06
9.51851499756386e-07
4.71213613740785e-08
1.57071204580262e-09
0
0
0
0
0
0
0
0
0
0
0
0
0
1.57071204580262e-09
3.92678011450654e-08
2.45031079145208e-07
5.38754231710298e-07
4.77496461923995e-07
1.80631885267301e-07
2.67021047786445e-08
1.57071204580262e-09
0
0
0
0
0
0
0
0
0
0
0
0
0
0
0
0
3.14142409160523e-09
7.85356022901308e-09
9.4242722748157e-09
3.14142409160523e-09
0
0
0
0
0
0
0
0
0
0
0
0
0
0
0
0
0
0
0
0
0
0
0
0
0
0
0
0
0
0
0
0
0
0
0
0
0
0
0
0
0
0
0
0
0
0
0
0
0
0
0
0
0
0
0
0
0
0
0
0
0
0
0
0
0
0
0
0
0
0
0
0
0
0
0
0
0
0
0
0
0
0
0
0
0
0
0
0
0
0
0
0
0
0
0
0
0
0
0
0
0
0
0
0
0
0
0
0
0
0
0
0
0
0
0
0
0
0
0
0
0
0
0
0
0
0
0
0
0
0
0
0
0
0
0
0
0
0
0
0
0
0
0
0
0
0
0
0
0
0
0
0
0
0
0
0
0
0
0
0
0
0
0
0
0
0
0
0
0
0
0
0
0
0
0
0
0
0
0
0
0
0
0
0
0
0
1.09949843206183e-08
1.00525570931367e-07
4.28804388504114e-07
9.1258369861132e-07
1.12934196093208e-06
2.98435288702497e-06
1.38285488512462e-05
3.51305456164213e-05
6.4592391459541e-05
8.25252108864695e-05
4.98261275169506e-05
1.9106141325143e-05
1.13750966357026e-05
7.55355422826478e-06
2.83984737881113e-06
4.24092252366707e-07
2.19899686412366e-08
0
0
0
0
6.28284818321047e-09
1.42934796168038e-07
1.61312127103929e-06
8.40802158118141e-06
2.02401954222125e-05
2.31585784033138e-05
2.31931340683214e-05
7.83628239650925e-05
0.000178940228393972
0.000238027274132974
0.000258027150612179
0.000201349577151437
0.000126995210327233
8.43205347548219e-05
5.22670140361279e-05
1.92585003935859e-05
2.86969090768138e-06
1.44505508213841e-07
1.57071204580262e-09
0
0
0
3.76970890992628e-08
1.01625069363429e-06
1.2135321265871e-05
6.56730413470532e-05
0.000160289593562111
0.000181572741782737
0.000120073082341381
0.000207699965952617
0.000416325081300213
0.000472363374958313
0.000492548595458922
0.000478983926231371
0.00032518294413047
0.000182848159963928
0.000102465400307934
3.70452436002547e-05
5.50691643258397e-06
2.76445320061261e-07
4.71213613740785e-09
0
0
0
2.01051141862735e-07
4.68543403262921e-06
4.48673895883517e-05
0.000198409204201695
0.000416048635980151
0.000434738538613157
0.000277196120419154
0.000294101694168128
0.000502670263882074
0.000659311093361786
0.000849057820630879
0.000877757871131785
0.000495752848032359
0.000166308562121627
5.74912023004674e-05
1.80946027676461e-05
2.63094267671938e-06
1.3193981184742e-07
1.57071204580262e-09
0
0
0
3.80112315084233e-07
8.2242482718225e-06
6.76332899802149e-05
0.00024430069804391
0.000416372202661587
0.000411333358418652
0.000402017465274997
0.0005024173792427
0.00073391991553741
0.000937138640023353
0.00107988023860976
0.00110576871454868
0.00063718604348461
0.000182939261262585
3.20990713680223e-05
4.34616023073584e-06
4.05243707817075e-07
1.72778325038288e-08
0
0
0
0
1.88485445496314e-07
4.04144209385013e-06
3.23393903110301e-05
0.000113019014543681
0.000200099290362979
0.000294434685121838
0.000529986517070627
0.000849701812569658
0.00118072780551051
0.00124234055621917
0.000984845876990516
0.000839338254491453
0.000526278065930487
0.000188885977067994
4.31521720343353e-05
5.95142794154612e-06
4.33516524641522e-07
1.41364084122236e-08
0
0
0
0
2.82728168244471e-08
6.98966860382164e-07
7.47816005006626e-06
3.98536767381498e-05
0.000118133252964815
0.00024207028693887
0.000455239472234972
0.000797975123477287
0.00107097901344619
0.000971543516674613
0.000661082856549451
0.000524767040942425
0.000340390578157931
0.000137771865673485
3.91217249248058e-05
7.23627039501266e-06
7.17815404931796e-07
2.98435288702497e-08
0
0
0
0
4.71213613740785e-09
1.9790971777113e-07
3.75400178946825e-06
2.87785861031955e-05
9.85166302247859e-05
0.000170029578958133
0.000237664439650394
0.000413144389407462
0.000546818267353448
0.000451191747292939
0.000300298153188819
0.000242786531631756
0.000145410238352223
5.3435623798205e-05
1.65097543134313e-05
3.95819435542259e-06
4.88491446244614e-07
2.35606806870392e-08
0
0
0
0
1.57071204580262e-09
6.43991938779073e-08
1.34295879916124e-06
1.07122561523738e-05
3.6844192458392e-05
5.94734409022703e-05
7.24773659294701e-05
0.000136075496664018
0.000208177462414541
0.000214050354753797
0.000222109678260811
0.000206644447457838
9.69412060428459e-05
1.98428052746245e-05
3.88280017722407e-06
1.11206412842825e-06
1.6178334071767e-07
7.85356022901308e-09
0
0
0
0
0
6.28284818321047e-09
1.42934796168038e-07
1.16703905003134e-06
4.48595360281227e-06
9.78710675739611e-06
1.63102738836144e-05
3.29221244800228e-05
6.60814264789619e-05
0.00013122513786658
0.000229196731011472
0.000222568326178185
9.50249373469667e-05
1.57385346989422e-05
1.679091176963e-06
3.69117330763615e-07
5.3404209557289e-08
3.14142409160523e-09
0
0
0
0
0
0
4.71213613740785e-09
4.39799372824733e-08
3.89536587359049e-07
1.90998584769598e-06
3.97547218792642e-06
5.32785525936248e-06
1.24431808268483e-05
4.41621398797864e-05
9.31055272269959e-05
8.97253549044287e-05
3.70955063857204e-05
6.01425642337822e-06
6.12577697863021e-07
1.25656963664209e-07
1.72778325038288e-08
1.57071204580262e-09
0
0
0
0
0
0
0
1.57071204580262e-09
3.2984952961855e-08
1.9790971777113e-07
4.05243707817075e-07
4.0838513190868e-07
1.04609422250454e-06
4.96187935269047e-06
1.13389702586491e-05
1.13059853056872e-05
4.75925749878193e-06
7.69648902443282e-07
7.22527541069204e-08
1.41364084122236e-08
1.57071204580262e-09
0
0
0
0
0
0
0
0
0
1.57071204580262e-09
4.71213613740785e-09
1.09949843206183e-08
1.25656963664209e-08
9.58134347939596e-08
6.54986923099691e-07
1.9209808320166e-06
2.41889655053603e-06
1.16389762593974e-06
1.90056157542117e-07
1.09949843206183e-08
0
0
0
0
0
0
0
0
0
0
0
0
0
0
1.57071204580262e-09
2.98435288702497e-08
2.24611822549774e-07
6.92684012198954e-07
9.0630085042811e-07
4.42940796916338e-07
7.22527541069204e-08
3.14142409160523e-09
0
0
0
0
0
0
0
0
0
0
0
0
0
0
0
3.14142409160523e-09
2.51313927328419e-08
7.53941781985256e-08
9.89548588855648e-08
4.86920734198811e-08
7.85356022901308e-09
0
0
0
0
0
0
0
0
0
0
0
0
0
0
0
0
0
0
1.57071204580262e-09
3.14142409160523e-09
1.57071204580262e-09
0
0
0
0
0
0
0
0
0
0
0
0
0
0
0
0
0
0
0
0
0
0
0
0
0
0
0
0
0
0
0
0
0
0
0
0
0
0
0
0
0
0
0
0
0
0
0
0
0
0
0
0
0
0
0
0
0
0
0
0
0
0
0
0
0
0
0
0
0
0
0
0
0
0
0
0
0
0
0
0
0
0
0
0
0
0
0
0
0
0
0
0
0
0
0
0
0
0
0
0
0
0
0
0
0
0
0
0
0
0
0
0
0
0
0
0
0
0
0
0
0
0
0
0
0
0
0
0
0
0
0
0
0
0
0
0
0
0
0
0
0
9.4242722748157e-09
1.88485445496314e-07
1.34610022325284e-06
3.89379516154469e-06
5.13308696568295e-06
6.09279202566835e-06
3.08707745482046e-05
0.000122909788296101
0.000225961064197119
0.000253649576140527
0.000246168274666369
0.000136036228862873
4.96156521028131e-05
3.30273621870916e-05
2.38261310227799e-05
9.11798342588419e-06
1.36494876780247e-06
6.91113300153151e-08
1.57071204580262e-09
0
0
0
8.95305866107492e-08
1.83302095745165e-06
1.34217344313834e-05
4.06955783947e-05
5.71016657131083e-05
4.29652573008848e-05
6.23651217785929e-05
0.000219671933165725
0.00047835564141305
0.000665725881356844
0.000695600824468009
0.000491001444093806
0.000309607763484291
0.000240293811615068
0.000164173964451381
6.1815372562562e-05
9.23264540522778e-06
4.64930765557575e-07
7.85356022901308e-09
0
0
0
2.84298880290274e-07
5.78807388878264e-06
4.48595360281227e-05
0.000151295696387845
0.000248225907446371
0.000219645231060946
0.000199439591303741
0.000440856462031558
0.000877091889224364
0.00109481771016534
0.00104095642340272
0.000925757260539467
0.000716863553432039
0.00051042172782811
0.000321821620352452
0.000118956306076815
1.77223440127909e-05
8.92164442015886e-07
1.41364084122236e-08
0
0
0
5.23047111252271e-07
1.07876503305724e-05
8.68289618919687e-05
0.000308734447586825
0.000532259337400904
0.00051271182599089
0.000460740105819373
0.000677521928820821
0.00112629006742709
0.0014223253081236
0.00141130990454638
0.00125984614196964
0.00079600545057185
0.000370256096996822
0.000171396098437982
5.7963986626254e-05
8.48498647142574e-06
4.25662964412509e-07
6.28284818321047e-09
0
0
0
6.37709090595862e-07
1.33007896038566e-05
0.000105487450284058
0.000362104101479106
0.000593259510411694
0.000630598477164514
0.000805172126071154
0.00119541239242672
0.00181051893668349
0.00221239346716231
0.00199694832011184
0.00160095767695659
0.000906608709989087
0.000323821136786759
8.76331664594196e-05
1.70265185765004e-05
1.81260170085622e-06
8.01063143359335e-08
1.57071204580262e-09
0
0
0
3.04718136885708e-07
6.62840483328704e-06
5.63602896274895e-05
0.000216759833032807
0.000436489882544227
0.000710206875781928
0.00126759603520363
0.00206178888407462
0.00296266135367244
0.00322380793840758
0.00255155574850043
0.00195551607776766
0.00123453411735153
0.000567424438682333
0.000203960100571561
4.76522620455598e-05
5.55403779395805e-06
2.54455351420024e-07
4.71213613740785e-09
0
0
0
7.85356022901308e-08
2.20213828821527e-06
2.79900886562026e-05
0.00016515094734387
0.000486719683056948
0.000902988218723512
0.00144241000305328
0.00230648540155407
0.00309181629306265
0.00290204443440082
0.00212910646093363
0.00168686934301381
0.00112783878950425
0.000595340703872383
0.000280624984815141
8.69090682063046e-05
1.20049521660694e-05
5.90587729221784e-07
9.4242722748157e-09
0
0
0
2.51313927328419e-08
1.0225335418175e-06
1.76532326827756e-05
0.000127125579427035
0.000416645506557556
0.000711012651061425
0.000930436411723913
0.0014884287245712
0.00202365670773867
0.00174343853734339
0.00112555340347761
0.000833713534655434
0.00052724248312661
0.000281206148272088
0.000163460861182587
6.12609112103937e-05
9.24049896545679e-06
4.71213613740785e-07
7.85356022901308e-09
0
0
0
4.71213613740785e-09
2.73303895969655e-07
5.47079005553051e-06
4.30202322224879e-05
0.000153062747439373
0.000282377899458257
0.000381547945894097
0.000630111556430315
0.00094656605372226
0.000889302604668434
0.000618287236149513
0.000486327005045498
0.000261526697050227
9.69789031319452e-05
5.41832827320071e-05
2.19538422641832e-05
3.4241522598497e-06
1.77490461175696e-07
3.14142409160523e-09
0
0
0
0
2.51313927328419e-08
5.57602776259929e-07
5.13465767772875e-06
2.90031979257453e-05
0.000107051879481677
0.000202785207961301
0.000247365157245271
0.000324945766611554
0.000360414015317823
0.000332026536514032
0.000306376808806075
0.000160421533373959
5.24068074082043e-05
2.49130637584753e-05
8.95777079721232e-06
1.3178274064284e-06
6.59699059237099e-08
1.57071204580262e-09
0
0
0
0
0
2.0419256595434e-08
4.66501477603377e-07
6.79490031014212e-06
3.87337590494925e-05
7.80266915872908e-05
7.12710590782937e-05
6.78107804413906e-05
8.58818225283497e-05
0.000100982648136696
0.000100959087456009
5.27586469064641e-05
1.81809919301653e-05
9.05201351996048e-06
3.17597975661289e-06
4.57077205328561e-07
2.19899686412366e-08
0
0
0
0
0
0
1.57071204580262e-09
4.39799372824733e-08
7.6807819039748e-07
4.49066573894968e-06
8.92478584425047e-06
7.49543788257009e-06
7.33836667798983e-06
1.71019127546989e-05
3.76483970258429e-05
4.60485650467953e-05
2.28758502350693e-05
4.77025248310255e-06
1.12620053684048e-06
3.47127362122378e-07
5.02627854656837e-08
3.14142409160523e-09
0
0
0
0
0
0
0
3.14142409160523e-09
3.61263770534602e-08
1.63354052763472e-07
2.93723152565089e-07
3.0628884893151e-07
1.79218244426079e-06
1.22499832452146e-05
3.7360956721461e-05
4.87124926764766e-05
2.38748230961998e-05
3.93777509882716e-06
2.27753246641379e-07
1.25656963664209e-08
1.57071204580262e-09
0
0
0
0
0
0
0
0
1.57071204580262e-09
7.85356022901308e-09
1.41364084122236e-08
1.09949843206183e-08
3.61263770534602e-08
6.69123331511915e-07
5.01057142611035e-06
1.54903621957054e-05
2.02433368463041e-05
9.91904656924352e-06
1.62568696740571e-06
8.48184504733413e-08
1.57071204580262e-09
0
0
0
0
0
0
0
0
0
0
1.57071204580262e-09
3.14142409160523e-09
1.57071204580262e-09
4.71213613740785e-09
7.22527541069204e-08
5.46607791939311e-07
1.69165687332942e-06
2.20999184844428e-06
1.08379131160381e-06
1.77490461175696e-07
9.4242722748157e-09
0
0
0
0
0
0
0
0
0
0
0
0
0
0
0
1.57071204580262e-09
1.41364084122236e-08
4.39799372824733e-08
5.81163456946968e-08
2.82728168244471e-08
4.71213613740785e-09
0
0
0
0
0
0
0
0
0
0
0
0
0
0
0
0
0
0
0
0
0
0
0
0
0
0
0
0
0
0
0
0
0
0
0
0
0
0
0
0
0
0
0
0
0
0
0
0
0
0
0
0
0
0
0
0
0
0
0
0
0
0
0
0
0
0
0
0
0
0
0
0
0
0
0
0
0
0
0
0
0
0
0
0
0
0
0
0
0
0
0
0
0
0
0
0
0
0
0
0
0
0
0
0
0
0
0
0
0
0
0
0
0
0
0
0
0
0
0
0
0
0
0
0
0
0
0
0
0
0
0
0
0
0
0
0
0
0
0
0
2.98435288702497e-08
5.15193551023258e-07
3.63305696194145e-06
1.02928760361445e-05
1.3567810651643e-05
2.03375795690523e-05
0.000101805701248697
0.000361540215854663
0.000574891603748078
0.000408458955374833
0.000197179336669831
8.42043020634325e-05
3.55562085808338e-05
2.66549834172704e-05
1.89883379217078e-05
7.1404569602187e-06
1.06023063091677e-06
5.3404209557289e-08
1.57071204580262e-09
0
0
0
3.98960859633865e-07
5.00900071406454e-06
3.49938936684365e-05
9.96208407929852e-05
0.000126845992682882
0.000102840800486881
0.000225880957882783
0.000625512511560205
0.0010408700342402
0.00104026059796643
0.000714680263688374
0.000414415095452517
0.000267720014646827
0.000204247540875943
0.000133127270154047
4.86795077235147e-05
7.18443689750117e-06
3.59693058488799e-07
6.28284818321047e-09
0
0
0
2.10475414137551e-06
1.47395618378118e-05
0.000100401484679749
0.000292837270971257
0.000391639770788379
0.000320810081794955
0.000523323556572333
0.00116746942513189
0.00189189281564038
0.00214904193821896
0.00165791797858558
0.00114055370351502
0.000785211517393094
0.000493556992592327
0.000272282933139884
9.46322593355161e-05
1.38254074271546e-05
6.91113300153151e-07
1.09949843206183e-08
0
0
0
4.02730568543791e-06
1.85988013343488e-05
0.000123751689952651
0.000379330100485424
0.000574729820407361
0.000607526287923719
0.000925419557449619
0.00167861053907698
0.0026431926599646
0.00330484882641077
0.0029116697578175
0.00204229477687417
0.00114636533808449
0.000480857785702013
0.000172581986032563
4.91130242481562e-05
6.79647102218792e-06
3.34561665755957e-07
4.71213613740785e-09
0
0
0
2.69534187059729e-06
1.3297648179765e-05
9.30819665463089e-05
0.000312290539658522
0.000573122981984505
0.000866572830653624
0.00143405381496961
0.00225997504716581
0.00354585888271872
0.00471003138326647
0.00434089363324626
0.00292255322158287
0.00144191679947089
0.000535505999199578
0.000159951890472264
3.22451475882819e-05
3.4194401237123e-06
1.50788356397051e-07
3.14142409160523e-09
0
0
0
7.99492431313532e-07
6.90642086539411e-06
6.2054120793524e-05
0.000271034217063471
0.000638384496775558
0.00120477069479561
0.00215743268196763
0.00328843331482008
0.00464733327053417
0.00552204553100915
0.00492282202695954
0.00356183773636067
0.00207772846991543
0.00106892138066619
0.000476420524172621
0.000132404742612977
1.70862056342409e-05
8.403309445044e-07
1.72778325038288e-08
0
0
0
2.0419256595434e-07
4.52050926781993e-06
5.60649957628786e-05
0.000314973315832753
0.000866866553806189
0.00162595712987759
0.00273836210281978
0.00420718205821118
0.00535100284278147
0.00500432941644033
0.00381526427139069
0.00292121026278371
0.00198558107703637
0.00127949260823854
0.000744798667166639
0.000256718747478026
3.76829526908506e-05
2.12831482206255e-06
6.59699059237099e-08
1.57071204580262e-09
0
0
6.43991938779073e-08
2.10475414137551e-06
3.12163311982812e-05
0.00020387842354518
0.000641397122479407
0.00122808477369146
0.0019950194857196
0.00326484750274031
0.00425576418178785
0.00360330139294577
0.00224414855259231
0.00158689823343461
0.00115106176710144
0.000776585166837547
0.000496916745658299
0.000192346255704897
3.11519320044033e-05
2.17700689548243e-06
1.09949843206183e-07
4.71213613740785e-09
0
0
9.4242722748157e-09
4.13097268046088e-07
7.52999354757774e-06
5.98912503064538e-05
0.0002441734703682
0.000611847316761722
0.00107521836525781
0.00162727181585992
0.00221390606286242
0.0020919387017938
0.00129504894034017
0.000847045738500206
0.000632852448950241
0.000415745488555311
0.000245185008925697
9.2205509224751e-05
1.52955939020259e-05
1.20630685117641e-06
7.3823466152723e-08
3.14142409160523e-09
0
0
1.57071204580262e-09
3.61263770534602e-08
8.08916703588348e-07
1.01577948002055e-05
8.44634695509899e-05
0.000378125364346293
0.000731923540527195
0.00077626945371634
0.000918279100489401
0.00103049705188972
0.000712338332028082
0.000444194225128888
0.000333975790162873
0.000265904271521879
0.000169129560955888
5.92802433206366e-05
8.89337160333442e-06
5.59173488305732e-07
2.35606806870392e-08
1.57071204580262e-09
0
0
0
3.14142409160523e-09
7.3823466152723e-08
2.04506708363501e-06
2.8456590133806e-05
0.000153413016225587
0.000297065627798557
0.000263130394048992
0.00027175674460454
0.00033841148098022
0.000266183858266032
0.000175272615767022
0.000117115431559135
9.45584358693633e-05
6.47211898472968e-05
2.28601431146113e-05
3.3016367202771e-06
1.7434903708409e-07
4.71213613740785e-09
0
0
0
0
0
1.57071204580262e-08
3.98960859633865e-07
4.70585328922464e-06
2.27611882557257e-05
4.12940196841508e-05
3.4329482473062e-05
4.11243827832041e-05
8.61299950315865e-05
0.000156337682054872
0.000178878970624185
9.00771944026885e-05
2.2679511229344e-05
7.64465552692134e-06
2.49429072873456e-06
3.56551634397194e-07
1.72778325038288e-08
0
0
0
0
0
0
1.41364084122236e-08
2.82728168244471e-07
1.8000360044898e-06
4.10427057568224e-06
3.93149225064395e-06
2.43617438303986e-06
9.06929135246431e-06
5.58011161391838e-05
0.000166115364539993
0.000215570804014134
0.000105633526504318
1.75087271745618e-05
1.0775084634206e-06
8.01063143359335e-08
9.4242722748157e-09
0
0
0
0
0
0
0
9.4242722748157e-09
1.79061173221498e-07
1.06651347909998e-06
2.03564281136019e-06
1.33510523893222e-06
4.91632870336219e-07
3.02990353635325e-06
2.22664139612979e-05
6.87359298363683e-05
8.98007490826272e-05
4.40034979631603e-05
7.20956829023401e-06
3.75400178946825e-07
6.28284818321047e-09
0
0
0
0
0
0
0
0
1.57071204580262e-09
4.39799372824733e-08
2.65450335740642e-07
5.02627854656837e-07
3.23566681435339e-07
9.58134347939596e-08
3.31420241664352e-07
2.42675011076504e-06
7.5032914427991e-06
9.80595530194574e-06
4.8048081481102e-06
7.86926734947111e-07
4.0838513190868e-08
0
0
0
0
0
0
0
0
0
0
4.71213613740785e-09
2.35606806870392e-08
4.39799372824733e-08
2.82728168244471e-08
7.85356022901308e-09
9.4242722748157e-09
6.43991938779073e-08
1.9790971777113e-07
2.57596775511629e-07
1.27227675710012e-07
2.0419256595434e-08
1.57071204580262e-09
0
0
0
0
0
0
0
0
0
0
0
0
1.57071204580262e-09
0
0
0
0
1.57071204580262e-09
1.57071204580262e-09
1.57071204580262e-09
0
0
0
0
0
0
0
0
0
0
0
0
0
0
0
0
0
0
0
0
0
0
0
0
0
0
0
0
0
0
0
0
0
0
0
0
0
0
0
0
0
0
0
0
0
0
0
0
0
0
0
0
0
0
0
0
0
0
0
0
0
0
0
0
0
0
0
0
0
0
0
0
0
0
0
0
0
0
0
0
0
0
0
0
0
0
0
0
0
0
0
0
0
0
0
0
0
0
0
0
0
0
0
0
0
0
0
0
0
0
0
0
0
0
0
0
0
0
0
1.00525570931367e-07
2.43460367099406e-07
1.41049941713075e-06
4.60532771829327e-06
1.14080815886644e-05
3.60556950113991e-05
0.000120710791431977
0.000312061215699835
0.000454084998881307
0.000316476487260586
0.000130625125865083
5.49780630271832e-05
2.98765138232116e-05
1.67704925130345e-05
7.67449905579159e-06
2.14402194252057e-06
2.76445320061261e-07
1.25656963664209e-08
0
0
0
0
3.54823851146811e-06
3.79641101470492e-06
1.40421656894754e-05
4.32275662125338e-05
8.34409360091724e-05
0.000186760803670023
0.000506727413096382
0.00104340359277008
0.00138810891691783
0.00117063912204032
0.000724288309272548
0.000445256026471851
0.000275854732332039
0.000149679433692715
6.26541327950206e-05
1.59537222492172e-05
1.94140008861203e-06
8.95305866107492e-08
1.57071204580262e-09
0
0
0
3.1425235900373e-05
2.32025583405963e-05
4.77056662551171e-05
0.000148157413720332
0.000278917620821354
0.000512707113854753
0.00120283871897928
0.00228480486318586
0.00300088463130704
0.00288364982563243
0.00217133662499708
0.00143955601926605
0.00084376609174857
0.000424173929393088
0.000161418935523043
3.63368524675977e-05
4.01002785293408e-06
1.77490461175696e-07
3.14142409160523e-09
0
0
0
7.08328304175148e-05
5.04245688064014e-05
9.32201892063395e-05
0.00029161996913576
0.000570900424439694
0.000983488781782942
0.00188322248514755
0.00327174607004548
0.00459590187530641
0.00509812291554339
0.00430273475480554
0.00268565528941083
0.00130639262273495
0.000559423231521014
0.00018414242668967
3.32613982819162e-05
2.87597375586459e-06
1.09949843206183e-07
1.57071204580262e-09
0
0
0
4.70946592692999e-05
4.13364289093875e-05
0.000120161042215946
0.000383261592736068
0.00079952698697854
0.0015539352704414
0.00283990863658092
0.00430423164338519
0.00590015361752293
0.00708463856624701
0.00636953578101831
0.00400184444317545
0.00193624344096566
0.000836869095155451
0.000279519203534896
5.31984462792888e-05
5.02941997065998e-06
2.19899686412366e-07
4.71213613740785e-09
0
0
0
1.17049461653211e-05
1.6710805455294e-05
8.69326288869916e-05
0.000334181553440873
0.000832461677154929
0.0019083884335454
0.00380946834394168
0.00551157673522387
0.00648506636412323
0.00703232443084951
0.00634189596114832
0.00460296379666434
0.00284818314763821
0.00154681523273778
0.000632921560280256
0.000155979559708429
2.03532866895103e-05
1.54400994102397e-06
1.00525570931367e-07
4.71213613740785e-09
0
0
1.17960474639777e-06
5.61372485169855e-06
5.42932325752132e-05
0.00027985847733679
0.000816694869639162
0.00191940226641057
0.0039396866553869
0.00601096106950613
0.00664699263963707
0.00574972966632051
0.00453681168814332
0.00367493214508255
0.00267624672425647
0.00167200569492438
0.00081803154559014
0.000262436139324747
5.36021192750601e-05
8.11743985270792e-06
8.16770263817361e-07
3.61263770534602e-08
0
0
9.58134347939596e-08
1.82359668517684e-06
2.26323898679699e-05
0.00014156827668819
0.000503782328010502
0.00132905799755588
0.00284215946694255
0.00463593147179369
0.00533293965425474
0.00415767635595157
0.00271844390336696
0.00225743049365161
0.00189960972392141
0.00117370043981759
0.000569519768551433
0.000238639851830837
7.77596705395043e-05
1.67123761673398e-05
1.87228875859672e-06
8.48184504733413e-08
1.57071204580262e-09
0
4.86920734198811e-08
5.89017017175981e-07
5.64670980466041e-06
4.66658548807957e-05
0.000259030835609447
0.000855657952647342
0.0017297387868799
0.00251078163450344
0.00299214676019624
0.00260823018053708
0.00156892771691858
0.0011733407467591
0.00122626117700629
0.000873691297645202
0.000431293967096711
0.000178114033857879
5.69493066446655e-05
1.21023363129092e-05
1.35238307143605e-06
6.1257769786302e-08
1.57071204580262e-09
0
5.18334975114863e-08
4.42940796916338e-07
2.26339605800157e-06
1.72071504617677e-05
0.000134129384439269
0.000544575290552042
0.00101558314101483
0.00114292233728009
0.00148106993863662
0.0016702229367524
0.000998204782940067
0.000538331710169977
0.000629486413036086
0.000624698882720479
0.000379736914905286
0.000134972856807865
2.74309151678969e-05
3.88122946517827e-06
3.78541603038431e-07
1.72778325038288e-08
0
0
2.0419256595434e-08
1.7434903708409e-07
7.58653918122664e-07
5.01214213815615e-06
4.61396663454519e-05
0.000211546639752788
0.000383836473344831
0.000377394983244995
0.000557816393098158
0.000749081998915543
0.000484181412390931
0.000234523015558789
0.00020894868202903
0.000220744729493008
0.000147692482954774
5.03554574763861e-05
7.79701459536419e-06
6.17289834000428e-07
3.92678011450654e-08
1.57071204580262e-09
0
0
1.57071204580262e-09
2.0419256595434e-08
2.19899686412366e-07
3.26551034322364e-06
2.27203497425348e-05
6.51531356598925e-05
8.37660734026536e-05
6.67615447947944e-05
0.000111944647504353
0.000206847069311747
0.00026572049821252
0.000258832925891676
0.000132144004413374
4.11165292229751e-05
1.6830179570775e-05
5.39068374119458e-06
7.66507478351677e-07
4.39799372824733e-08
1.57071204580262e-09
0
0
0
0
4.71213613740785e-09
3.07859560977313e-07
5.86346806698117e-06
3.51478234489252e-05
6.81956048926122e-05
4.67773754360477e-05
1.52013511792777e-05
1.90511664035399e-05
8.71870842384116e-05
0.000239489607047617
0.000305580457798853
0.000149470528990623
2.49806043764448e-05
1.6822326010546e-06
1.6178334071767e-07
2.0419256595434e-08
1.57071204580262e-09
0
0
0
0
0
3.14142409160523e-09
2.0419256595434e-07
3.91264370609432e-06
2.32936596392528e-05
4.41825591363818e-05
2.84738679663098e-05
7.29909887684476e-06
5.1032434368127e-06
3.17063933565716e-05
9.72569191640522e-05
0.000126926098997218
6.21844898933256e-05
1.01892090411216e-05
5.30900671481284e-07
9.4242722748157e-09
0
0
0
0
0
0
0
1.57071204580262e-09
5.02627854656837e-08
9.75412180443425e-07
5.80221029719487e-06
1.09965550326641e-05
7.07134563020338e-06
1.76705105152794e-06
6.40850514687468e-07
3.43671795621613e-06
1.06038770212135e-05
1.38583923801165e-05
6.79018817400471e-06
1.11206412842825e-06
5.81163456946968e-08
1.57071204580262e-09
0
0
0
0
0
0
0
0
4.71213613740785e-09
8.63891625191439e-08
5.13622838977456e-07
9.7227075635182e-07
6.25143394229441e-07
1.55500492534459e-07
2.82728168244471e-08
9.11012986565518e-08
2.79586744152866e-07
3.64405194626207e-07
1.79061173221498e-07
2.98435288702497e-08
1.57071204580262e-09
0
0
0
0
0
0
0
0
0
0
1.57071204580262e-09
1.25656963664209e-08
2.35606806870392e-08
1.57071204580262e-08
3.14142409160523e-09
0
0
1.57071204580262e-09
1.57071204580262e-09
1.57071204580262e-09
0
0
0
0
0
0
0
0
0
0
0
0
0
0
0
0
0
0
0
0
0
0
0
0
0
0
0
0
0
0
0
0
0
0
0
0
0
0
0
0
0
0
0
0
0
0
0
0
0
0
0
0
0
0
0
0
0
0
0
0
0
0
0
0
0
0
0
0
0
0
0
0
0
0
0
0
0
0
0
0
0
0
0
0
0
0
0
0
0
0
0
0
0
0
0
0
0
0
0
0
0
0
0
0
0
0
0
0
0
0
0
0
0
0
0
0
0
0
0
3.6597590667201e-07
2.16758262320761e-07
2.35606806870392e-07
2.51313927328419e-06
1.76689398032336e-05
6.11242592624088e-05
0.000120299264875977
0.000193824295739997
0.000257526093469568
0.000195153118130746
9.14609917150406e-05
4.99329359360652e-05
3.90227700659202e-05
2.11150820317246e-05
5.8838873235766e-06
7.71219614489085e-07
4.39799372824733e-08
1.57071204580262e-09
0
0
0
0
1.38473973957959e-05
7.85513094105889e-06
3.51525355850626e-06
1.89993329060285e-05
0.000107073869450319
0.000348456184513127
0.000664029512347377
0.00092246661880351
0.00108138969288577
0.000907335949666294
0.00058332946885813
0.000401854111222233
0.00030971300119136
0.00017645222051342
5.50895835824352e-05
7.71533756898245e-06
4.25662964412509e-07
9.4242722748157e-09
0
0
0
0
0.000124767940646285
7.07103148779422e-05
2.77827546661567e-05
9.2070427988812e-05
0.00034827555262786
0.000955570945880846
0.00174193065377942
0.00232518944059549
0.00274997280626235
0.00265072422422422
0.00200977161325378
0.00134501329051715
0.000911053825078709
0.000539825457325535
0.000189211114461475
2.80387807296225e-05
1.5031714278331e-06
2.98435288702497e-08
0
0
0
0
0.000281881554451783
0.000165059846045214
9.87569491677937e-05
0.000282200408997081
0.000721607103810363
0.0016034818112142
0.00279464228613293
0.00376996179456565
0.00473078677223971
0.00501490973278085
0.00403197541235008
0.00248229205941667
0.00141537333660888
0.000822830070890067
0.000309425560886978
4.84910222780184e-05
2.76759462470421e-06
6.1257769786302e-08
0
0
0
0
0.000186438807700633
0.00012099037817613
0.000149533357472455
0.000435996678961845
0.000971475976056644
0.00209128528558275
0.00378329399841043
0.0050466051311531
0.00579055404310297
0.00609755442459122
0.00519725526489013
0.00340188270446431
0.00201294131016221
0.00109960838190504
0.000399827892683148
7.36475464035931e-05
6.53259139849308e-06
3.04718136885708e-07
1.09949843206183e-08
0
0
0
4.5478396574169e-05
3.63918273892008e-05
8.95667129878026e-05
0.000309774258961146
0.000870432070150161
0.00223371117104795
0.00440230219138896
0.00590118557533703
0.00587278081870073
0.005598308312969
0.00500145344268446
0.00383811656094508
0.0026789295004307
0.00152921383355251
0.000591003967913922
0.000143401297645642
2.36140848965965e-05
3.21367684571215e-06
3.14142409160523e-07
1.41364084122236e-08
0
0
4.0807098949952e-06
5.7048261503551e-06
3.132156890535e-05
0.000164089146000908
0.000666776687715486
0.00197915529405699
0.00409374837568741
0.00566472587182576
0.00543548359016496
0.00457200506224157
0.00393738085010366
0.00323013476652807
0.00230948232013747
0.00133839745138023
0.000605314725363229
0.000255685218951887
0.000100048074469443
2.41402734319404e-05
2.78487245720804e-06
1.25656963664209e-07
1.57071204580262e-09
0
4.17809404183496e-07
3.11629269887239e-06
1.6679391214378e-05
8.17084406226521e-05
0.000391027193090516
0.00132652600973805
0.00294818410074627
0.00426303814927197
0.00415304903826464
0.00323257565304725
0.00249307656832315
0.00205458245720848
0.00152601900525135
0.000833691544686792
0.00043687784841954
0.000354052631532322
0.000204665350280127
5.50157601162825e-05
6.47918718893579e-06
2.93723152565089e-07
4.71213613740785e-09
0
9.54992923847991e-07
7.89125731811235e-06
2.92749311096692e-05
7.24082545994548e-05
0.000257251218861553
0.000811464398526639
0.00167945244073353
0.00240972673361263
0.0025762253518918
0.00218661965320274
0.00140657734915238
0.000996879101973409
0.000916851323239766
0.000608850398178331
0.000330226500509542
0.000256801995216453
0.000147530699614057
3.96840398372031e-05
4.67600976035439e-06
2.12046126183353e-07
3.14142409160523e-09
0
1.16075620184813e-06
9.52636855779287e-06
3.37875868172601e-05
6.17729633373253e-05
0.000138312190617241
0.000401761439211531
0.000744098129594211
0.00101462343595484
0.00148143120240715
0.00170072930610597
0.000980317514162467
0.00046096942977806
0.000526157121102961
0.000505414297826091
0.000275026967083901
0.000115252567072813
4.52035219661535e-05
1.10421056819924e-05
1.27855960528333e-06
5.81163456946968e-08
1.57071204580262e-09
0
4.69642901694982e-07
3.85609807244542e-06
1.35819470600552e-05
2.3180568371955e-05
4.53307496418635e-05
0.000136648806560736
0.000236919922140684
0.000318970777989321
0.000675439164648087
0.000958698233564039
0.000563599754850803
0.000202722379479469
0.000186382262066984
0.000195866221399541
0.000106605797260669
3.05644856992731e-05
6.37394948186702e-06
1.11991768865727e-06
1.20944827526801e-07
4.71213613740785e-09
0
0
5.02627854656837e-08
4.25662964412509e-07
2.00265785839834e-06
1.27353332673676e-05
6.67285598418326e-05
0.000137449869704095
0.000115115915124828
8.12969140666518e-05
0.000172167318052471
0.000274935865785244
0.000205662752429211
0.000113135247235071
5.65252143922988e-05
2.6920433753011e-05
1.17944767519318e-05
2.93409010155929e-06
3.97390147588062e-07
3.92678011450654e-08
3.14142409160523e-09
0
0
0
1.57071204580262e-09
3.14142409160523e-08
1.2612817727795e-06
2.34460187076957e-05
0.000139397552640891
0.000265134622619436
0.000172539576807326
4.72360233534221e-05
2.29810879421381e-05
4.82805468638808e-05
8.83132847752521e-05
0.000100340226909963
4.83072489686595e-05
8.35304665957832e-06
7.06820420611177e-07
8.16770263817361e-08
9.4242722748157e-09
0
0
0
0
0
0
1.25656963664209e-08
8.21482399954769e-07
1.57196861543926e-05
9.35468973118664e-05
0.00017731297071452
0.000114044689509591
2.83199381858212e-05
4.679151184446e-06
1.07625189378395e-05
3.13749731149073e-05
4.06170427924099e-05
1.98742195155405e-05
3.25765678299463e-06
1.71207612992485e-07
3.14142409160523e-09
0
0
0
0
0
0
0
3.14142409160523e-09
2.0419256595434e-07
3.91735584223173e-06
2.33125081838024e-05
4.41825591363818e-05
2.84047566362945e-05
7.01794142064609e-06
8.85881593832676e-07
1.13091267297788e-06
3.38959659484205e-06
4.42783725711758e-06
2.16915333525341e-06
3.54980922351391e-07
1.88485445496314e-08
0
0
0
0
0
0
0
0
0
1.88485445496314e-08
3.45556650076576e-07
2.06077420409303e-06
3.90479014586531e-06
2.51156856123838e-06
6.20431258092034e-07
6.91113300153151e-08
3.14142409160523e-08
8.95305866107492e-08
1.16232691389394e-07
5.65456336488942e-08
9.4242722748157e-09
0
0
0
0
0
0
0
0
0
0
0
7.85356022901308e-09
5.18334975114863e-08
9.73841468397622e-08
6.28284818321047e-08
1.57071204580262e-08
1.57071204580262e-09
0
0
0
0
0
0
0
0
0
0
0
0
0
0
0
0
0
0
0
0
0
0
0
0
0
0
0
0
0
0
0
0
0
0
0
0
0
0
0
0
0
0
0
0
0
0
0
0
0
0
0
0
0
0
0
0
0
0
0
0
0
0
0
0
0
0
0
0
0
0
0
0
0
0
0
0
0
0
0
0
0
0
0
0
0
0
0
0
0
0
0
0
0
0
0
0
0
0
0
0
0
0
0
0
0
0
0
0
0
0
0
0
0
0
0
0
0
0
0
0
0
0
0
4.50794357145351e-07
2.52884639374221e-07
1.63354052763472e-07
2.31837097960466e-06
1.95663599545632e-05
7.51161621664185e-05
0.000129359131956166
0.000135004271048781
0.000153570087430168
0.000134899033341712
7.71062543284504e-05
5.73184239754291e-05
5.30288093783421e-05
2.53999844926741e-05
4.8644952058507e-06
3.84824451221641e-07
1.25656963664209e-08
0
0
0
0
0
1.7037513560821e-05
9.51694428551805e-06
3.2419496625366e-06
2.02794632233576e-05
0.000128526654571891
0.000416175863655861
0.000668168338588067
0.000655575940116867
0.000689346249101623
0.000671027034511427
0.000476376544235338
0.000363747066279016
0.000307666363395679
0.000152388911971724
3.40451835927717e-05
3.40530371530007e-06
1.41364084122235e-07
1.57071204580262e-09
0
0
0
0
0.000153521395356748
8.58771103922123e-05
2.62560225576365e-05
9.47846184039589e-05
0.000422161847262415
0.00114509149061534
0.00175426388476306
0.00174304271790785
0.0019097188266482
0.00209794196323286
0.00165248174419506
0.00109519625176838
0.000752394630620141
0.000385088330845336
0.00010605918946873
1.31955518967878e-05
6.20431258092034e-07
9.4242722748157e-09
0
0
0
0
0.000346596461450897
0.000195602341775846
6.92919619005824e-05
0.000205777414408555
0.000702350174128823
0.0016976679883287
0.00264335444330532
0.00288591479240248
0.00338502268136467
0.00384198051257775
0.00312195982793365
0.00189725522656475
0.00107850272414559
0.000547127697626471
0.000172622824545753
2.43303295894825e-05
1.28013031732913e-06
2.51313927328419e-08
0
0
0
0
0.000228687820308632
0.000132744016414871
7.17642626606758e-05
0.000220889235001222
0.000702458553259984
0.00172772513403718
0.00287536431959082
0.00339942611082468
0.00372979397541834
0.00399356679069407
0.0035418629912742
0.00248147528915285
0.00152761013655375
0.000724349567042335
0.000206075849697258
3.12964375126171e-05
2.53984137806283e-06
1.44505508213841e-07
9.4242722748157e-09
0
0
0
5.54681251854736e-05
3.44095887873979e-05
3.71174963543616e-05
0.000168370907037766
0.000678912008981357
0.0017282434690123
0.0028324320472429
0.00335714411326372
0.00321777954557579
0.00319778281052068
0.0032544870860862
0.00267716402009122
0.00178936929898675
0.000835266968868732
0.000239855582954289
5.44518744918393e-05
1.30730363572152e-05
2.6403669489942e-06
2.93723152565089e-07
1.25656963664209e-08
0
0
4.9807278972401e-06
4.90690443108737e-06
1.91077120371888e-05
0.000124257459231399
0.000573452831514123
0.00155412218517485
0.00268704379885932
0.00318589094962191
0.00276041489994285
0.0025006536832321
0.00258313020204515
0.00211450669246789
0.00130480777428074
0.000588996597919386
0.000232242341668283
0.000151741778608853
8.41807413827454e-05
2.24957379199851e-05
2.64664979717741e-06
1.19374115480999e-07
1.57071204580262e-09
0
1.47332789896285e-06
1.13782380597942e-05
4.33862081291599e-05
0.000104094228699431
0.000304480959366791
0.000930571492959852
0.00193436958149502
0.00251732836231034
0.00227177737747797
0.00210255357379934
0.00207093671102938
0.00154294656896896
0.000807440234265293
0.000327496602973937
0.000222400259989284
0.000287679052612841
0.000188859274963215
5.21570641929217e-05
6.17289834000428e-06
2.81157456198668e-07
4.71213613740785e-09
0
4.321028838003e-06
3.54525415858109e-05
0.000124070544497949
0.000189303786472177
0.000190191238778056
0.000396920504686367
0.000899848365343953
0.00136934676153072
0.00153343433681958
0.00158762076097568
0.00137851500774207
0.00092913900357408
0.000544038107032377
0.000305478361515876
0.000202335984316201
0.000212536188341644
0.000136133613009713
3.76122706487895e-05
4.45453936189622e-06
2.02621853908538e-07
3.14142409160523e-09
0
5.25717321730136e-06
4.31207577934192e-05
0.000150120803777585
0.000217807497967357
0.00014291908904758
0.000139754104275288
0.000277951632913185
0.000517346997238054
0.000889142392039762
0.00109345433210958
0.000736224150108602
0.000410213440729995
0.00040025355564756
0.000370813699773082
0.000188678643077948
7.99775159481776e-05
3.83756367030495e-05
1.02850224759155e-05
1.21573112345123e-06
5.49749216030916e-08
1.57071204580262e-09
0
2.12988553410835e-06
1.74647472372793e-05
6.08179704134773e-05
8.85426087339393e-05
5.92174148388044e-05
5.1613597825074e-05
7.80423987077488e-05
0.000178500429021147
0.000463118163856718
0.00063470117702815
0.000356520220156278
0.000134137237999498
0.00015436643843739
0.000165909601261993
7.86078550442378e-05
1.7530717143203e-05
4.1388262406899e-06
9.67558620214412e-07
1.13091267297788e-07
4.71213613740785e-09
0
0
2.30894670732985e-07
1.90213228746697e-06
7.24098253115006e-06
2.21501812699085e-05
8.13707375328046e-05
0.000148821824915706
0.000104995817413722
6.86636770822614e-05
0.000142067763118755
0.000195965176258426
0.000106836691931402
2.96848869536237e-05
2.01349577151437e-05
2.00627049610368e-05
9.28447890273927e-06
1.64767693604694e-06
1.72778325038288e-07
2.51313927328419e-08
3.14142409160523e-09
0
0
0
6.28284818321047e-09
7.3823466152723e-08
1.68380331310041e-06
2.91539862821424e-05
0.000172183025172929
0.000326329563923906
0.000210645051038497
5.61922234385886e-05
1.9552223546151e-05
2.08998944814496e-05
1.38850944848951e-05
6.81689027878336e-06
3.03618638453646e-06
1.1403369452527e-06
3.84824451221641e-07
6.1257769786302e-08
3.14142409160523e-09
0
0
0
0
0
0
1.72778325038288e-08
1.0178214056801e-06
1.94469858390822e-05
0.00011571749783837
0.000219309098683145
0.000141015386048067
3.49122166420548e-05
4.082280607041e-06
1.13719552116109e-06
1.74977321902412e-06
1.99166287407772e-06
9.69129332260215e-07
1.77490461175696e-07
1.88485445496314e-08
1.57071204580262e-09
0
0
0
0
0
0
0
4.71213613740785e-09
2.52884639374221e-07
4.84564666130107e-06
2.88398438729818e-05
5.46560670577937e-05
3.51383991766503e-05
8.67347191692205e-06
9.20437258840333e-07
9.4242722748157e-08
1.63354052763472e-07
2.12046126183353e-07
1.03666995022973e-07
1.72778325038288e-08
1.57071204580262e-09
0
0
0
0
0
0
0
0
0
2.19899686412366e-08
4.28804388504114e-07
2.54926565033765e-06
4.83151025288885e-06
3.10686842659758e-06
7.66507478351677e-07
8.01063143359335e-08
4.71213613740785e-09
4.71213613740785e-09
6.28284818321047e-09
3.14142409160523e-09
0
0
0
0
0
0
0
0
0
0
0
0
1.09949843206183e-08
6.28284818321047e-08
1.19374115480999e-07
7.69648902443282e-08
1.88485445496314e-08
1.57071204580262e-09
0
0
0
0
0
0
0
0
0
0
0
0
0
0
0
0
0
0
0
0
0
0
0
0
0
0
0
0
0
0
0
0
0
0
0
0
0
0
0
0
0
0
0
0
0
0
0
0
0
0
0
0
0
0
0
0
0
0
0
0
0
0
0
0
0
0
0
0
0
0
0
0
0
0
0
0
0
0
0
0
0
0
0
0
0
0
0
0
0
0
0
0
0
0
0
0
0
0
0
0
0
0
0
0
0
0
0
0
0
0
0
0
0
0
0
0
0
0
0
0
0
0
0
1.3822266003063e-07
7.85356022901308e-08
9.4242722748157e-08
1.81574312494782e-06
2.22726968094811e-05
0.000113215353549407
0.000203108774642736
0.000136256128549285
6.30436693823796e-05
4.19537187433879e-05
2.59198901798348e-05
2.27486225593593e-05
2.20229535941985e-05
1.00886834701902e-05
1.66338405650497e-06
9.4242722748157e-08
1.57071204580262e-09
0
0
0
0
0
5.20533971978987e-06
2.93566081360509e-06
1.69322758537522e-06
1.37515839610019e-05
9.12363798924908e-05
0.000334250664770888
0.000541275224543811
0.000393670701463601
0.000265319966640841
0.000245780308791056
0.000175745400092809
0.000136067643103789
0.000116257822782126
5.27727833148763e-05
9.27662534251025e-06
6.26714106275244e-07
1.72778325038288e-08
0
0
0
0
0
4.69014616876661e-05
2.63926745056214e-05
1.23552209522834e-05
6.54264395558622e-05
0.000265156612588077
0.000635623184999037
0.000876570412825158
0.000788161314615112
0.000872569809244499
0.000997405290508753
0.000709811056346386
0.000406142155107274
0.000262593210529327
0.000116733748532005
2.42156676101389e-05
2.25397178572676e-06
8.95305866107492e-08
1.57071204580262e-09
0
0
0
0
0.000105864421175051
5.95881028816139e-05
2.64822050922321e-05
0.000122735439259016
0.000424692264368203
0.000862876945209851
0.00115663151201586
0.00130571250441912
0.00176370857629448
0.00204928758690208
0.00146638378100836
0.000763476004103278
0.000411815567016713
0.000177133909541299
4.05180879335243e-05
4.34930165482745e-06
1.93197581633722e-07
3.14142409160523e-09
0
0
0
0
6.98008726034225e-05
3.94421501821495e-05
1.88626809580436e-05
9.7481530986602e-05
0.000389787901286377
0.000852499250723233
0.00119976169408155
0.0014868203154363
0.00189327661295273
0.00210614736296013
0.00181453367667256
0.00122010712721083
0.000742843130669615
0.000307251695415587
5.89692423355676e-05
5.25089036911815e-06
2.93723152565089e-07
2.35606806870392e-08
1.57071204580262e-09
0
0
0
1.69118565971568e-05
1.00101478679001e-05
1.34625729445742e-05
0.000110978659596184
0.000496601032537093
0.00103936057996419
0.00127579358137067
0.00137908360550265
0.00142675314538072
0.00158966268663523
0.00183432150702558
0.00147398288588595
0.000897462453746379
0.000350132134265999
6.22284698306081e-05
8.32791526684547e-06
2.68120546218507e-06
6.81689027878336e-07
8.01063143359335e-08
3.14142409160523e-09
0
0
1.67280832877979e-06
3.1225755470556e-06
2.10978041992207e-05
0.000139270324965181
0.000517761665218146
0.00101652242681822
0.0012391284500855
0.00120688487320926
0.00100989716340902
0.00108121377313664
0.00137305364195882
0.00110788760509846
0.000586660949107277
0.000200760560134261
4.90533371904157e-05
3.48273981915814e-05
2.21800247987788e-05
6.1226355545386e-06
7.24098253115006e-07
3.2984952961855e-08
0
0
1.99637501021513e-06
1.63746730774923e-05
6.2682405611845e-05
0.000136102198768797
0.000264446650743374
0.00054205743914262
0.000876465175118089
0.00102174975650665
0.000957736957792008
0.00109176110452421
0.00134256612114979
0.00100896101902972
0.000409926000425613
0.000100723480649139
5.22387412193034e-05
7.60004730482054e-05
5.139055671457e-05
1.42746310722542e-05
1.69165687332942e-06
7.69648902443282e-08
1.57071204580262e-09
0
6.25928750252343e-06
5.13575717616082e-05
0.000179224527274262
0.000261063336996716
0.000167152034490223
0.00016338860842848
0.000344848258943919
0.000569995694301312
0.000743100727445126
0.000917286410476453
0.00106454694761863
0.00078954668263951
0.000329486695135969
0.000105639809352501
5.66335935234592e-05
5.80739364694601e-05
3.7233729045751e-05
1.03007295963736e-05
1.22044325958863e-06
5.49749216030916e-08
1.57071204580262e-09
0
7.61795342214269e-06
6.24687887736159e-05
0.000217204344541769
0.000309438126583344
0.000161166050883669
4.55726392969171e-05
6.82882769033146e-05
0.000179793125034842
0.000341485364453855
0.000441630823070139
0.0004242257628906
0.000307674216955908
0.000202912435637011
0.000146685656533415
7.01888384787357e-05
2.46790276636507e-05
1.06133012934883e-05
2.81785741016989e-06
3.32990953710155e-07
1.57071204580262e-08
0
0
3.08487845795634e-06
2.53010296337885e-05
8.79834352456336e-05
0.000125609842302835
6.66610192238631e-05
1.7499302902287e-05
1.3902372317399e-05
4.84376180684611e-05
0.000129731390711021
0.000171551598930516
0.000109459781047893
6.70976771725962e-05
9.79103353751061e-05
0.000114138932232339
5.54838323059316e-05
1.02991588843278e-05
1.40107514485593e-06
2.68591759832247e-07
3.14142409160523e-08
1.57071204580262e-09
0
0
3.34561665755957e-07
2.74246323197137e-06
9.7258489876098e-06
1.74427572686381e-05
3.00964135096239e-05
4.53071889611765e-05
3.02833282430744e-05
1.95270921534181e-05
3.88562745890651e-05
5.01873912874852e-05
2.65670235427055e-05
1.41741055013228e-05
3.08267946109222e-05
4.11919234011736e-05
2.05370599988692e-05
3.41629869962069e-06
1.99480429816932e-07
9.4242722748157e-09
1.57071204580262e-09
0
0
0
9.4242722748157e-09
8.01063143359335e-08
7.13103268794388e-07
9.20123116431173e-06
5.28214753882962e-05
9.98093262384815e-05
6.43269411238004e-05
1.71003420426531e-05
5.55560850600386e-06
5.17549619091962e-06
2.71733183923853e-06
1.83930380563486e-06
4.65559050375896e-06
6.39593945050826e-06
3.21838898184956e-06
5.32471383527087e-07
2.82728168244471e-08
0
0
0
0
0
0
4.71213613740785e-09
3.12571697114721e-07
5.95299865359192e-06
3.54148444967116e-05
6.71180964291916e-05
4.31537427463811e-05
1.06824126235036e-05
1.22201397163444e-06
1.83773309358906e-07
8.63891625191439e-08
1.13091267297788e-07
3.0628884893151e-07
4.17809404183496e-07
2.10475414137551e-07
3.45556650076576e-08
1.57071204580262e-09
0
0
0
0
0
0
1.57071204580262e-09
7.69648902443282e-08
1.48275217123767e-06
8.8258309853649e-06
1.67280832877979e-05
1.07546653776105e-05
2.65450335740642e-06
2.79586744152866e-07
1.25656963664209e-08
1.57071204580262e-09
3.14142409160523e-09
7.85356022901308e-09
9.4242722748157e-09
4.71213613740785e-09
0
0
0
0
0
0
0
0
0
6.28284818321047e-09
1.30369099801617e-07
7.806438867639e-07
1.47804003510026e-06
9.50280787710583e-07
2.3403609482459e-07
2.51313927328419e-08
1.57071204580262e-09
0
0
0
0
0
0
0
0
0
0
0
0
0
0
0
3.14142409160523e-09
1.88485445496314e-08
3.61263770534602e-08
2.35606806870392e-08
6.28284818321047e-09
0
0
0
0
0
0
0
0
0
0
0
0
0
0
0
0
0
0
0
0
0
0
0
0
0
0
0
0
0
0
0
0
0
0
0
0
0
0
0
0
0
0
0
0
0
0
0
0
0
0
0
0
0
0
0
0
0
0
0
0
0
0
0
0
0
0
0
0
0
0
0
0
0
0
0
0
0
0
0
0
0
0
0
0
0
0
0
0
0
0
0
0
0
0
0
0
0
0
0
0
0
0
0
0
0
0
0
0
0
0
0
0
0
0
0
0
0
0
0
0
0
0
0
0
6.28284818321047e-09
1.57071204580262e-08
2.67021047786445e-07
2.62780125262778e-06
2.16349877188852e-05
0.000105748188483661
0.000189066608953261
0.000114677686464049
2.73947887908434e-05
5.32314312322507e-06
2.46444719986431e-06
2.65764478149803e-06
2.73932180787976e-06
1.25499892459629e-06
2.01051141862735e-07
1.09949843206183e-08
0
0
0
0
0
0
2.48172503236813e-07
2.59167487557432e-07
2.5194221214674e-06
1.86459226957229e-05
7.72743205173513e-05
0.000241223673146183
0.000380091895827638
0.000236670178925401
8.53634875532348e-05
4.8278976151835e-05
2.76099763411184e-05
1.71521755401646e-05
1.42699189361168e-05
6.38337375414183e-06
1.04295279841294e-06
5.81163456946968e-08
1.57071204580262e-09
0
0
0
0
0
2.22884039299391e-06
1.59427272648966e-06
7.49229645847848e-06
5.10732728813179e-05
0.000153981613986168
0.000276566264888787
0.000337165906327898
0.00030491918802757
0.000327658386314655
0.000327926978074487
0.000178352782088841
6.73034404505963e-05
3.7591851392194e-05
1.57966510446369e-05
2.70476614287211e-06
1.75919749129893e-07
4.71213613740785e-09
0
0
0
0
0
5.02470783452257e-06
3.19011616502511e-06
8.68603761328847e-06
5.79467087937501e-05
0.000168614367404865
0.000259762787422791
0.000325401273104836
0.000529870284379238
0.000828602437658392
0.000831004056376424
0.000460526488981144
0.000199967350551131
0.000118756825646998
4.9202554834767e-05
8.21639471159349e-06
5.10481414885851e-07
1.25656963664209e-08
0
0
0
0
0
3.31106099255192e-06
2.02935996317698e-06
4.51265570759092e-06
3.52232176271237e-05
0.000131721482873053
0.000244559865531467
0.0003398408289419
0.000622078935028081
0.00095817047431665
0.000924093876482962
0.000666373014719714
0.000450458224767549
0.000301854728826209
0.000123137541542742
1.96166227400289e-05
1.0790791754664e-06
2.35606806870392e-08
1.57071204580262e-09
0
0
0
0
8.0420456745094e-07
6.12577697863021e-07
3.89065373745308e-06
3.84965815305763e-05
0.00017209663601041
0.000331965278744246
0.000365616213613521
0.000463828125701421
0.000598064318559804
0.0006526449914394
0.000723248497898227
0.000573902055159223
0.000347801197590028
0.000133450836835482
2.07506768370984e-05
1.24557465232147e-06
1.3193981184742e-07
3.14142409160523e-08
3.14142409160523e-09
0
0
0
1.35081235939025e-07
7.86926734947111e-07
7.03836067724153e-06
4.71464927668113e-05
0.000169464122621644
0.000298804406033261
0.000300389254487476
0.000273299183833518
0.000262183254685373
0.000325999714394287
0.000449842505645595
0.00035825585696689
0.000184242952260601
6.13959924463327e-05
9.70857115510597e-06
1.94454151270364e-06
1.03038710204652e-06
2.84298880290274e-07
3.2984952961855e-08
1.57071204580262e-09
0
0
6.32996954458455e-07
5.27130962571358e-06
2.03030239040446e-05
4.42595240266261e-05
8.10754436681937e-05
0.00014182273203961
0.000191769804384087
0.000208094214676114
0.000207547606884175
0.000263922032920076
0.000359997776625685
0.00027732491880691
0.000107655032907266
2.18894430703053e-05
4.12154840818607e-06
3.60792556920861e-06
2.39062373371158e-06
6.64411195374507e-07
7.85356022901308e-08
3.14142409160523e-09
0
0
2.01365284271895e-06
1.65270321459351e-05
5.76812584580095e-05
8.38697403976765e-05
5.1478516589135e-05
3.93117810823479e-05
7.17171412993017e-05
0.00012214642224184
0.000172638531666211
0.000222898175707804
0.000290121509844064
0.00022832184440196
9.39097317944468e-05
2.880685892002e-05
1.01373755436101e-05
3.86395163267444e-06
1.79218244426079e-06
4.80637886015601e-07
5.65456336488942e-08
3.14142409160523e-09
0
0
2.45188150349788e-06
2.01019727621819e-05
6.98935446141248e-05
9.950303738955e-05
5.12067834052111e-05
1.15431628246034e-05
1.16751026364508e-05
3.42305276141764e-05
6.47007705907014e-05
8.44289138859823e-05
0.000106354483333341
0.000107045596633494
0.000122149563665932
0.000133108421609497
6.53416211053889e-05
1.13939451802522e-05
1.02724567795491e-06
1.39793372076433e-07
1.57071204580262e-08
0
0
0
9.92690012947254e-07
8.14257124544076e-06
2.8305801777409e-05
4.02919053989287e-05
2.0642297705938e-05
3.76028463765146e-06
1.23615038004666e-06
4.65087836762155e-06
1.10640956506336e-05
1.48055317437355e-05
2.06234491613884e-05
6.60625779344123e-05
0.000195684018802227
0.000268062429872812
0.000134924164734445
2.23779345165499e-05
1.20473613913061e-06
3.14142409160523e-08
1.57071204580262e-09
0
0
0
1.06808419114578e-07
8.81169457695268e-07
3.07388347363572e-06
4.54406994850697e-06
3.31891455278093e-06
2.45659363963529e-06
1.44976721827582e-06
9.76982892489228e-07
1.94140008861203e-06
2.65921549354383e-06
5.32314312322507e-06
3.1918439482755e-05
0.000106084320861463
0.000147447451875629
7.43465132639753e-05
1.23049581668177e-05
6.40850514687468e-07
1.09949843206183e-08
0
0
0
0
3.14142409160523e-09
2.35606806870392e-08
1.0209628297717e-07
5.3404209557289e-07
2.55554849852086e-06
4.7419796662781e-06
3.05032279294868e-06
8.1048741563415e-07
2.62308911649037e-07
2.71733183923853e-07
8.05775279496742e-07
5.52733568917941e-06
1.85234071561503e-05
2.57722432475293e-05
1.29976421790167e-05
2.15030479070378e-06
1.11520555251986e-07
1.57071204580262e-09
0
0
0
0
0
0
1.57071204580262e-08
2.82728168244471e-07
1.6806618890088e-06
3.1838333168419e-06
2.04663779568081e-06
5.07339990794245e-07
5.81163456946968e-08
1.09949843206183e-08
4.86920734198811e-08
3.6597590667201e-07
1.23143824390925e-06
1.71364684197065e-06
8.63891625191439e-07
1.42934796168038e-07
7.85356022901308e-09
0
0
0
0
0
0
0
3.14142409160523e-09
7.06820420611177e-08
4.19380116229299e-07
7.93209583130322e-07
5.10481414885851e-07
1.25656963664209e-07
1.25656963664209e-08
0
1.57071204580262e-09
7.85356022901308e-09
2.67021047786445e-08
3.76970890992628e-08
1.88485445496314e-08
3.14142409160523e-09
0
0
0
0
0
0
0
0
0
6.28284818321047e-09
3.76970890992628e-08
7.06820420611177e-08
4.55506493282759e-08
1.09949843206183e-08
1.57071204580262e-09
0
0
0
0
0
0
0
0
0
0
0
0
0
0
0
0
0
1.57071204580262e-09
1.57071204580262e-09
1.57071204580262e-09
0
0
0
0
0
0
0
0
0
0
0
0
0
0
0
0
0
0
0
0
0
0
0
0
0
0
0
0
0
0
0
0
0
0
0
0
0
0
0
0
0
0
0
0
0
0
0
0
0
0
0
0
0
0
0
0
0
0
0
0
0
0
0
0
0
0
0
0
0
0
0
0
0
0
0
0
0
0
0
0
0
0
0
0
0
0
0
0
0
0
0
0
0
0
0
0
0
0
0
0
0
0
0
0
0
0
0
0
0
0
0
0
0
0
0
0
0
0
0
0
0
0
0
0
0
0
3.76970890992628e-08
7.61795342214269e-07
5.23518324866012e-06
1.69825386392179e-05
4.08982002486085e-05
5.80189615478571e-05
3.2865578846374e-05
7.20014401795919e-06
8.34048096321189e-07
1.53929780488656e-07
1.05237707068775e-07
1.0209628297717e-07
4.71213613740785e-08
7.85356022901308e-09
0
0
0
0
0
0
0
7.85356022901308e-09
3.51839498259786e-07
6.94254724244757e-06
4.60689843033907e-05
0.000120176749336404
0.000166002273272695
0.000145191909377856
6.9271542643987e-05
1.97501332639221e-05
7.97607576858569e-06
3.45399578871995e-06
1.2581403486879e-06
8.23053112000571e-07
3.53410210305589e-07
5.65456336488942e-08
3.14142409160523e-09
0
0
0
0
0
0
2.82728168244471e-08
8.4661379268761e-07
1.6591431339813e-05
0.000109360826189007
0.000271288672414891
0.000301628546291614
0.000177130768117207
8.63860210950523e-05
7.2510350882432e-05
6.42641126419683e-05
3.30477814436871e-05
1.66935276227902e-05
1.26332369843904e-05
5.30272386662963e-06
8.24623824046374e-07
4.24092252366706e-08
0
0
0
0
0
0
4.24092252366706e-08
6.61269771282902e-07
1.2724338283047e-05
8.39325688795086e-05
0.000207222469490693
0.000223207605980827
0.00013732107131634
0.000137950926846706
0.000197452640565801
0.000180479526198858
0.000118419122557151
0.000119529615973533
0.000109890156148443
4.65386272050857e-05
7.21742185046302e-06
3.67546618717812e-07
6.28284818321047e-09
0
0
0
0
0
2.51313927328419e-08
2.01051141862735e-07
3.81054742311715e-06
2.60753906723692e-05
6.96987763204453e-05
8.64080110636936e-05
8.12702119618732e-05
0.000149486236111081
0.000237383282194195
0.000217128950363571
0.000217562466888212
0.000310177931956918
0.000291056083511317
0.000122732297834925
1.90087571783033e-05
9.67558620214412e-07
1.57071204580262e-08
0
0
0
0
0
6.28284818321047e-09
2.98435288702497e-08
6.20431258092034e-07
5.95299865359192e-06
2.51847969423992e-05
4.61569441779557e-05
5.07245748071497e-05
8.34079510562106e-05
0.000129869613371052
0.000145809199211857
0.000218669818880503
0.000312741334015667
0.000277348479487597
0.000115304400570324
1.78197281596307e-05
9.07871562473912e-07
1.57071204580262e-08
0
0
0
0
0
3.14142409160523e-09
3.76970890992628e-08
3.92678011450654e-07
3.20268186139154e-06
1.36165027250629e-05
2.5425115885407e-05
2.46413305745514e-05
2.64366544429038e-05
3.55970470940247e-05
5.2560737188693e-05
9.45741429898214e-05
0.000122229669980268
9.99915288357946e-05
4.06029063839976e-05
6.24672180615701e-06
3.26708105526944e-07
1.09949843206183e-08
1.57071204580262e-09
0
0
0
0
2.98435288702497e-08
2.51313927328419e-07
9.76982892489228e-07
2.2194161207191e-06
4.45768078598783e-06
7.82057527605123e-06
9.70385901896857e-06
1.03902601829843e-05
1.14960414632294e-05
1.68364624189583e-05
2.64130937622168e-05
2.5082700659422e-05
1.491234016285e-05
5.32471383527087e-06
9.40856515435767e-07
9.58134347939596e-08
1.72778325038288e-08
4.71213613740785e-09
0
0
0
0
9.58134347939596e-08
7.90068159038716e-07
2.7581703524294e-06
4.01159856497988e-06
2.46601791191011e-06
1.83459166949746e-06
3.20896470957475e-06
5.47707290371372e-06
7.89911087834136e-06
1.04373815443584e-05
1.44395558370635e-05
1.48447995448805e-05
1.70280892885462e-05
1.86223620150358e-05
9.10698844156357e-06
1.51573712419953e-06
8.95305866107492e-08
4.71213613740785e-09
0
0
0
0
1.17803403435196e-07
9.61275772031202e-07
3.34090452142217e-06
4.75768678673613e-06
2.44716936736048e-06
5.38754231710298e-07
4.99486430565232e-07
1.48589359532928e-06
2.79900886562026e-06
3.84667380017061e-06
8.97661934176195e-06
3.779918538224e-05
0.000115957816781378
0.000159628323790828
8.04157446089566e-05
1.33102138761314e-05
6.95825436290559e-07
1.25656963664209e-08
0
0
0
0
4.71213613740785e-08
3.89536587359049e-07
1.35395378348186e-06
1.92569296815401e-06
9.81695028626636e-07
1.6806618890088e-07
3.92678011450654e-08
1.49217644351249e-07
3.25137393481142e-07
8.41901656550203e-07
9.62532341667843e-06
7.32297369994096e-05
0.000245164589669101
0.000340948180934191
0.000171939564805829
2.84550194217602e-05
1.48118145919187e-06
2.35606806870392e-08
0
0
0
0
4.71213613740785e-09
4.24092252366706e-08
1.46076220259643e-07
2.08904702091748e-07
1.13091267297788e-07
3.14142409160523e-08
1.09949843206183e-08
9.4242722748157e-09
2.19899686412366e-08
2.60738199603234e-07
5.07968275612566e-06
4.04128502264555e-05
0.000135909001187163
0.00018910430604236
9.53704939970433e-05
1.57825146362247e-05
8.21482399954769e-07
1.25656963664209e-08
0
0
0
0
0
1.57071204580262e-09
4.71213613740785e-09
7.85356022901308e-09
1.88485445496314e-08
3.14142409160523e-08
2.0419256595434e-08
4.71213613740785e-09
3.14142409160523e-09
4.24092252366706e-08
8.85881593832676e-07
7.07291634224918e-06
2.37915753577722e-05
3.3104327077336e-05
1.6695098334836e-05
2.7628824885668e-06
1.44505508213841e-07
1.57071204580262e-09
0
0
0
0
0
0
0
1.57071204580262e-09
1.09949843206183e-08
2.0419256595434e-08
1.25656963664209e-08
3.14142409160523e-09
0
3.14142409160523e-09
5.96870577404994e-08
4.69642901694982e-07
1.58170703012324e-06
2.20213828821527e-06
1.11049341638245e-06
1.83773309358906e-07
9.4242722748157e-09
0
0
0
0
0
0
0
0
0
3.14142409160523e-09
4.71213613740785e-09
3.14142409160523e-09
1.57071204580262e-09
0
0
1.57071204580262e-09
1.09949843206183e-08
3.45556650076576e-08
4.86920734198811e-08
2.51313927328419e-08
4.71213613740785e-09
0
0
0
0
0
0
0
0
0
0
0
0
0
0
0
0
0
0
0
0
0
0
0
0
0
0
0
0
0
0
0
0
0
0
0
0
0
0
0
0
0
0
0
0
0
0
0
0
0
0
0
0
0
0
0
0
0
0
0
0
0
0
0
0
0
0
0
0
0
0
0
0
0
0
0
0
0
0
0
0
0
0
0
0
0
0
0
0
0
0
0
0
0
0
0
0
0
0
0
0
0
0
0
0
0
0
0
0
0
0
0
0
0
0
0
0
0
0
0
0
0
0
0
0
0
0
0
0
0
0
0
0
0
0
0
0
0
0
0
0
0
0
0
0
0
0
0
0
0
0
0
0
0
0
0
0
0
0
0
0
0
2.67021047786445e-08
5.43466367847705e-07
3.58279417647577e-06
8.9420636767543e-06
1.02740274915949e-05
6.27342391093565e-06
2.08904702091748e-06
3.62834482580404e-07
3.76970890992628e-08
4.71213613740785e-09
1.57071204580262e-09
1.57071204580262e-09
0
0
0
0
0
0
0
0
0
4.71213613740785e-09
2.51313927328419e-07
4.96659148882787e-06
3.26692398406486e-05
8.0101602199796e-05
8.4183882806837e-05
3.92960739618899e-05
8.25566251273855e-06
1.15761477775653e-06
3.51839498259786e-07
1.72778325038288e-07
1.22515539572604e-07
1.06808419114578e-07
4.55506493282759e-08
6.28284818321047e-09
0
0
0
0
0
0
0
9.4242722748157e-09
5.98441289450797e-07
1.18337445530769e-05
7.78005090526952e-05
0.00019009228391917
0.000196108111054594
8.56713471142121e-05
1.59505808251256e-05
3.88122946517827e-06
3.02676211226164e-06
2.74717536810878e-06
3.98646717224704e-06
3.91892655427753e-06
1.66809619264238e-06
2.59167487557432e-07
1.25656963664209e-08
0
0
0
0
0
0
7.85356022901308e-09
4.53935781236956e-07
8.98133147789936e-06
5.90477779378578e-05
0.000144211785061276
0.000148405586223569
6.50400443925948e-05
1.54275337138733e-05
9.55464137461732e-06
9.95046081015958e-06
1.78165867355391e-05
3.62818775459946e-05
3.68316267620256e-05
1.57024083218888e-05
2.43303295894825e-06
1.24086251618407e-07
1.57071204580262e-09
0
0
0
0
0
1.57071204580262e-09
1.3193981184742e-07
2.59638701171173e-06
1.71081956028821e-05
4.19945572565788e-05
4.36846434178624e-05
2.05370599988692e-05
9.44626224345694e-06
1.12824246250002e-05
1.47992488955523e-05
4.29197066515565e-05
9.54710195679746e-05
9.71422571847086e-05
4.13882624068989e-05
6.41321728301208e-06
3.26708105526944e-07
4.71213613740785e-09
0
0
0
0
0
0
1.25656963664209e-08
2.54455351420024e-07
1.7434903708409e-06
4.66501477603377e-06
5.56032064214126e-06
3.58907702465898e-06
3.81211813516295e-06
6.04881208838588e-06
1.1141060540878e-05
4.05887699755854e-05
8.98211683392226e-05
9.0614377922353e-05
3.85358493317214e-05
5.97027648609575e-06
3.03147424839905e-07
4.71213613740785e-09
0
0
0
0
0
0
0
1.09949843206183e-08
1.05237707068775e-07
4.52365069191154e-07
8.19911687908966e-07
7.39805373573033e-07
8.7645732155786e-07
1.47018647487125e-06
3.75714321355986e-06
1.4634324130743e-05
3.14770693978844e-05
3.14158116280981e-05
1.33322038447726e-05
2.06548634023044e-06
1.05237707068775e-07
1.57071204580262e-09
0
0
0
0
0
0
1.57071204580262e-09
6.28284818321047e-09
1.88485445496314e-08
5.96870577404994e-08
1.13091267297788e-07
1.17803403435196e-07
1.27227675710012e-07
1.93197581633722e-07
5.08910702840048e-07
1.72307111424547e-06
3.40844513939168e-06
3.37388947438402e-06
1.52359068442854e-06
2.87440304381879e-07
2.35606806870392e-08
1.57071204580262e-09
0
0
0
0
0
0
4.71213613740785e-09
1.72778325038288e-08
2.67021047786445e-08
1.72778325038288e-08
1.41364084122236e-08
2.19899686412366e-08
3.61263770534602e-08
5.49749216030916e-08
9.11012986565518e-08
2.90581728473484e-07
1.34924164734445e-06
4.10584128772804e-06
5.59958844328633e-06
2.81000384994088e-06
4.64930765557575e-07
2.35606806870392e-08
0
0
0
0
0
0
6.28284818321047e-09
2.19899686412366e-08
3.14142409160523e-08
1.57071204580262e-08
3.14142409160523e-09
3.14142409160523e-09
9.4242722748157e-09
1.88485445496314e-08
8.48184504733413e-08
1.35238307143605e-06
1.0583457764618e-05
3.55279357640094e-05
4.94240252332251e-05
2.49256294548417e-05
4.12468983227767e-06
2.15187550274958e-07
3.14142409160523e-09
0
0
0
0
0
3.14142409160523e-09
9.4242722748157e-09
1.25656963664209e-08
6.28284818321047e-09
1.57071204580262e-09
0
1.57071204580262e-09
4.71213613740785e-09
1.35081235939025e-07
2.83042310653632e-06
2.25852685065958e-05
7.59674880952436e-05
0.000105702637834333
5.3308396122495e-05
8.8226895612733e-06
4.58647917374364e-07
7.85356022901308e-09
0
0
0
0
0
0
1.57071204580262e-09
1.57071204580262e-09
0
0
0
0
1.57071204580262e-09
7.3823466152723e-08
1.56914133375681e-06
1.25264285652759e-05
4.21374920527468e-05
5.86315392457201e-05
2.95702249742801e-05
4.89276802267515e-06
2.54455351420024e-07
4.71213613740785e-09
0
0
0
0
0
0
0
0
0
0
0
0
0
1.25656963664209e-08
2.74874608015458e-07
2.19271401594045e-06
7.37606376708909e-06
1.02646032193201e-05
5.17706690296542e-06
8.56038064962426e-07
4.39799372824733e-08
0
0
0
0
0
0
0
0
0
0
0
0
0
0
1.57071204580262e-09
1.88485445496314e-08
1.46076220259643e-07
4.90062158290416e-07
6.83259739924138e-07
3.43985938030773e-07
5.65456336488942e-08
3.14142409160523e-09
0
0
0
0
0
0
0
0
0
0
0
0
0
0
0
0
3.14142409160523e-09
1.09949843206183e-08
1.57071204580262e-08
7.85356022901308e-09
1.57071204580262e-09
0
0
0
0
0
0
0
0
0
0
0
0
0
0
0
0
0
0
0
0
0
0
0
0
0
0
0
0
0
0
0
0
0
0
0
0
0
0
0
0
0
0
0
0
0
0
0
0
0
0
0
0
0
0
0
0
0
0
0
0
0
0
0
0
0
0
0
0
0
0
0
0
0
0
0
0
0
0
0
0
0
0
0
0
0
0
0
0
0
0
0
0
0
0
0
0
0
0
0
0
0
0
0
0
0
0
0
0
0
0
0
0
0
0
0
0
0
0
0
0
0
0
0
0
0
0
0
0
0
0
0
0
0
0
0
0
0
0
0
0
0
0
0
0
0
0
0
0
0
0
0
0
0
0
0
0
0
0
0
0
0
6.28284818321047e-09
1.24086251618407e-07
8.13628839725755e-07
1.98852144998611e-06
2.04820850772661e-06
8.84310881786873e-07
1.44505508213841e-07
9.4242722748157e-09
0
0
0
0
0
0
0
0
0
0
0
0
0
1.57071204580262e-09
5.65456336488942e-08
1.13248338502369e-06
7.4436043850586e-06
1.81731383699363e-05
1.86632005282267e-05
7.96665149631087e-06
1.24714536436728e-06
6.75406179695125e-08
3.14142409160523e-09
3.14142409160523e-09
4.71213613740785e-09
4.71213613740785e-09
1.57071204580262e-09
0
0
0
0
0
0
0
0
1.57071204580262e-09
1.36651947984828e-07
2.6984832946889e-06
1.77349097091573e-05
4.32951068305033e-05
4.44385851998476e-05
1.89286508639673e-05
2.94822650997151e-06
1.69636900946683e-07
3.14142409160523e-08
8.16770263817361e-08
1.83773309358906e-07
1.88485445496314e-07
8.01063143359335e-08
1.25656963664209e-08
0
0
0
0
0
0
0
1.57071204580262e-09
1.03666995022973e-07
2.04820850772661e-06
1.34578608084368e-05
3.28530131500075e-05
3.37200461992906e-05
1.43641616588649e-05
2.25868392186416e-06
1.75919749129893e-07
1.58641916626064e-07
7.25668965160809e-07
1.72778325038288e-06
1.77647532380276e-06
7.58653918122664e-07
1.17803403435196e-07
6.28284818321047e-09
0
0
0
0
0
0
0
2.98435288702497e-08
5.90587729221784e-07
3.88594160131567e-06
9.48867146869361e-06
9.74155610806783e-06
4.15924549728533e-06
6.84830451969941e-07
1.16232691389394e-07
3.39273801893365e-07
1.88485445496314e-06
4.55349422078179e-06
4.6822926085376e-06
1.99794572226093e-06
3.09430273023115e-07
1.57071204580262e-08
0
0
0
0
0
0
0
3.14142409160523e-09
5.65456336488942e-08
3.7225875485522e-07
9.09442274519715e-07
9.39285803389965e-07
4.06814419862878e-07
8.32477384275387e-08
5.3404209557289e-08
2.98435288702497e-07
1.75762677925313e-06
4.24406394775867e-06
4.36029663914806e-06
1.8597230622303e-06
2.87440304381879e-07
1.41364084122236e-08
0
0
0
0
0
0
0
0
1.57071204580262e-09
9.4242722748157e-09
2.51313927328419e-08
2.82728168244471e-08
1.41364084122236e-08
6.28284818321047e-09
1.25656963664209e-08
1.0209628297717e-07
6.11006985817218e-07
1.47018647487125e-06
1.50788356397051e-06
6.4242122673327e-07
9.89548588855648e-08
4.71213613740785e-09
0
0
0
0
0
0
0
0
0
0
0
0
0
0
1.57071204580262e-09
1.09949843206183e-08
6.43991938779073e-08
1.52359068442854e-07
1.60212628671867e-07
7.3823466152723e-08
1.41364084122236e-08
1.57071204580262e-09
0
0
0
0
0
0
0
0
0
0
0
0
0
0
0
0
9.4242722748157e-09
6.1257769786302e-08
1.94768293679524e-07
2.65450335740642e-07
1.33510523893222e-07
2.19899686412366e-08
1.57071204580262e-09
0
0
0
0
0
0
0
0
0
0
0
0
0
0
3.14142409160523e-09
6.28284818321047e-08
5.02627854656837e-07
1.68851544923781e-06
2.34978522052071e-06
1.18431688253517e-06
1.96339005725327e-07
9.4242722748157e-09
0
0
0
0
0
0
0
0
0
0
0
0
0
0
6.28284818321047e-09
1.35081235939025e-07
1.07279632728319e-06
3.61106699330022e-06
5.02470783452257e-06
2.53355852987962e-06
4.19380116229299e-07
2.19899686412366e-08
0
0
0
0
0
0
0
0
0
0
0
0
0
0
3.14142409160523e-09
7.3823466152723e-08
5.95299865359192e-07
2.00265785839834e-06
2.78644316925384e-06
1.40578728099334e-06
2.32465382778787e-07
1.25656963664209e-08
0
0
0
0
0
0
0
0
0
0
0
0
0
0
0
1.25656963664209e-08
1.03666995022973e-07
3.50268786213984e-07
4.88491446244614e-07
2.46601791191011e-07
4.0838513190868e-08
1.57071204580262e-09
0
0
0
0
0
0
0
0
0
0
0
0
0
0
0
1.57071204580262e-09
6.28284818321047e-09
2.35606806870392e-08
3.2984952961855e-08
1.57071204580262e-08
3.14142409160523e-09
0
0
0
0
0
0
0
0
0
0
0
0
0
0
0
0
0
0
0
0
0
0
0
0
0
0
0
0
0
0
0
0
0
0
0
0
0
0
0
0
0
0
0
0
0
0
0
0
0
0
0
0
0
0
0
0
0
0
0
0
0
0
0
0
0
0
0
0
0
0
0
0
0
0
0
0
0
0
0
0
0
0
0
0
0
0
0
0
0
0
0
0
0
0
0
0
0
0
0
0
0
0
0
0
0
0
0
0
0
0
0
0
0
0
0
0
0
0
0
0
0
0
0
0
0
0
0
0
0
0
0
0
0
0
0
0
0
0
0
0
0
0
0
0
0
0
0
0
0
0
0
0
0
0
0
0
0
0
0
0
0
0
0
0
0
0
0
0
0
0
0
0
0
0
0
0
0
0
0
0
0
0
0
0
6.28284818321047e-09
3.61263770534602e-08
8.95305866107492e-08
9.11012986565518e-08
3.92678011450654e-08
6.28284818321047e-09
0
0
0
0
0
0
0
0
0
0
0
0
0
0
0
3.14142409160523e-09
5.02627854656837e-08
3.32990953710155e-07
8.13628839725755e-07
8.35618808366992e-07
3.54980922351391e-07
5.49749216030916e-08
3.14142409160523e-09
0
0
0
0
0
0
0
0
0
0
0
0
0
0
6.28284818321047e-09
1.20944827526801e-07
7.94780295176124e-07
1.93825866452043e-06
1.99009216203192e-06
8.4661379268761e-07
1.30369099801617e-07
6.28284818321047e-09
0
0
1.57071204580262e-09
1.57071204580262e-09
0
0
0
0
0
0
0
0
0
0
4.71213613740785e-09
9.11012986565518e-08
6.03153425588205e-07
1.47175718691705e-06
1.50945427601631e-06
6.4242122673327e-07
9.89548588855648e-08
4.71213613740785e-09
1.57071204580262e-09
4.71213613740785e-09
1.09949843206183e-08
1.09949843206183e-08
4.71213613740785e-09
0
0
0
0
0
0
0
0
0
1.57071204580262e-09
2.67021047786445e-08
1.7434903708409e-07
4.24092252366707e-07
4.36657948733127e-07
1.85344021404709e-07
2.82728168244471e-08
1.57071204580262e-09
1.57071204580262e-09
1.25656963664209e-08
2.98435288702497e-08
2.98435288702497e-08
1.25656963664209e-08
1.57071204580262e-09
0
0
0
0
0
0
0
0
0
3.14142409160523e-09
1.72778325038288e-08
4.0838513190868e-08
4.0838513190868e-08
1.72778325038288e-08
3.14142409160523e-09
0
1.57071204580262e-09
1.09949843206183e-08
2.67021047786445e-08
2.82728168244471e-08
1.25656963664209e-08
1.57071204580262e-09
0
0
0
0
0
0
0
0
0
0
0
1.57071204580262e-09
1.57071204580262e-09
0
0
0
0
3.14142409160523e-09
9.4242722748157e-09
9.4242722748157e-09
4.71213613740785e-09
0
0
0
0
0
0
0
0
0
0
0
0
0
0
0
0
0
0
0
1.57071204580262e-09
1.57071204580262e-09
0
0
0
0
0
0
0
0
0
0
0
0
0
0
0
0
0
0
0
0
0
1.57071204580262e-09
1.57071204580262e-09
1.57071204580262e-09
0
0
0
0
0
0
0
0
0
0
0
0
0
0
0
0
0
0
3.14142409160523e-09
1.09949843206183e-08
1.57071204580262e-08
7.85356022901308e-09
1.57071204580262e-09
0
0
0
0
0
0
0
0
0
0
0
0
0
0
0
0
1.57071204580262e-09
6.28284818321047e-09
2.35606806870392e-08
3.2984952961855e-08
1.57071204580262e-08
3.14142409160523e-09
0
0
0
0
0
0
0
0
0
0
0
0
0
0
0
0
0
3.14142409160523e-09
1.25656963664209e-08
1.72778325038288e-08
9.4242722748157e-09
1.57071204580262e-09
0
0
0
0
0
0
0
0
0
0
0
0
0
0
0
0
0
0
1.57071204580262e-09
3.14142409160523e-09
1.57071204580262e-09
0
0
0
0
0
0
0
0
0
0
0
0
0
0
0
0
0
0
0
0
0
0
0
0
0
0
0
0
0
0
0
0
0
0
0
0
0
0
0
0
0
0
0
0
0
0
0
0
0
0
0
0
0
0
0
0
0
0
0
0
0
0
0
0
0
0
0
0
0
0
0
0
0
0
0
0
0
0
0
0
0
0
0
0
0
0
0
0
0
0
0
0
0
0
0
0
0
0
0
0
0
0
0
0
0
0
0
0
0
0
0
0
0
0
0
0
0
0
0
0
0
0
0
0
0
0
0
0
0
0
0
0
0
0
0
0
0
0
0
0
0
0
0
0
0
0
0
0
0
0
0
0
0
0
0
0
0
0
0
0
0
0
0
0
0
0
0
0
0
0
0
0
0
0
0
0
0
0
0
0
0
0
0
0
0
0
0
0
0
0
0
0
0
0
0
0
0
0
0
0
0
0
0
0
0
0
0
0
0
0
0
0
0
0
0
0
0
0
0
0
0
0
0
0
0
0
0
0
0
0
1.57071204580262e-09
4.71213613740785e-09
4.71213613740785e-09
1.57071204580262e-09
0
0
0
0
0
0
0
0
0
0
0
0
0
0
0
0
0
0
4.71213613740785e-09
1.25656963664209e-08
1.25656963664209e-08
4.71213613740785e-09
1.57071204580262e-09
0
0
0
0
0
0
0
0
0
0
0
0
0
0
0
0
0
3.14142409160523e-09
9.4242722748157e-09
9.4242722748157e-09
4.71213613740785e-09
0
0
0
0
0
0
0
0
0
0
0
0
0
0
0
0
0
0
1.57071204580262e-09
3.14142409160523e-09
3.14142409160523e-09
1.57071204580262e-09
0
0
0
0
0
0
0
0
0
0
0
0
0
0
0
0
0
0
0
0
0
0
0
0
0
0
0
0
0
0
0
0
0
0
0
0
0
0
0
0
0
0
0
0
0
0
0
0
0
0
0
0
0
0
0
0
0
0
0
0
0
0
0
0
0
0
0
0
0
0
0
0
0
0
0
0
0
0
0
0
0
0
0
0
0
0
0
0
0
0
0
0
0
0
0
0
0
0
0
0
0
0
0
0
0
0
0
0
0
0
0
0
0
0
0
0
0
0
0
0
0
0
0
0
0
0
0
0
0
0
0
0
0
0
0
0
0
0
0
0
0
0
0
0
0
0
0
0
0
0
0
0
0
0
0
0
0
0
0
0
0
0
0
0
0
0
0
0
0
0
0
0
0
0
0
0
0
0
0
0
0
0
0
0
0
0
0
0
0
0
0
0
0
0
0
0
0
0
0
0
0
0
0
0
0
0
0
0
0
0
0
0
0
0
0
0
0
0
0
0
0
0
0
0
0
0
0
0
0
0
0
0
0
0
0
0
0
0
0
0
0
0
0
0
0
0
0
0
0
0
0
0
0
0
0
0
0
0
0
0
0
0
0
0
0
0
0
0
0
0
0
0
0
0
0
0
0
0
0
0
0
0
0
0
0
0
0
0
0
0
0
0
0
0
0
0
0
0
0
0
0
0
0
0
0
0
0
0
0
0
0
0
0
0
0
0
0
0
0
0
0
0
0
0
0
0
0
0
0
0
0
0
0
0
0
0
0
0
0
0
0
0
0
0
0
0
0
0
0
0
0
0
0
0
0
0
0
0
0
0
0
0
0
0
0
0
0
0
0
0
0
0
0
0
0
0
0
0
0
0
0
0
0
0
0
0
0
0
0
0
0
0
0
0
0
0
0
0
0
0
0
0
0
0
0
0
0
0
0
0
0
0
0
0
0
0
0
0
0
0
0
0
0
0
0
0
0
0
0
0
0
0
0
0
0
0
0
0
0
0
0
0
0
0
0
0
0
0
0
0
0
0
0
0
0
0
0
0
0
0
0
0
0
0
0
0
0
0
0
0
0
0
0
0
0
0
0
0
0
0
0
0
0
0
0
0
0
0
0
0
0
0
0
0
0
0
0
0
0
0
0
0
0
0
0
0
0
0
0
0
0
0
0
0
0
0
0
0
0
0
0
0
0
0
0
0
0
0
0
0
0
0
0
0
0
0
0
0
0
0
0
0
0
0
0
0
0
0
0
0
0
0
0
0
0
0
0
0
0
0
0
0
0
0
0
0
0
0
0
0
0
0
0
0
0
0
0
0
0
0
0
0
0
0
0
0
0
0
0
0
0
0
0
0
0
0
0
0
0
0
0
0
0
0
0
0
0
0
0
0
0
0
0
0
0
0
0
0
0
0
0
0
0
0
0
0
0
0
0
0
0
0
0
0
0
0
0
0
0
0
0
0
0
0
0
0
0
0
0
0
0
0
0
0
0
0
0
0
0
0
0
0
0
0
0
0
0
0
0
0
0
0
0
0
0
0
0
0
0
0
0
0
0
0
0
0
0
0
0
0
0
0
0
0
0
0
0
0
0
0
0
0
0
0
0
0
0
0
0
0
0
0
0
0
0
0
0
0
0
0
0
0
0
0
0
0
0
0
0
0
0
0
0
0
0
0
0
0
0
0
0
0
0
0
0
0
0
0
0
0
0
0
0
0
0
0
0
0
0
0
0
0
0
0
0
0
0
0
0
0
0
0
0
0
0
0
0
0
0
0
0
0
0
0
0
0
0
0
0
0
0
0
0
0
0
0
0
0
0
0
0
0
0
0
0
0
0
0
0
0
0
0
0
0
0
0
0
0
0
0
0
0
0
0
0
0
0
0
0
0
0
0
0
0
0
0
0
0
0
0
0
0
0
0
0
0
0
0
0
0
0
0
0
0
0
0
0
0
0
0
0
0
0
0
0
0
0
0
0
0
0
0
0
0
