0
0
0
0
0
0
0
0
0
0
0
2.04482230263867e-06
3.25261569568074e-05
6.0266081490955e-05
4.20199747904869e-06
0
0
0
0
0
2.24705747542711e-08
6.9299252542172e-05
0.00110294569123864
0.0020436763033262
0.000142362326355684
5.61764368856777e-08
0
0
0
0
1.12352873771355e-08
1.66731664676691e-05
0.000265276370261547
0.000491532587462302
3.42451559255091e-05
1.12352873771355e-08
0
0
0
0
0
4.38176207708286e-07
6.90970173693835e-06
1.27969923225574e-05
8.87587702793707e-07
0
0
0
0
0
0
0
0
0
0
0
0
0
0
0
0
0
0
0
0
0
0
0
0
0
0
0
0
0
0
0
0
0
0
0
0
0
0
0
0
0
0
0
0
0
0
0
0
0
0
0
0
0
0
0
0
0
0
0
0
0
0
0
0
0
0
1.12352873771355e-08
2.47176322296982e-07
4.60646782462557e-07
3.37058621314066e-08
0
0
0
0
0
0
5.2805850672537e-07
8.40399495809738e-06
1.55721083047098e-05
1.08982287558215e-06
0
0
0
0
0
0
1.23588161148491e-07
2.0223517278844e-06
3.74135069658613e-06
2.58411609674117e-07
0
0
0
0
0
0
0
5.61764368856777e-08
1.0111758639422e-07
1.12352873771355e-08
0
0
0
0
0
0
0
0
0
0
0
0
0
0
0
0
0
0
0
0
0
0
0
0
0
0
0
0
0
0
0
0
0
0
0
0
0
0
0
0
0
0
0
0
0
0
0
0
0
0
0
0
0
0
0
5.61764368856777e-08
7.97705403776623e-07
1.80888126771882e-06
6.25805506906449e-06
4.83117357216828e-07
1.12352873771355e-08
0
0
0
0
1.25835218623918e-06
1.90999885411304e-05
2.40210444123158e-05
1.15274048489411e-05
2.39311621132987e-06
6.2917609311959e-07
3.37058621314066e-08
0
0
0
1.79764598034169e-07
5.23564391774516e-06
4.1199798811956e-05
3.31778036246812e-05
9.26911208613681e-06
2.41558678608414e-06
1.34823448525626e-07
0
0
0
0
1.32576391050199e-06
1.82461067004681e-05
1.12240520897584e-05
9.77470001810791e-07
7.86470116399487e-08
0
0
0
0
0
3.37058621314066e-08
6.17940805742454e-07
1.80888126771882e-06
1.47182264640475e-06
1.0111758639422e-07
0
0
0
0
0
2.24705747542711e-08
3.48293908691201e-07
1.50552850853616e-06
2.24705747542711e-07
1.12352873771355e-08
0
0
0
0
0
1.12352873771355e-08
1.12352873771355e-07
4.71882069839692e-07
3.37058621314066e-08
0
0
0
0
0
0
0
0
1.12352873771355e-08
0
0
0
0
0
0
0
0
0
0
0
0
0
0
0
0
0
0
0
0
0
0
0
0
0
3.59529196068337e-07
1.21228750799292e-05
0.000113060696876115
0.000259602550136094
0.000853915546524432
6.98160757615202e-05
3.86493885773462e-06
2.35941034919846e-07
0
0
6.2917609311959e-07
0.000176416482395782
0.00255699411301277
0.00332910553214428
0.00170581997660836
0.000371652071148266
9.3927002472853e-05
5.42664380315646e-06
0
0
6.74117242628132e-08
3.00768643085918e-05
0.000787975644908023
0.00565476507806182
0.00471810164000479
0.00135205448296449
0.000343193088221982
1.94932235993301e-05
1.12352873771355e-08
0
2.24705747542711e-07
6.16817277004741e-06
0.000216043340974939
0.00252889465928255
0.00161257832666551
0.000185809182643067
2.04706936011409e-05
3.24699805199217e-06
1.57294023279897e-07
0
1.34823448525626e-07
2.404351498707e-06
1.35385212894483e-05
0.000106341995024588
0.000264209017960719
0.000213324401429672
1.94258118750673e-05
5.30305564200797e-06
3.59529196068337e-07
0
0
6.74117242628132e-08
2.73017483264393e-06
5.0570028484487e-05
0.000216110752699202
3.20879807490991e-05
1.37070506001053e-06
1.57294023279897e-07
1.12352873771355e-08
0
0
0
8.42646553285165e-07
1.6414754857995e-05
6.6894901043465e-05
5.0895851818424e-06
2.24705747542711e-08
0
0
0
0
0
2.24705747542711e-08
4.49411495085421e-07
1.79764598034169e-06
1.23588161148491e-07
0
0
0
0
0
0
0
0
0
0
0
0
0
0
0
0
0
0
0
0
0
0
0
0
4.7581442042169e-05
0.000717058510983544
0.00102729850132839
0.00292587106817888
0.00423058005013612
0.00077312259499545
0.000223908042138934
1.37070506001053e-05
0
0
7.56134840481221e-05
0.00140383792248571
0.006550082658571
0.0233087946043296
0.0256345215619714
0.00767586968904736
0.00150612397876715
7.80740119837148e-05
3.37058621314066e-08
0
8.17928921055467e-06
0.000921102565039702
0.0133391848208032
0.0329139766064913
0.048190641794332
0.0181287428885265
0.00355656392509438
0.000188337122302923
6.51646667873861e-07
0
3.10318637356483e-05
0.000758280780370254
0.00577592641713685
0.0179041382585702
0.0185892211416784
0.00764146723909857
0.00142245479366962
0.000359461784344074
2.10212226826206e-05
1.12352873771355e-08
1.85944006091593e-05
0.000329969154979093
0.00125053242622469
0.00346929944803617
0.00356115915763163
0.00271649025261858
0.000883823881522367
0.000700733638424566
4.70983246849521e-05
2.24705747542711e-08
5.2805850672537e-07
9.50505312105666e-06
6.46141377059064e-05
0.000630411974731075
0.00234677065089918
0.000321520218871488
3.14138635064709e-05
2.05043994632723e-05
1.38194034738767e-06
0
0
1.12352873771355e-08
9.38146495990817e-06
0.000179674715735151
0.000730709385146764
5.45810260781244e-05
2.0223517278844e-07
0
0
0
0
0
2.47176322296982e-07
4.85364414692255e-06
1.97179293468729e-05
1.40441092214194e-06
0
0
0
0
0
0
0
0
0
0
0
0
0
0
0
0
0
0
0
0
0
0
0
0
3.64360369640505e-05
0.00052405874441911
0.00045306296348299
0.00246355022789713
0.0041210135276343
0.00299472090922597
0.000671319656071225
3.44923322478061e-05
1.12352873771355e-08
0
7.35461911707292e-05
0.00132491002866133
0.00622160779681306
0.0290793842599624
0.0415726980000031
0.0277159596661722
0.00678696745763052
0.00036191107699229
1.34823448525626e-07
0
7.04677224293941e-05
0.00220059956212265
0.0216311864343253
0.0523888979226841
0.0672793613422232
0.0361985454594726
0.0100496836766633
0.000570831245770125
7.75234829022352e-07
0
0.000175854718026925
0.00357104621052351
0.0227507266450199
0.0469917804547548
0.0487028248399935
0.0227223800149674
0.00430817094476262
0.000488869824353921
2.02459878535982e-05
1.12352873771355e-08
8.74891828057544e-05
0.00196627640858511
0.011595951337229
0.0137149153012693
0.00623656196431203
0.00396078709434897
0.00127405911799242
0.00069746416979782
4.52332669803477e-05
2.24705747542711e-08
2.46052793559268e-06
0.000100364822139952
0.000979447412389167
0.000824726269918634
0.000190651591502613
0.000100420998576837
3.43462735119033e-05
2.03021642904839e-05
1.32576391050199e-06
0
0
1.52799908329043e-06
2.23357513057454e-05
1.72236955491488e-05
6.59511369037856e-06
4.15705632954015e-07
0
0
0
0
0
1.12352873771355e-08
8.98822990170843e-08
1.12352873771355e-07
1.57294023279897e-07
1.12352873771355e-08
0
0
0
0
0
0
0
0
0
0
0
0
0
0
0
0
0
0
0
0
0
0
0
0
4.94352644593963e-07
9.25787679875968e-06
4.72668539956092e-05
0.000216369164308876
0.000335833974989958
0.000601694580195116
0.000195550176799044
1.11454050781184e-05
0
0
3.02341583318717e-05
0.000206403464405357
0.00162865602290219
0.00737894351424442
0.0101725527794197
0.00805654369595946
0.00127793529213753
5.41540851577933e-05
2.24705747542711e-08
0
0.000825175681413719
0.00064588296544939
0.0038094253028042
0.0184779243849205
0.0269443201291105
0.0181616061041047
0.00399820060131483
0.000204572112562884
7.86470116399487e-08
0
0.00261990048703735
0.00105943142322699
0.00480727611591711
0.0155129545166692
0.0157162570417585
0.00998879965436661
0.00295140887638711
0.000169304545486055
2.13470460165575e-07
0
9.31180617816993e-05
0.000552562668494903
0.00462750028259557
0.00505480073212278
0.00284317935308316
0.00436850443797784
0.00103683726031158
5.79740828660193e-05
3.59529196068337e-07
0
5.39293794102505e-07
0.000165214900880778
0.00234575947503524
0.00217735375253936
0.000207650581304219
0.000121464691834212
2.83016889030044e-05
1.57294023279897e-06
1.12352873771355e-08
0
0
5.57270253905922e-06
8.22535388880092e-05
7.45686023220485e-05
4.97723230807104e-06
0
0
0
0
0
0
3.37058621314066e-08
4.94352644593963e-07
4.15705632954015e-07
2.24705747542711e-08
0
0
0
0
0
0
0
0
0
0
0
0
0
0
0
0
0
0
0
0
0
0
0
0
0
0
4.49411495085421e-08
6.40411380496725e-07
1.00555822025363e-05
6.38389028768841e-05
1.46395794524076e-05
1.87629299198163e-06
7.86470116399487e-08
0
0
1.94370471624445e-06
1.71899896870174e-06
2.65939252216798e-05
0.000389988060147751
0.00223088989689141
0.000443164675303734
2.59872197033145e-05
3.93235058199744e-07
0
0
7.01643696702114e-05
1.28868746215745e-05
0.000181022950220408
0.00180117386057811
0.0031318026505144
0.00146526123857651
0.000111498991930693
1.5504696580447e-06
0
0
0.000226638216971578
2.79533949943132e-05
0.000227199981340435
0.0019888368656384
0.00299493437968613
0.000539024147205454
4.15480927206472e-05
1.26958747361632e-06
0
0
6.78611357578986e-06
4.69635012364265e-06
6.75353124239617e-05
0.000493633586201827
0.000458725548321067
0.000382190770708019
3.10093931608941e-05
4.15705632954015e-07
0
0
0
1.25835218623918e-06
1.86281064712907e-05
2.84702182136614e-05
1.2100404505175e-05
1.09094640431986e-05
8.87587702793707e-07
1.12352873771355e-08
0
0
0
4.49411495085421e-08
6.2917609311959e-07
5.72999656233912e-07
3.37058621314066e-08
0
0
0
0
0
0
0
0
0
0
0
0
0
0
0
0
0
0
0
0
0
0
0
0
0
0
0
0
0
0
0
0
0
0
0
0
0
0
6.74117242628132e-08
4.71882069839692e-07
7.86470116399487e-08
0
0
0
0
1.12352873771355e-08
0
1.12352873771355e-07
2.55041023460977e-06
1.64259901453721e-05
2.92117471805524e-06
1.23588161148491e-07
0
0
0
4.83117357216828e-07
5.61764368856777e-08
1.1684698872221e-06
1.26734041614089e-05
2.23245160183683e-05
1.01229939267991e-05
6.17940805742454e-07
0
0
0
1.57294023279897e-06
1.57294023279897e-07
1.46058735902762e-06
1.42688149689621e-05
2.19312809601686e-05
3.53911552379769e-06
1.46058735902762e-07
0
0
0
4.49411495085421e-08
0
2.47176322296982e-07
3.47170379953488e-06
3.33688035100925e-06
2.66276310838112e-06
1.79764598034169e-07
0
0
0
0
0
1.12352873771355e-08
8.98822990170843e-08
7.86470116399487e-08
7.86470116399487e-08
0
0
0
0
0
0
0
0
0
0
0
0
0
0
0
0
0
0
0
0
0
0
0
0
0
0
0
0
0
0
0
0
0
0
0
0
0
0
0
0
0
0
0
0
0
0
0
0
0
0
0
0
0
0
0
0
0
0
0
0
0
0
0
0
0
0
0
0
0
0
0
0
0
0
0
0
0
0
0
0
0
0
0
0
0
0
0
0
0
0
0
0
0
0
0
0
0
0
0
0
0
0
0
0
0
0
0
0
0
0
0
0
0
0
0
0
0
0
0
0
0
0
0
0
0
0
0
0
0
0
0
0
0
0
0
0
0
0
0
0
0
0
0
0
0
