0
0
0
0
0
0
0
0
0
0
0
0
0
0
0
0
0
0
0
0
0
0
0
0
0
0
0
0
0
0
0
0
0
0
0
0
0
0
0
0
0
0
0
0
0
0
0
0
0
0
0
0
0
0
0
0
0
0
0
0
0
0
0
0
0
0
0
0
0
0
0
0
0
0
0
0
0
0
0
0
0
0
0
0
0
0
0
0
0
0
0
0
0
0
0
0
0
0
0
0
0
0
0
0
0
0
0
0
0
0
0
0
0
0
0
0
0
0
0
0
0
0
0
0
0
0
0
0
0
0
0
0
0
0
0
0
0
0
0
0
0
0
0
0
0
0
0
0
0
0
0
0
0
0
0
0
0
0
0
0
0
0
0
0
0
0
0
0
0
0
0
0
0
0
0
0
0
0
0
0
0
0
0
0
0
0
0
0
0
0
0
0
0
0
0
0
0
0
0
0
0
0
0
0
0
0
0
0
0
0
0
0
0
0
0
0
0
0
0
0
0
0
0
0
0
0
0
0
0
0
0
0
0
0
0
0
0
0
0
0
0
0
0
0
0
0
0
0
0
0
0
0
0
0
0
0
0
0
0
0
0
0
0
0
0
0
0
0
0
0
0
0
0
0
0
0
0
0
0
0
0
0
0
0
0
0
0
0
0
0
0
0
0
0
0
0
0
0
0
0
0
0
0
0
0
0
0
0
0
0
0
0
0
0
0
0
0
0
0
0
0
0
0
0
0
0
0
0
0
0
0
0
0
0
0
0
0
0
0
0
0
0
0
0
0
0
0
0
0
0
0
0
0
0
0
0
0
0
0
0
0
0
0
0
0
0
0
0
0
0
0
0
0
0
0
0
0
0
0
0
0
0
0
0
0
0
0
0
0
0
0
0
0
0
0
0
0
0
0
0
0
0
0
0
0
0
0
0
0
0
0
0
0
0
0
0
0
0
0
0
0
0
0
0
0
0
0
0
0
0
0
0
0
0
0
0
0
0
0
0
0
0
0
0
0
0
0
0
0
0
0
0
0
0
0
0
0
0
0
0
0
0
0
0
0
0
0
0
0
0
0
0
0
0
0
0
0
0
0
0
0
0
0
0
0
0
0
0
0
0
0
0
0
0
0
0
0
0
0
0
0
0
0
0
0
0
0
0
0
0
0
0
0
0
0
0
0
0
0
0
0
0
0
0
0
0
0
0
0
0
0
0
0
0
0
0
0
0
0
0
0
0
0
0
0
0
0
0
0
0
0
0
0
0
0
0
0
0
0
0
0
0
0
0
0
0
0
0
0
0
0
0
0
0
0
0
0
0
0
0
0
0
0
0
0
0
0
0
0
0
0
0
0
0
0
0
0
0
0
0
0
0
0
0
0
0
0
0
0
0
0
0
0
0
0
0
0
0
0
0
0
0
0
0
0
0
0
0
0
0
0
0
0
0
0
5.83607189207413e-10
2.91803594603707e-09
1.16721437841483e-09
0
0
0
0
0
0
0
0
0
0
5.83607189207413e-10
7.00328627048896e-09
1.98426444330521e-08
7.58689345969638e-09
5.83607189207413e-10
0
0
0
0
0
0
0
0
0
1.75082156762224e-09
1.6924608487015e-08
4.14361104337264e-08
1.51737869193928e-08
1.16721437841483e-09
0
0
0
0
0
0
0
0
0
2.33442875682965e-09
1.34229653517705e-08
2.50951091359188e-08
8.17050064890379e-09
5.83607189207413e-10
0
0
0
0
0
0
0
0
0
5.83607189207413e-10
4.08525032445189e-09
5.25246470286672e-09
1.75082156762224e-09
0
0
0
0
0
0
0
0
0
0
0
5.83607189207413e-10
1.75082156762224e-09
1.16721437841483e-09
0
0
0
0
0
0
0
0
0
0
0
5.83607189207413e-10
2.91803594603707e-09
2.33442875682965e-09
5.83607189207413e-10
0
0
0
0
0
0
0
0
0
0
5.83607189207413e-10
1.75082156762224e-09
1.16721437841483e-09
0
0
0
0
0
0
0
0
0
0
0
0
0
0
0
0
0
0
0
0
0
0
0
0
0
0
0
0
0
0
0
0
0
0
0
0
0
0
0
0
0
0
0
0
0
0
0
0
0
0
0
0
0
0
0
0
0
0
0
0
0
0
0
0
0
0
0
1.16721437841483e-09
4.66885751365931e-09
1.75082156762224e-09
0
0
0
0
0
0
0
0
0
0
3.50164313524448e-09
7.93705777322082e-08
2.61456020764921e-07
1.02131258111297e-07
1.05049294057334e-08
0
0
0
0
0
0
0
0
2.33442875682965e-09
1.1963947378752e-07
1.78175274865023e-06
5.40186814330382e-06
2.07705798638918e-06
2.06013337790217e-07
4.08525032445189e-09
0
0
0
0
0
0
0
2.33442875682965e-08
1.19055866598312e-06
1.41443038376309e-05
3.98866333463807e-05
1.51399377024187e-05
1.48177865339762e-06
3.03475738387855e-08
0
0
0
0
0
0
0
7.93705777322082e-08
3.75667947692812e-06
3.38883186557069e-05
8.42810486221994e-05
3.10905057906465e-05
2.94313105517299e-06
6.01115404883636e-08
0
0
0
0
0
0
0
1.0154765092209e-07
4.46284417586909e-06
2.74966527195073e-05
5.07043762055293e-05
1.70745955346413e-05
1.42808679199054e-06
2.80131450819558e-08
0
0
0
0
0
0
0
4.08525032445189e-08
1.74148385259492e-06
8.4710583513456e-06
1.1069277557697e-05
3.26411500923706e-06
2.25272375034062e-07
4.08525032445189e-09
0
0
0
0
0
0
0
4.08525032445189e-09
1.92590372438446e-07
1.54013937231836e-06
3.85997794941783e-06
2.42722229991363e-06
4.50544750068123e-07
1.05049294057334e-08
0
0
0
0
0
0
0
0
4.31869320013486e-08
1.65977884610588e-06
6.5340660903662e-06
4.77915927241951e-06
9.51279718408084e-07
2.21770731898817e-08
0
0
0
0
0
0
0
0
1.92590372438446e-08
8.16466457701171e-07
3.23960350729035e-06
2.37411404569576e-06
4.72721823258005e-07
1.10885365949409e-08
0
0
0
0
0
0
0
0
2.33442875682965e-09
1.05632901246542e-07
4.18446354661715e-07
3.06393774333892e-07
6.12787548667784e-08
1.16721437841483e-09
0
0
0
0
0
0
0
0
0
4.66885751365931e-09
1.80918228654298e-08
1.34229653517705e-08
2.33442875682965e-09
0
0
0
0
0
0
0
0
0
0
0
0
0
0
0
0
0
0
0
0
0
0
0
0
3.50164313524448e-09
1.16721437841483e-08
5.25246470286672e-09
5.83607189207413e-10
0
0
0
0
0
0
0
0
5.83607189207413e-10
5.83607189207413e-09
1.65744441734905e-07
5.8885965391028e-07
2.64374056710958e-07
3.384921697403e-08
5.83607189207413e-10
0
0
0
0
0
0
0
4.08525032445189e-09
1.1730504503069e-07
3.04467870609508e-06
1.05930540913038e-05
4.6840313005787e-06
6.02282619262051e-07
1.80918228654298e-08
0
0
0
0
0
0
1.75082156762224e-09
1.0154765092209e-07
2.36302550910082e-06
3.42028829306897e-05
0.000106882404238635
4.63273222864737e-05
6.17806570494968e-06
2.76046200495107e-07
4.08525032445189e-09
0
0
0
0
0
1.6924608487015e-08
1.03065029614029e-06
2.17562924064632e-05
0.000214223523727987
0.000590794895349692
0.000251382960679201
3.46750211467585e-05
1.94983161914197e-06
3.32656097848226e-08
0
0
0
0
0
4.66885751365931e-08
3.10479024658344e-06
6.71574300836647e-05
0.00049832000179102
0.00117531542980821
0.000479324754996698
6.44477419041747e-05
3.85530909190417e-06
6.82820411372674e-08
0
0
0
0
0
4.72721823258005e-08
3.43511191567484e-06
7.87105180012146e-05
0.000426894068725493
0.000745106472248024
0.00026739188948635
3.06411282549568e-05
1.79984457151566e-06
3.26820025956151e-08
0
0
0
0
0
1.86754300546372e-08
1.30494567506778e-06
3.0593856072631e-05
0.000139224747450131
0.000182674302686623
5.58150243614186e-05
4.72896905414767e-06
2.1885269595278e-07
4.08525032445189e-09
0
0
0
0
0
2.91803594603707e-09
1.42400154166609e-07
3.48471852675747e-06
2.89994412317164e-05
7.78012580004295e-05
5.00413984385897e-05
9.40891510440192e-06
2.26439589412476e-07
1.16721437841483e-09
0
0
0
0
0
1.75082156762224e-09
1.40065725409779e-08
9.10427215163565e-07
3.45769751389716e-05
0.000136209249103497
9.96439242708953e-05
1.98449788618089e-05
4.65134929798309e-07
1.16721437841483e-09
0
0
0
0
0
4.08525032445189e-09
1.28393581625631e-08
4.14361104337264e-07
1.70378282817212e-05
6.75589518298394e-05
4.95003945741944e-05
9.86296149760529e-06
2.29941232547721e-07
5.83607189207413e-10
0
0
0
0
0
2.33442875682965e-09
6.41967908128155e-09
5.48590757854969e-08
2.20078271050116e-06
8.722593049894e-06
6.39049872182118e-06
1.27343088685058e-06
2.97639666495781e-08
0
0
0
0
0
0
5.83607189207413e-10
1.16721437841483e-09
2.33442875682965e-09
9.4544364651601e-08
3.74675815471159e-07
2.74878986116692e-07
5.48590757854969e-08
1.16721437841483e-09
0
0
0
0
0
0
0
0
0
1.75082156762224e-09
5.83607189207413e-09
4.08525032445189e-09
5.83607189207413e-10
0
0
0
0
0
0
0
1.16721437841483e-09
5.83607189207413e-08
3.09895417469137e-07
5.01318575529168e-07
2.7079373579224e-07
7.35345058401341e-08
9.33771502731861e-09
0
0
0
0
0
0
0
1.80918228654298e-08
7.72112311321408e-07
4.18563076099557e-06
8.25920894166331e-06
8.75585865967882e-06
3.24952482950688e-06
4.13777497148056e-07
9.92132221652603e-09
0
0
0
0
0
5.83607189207413e-10
1.09718151570994e-07
3.80745330238917e-06
2.14960036000767e-05
6.03233898980459e-05
0.000106318639693861
4.52908359184413e-05
6.26502317614158e-06
2.28190410980099e-07
4.08525032445189e-09
0
0
0
0
7.00328627048896e-09
4.52295571635745e-07
8.56093385848355e-06
5.2175066322332e-05
0.000229431743471543
0.000536355433133235
0.000269812692107182
4.97956998119333e-05
3.71290893773756e-06
1.26642760058009e-07
2.33442875682965e-09
0
0
0
2.80131450819558e-08
1.47594258150555e-06
2.07413995044315e-05
0.000135836324109593
0.000563169849048559
0.00120597581710042
0.000835635619437878
0.000237076414042971
2.79005088944388e-05
1.1415356620897e-06
1.80918228654298e-08
0
0
0
4.61049679473857e-08
2.67175371219154e-06
4.80746422109607e-05
0.000335173779262466
0.00104873044686194
0.00157454301612214
0.00125357481945217
0.000434379414534267
6.14742632751629e-05
2.84333422581852e-06
4.55213607581782e-08
0
0
5.83607189207413e-10
6.01115404883636e-08
3.38842334053824e-06
6.06554623887049e-05
0.000417678911207908
0.00122782256862121
0.00151403287192355
0.000794750434190764
0.00024770215013687
4.23669639005122e-05
2.5818782050536e-06
4.78557895150079e-08
0
0
5.83607189207413e-10
8.7541078381112e-08
4.37296866873115e-06
5.31456050779839e-05
0.000269094271657268
0.00064356173936188
0.000695697120395346
0.00027343689275216
7.83247536491485e-05
1.84980134691182e-05
1.83486100286811e-06
3.96852888661041e-08
0
0
5.83607189207413e-10
6.65312195696451e-08
2.67350453375916e-06
3.07893644810155e-05
0.00013175224099952
0.000307101689854401
0.00049283467781966
0.000312444030064405
8.9963631823512e-05
1.53669608990204e-05
1.70471659967485e-06
3.6767252920067e-08
0
0
3.50164313524448e-09
2.20019910331195e-07
4.03564371336926e-06
1.92275224556274e-05
5.20659317779502e-05
0.000268601123582388
0.000773999113364116
0.000542963033729442
0.00012586889692512
1.03421029999446e-05
7.48768023753111e-07
1.51737869193928e-08
0
0
7.58689345969638e-09
4.65718536987516e-07
7.91312987846332e-06
2.48996007275343e-05
1.81531016202966e-05
0.000116666578765697
0.000372857295469589
0.000262227549469053
5.67826450811245e-05
3.05810167144685e-06
1.0388207967892e-07
1.75082156762224e-09
0
0
4.08525032445189e-09
2.49783876980773e-07
4.23990622959186e-06
1.29695025657563e-05
5.5816191575797e-06
1.71668054705361e-05
4.83839540212406e-05
3.35498264859666e-05
7.05639452470684e-06
3.07560988712307e-07
5.25246470286672e-09
0
0
0
5.83607189207413e-10
4.08525032445189e-08
6.91574519210785e-07
2.11324163212004e-06
7.67443453807749e-07
9.88046971328151e-07
2.14067117001279e-06
1.43450647107182e-06
2.91803594603707e-07
9.92132221652603e-09
0
0
0
0
0
2.33442875682965e-09
4.20197176229338e-08
1.28977188814838e-07
4.55213607581782e-08
2.91803594603707e-08
4.08525032445189e-08
2.3927894757504e-08
4.66885751365931e-09
0
0
0
0
0
0
0
1.80918228654298e-08
7.68610668186163e-07
4.08758475320872e-06
7.08265684822117e-06
6.76809257323837e-06
7.26007343374022e-06
1.83952986038177e-06
4.96066110826301e-08
1.16721437841483e-09
0
0
0
0
1.16721437841483e-09
2.73128164549069e-07
1.06590017036842e-05
5.69536419875623e-05
9.2580526459918e-05
5.22532696856858e-05
4.04077945663429e-05
1.01565159137766e-05
3.21567561253285e-07
2.50951091359188e-08
4.66885751365931e-09
0
0
0
2.04262516222595e-08
1.94574636881752e-06
5.65241070963056e-05
0.000303603548362291
0.000517776298264817
0.000264131276120248
0.000129863104528055
3.10980926841062e-05
2.78380629251936e-06
9.87463364138944e-07
1.92006765249239e-07
4.66885751365931e-09
0
2.91803594603707e-09
1.99593658708935e-07
9.12469840325791e-06
0.000128610683500016
0.000655071640347429
0.00127066050352341
0.0007568095472132
0.000335183700584683
0.000109844210723863
3.07018234026344e-05
1.11223858119149e-05
2.01986448184686e-06
4.90230038934227e-08
5.83607189207413e-10
4.20197176229338e-08
1.24016527706575e-06
3.08827416312887e-05
0.00022845478503681
0.000886658645168715
0.00178372534094975
0.0014044851336518
0.00106158789684737
0.00056584918965421
0.000175623744233809
4.23156064678619e-05
6.31229535846738e-06
1.6691165611332e-07
4.66885751365931e-09
2.64374056710958e-07
5.12990719313316e-06
6.62055667580674e-05
0.00044025283728645
0.00148430859056284
0.00248754627341887
0.00224423926902392
0.00225850671397847
0.00144210678749687
0.000438420894319528
7.85727867045617e-05
9.44451514294357e-06
2.97056059306573e-07
8.7541078381112e-09
5.06571040232035e-07
9.38907245996887e-06
9.53228966420037e-05
0.000632389163331693
0.00219981975863896
0.00357715490224165
0.00297479524683062
0.00236469929451946
0.00157889030607455
0.000501271886954032
8.37085299695869e-05
9.27176741493818e-06
3.23318382820907e-07
4.08525032445189e-09
2.62039627954129e-07
6.48796112241882e-06
9.67002096085332e-05
0.000725137185054914
0.00252290878383451
0.00392655352313386
0.0027807435219904
0.00175286069114133
0.00101523197780862
0.000341144080808058
5.92904051731488e-05
5.1485826231878e-06
1.55823119518379e-07
5.83607189207413e-10
8.22886136782453e-08
3.71757779525122e-06
5.89886802563285e-05
0.000501614464374096
0.00190444390443012
0.00309281696148966
0.00225924731150158
0.00133679778824034
0.000764335745525219
0.000269882141362698
4.17816058897371e-05
1.81151671529981e-06
3.09311810279929e-08
0
1.11468973138616e-07
5.96271465213214e-06
8.04397461028362e-05
0.000367692371845103
0.000905635800140172
0.00166216988476007
0.00159227475335183
0.000869706607143807
0.000497971004691874
0.000151649160901168
1.63999456239175e-05
4.14361104337264e-07
2.91803594603707e-09
0
1.37147689463742e-07
8.0689529979817e-06
0.000128708145900614
0.000436657817000933
0.000422636070673035
0.000634477893461867
0.000625921044853708
0.000319334096540188
0.000166423176895954
3.99554989947071e-05
2.21362206866372e-06
3.6767252920067e-08
0
0
6.30295764344006e-08
3.88448945136454e-06
6.69099806354407e-05
0.000233399688750964
0.000203138488776181
0.000190276953540428
0.000142035399673354
6.71994498012876e-05
2.72130196255525e-05
5.13924490816048e-06
1.48236226058683e-07
1.16721437841483e-09
0
0
9.92132221652603e-09
6.33213800290044e-07
1.16114486364707e-05
4.73678939048305e-05
6.45860568080168e-05
6.28276483469349e-05
4.3390610910382e-05
1.46018518739695e-05
3.26820025956152e-06
4.75639859204042e-07
1.10885365949409e-08
0
0
0
5.83607189207413e-10
4.08525032445189e-08
8.48564853107579e-07
4.65485094111833e-06
1.28212663396977e-05
2.18368301985738e-05
1.34159620655e-05
2.91395069571262e-06
2.63790449521751e-07
2.97639666495781e-08
5.83607189207413e-10
0
0
0
0
0
1.57573941086002e-08
4.67469358555138e-07
3.42927584378276e-06
2.02073989263067e-05
7.22091339134441e-05
9.86850576590276e-05
2.94657433758931e-05
5.89034736067042e-06
1.26292595744484e-06
3.03475738387855e-08
0
0
0
8.17050064890379e-09
5.78938331693754e-07
1.27383941188302e-05
7.27944919242191e-05
0.00019330937649555
0.000386366634685362
0.000526983868888943
0.000148872357894919
1.83252657411128e-05
3.70999090179153e-06
1.41816546977401e-07
1.75082156762224e-09
0
2.33442875682965e-09
1.62826405788868e-07
7.8407625870016e-06
0.000120433179564842
0.000601894520481228
0.00121287171964809
0.00131291891648673
0.00142486411309174
0.000393152819081466
4.62818009257155e-05
1.66672377165745e-05
2.75404232586978e-06
6.36131836236081e-08
1.75082156762224e-09
9.22099358947713e-08
2.29766150390959e-06
5.30201295323043e-05
0.000445508220025263
0.00183275534812945
0.00359332140498988
0.00291291420934458
0.00218870671054208
0.000763845515486285
0.000279804630793602
0.000145343285221782
2.83031978549919e-05
7.12000770833044e-07
2.15934660006743e-08
1.21973902544349e-06
2.12287115074197e-05
0.000233560180727996
0.00119631478369028
0.00354362842004325
0.00631007648393402
0.00484672522753562
0.00320716311807107
0.00186422169694994
0.00103351464022492
0.000478759823237545
9.12475676397683e-05
2.96239009241683e-06
1.05632901246542e-07
5.97088515278105e-06
9.48064042795551e-05
0.000646723139505817
0.0024186963824865
0.00598937499574952
0.00971488051105893
0.00838301653799615
0.00662694775813575
0.00457702050275844
0.00218747588298004
0.000819592257806566
0.000159007280342695
8.69808154794729e-06
1.76832978329846e-07
1.01168306249105e-05
0.00016172047016532
0.000946871733308
0.00296170610479108
0.00723377959543767
0.0132957559091318
0.0126100694028529
0.00978867355488388
0.00639681977128748
0.00273144038664616
0.000918107485773535
0.000189058381729363
1.4516061617156e-05
7.93705777322082e-08
4.87837249458477e-06
9.17237911061616e-05
0.000656995793250246
0.0024796173861463
0.00687854606986777
0.0134624428764773
0.0126671286777417
0.00911810247480549
0.00448341866371741
0.00182713987975489
0.000573081249942869
0.000105839498191521
9.14103940455572e-06
9.92132221652603e-09
1.24600134895783e-06
4.36263882148218e-05
0.00037978529641267
0.00180471243908084
0.00555442714781296
0.00995320526087962
0.00964706944092336
0.00712219390086121
0.00310963593707543
0.00120165478947152
0.000279487148482673
2.75223314358324e-05
2.25038932158379e-06
5.25246470286672e-09
1.15320780587385e-06
4.84732459211893e-05
0.00044322806673703
0.00182679730233483
0.00421710528031671
0.00614141050460994
0.00615789740770505
0.00460645648216768
0.00227445086238762
0.000665256753013477
9.14407416193959e-05
3.70940729460232e-06
1.92006765249239e-07
7.58689345969638e-09
8.98171464190209e-07
3.40902467431726e-05
0.000414242048470665
0.00171837475872388
0.00304101248573247
0.00331839397947649
0.00281115529262
0.00205928306222749
0.00102157987320563
0.000212487292340095
1.21291082132977e-05
2.35777304439795e-07
4.66885751365931e-09
3.50164313524448e-09
3.0230852400944e-07
1.12840450033253e-05
0.000186502765847824
0.000955774660979359
0.00187232800080803
0.00158232249995428
0.00119652079702807
0.000691242446720126
0.000262598723641389
4.31349909615091e-05
1.14387009084653e-06
6.41967908128155e-09
0
5.83607189207413e-10
3.61836457308596e-08
1.72922810162157e-06
3.93030261571733e-05
0.000280180473823452
0.000749604332855246
0.0007840686718067
0.000561871906659762
0.000193905239435731
4.22700851071037e-05
5.92711461359049e-06
1.3306243913929e-07
5.83607189207413e-10
0
0
1.75082156762224e-09
1.33646046328498e-07
4.23173572894295e-06
4.02000304069851e-05
0.0001649606572798
0.000296150884556113
0.000183095667077231
3.97821676595125e-05
3.56408910448967e-06
4.015217461747e-07
8.7541078381112e-09
0
0
0
0
0
9.33771502731861e-09
4.49961142878916e-07
1.18746554788032e-05
5.53703156832426e-05
9.17506370368651e-05
0.000106349570874889
9.01783992691403e-05
7.7870123648756e-05
1.85196069351189e-05
4.4003982066239e-07
1.16721437841483e-09
0
0
7.58689345969638e-09
4.33620141581108e-07
1.10290086616417e-05
0.000153087169015375
0.0005639571351468
0.00066889904548132
0.000599026091146273
0.000313315939205081
0.000211874504791427
5.02199822384871e-05
1.25825709993118e-06
4.08525032445189e-09
5.83607189207413e-10
1.80918228654298e-08
3.65921707633048e-07
7.50752288196417e-06
0.000107230817730592
0.00078816267623899
0.00224721624929607
0.00230417981260584
0.00168496324714175
0.000556942760339716
0.000233934272936278
6.42814138552505e-05
4.48385403468056e-06
8.63738640026972e-08
1.45901797301853e-08
7.91371348565253e-07
1.19505244134002e-05
8.56688665181346e-05
0.000500335197415354
0.00220763892775996
0.00506732174176975
0.00501310405028519
0.00304768778476263
0.000965985452361732
0.00044979598204437
0.00022044302554337
3.99379907790309e-05
1.26175874306643e-06
1.66328048924113e-07
9.12528201044712e-06
0.000129909793103192
0.000612210361157658
0.00174086639618874
0.00484242812780148
0.00898422298560131
0.00854215279552766
0.0051311275157658
0.00227532160431392
0.00138331128122017
0.000800682217661868
0.000184282724100079
1.12145957478097e-05
6.31462978722421e-07
3.46172440350269e-05
0.000482323912342034
0.00191420998713432
0.00367053263612202
0.00812775258950872
0.0134169506960785
0.0125167885477659
0.00876242949302211
0.00447180429704499
0.00270408671768801
0.00193364293932054
0.000606094741421954
6.46292437400182e-05
8.90584570730513e-07
4.87907282321182e-05
0.000675211924446977
0.00250175652486888
0.00398523055715115
0.0083737891247276
0.0144844943042918
0.0157615558114664
0.0118748042986365
0.00551799371820512
0.00321525833339256
0.00271618080946995
0.0010265399507067
0.000135954212761813
3.74675815471159e-07
2.08481996200564e-05
0.000302754399901995
0.00129101030260388
0.00291912320623056
0.0066335419357666
0.0110368465061928
0.0142663938780059
0.0117685019999439
0.00464564453770858
0.00185411537125444
0.00142360760681337
0.000609047210192154
9.3666619439033e-05
5.13574326502524e-08
3.83605005466033e-06
9.4201203624347e-05
0.000739496839945362
0.00277747707255241
0.00552046996350893
0.00696019680088821
0.00997313661360543
0.00960485596571361
0.00369058421192881
0.000781771010302791
0.000293805367262688
0.0001364794592321
2.44537248349798e-05
7.41181130293415e-08
5.14449737286335e-06
0.000116630978727156
0.000918815984901232
0.00305083809636997
0.00468445908464839
0.00502688535045114
0.00709393038829509
0.00633854834426669
0.00229269092147911
0.000343730627870625
3.42058009666357e-05
1.10441824485611e-05
2.11032359617401e-06
1.34229653517705e-07
7.26124064811864e-06
0.000104026814261843
0.000667773267213339
0.00211323171079783
0.00340660970776832
0.00353147713475676
0.00397857568437262
0.00304265183832696
0.00106473295599
0.000152358827243244
6.85096479410583e-06
3.227347756317e-07
4.72721823258005e-08
6.12787548667784e-08
3.09720335312374e-06
3.68384529971504e-05
0.000231298119262628
0.000927828047116973
0.00201144011207065
0.00202387911570142
0.00178456865333816
0.00100920798440162
0.000334049751816053
5.65159365956567e-05
3.61836457308596e-06
6.53640051912303e-08
5.83607189207413e-10
6.41967908128155e-09
3.18649525307248e-07
3.90316488141918e-06
3.69114038958013e-05
0.000246960969006577
0.000749921231558985
0.000938239015765244
0.000697096610435065
0.000233229859058905
5.23659058732028e-05
1.07319526023351e-05
1.06391590592511e-06
2.21770731898817e-08
0
0
7.58689345969638e-09
1.27809974436424e-07
2.78147186376253e-06
3.17283884484502e-05
0.000153394730004087
0.00030304503628222
0.000190711157289199
4.10170804718754e-05
3.92184031147382e-06
8.01876277970986e-07
9.80460077868455e-08
2.33442875682965e-09
0
0
0
0
1.16721437841483e-09
9.80460077868455e-08
3.49872509929844e-06
1.43351433885017e-05
1.45382386903459e-05
3.56513959743025e-05
0.000126921140687261
0.00014178094693886
3.39344236236543e-05
8.05961528295438e-07
1.75082156762224e-09
0
0
1.75082156762224e-09
5.19410398394598e-08
1.9679234420074e-06
4.09219525000346e-05
0.000152972198399101
0.000134852362388589
0.000142773662767702
0.000350283952998236
0.000381667429597864
9.131993493123e-05
2.17335317260841e-06
4.66885751365931e-09
0
8.7541078381112e-09
1.59324762653624e-07
1.81735278719189e-06
3.18421918503457e-05
0.000230081298273131
0.000603160364474619
0.000554853446602353
0.00042793405673666
0.000394398236823235
0.000361256935369713
8.72393534642918e-05
2.42196983521077e-06
1.40065725409779e-08
6.41967908128155e-09
3.63587278876219e-07
5.89559982537329e-06
3.85443368112036e-05
0.000301450037834116
0.00119604632438324
0.00183741253349932
0.00170021582103169
0.00138978348494848
0.00052982778672195
0.000266244517752368
9.03984191794715e-05
1.04553227946508e-05
2.75462593305899e-07
6.94492555156822e-08
3.8967452023379e-06
5.91433361614685e-05
0.000317524914253645
0.0012380590387199
0.00350815152261852
0.0047803439950136
0.00422562652888633
0.00332988170338885
0.00145156530921235
0.000947252245195364
0.000455741188480826
8.25588238068483e-05
3.60260717897736e-06
2.35777304439795e-07
1.2673030113639e-05
0.000171832048325528
0.000818042197112031
0.00226737404161129
0.00536910385209453
0.00830609886128018
0.00732605489533764
0.00528310116226416
0.00284142349588105
0.00219169127770768
0.00108896841173622
0.000242310786922972
2.11429212506062e-05
2.9997409525261e-07
1.53739641852909e-05
0.000183468592071135
0.000834973225278128
0.00219816173061443
0.00527022853849182
0.00935783021630903
0.00869966837589474
0.00663810632759339
0.00365763900249087
0.00241590907455085
0.00107956124745339
0.000306309734898646
4.420941179684e-05
1.23724724111972e-07
6.22942313759993e-06
7.53092553025138e-05
0.000527862781315889
0.00190690439233982
0.0040618249154843
0.00676058738478517
0.00716709663799883
0.00679719881458572
0.00394518634986368
0.0020578876574381
0.000697642866764164
0.00019035632411816
3.19028869980233e-05
6.47803980020229e-08
3.30380029810317e-06
4.34635618090329e-05
0.000405220648539897
0.00162350007240318
0.00284797215215115
0.0034714087812004
0.00455435203231525
0.00491724948749382
0.00300845128982503
0.00113331497122252
0.000255830631068151
5.33539528445309e-05
8.84631777400597e-06
3.44328241632374e-07
1.70979398222096e-05
0.000183351870633293
0.000753042362806867
0.00158638615681273
0.0022563532034503
0.00224229994233418
0.00280740736725091
0.00266096456608466
0.00136805287125834
0.000378135438888781
5.30714869649546e-05
5.38727796357363e-06
7.86702491051593e-07
6.54807266290718e-07
3.23324218892799e-05
0.000333618466103229
0.00107960618520696
0.00143146120875854
0.00193449734024554
0.00175300367490269
0.00155124249909304
0.0010750995704919
0.000566972049886245
0.000232685937158563
4.09884837196043e-05
1.03415193927554e-06
1.92590372438446e-08
3.01141309631025e-07
1.48504685365718e-05
0.000152291712416485
0.000484353698146098
0.000880939878321671
0.00191857186726645
0.00137218130851479
0.000733493272789986
0.000328966533198056
0.000299085261503448
0.000191064239638669
3.78661852573446e-05
8.80663248513987e-07
1.75082156762224e-09
3.15147882172003e-08
1.55006069453489e-06
1.60042599496349e-05
6.16750241482502e-05
0.000384849255993423
0.00122419136468996
0.000667504224299114
0.000229949986655559
7.24443276106946e-05
9.01468844809231e-05
6.53464969755541e-05
1.3258388124414e-05
3.08728203090722e-07
5.83607189207413e-10
5.83607189207413e-10
3.61836457308596e-08
3.93351245525797e-07
4.59357218625155e-06
0.000116280230806442
0.000404562339630471
0.000168041519631626
3.45314537782134e-05
7.7695625099183e-06
8.46405506507512e-06
6.29712157154799e-06
1.28510303063472e-06
2.97639666495781e-08
0
0
0
0
0
5.83607189207413e-09
2.07764159357839e-07
8.0537792110623e-07
6.19207227749066e-07
2.21712371179896e-06
9.52855457818944e-06
1.07733887127689e-05
2.57896016910756e-06
6.12787548667784e-08
0
0
0
0
4.08525032445189e-09
2.0542973060101e-07
2.76571446965393e-06
9.14862629801541e-06
7.4392408408269e-06
8.66481593816247e-06
2.61263430392483e-05
2.89947723742027e-05
6.93908947967615e-06
1.64577227356491e-07
5.83607189207413e-10
0
5.83607189207413e-10
1.05049294057334e-08
2.21770731898817e-07
6.95659769535237e-06
3.32947901442829e-05
5.3548294038537e-05
6.23473396302172e-05
6.02504389993949e-05
3.70088662963989e-05
2.77686136696779e-05
6.64261702755878e-06
1.75665763951431e-07
5.83607189207413e-10
5.83607189207413e-10
2.3927894757504e-08
3.97436495850249e-07
3.95393870688023e-06
7.96670501843256e-05
0.000312756259910631
0.000339985620537482
0.000450503313957689
0.000477370838127231
0.000137751722904572
3.43289420835585e-05
1.05953885200606e-05
1.02598143862663e-06
2.27606803790891e-08
4.66885751365931e-09
2.5270191292681e-07
3.91075177487888e-06
2.72515377000402e-05
0.000318332626603508
0.00117760550441866
0.00125371138353445
0.00143823922265399
0.00146379129621906
0.000475627603453069
0.000209866896060553
7.79343204395688e-05
9.61609565657055e-06
2.99390488063403e-07
1.45901797301853e-08
7.93122170132875e-07
1.09414675832606e-05
7.26941114876754e-05
0.000569939692443365
0.0020207708238117
0.00250431914403669
0.00235415351261049
0.00207273287350997
0.000830853542129513
0.00052665413082704
0.000190726331076118
2.50805189561886e-05
1.46135240177536e-06
1.80918228654298e-08
9.2501739489375e-07
1.28183483037516e-05
0.000157588531265732
0.000824705240391212
0.00207366897944146
0.00300511947638184
0.00250012300834629
0.00191392693764755
0.00112422178760748
0.000650480986197123
0.000186540700315122
2.59635166334594e-05
2.80773418727687e-06
7.58689345969638e-09
3.78177458606404e-07
9.82502703030681e-06
0.000276430214025605
0.00124821788906244
0.00188551635606974
0.00220107393048857
0.00172553211729232
0.00147723994028716
0.0014216974604831
0.00068659284824371
0.00014620585664743
1.80031145726703e-05
2.0700547001187e-06
4.66885751365931e-09
2.47449448223943e-07
7.05172566719318e-06
0.00020436931633822
0.000896495927949995
0.00119591209472972
0.00115890497925489
0.000789446028448057
0.000719404995242519
0.00082420625624444
0.000362795323920464
6.47593881432114e-05
6.29712157154799e-06
6.01115404883636e-07
2.6845930703541e-08
1.32828996263607e-06
1.50909146985253e-05
0.000106798364803389
0.000346198702673784
0.000576883450780555
0.00083310860030861
0.000428826392128959
0.0002724505966024
0.000329892134200139
0.000173061708673188
3.0878072773775e-05
1.17129962873928e-06
5.54426829747043e-08
5.13574326502524e-08
2.52293387894365e-06
2.60166248876773e-05
8.86866992935262e-05
0.000140093738554861
0.000265079054195521
0.000400180616853902
0.000198402516435763
0.000163542491810026
0.000391996693239646
0.000287781373855689
5.8368305814201e-05
1.37089328744821e-06
4.08525032445189e-09
2.33442875682965e-08
1.16021109214434e-06
1.18793243363169e-05
3.88764093018626e-05
0.000124511426603023
0.000352586283359659
0.000188783502743246
6.26414776535777e-05
0.000105837747369954
0.000362983829042578
0.000278335107891178
5.70114190992938e-05
1.3300407842037e-06
2.91803594603707e-09
2.33442875682965e-09
1.21390295355142e-07
1.25358824241752e-06
7.84017897981239e-06
0.000159575130137794
0.000547504081268664
0.00019119613486343
2.19377942423067e-05
3.43085158319362e-05
0.000126710458491957
9.7709850045862e-05
2.00317331623553e-05
4.67469358555138e-07
1.16721437841483e-09
0
2.91803594603707e-09
3.44328241632374e-08
2.220041747745e-06
8.65250182647019e-05
0.000301228850709406
9.65747340628536e-05
5.76428820780162e-06
3.32772819286067e-06
1.22761772249779e-05
9.47661353834998e-06
1.94341194006069e-06
4.55213607581782e-08
0
0
0
0
0
2.85967522711633e-08
1.17713570063135e-06
4.07182735910012e-06
1.17771930782056e-06
3.03475738387855e-08
5.25246470286672e-09
5.25246470286672e-09
1.16721437841483e-09
0
0
0
0
0
5.83607189207413e-10
2.79547843630351e-07
1.124377610727e-05
3.882680269078e-05
1.1364582795436e-05
4.65718536987516e-07
6.0695147677571e-08
1.57573941086002e-08
3.50164313524448e-09
0
0
0
0
0
1.05049294057334e-08
9.75207613165588e-07
2.53443094057103e-05
8.45512587508024e-05
3.0453206740032e-05
8.90059324260226e-06
2.08931373736254e-06
8.7541078381112e-08
1.22557509733557e-08
1.16721437841483e-09
0
0
0
5.83607189207413e-10
1.13219794706238e-07
4.93906764226234e-06
2.97598813992536e-05
6.47739783229416e-05
7.93892531622629e-05
8.58614568905731e-05
2.1885269595278e-05
1.59908369842831e-06
3.78761065795611e-07
3.44328241632374e-08
5.83607189207413e-10
0
0
4.08525032445189e-09
4.8964643174502e-07
1.84618298233873e-05
7.55024292821415e-05
9.66721964634512e-05
0.000192202857264813
0.000245183301508251
6.7594551868381e-05
1.22785116537348e-05
3.71174172335915e-06
3.33823312226641e-07
6.41967908128155e-09
0
5.83607189207413e-10
4.96066110826301e-08
2.52526830770048e-06
3.70759811231578e-05
0.000135585956625423
0.000166614016446824
0.000225592775380936
0.000282662555199151
8.97126807321528e-05
3.02874622982971e-05
9.24725591299147e-06
7.66859846618541e-07
1.51737869193928e-08
0
1.16721437841483e-09
4.35954570337938e-07
1.86818497337185e-05
9.941223221678e-05
0.000185354810506653
0.000202013294115389
0.000183894041712067
0.000193720235956752
9.05192258676374e-05
3.85204089164461e-05
9.35639045737325e-06
6.42551515317362e-07
1.28393581625631e-08
0
2.33442875682965e-09
1.20631606009172e-06
5.11660094921923e-05
0.000231927831419783
0.000283017388370189
0.000174796772846702
0.00010708491593329
0.000100721846749361
9.61008450252171e-05
4.26109117056009e-05
7.92013316473381e-06
5.34000578124783e-07
1.05049294057334e-08
0
2.33442875682965e-09
1.20106359538886e-06
5.09039698642382e-05
0.000227993151750147
0.000259525448183023
0.000115888630382484
4.03628568127739e-05
3.26125533400995e-05
4.88181577700109e-05
2.2059768144851e-05
3.67380725606067e-06
2.32275661304551e-07
4.08525032445189e-09
0
1.75082156762224e-09
4.38872606283975e-07
1.83591149580868e-05
8.26265222407964e-05
0.000102922629459863
7.06824175064775e-05
2.01332808132773e-05
7.9586512392215e-06
1.86812661265293e-05
1.15174878790083e-05
2.13250066936389e-06
6.47803980020229e-08
5.83607189207413e-10
0
1.16721437841483e-09
5.89443261099488e-08
2.00293987335984e-06
9.47661353834998e-06
1.73809893089752e-05
2.40381965162642e-05
7.93180530851796e-06
7.67501814526669e-06
2.80615844786601e-05
2.14609871687242e-05
4.38113916938005e-06
1.02714865300505e-07
0
0
5.83607189207413e-10
7.58689345969638e-09
1.92006765249239e-07
4.9355659991271e-06
1.70565037117759e-05
7.36920797812201e-06
1.21507016792983e-06
6.81478114837497e-06
2.71044686883599e-05
2.09304882337347e-05
4.29184726943132e-06
1.00380436543675e-07
0
0
0
1.16721437841483e-09
2.53285520116017e-07
1.03718669665941e-05
3.61468784779396e-05
1.14334484437624e-05
6.23876085262725e-07
2.37819929602021e-06
9.52096768472974e-06
7.35461779839182e-06
1.50804097691196e-06
3.50164313524448e-08
0
0
0
5.83607189207413e-10
1.4881983324789e-07
6.1558886317598e-06
2.14539838824537e-05
6.75408600069739e-06
3.28570847523774e-07
2.34026482872173e-07
9.23850180515335e-07
7.13167985211459e-07
1.46485404491061e-07
3.50164313524448e-09
0
0
0
0
5.83607189207413e-10
3.60085635740974e-07
1.49140817201955e-05
5.15897083115569e-05
1.49175833633307e-05
3.64754493254633e-07
1.75082156762224e-09
0
0
0
0
0
0
0
7.00328627048896e-09
3.43161027253959e-06
0.000142031898030219
0.000491441607459022
0.000142724639763808
4.26616855310619e-06
2.10098588114669e-07
4.66885751365931e-09
0
0
0
0
0
0
1.45901797301853e-08
7.2740800062812e-06
0.000301197919528378
0.00104770971788801
0.000330839328668223
4.30089318086403e-05
8.71909140675876e-06
2.07180552168632e-07
5.83607189207413e-10
0
0
0
0
0
7.00328627048896e-09
3.43686273724246e-06
0.000143455899571885
0.000551820440040042
0.000426209497492552
0.000344437959783945
8.30776505980537e-05
1.9760939426563e-06
4.08525032445189e-09
0
0
0
0
0
2.91803594603707e-09
3.83429923309271e-07
1.79850227498049e-05
0.000180771159642618
0.00062184046338677
0.000729850396714953
0.00017779476297766
4.23407015769978e-06
1.05049294057334e-08
0
0
0
0
1.75082156762224e-09
7.70361489753786e-08
3.69423350768293e-07
2.25447457190824e-06
6.41611907742738e-05
0.000296716983529644
0.000359301851285869
8.77902786509036e-05
2.1021530955251e-06
8.7541078381112e-09
5.83607189207413e-10
0
0
0
1.92590372438446e-08
8.14132028944342e-07
3.66680396979018e-06
4.19671929759051e-06
8.55859942972672e-06
3.66365249096846e-05
4.69465295142228e-05
1.16680585338238e-05
2.95888844928159e-07
5.25246470286672e-09
5.83607189207413e-10
0
0
0
6.01115404883636e-08
2.54336013056591e-06
1.14311140150056e-05
1.24343347732532e-05
3.28804290399457e-06
1.87921514924787e-06
3.06452135052813e-06
8.44479602783127e-07
4.02688960553115e-08
4.08525032445189e-09
0
0
0
0
6.88656483264748e-08
2.93437694733487e-06
1.31860208329523e-05
1.43234712447175e-05
3.41818730718782e-06
1.64577227356491e-07
1.77416585519054e-07
6.88656483264748e-08
1.16721437841483e-08
1.75082156762224e-09
0
0
0
0
2.62623235143336e-08
1.12636187517031e-06
5.06279236637431e-06
5.50341579422591e-06
1.32303749793321e-06
4.14361104337264e-08
7.00328627048896e-09
9.92132221652603e-09
5.83607189207413e-09
1.16721437841483e-09
0
0
0
0
2.91803594603707e-09
1.12052580327823e-07
5.0540382585362e-07
5.52092400990213e-07
1.40065725409779e-07
7.00328627048896e-09
3.50164313524448e-09
1.40065725409779e-08
1.05049294057334e-08
2.33442875682965e-09
0
0
0
0
0
2.91803594603707e-09
1.40065725409779e-08
2.10098588114669e-08
6.41967908128155e-09
5.83607189207413e-10
3.50164313524448e-09
1.34229653517705e-08
1.05049294057334e-08
2.33442875682965e-09
0
0
0
0
0
0
5.25246470286672e-09
1.80918228654298e-08
5.83607189207413e-09
5.83607189207413e-10
1.16721437841483e-09
4.66885751365931e-09
3.50164313524448e-09
5.83607189207413e-10
0
0
0
0
0
0
2.91803594603707e-09
1.05049294057334e-08
3.50164313524448e-09
0
0
5.83607189207413e-10
5.83607189207413e-10
0
0
0
0
