0
0
0
0
0
0
0
0
0
0
0
0
0
0
0
0
0
0
0
0
0
0
0
0
0
0
0
0
0
0
0
0
0
0
0
0
0
0
0
0
0
0
0
0
0
0
0
0
0
0
0
0
0
0
0
0
0
0
0
0
0
0
0
0
0
0
0
0
0
0
0
0
0
0
0
0
0
0
0
0
0
0
0
0
0
0
0
0
0
0
0
0
0
0
0
0
0
0
0
0
0
0
0
0
0
0
0
0
0
0
0
0
0
0
0
0
0
0
0
0
0
0
0
0
0
0
0
0
0
0
0
0
0
0
0
0
0
0
0
0
0
0
0
0
0
0
0
0
0
0
0
0
0
0
0
0
0
0
0
0
0
0
0
0
0
0
0
0
0
0
0
0
0
0
0
0
0
0
0
0
0
0
0
0
0
0
0
0
0
0
0
0
0
0
0
0
0
0
0
0
0
0
0
0
0
0
0
0
0
0
0
0
0
0
0
0
0
0
0
0
0
0
0
0
0
0
0
0
0
0
0
0
0
0
0
0
0
0
0
0
0
0
0
0
0
0
0
0
0
0
0
0
0
0
0
0
0
0
0
0
0
0
0
0
0
0
0
0
0
0
0
0
0
0
0
0
0
0
0
0
0
0
0
0
0
0
0
0
0
0
0
0
0
0
0
0
0
0
0
0
0
0
0
0
0
0
0
0
0
0
0
0
0
0
0
0
0
0
0
0
0
0
0
0
0
0
0
0
0
0
0
0
0
0
0
0
0
0
0
0
0
0
0
0
0
0
0
0
0
0
0
0
0
0
0
0
0
0
0
0
0
0
0
0
0
0
0
0
0
0
0
0
0
0
0
0
0
0
0
0
0
0
0
0
0
0
0
0
0
0
0
0
0
0
0
0
0
0
0
0
0
0
0
0
0
0
0
0
0
0
0
0
0
0
0
0
0
0
0
0
0
0
0
0
0
0
0
0
0
0
0
0
0
0
0
0
0
0
0
0
0
0
0
0
0
0
0
0
0
0
0
0
0
0
0
0
0
0
0
0
0
0
0
0
0
0
0
0
0
0
0
0
0
0
0
0
0
0
0
0
0
0
0
0
0
0
0
0
0
0
0
0
0
0
0
0
0
0
0
0
0
0
0
0
0
0
0
0
0
0
0
0
0
0
0
0
0
0
0
0
0
0
0
0
0
0
0
0
0
0
0
0
0
0
0
0
0
0
0
0
0
0
0
0
0
0
0
0
0
0
0
0
0
0
0
0
0
0
0
0
0
0
0
0
0
0
0
0
0
0
0
0
0
0
0
0
0
0
0
0
0
0
0
0
0
0
0
0
0
0
0
0
0
0
0
0
0
0
0
0
0
0
0
0
0
0
0
0
0
0
0
0
0
0
0
0
0
0
0
0
0
0
0
0
0
0
0
0
0
0
0
0
0
0
0
0
0
0
0
0
0
0
0
0
0
0
0
0
0
0
0
0
0
0
0
0
0
0
0
0
0
0
0
0
0
0
0
0
0
0
0
0
0
0
0
0
0
0
0
0
0
0
0
0
0
0
0
0
0
0
0
0
0
0
0
0
0
0
0
0
0
0
0
0
0
0
0
0
0
0
0
0
0
0
0
0
0
0
0
0
0
0
0
0
0
0
0
0
0
0
0
0
0
0
0
0
0
0
0
0
0
0
0
0
0
0
0
0
0
0
0
0
0
0
0
0
0
0
0
0
0
0
0
0
0
0
0
0
0
0
0
0
0
0
0
0
0
0
0
0
0
0
0
0
0
0
0
0
0
0
0
0
0
0
0
0
0
0
0
0
0
0
0
0
0
0
0
0
0
0
0
0
0
0
0
0
0
0
0
0
0
0
0
0
0
0
0
0
0
0
0
0
0
0
0
0
0
0
0
0
0
0
0
0
0
0
0
0
0
0
0
0
0
0
0
0
0
0
0
0
0
0
0
0
0
0
0
0
0
0
0
0
0
0
0
0
0
0
0
0
0
0
0
0
0
0
0
0
0
0
0
0
0
0
0
0
0
0
0
0
0
0
0
0
0
0
0
0
0
0
0
0
0
0
0
0
0
0
0
0
0
0
0
0
0
0
0
0
0
0
0
0
0
0
0
0
0
0
0
0
0
0
0
0
0
0
0
0
0
0
0
0
0
0
0
0
0
0
0
0
0
0
0
0
0
0
0
0
0
0
0
0
0
0
0
0
0
0
0
0
0
0
0
0
0
0
0
0
0
0
0
0
0
0
0
0
0
0
0
0
0
0
0
0
0
0
0
0
0
0
0
0
0
0
0
0
0
0
0
0
0
0
0
0
0
0
0
0
0
0
0
0
0
0
0
0
0
0
0
0
0
0
0
0
0
0
0
0
0
0
0
0
0
0
0
0
0
0
0
0
0
0
0
0
0
0
0
0
0
0
0
0
0
0
0
0
0
0
0
0
0
0
0
0
0
0
0
0
0
0
0
0
0
0
0
0
0
0
0
0
0
0
0
0
0
0
0
0
0
0
0
0
0
0
0
0
0
0
0
0
0
0
0
0
0
0
0
0
0
0
0
0
0
0
0
0
0
0
0
0
0
0
0
0
0
0
0
0
0
0
0
0
0
0
0
0
0
0
0
0
0
0
0
0
0
0
0
0
0
0
0
0
0
0
0
0
0
0
0
0
0
0
0
0
0
0
0
0
0
0
0
0
0
0
0
0
0
0
0
0
0
0
0
0
0
0
0
0
0
0
0
0
0
0
0
0
0
0
0
0
0
0
0
0
0
0
0
0
0
0
0
0
0
0
0
0
0
0
0
0
0
0
0
0
0
0
0
0
0
0
0
0
0
0
0
0
0
0
0
0
0
0
0
0
0
0
0
0
0
0
0
0
0
0
0
0
0
0
0
0
0
0
0
0
0
0
0
0
0
0
0
0
0
0
0
0
0
0
0
0
0
0
0
0
0
0
0
0
0
0
0
0
0
0
0
0
0
0
0
0
0
0
0
0
0
0
0
0
0
0
0
0
0
0
0
0
0
0
0
0
0
0
0
0
0
0
0
0
0
0
0
0
0
0
0
0
0
0
0
0
0
0
0
0
0
0
0
0
0
0
0
0
0
0
0
0
0
0
0
0
0
0
0
0
0
0
0
0
0
0
0
0
0
0
0
0
0
0
0
0
0
0
0
0
0
0
0
0
0
0
0
0
0
0
0
0
0
0
0
0
0
0
0
0
0
0
0
0
0
0
0
0
0
0
0
0
0
0
0
0
0
0
0
0
0
0
0
0
0
0
0
0
0
0
0
0
0
0
0
0
0
0
0
0
0
0
0
0
0
0
0
0
0
0
0
0
0
0
0
0
0
0
0
0
0
0
0
0
0
0
0
0
0
0
0
0
0
0
0
0
0
0
0
0
0
0
0
0
0
0
0
0
0
0
0
0
0
0
0
0
0
0
0
0
0
0
0
0
0
0
0
0
0
0
0
0
0
0
0
0
0
0
0
0
0
0
0
0
0
0
0
0
0
0
0
0
0
0
0
0
0
0
0
0
0
0
0
0
0
0
0
0
0
0
0
0
0
0
0
0
0
0
0
0
0
0
0
0
0
0
0
0
0
0
0
0
0
0
0
0
0
0
0
0
0
0
0
0
0
0
0
0
0
0
0
0
0
0
0
0
0
0
0
0
0
0
0
0
0
0
0
0
0
0
0
0
0
0
0
0
0
0
0
0
0
0
0
5.67783813664803e-10
1.41945953416201e-09
1.41945953416201e-09
5.67783813664803e-10
0
0
0
0
0
0
0
0
0
0
0
0
0
5.67783813664803e-10
3.12281097515642e-09
7.66508148447485e-09
7.94897339130725e-09
3.12281097515642e-09
5.67783813664803e-10
0
0
0
0
0
0
0
0
0
0
0
0
1.13556762732961e-09
8.23286529813965e-09
2.04402172919329e-08
2.07241091987653e-08
8.51675720497205e-09
1.13556762732961e-09
0
0
0
0
0
0
0
0
0
0
0
0
1.41945953416201e-09
9.93621673913406e-09
2.44147039875865e-08
2.49824878012514e-08
1.02201086459665e-08
1.41945953416201e-09
0
0
0
0
0
0
0
0
0
0
0
0
8.51675720497205e-10
5.11005432298323e-09
1.27751358074581e-08
1.27751358074581e-08
5.39394622981563e-09
8.51675720497205e-10
0
0
0
0
0
0
0
0
0
0
0
0
5.67783813664803e-10
3.97448669565362e-09
8.23286529813965e-09
6.24562195031284e-09
1.98724334782681e-09
2.83891906832402e-10
0
0
0
0
0
0
0
0
0
0
0
2.83891906832402e-10
3.12281097515642e-09
2.07241091987653e-08
4.05965426770334e-08
2.58341635217486e-08
6.24562195031284e-09
5.67783813664803e-10
0
0
0
0
0
0
0
0
0
0
0
5.67783813664803e-10
1.02201086459665e-08
6.501124666462e-08
1.26615790447251e-07
8.00575177267373e-08
1.90207577577709e-08
1.98724334782681e-09
0
0
0
0
0
0
0
0
0
0
0
5.67783813664803e-10
1.39107034347877e-08
8.91420587453741e-08
1.73457955074597e-07
1.09866167944139e-07
2.58341635217486e-08
2.55502716149162e-09
0
0
0
0
0
0
0
0
0
0
0
2.83891906832402e-10
7.66508148447485e-09
4.82616241615083e-08
9.3968221161525e-08
5.96173004348044e-08
1.41945953416201e-08
1.41945953416201e-09
0
0
0
0
0
0
0
0
0
0
0
0
1.41945953416201e-09
9.65232483230166e-09
1.87368658509385e-08
1.19234600869609e-08
2.83891906832402e-09
2.83891906832402e-10
0
0
0
0
0
0
0
0
0
0
0
0
0
5.67783813664803e-10
1.41945953416201e-09
8.51675720497205e-10
2.83891906832402e-10
0
0
0
0
0
0
0
0
0
0
0
0
0
0
0
0
0
0
0
0
0
0
0
0
0
0
0
0
0
0
0
0
0
0
0
0
0
0
0
0
0
0
0
0
0
0
0
0
0
0
0
0
0
0
0
0
0
0
0
0
0
0
0
0
0
0
0
0
0
0
0
0
0
0
0
0
0
0
0
0
0
0
0
0
0
0
0
0
0
0
0
0
0
0
0
0
0
0
0
0
0
0
0
1.41945953416201e-09
1.02201086459665e-08
2.52663797080838e-08
2.55502716149162e-08
1.05040005527989e-08
1.41945953416201e-09
0
0
0
0
0
0
0
0
0
0
0
1.13556762732961e-09
2.18596768260949e-08
1.53017737782665e-07
3.82118506596413e-07
3.89499696174055e-07
1.60682819267139e-07
2.35630282670893e-08
1.41945953416201e-09
2.83891906832402e-10
0
0
0
0
0
0
0
2.83891906832402e-10
1.98724334782681e-09
9.36843292546926e-09
1.33429196211229e-07
9.243520486463e-07
2.3043506077586e-06
2.34892163713129e-06
9.69490861832652e-07
1.4421708867086e-07
1.30590277142905e-08
3.40670288198882e-09
5.67783813664803e-10
0
0
0
0
0
0
1.70335144099441e-09
1.19234600869609e-08
3.86092993292066e-08
3.63381640745474e-07
2.45083883168412e-06
6.09686259113266e-06
6.20928378623829e-06
2.56524727013758e-06
3.94325858590206e-07
5.19522189503295e-08
1.73174063167765e-08
2.55502716149162e-09
0
0
0
0
0
2.83891906832402e-10
5.11005432298323e-09
3.40670288198882e-08
8.77225992112121e-08
4.72680024875949e-07
2.97348383216258e-06
7.34541919738156e-06
7.46096320346235e-06
3.08448556773404e-06
4.95391377422541e-07
9.28326535341954e-08
3.54864883540502e-08
5.39394622981563e-09
0
0
0
0
0
2.83891906832402e-10
6.81340576397764e-09
4.45710293726871e-08
1.06175573155318e-07
3.15403908490798e-07
1.62698451805649e-06
3.87682787970328e-06
3.86376885198899e-06
1.58809132682046e-06
2.83324123018737e-07
9.1129302093201e-08
4.08804345838658e-08
7.09729767081004e-09
0
0
0
0
0
2.83891906832402e-10
3.69059478882122e-09
2.49824878012514e-08
6.98374090807708e-08
2.61464446192642e-07
1.25792503917437e-06
2.49171926626799e-06
1.83649674529881e-06
5.75165003242446e-07
1.26048006633586e-07
9.14131940000333e-08
4.96810836956703e-08
1.05040005527989e-08
0
0
0
0
0
0
8.51675720497205e-10
6.24562195031284e-09
6.18884356894636e-08
9.83685457174272e-07
6.13234907948671e-06
1.18848507876317e-05
7.52994893682262e-06
1.80214582457209e-06
2.31371904068407e-07
9.6807140229849e-08
5.45072461118211e-08
1.27751358074581e-08
0
0
0
0
0
0
0
2.55502716149162e-09
1.39107034347877e-07
2.97178048072158e-06
1.90383590559945e-05
3.70246147052682e-05
2.34199467460458e-05
5.54781564331879e-06
5.73745543708284e-07
6.67145981056144e-08
2.86730825900726e-08
6.81340576397764e-09
0
0
0
0
0
0
0
2.55502716149162e-09
1.87368658509385e-07
4.06135761914434e-06
2.60615609391213e-05
5.06959972625961e-05
3.20687136876949e-05
7.58956623725743e-06
7.54300796453691e-07
3.7473731701877e-08
5.96173004348044e-09
1.41945953416201e-09
0
0
0
0
0
0
0
1.41945953416201e-09
1.01349410739167e-07
2.20186562939211e-06
1.41295840949555e-05
2.74858466356995e-05
1.73866759420436e-05
4.114445405722e-06
4.06533210583999e-07
1.61818386894469e-08
5.67783813664803e-10
0
0
0
0
0
0
0
0
2.83891906832402e-10
2.01563253851005e-08
4.3974856368339e-07
2.82273722963457e-06
5.49132115385915e-06
3.47370137200127e-06
8.21867070279803e-07
8.11930853540669e-08
3.12281097515642e-09
0
0
0
0
0
0
0
0
0
0
1.41945953416201e-09
3.12281097515642e-08
2.0099547003734e-07
3.90919155708217e-07
2.47269850851022e-07
5.84817328074747e-08
5.67783813664803e-09
2.83891906832402e-10
0
0
0
0
0
0
0
0
0
0
0
8.51675720497205e-10
5.11005432298323e-09
9.65232483230166e-09
6.24562195031284e-09
1.41945953416201e-09
2.83891906832402e-10
0
0
0
0
0
0
0
0
0
0
0
0
0
0
0
0
0
0
0
0
0
0
0
0
0
0
0
0
0
0
0
0
0
0
0
0
0
0
0
0
0
0
0
0
0
0
0
0
0
0
0
0
0
0
0
0
0
0
0
0
0
0
0
0
0
0
0
0
0
0
0
0
0
0
0
0
0
0
0
0
0
2.83891906832402e-10
2.27113525465921e-09
1.13556762732961e-08
4.28676779316927e-08
1.49894926807508e-07
3.11997205608809e-07
3.04616016031167e-07
1.25480222819922e-07
2.07241091987653e-08
4.25837860248603e-09
1.70335144099441e-09
2.83891906832402e-10
0
0
2.83891906832402e-10
5.67783813664803e-10
5.67783813664803e-10
5.67783813664803e-10
5.96173004348044e-09
3.97448669565362e-08
9.76588159503462e-08
3.42941423453541e-07
1.88220334229882e-06
4.55447786131222e-06
4.59592607970975e-06
1.91768983065287e-06
3.78144019900759e-07
1.53585521596329e-07
6.75662738261116e-08
1.02201086459665e-08
0
2.83891906832402e-10
1.13556762732961e-09
3.97448669565362e-09
4.82616241615083e-09
6.24562195031284e-09
8.68709234907149e-08
5.58415380739334e-07
1.16991854805633e-06
2.35829007005676e-06
1.153367649888e-05
2.78719396289915e-05
2.79764118507059e-05
1.18564615969484e-05
3.14467065198251e-06
2.07865654182685e-06
9.6097410462768e-07
1.46204332018687e-07
0
5.67783813664803e-10
4.54227050931843e-09
1.41945953416201e-08
1.81690820372737e-08
3.3215353099391e-08
5.43085217770385e-07
3.49187045403854e-06
7.10780167136284e-06
9.34288265385434e-06
3.32834871570308e-05
7.70758010292766e-05
7.57630848520835e-05
3.27568676698567e-05
1.21440440985696e-05
1.05863292057803e-05
4.98145128918815e-06
7.59410850776675e-07
0
8.51675720497205e-10
7.09729767081004e-09
2.10080011055977e-08
2.7537514962743e-08
8.34642206087261e-08
1.54493975698193e-06
1.00097447430037e-05
2.06182175175168e-05
2.20126945638776e-05
5.01367302061363e-05
0.000102913087362
9.59480833197741e-05
4.20716450249346e-05
2.13129010135357e-05
2.17211375755607e-05
1.03569445450597e-05
1.60228592216208e-06
0
5.67783813664803e-10
3.97448669565362e-09
1.19234600869609e-08
1.61818386894469e-08
9.8226599764011e-08
1.99093394261563e-06
1.3112399392775e-05
2.85217682037309e-05
3.12738163485642e-05
4.62897109766504e-05
6.98442224865348e-05
5.62020807956106e-05
2.50404017502452e-05
1.99527748879017e-05
2.39550829904249e-05
1.19833612793025e-05
2.05168681067777e-06
0
0
8.51675720497205e-10
2.55502716149162e-09
3.69059478882122e-09
5.13844351366647e-08
1.07964092168362e-06
7.36245271179151e-06
1.83013756658576e-05
2.6248361813817e-05
3.65570447347152e-05
3.9513211160561e-05
2.3300996037083e-05
1.07450247816996e-05
1.77741883948698e-05
2.6160355322699e-05
1.46908383947631e-05
3.11173919078996e-06
0
0
0
2.83891906832402e-10
5.67783813664803e-10
1.56140548757821e-08
2.71400662931776e-07
1.86233090882056e-06
5.96201393538727e-06
1.69858205695963e-05
5.39360555952743e-05
8.83216111346285e-05
5.39073825126843e-05
1.63700590236768e-05
1.73179741005902e-05
2.67182029196247e-05
1.61137046318071e-05
3.7990414972312e-06
0
0
0
0
2.83891906832402e-10
9.93621673913406e-09
9.22648697205306e-08
4.21295589739284e-07
2.01790367376471e-06
2.22165289529833e-05
0.000131728399797396
0.000252849462387906
0.000159632135319953
3.95438714864989e-05
1.1735239752731e-05
1.37744353195081e-05
8.42846682194717e-06
2.04998345923677e-06
0
0
0
0
2.83891906832402e-10
7.94897339130725e-09
5.90495166211396e-08
1.91910929018704e-07
1.52449953969e-06
2.78409954111468e-05
0.000177224916786357
0.000344385297691691
0.000217825717841993
5.19028217585407e-05
6.67316316200243e-06
2.88888404392652e-06
1.67638170984533e-06
4.10791589186485e-07
0
0
0
0
2.83891906832402e-10
3.40670288198882e-09
2.32791363602569e-08
6.87018414534412e-08
7.55720255987853e-07
1.50025517084651e-05
9.59937899167741e-05
0.000186660632093745
0.000118059572267229
2.79616494715506e-05
2.8738377728644e-06
2.98086502174022e-07
1.20654060403771e-07
2.92408664037374e-08
0
0
0
0
0
5.67783813664803e-10
3.97448669565362e-09
1.16395681801285e-08
1.47623791552849e-07
2.99704686042966e-06
1.91839956041995e-05
3.73002737468024e-05
2.35897141063316e-05
5.58188267213868e-06
5.54157002136848e-07
2.58341635217486e-08
3.40670288198882e-09
8.51675720497205e-10
0
0
0
0
0
0
2.83891906832402e-10
8.51675720497205e-10
1.05040005527989e-08
2.13770605844799e-07
1.36722342330485e-06
2.65722824795128e-06
1.68007230463415e-06
3.97448669565362e-07
3.91770831428714e-08
1.41945953416201e-09
0
0
0
0
0
0
0
0
0
0
2.83891906832402e-10
5.39394622981563e-09
3.43509207267206e-08
6.6430706198782e-08
4.20160022111955e-08
9.93621673913406e-09
8.51675720497205e-10
0
0
0
0
0
0
0
0
0
0
0
0
0
0
0
0
0
0
0
0
0
0
0
0
0
0
0
0
0
0
0
0
0
0
0
0
0
0
0
0
0
0
0
0
0
0
0
0
0
0
0
0
0
0
0
0
0
0
0
0
0
0
0
0
0
0
0
0
0
0
0
0
0
0
0
0
2.83891906832402e-10
3.97448669565362e-09
1.90207577577709e-08
4.68421646273463e-08
5.50750299254859e-08
5.36555703913239e-08
4.35490185080904e-07
2.74353138762833e-06
7.54698245123257e-06
9.6386980207737e-06
5.95009047530031e-06
2.26999968703188e-06
7.19382091913306e-07
1.73457955074597e-07
4.45710293726871e-08
1.41945953416201e-08
1.98724334782681e-09
2.83891906832402e-10
6.24562195031284e-09
4.96810836956703e-08
1.65792873590123e-07
2.57773851403821e-07
1.99859902410011e-07
2.96383150733027e-07
1.86942820649137e-06
6.52553937044959e-06
1.39090000833467e-05
2.2133916408095e-05
2.58531842795063e-05
1.9256104148535e-05
8.07218247887251e-06
2.40229331561578e-06
1.28489477032345e-06
5.53021434509519e-07
8.34642206087261e-08
1.98724334782681e-09
4.88294079751731e-08
3.82402398503245e-07
1.17360914284515e-06
1.52847402638565e-06
8.52527396217702e-07
1.75530365994474e-06
1.07989642439977e-05
2.51020062940278e-05
3.38376441591676e-05
6.44727037173589e-05
0.000110402723648053
9.90251876979305e-05
4.48004140334076e-05
1.96214730326283e-05
1.68484168866894e-05
7.80901468123887e-06
1.18638427865261e-06
7.66508148447485e-09
1.78000225583916e-07
1.38539250534212e-06
4.20869751879036e-06
5.33887119989015e-06
2.81620771577743e-06
6.79750781719503e-06
4.19949942100899e-05
8.9701325801834e-05
9.7401609882756e-05
0.000168590344440049
0.000294810105677269
0.000261502771600064
0.00012234804341184
8.02270011951162e-05
8.55792153146275e-05
4.05051294830334e-05
6.17436508169791e-06
1.16395681801285e-08
2.66574500515625e-07
2.07524983894486e-06
6.30126476405199e-06
7.97934982533831e-06
4.41054466454819e-06
1.51354131208627e-05
9.51208223032645e-05
0.000200938407764067
0.000202712164397956
0.000288150285434888
0.000442359517550528
0.000354342238540024
0.000166295362265216
0.000150866972696502
0.000177842381683717
8.52166853496025e-05
1.3207219289657e-05
6.52951385714524e-09
1.50462710621173e-07
1.17417692665881e-06
3.57902526943609e-06
4.56611742949235e-06
3.03650783547937e-06
1.82460167440253e-05
0.000116378932178782
0.000257842269353367
0.000289357109930832
0.000356474550652242
0.000412139507960126
0.000265667181981389
0.000126038638200661
0.000166033613927116
0.00021089620028812
0.000104901182385548
1.8019471002373e-05
1.41945953416201e-09
3.06603259378994e-08
2.42727580341703e-07
7.60546418404004e-07
1.04983227146622e-06
1.575316191013e-06
1.45522991442289e-05
8.29009790655706e-05
0.000196415441904413
0.000278212933128126
0.000349327571897736
0.0003162973163216
0.000169178852362913
0.000105719074969132
0.000201511017740148
0.000265808276259085
0.000141708619782089
2.94103498721163e-05
0
2.27113525465921e-09
1.98724334782681e-08
7.89219500994077e-08
2.37049742205055e-07
2.02840767431751e-06
1.72540984215529e-05
6.97454281029571e-05
0.000136995446344857
0.000184700926260881
0.000246761116553978
0.000239237129347199
0.000144069464879307
0.000117882139825459
0.000227908990588866
0.000292635493670933
0.000160567275261059
3.64988468938146e-05
0
0
1.13556762732961e-09
1.16395681801285e-08
1.5954725163981e-07
2.77845009216872e-06
2.20589689446913e-05
7.29897448142378e-05
0.000109348916889891
0.0001039518478491
0.000154560406404392
0.000201459633305011
0.000131298871342358
8.60186799864041e-05
0.000132162470522943
0.000156817914847523
8.49898557160434e-05
1.98681750996656e-05
0
0
0
2.83891906832402e-09
1.07878924596313e-07
2.29952444534245e-06
1.7174324795733e-05
4.92751182689e-05
6.27773012497558e-05
5.63633313986914e-05
0.000116691497168204
0.000182110128719129
0.000111072708548177
4.14862599130462e-05
3.48417698336338e-05
3.40488597378509e-05
1.736907464382e-05
4.09286962080274e-06
0
0
0
5.67783813664803e-10
4.37193536521899e-08
9.67787510391657e-07
6.85996403669815e-06
1.75192534625343e-05
1.99297796434483e-05
2.20365414840515e-05
6.00303631592455e-05
9.61953531706251e-05
5.58903674819086e-05
1.43368251869431e-05
4.94710036846143e-06
3.15489076062848e-06
1.3598422337272e-06
3.17391151838625e-07
0
0
0
0
7.94897339130725e-09
1.74309630795095e-07
1.20483725259671e-06
2.91187928837994e-06
3.25624017136765e-06
4.7855658734738e-06
1.41656383671232e-05
2.1951090020095e-05
1.23123919993213e-05
2.79463193085816e-06
6.60048683385334e-07
2.65155040981463e-07
6.58629223851172e-08
1.13556762732961e-08
0
0
0
0
5.67783813664803e-10
1.19234600869609e-08
8.37481125155585e-08
2.15473957285793e-07
3.27895152391424e-07
6.7736608970211e-07
1.68518235895714e-06
2.32677806839836e-06
1.26700958019301e-06
3.75021208925603e-07
2.0922833533548e-07
9.48198968820222e-08
1.56140548757821e-08
8.51675720497205e-10
0
0
0
0
0
2.83891906832402e-10
2.55502716149162e-09
1.19234600869609e-08
4.82616241615083e-08
1.30306385236072e-07
2.40740336993877e-07
2.83608014925569e-07
1.82258604186402e-07
1.23492979472095e-07
9.59554645093518e-08
3.83254074223742e-08
5.67783813664803e-09
2.83891906832402e-10
0
0
0
0
0
0
0
1.13556762732961e-09
8.51675720497205e-09
3.23636773788938e-08
7.40957876832568e-08
9.62393564161842e-08
6.98374090807708e-08
5.28038946708267e-08
3.66220559813798e-08
1.27751358074581e-08
1.70335144099441e-09
0
0
0
0
0
0
0
0
0
8.51675720497205e-10
4.82616241615083e-09
1.36268115279553e-08
1.87368658509385e-08
1.36268115279553e-08
1.02201086459665e-08
6.81340576397764e-09
2.27113525465921e-09
2.83891906832402e-10
0
0
0
0
0
0
0
0
0
0
2.83891906832402e-10
8.51675720497205e-10
1.41945953416201e-09
8.51675720497205e-10
8.51675720497205e-10
5.67783813664803e-10
2.83891906832402e-10
0
0
0
0
0
0
0
0
0
0
0
0
0
0
0
0
0
0
0
0
2.83891906832402e-10
2.12918930124301e-08
4.35490185080904e-07
3.39194050283354e-06
1.09267156020723e-05
1.46496740682724e-05
7.90780906481655e-06
9.73862797197871e-06
3.97048381976729e-05
9.00499450634242e-05
0.000101251751923217
5.33952415127586e-05
1.48637285660241e-05
4.23765449328726e-06
1.36268115279553e-06
2.32223579788905e-07
2.95247583105698e-08
3.69059478882122e-09
3.69059478882122e-09
1.11569519385134e-07
1.44557758959059e-06
8.81172089617092e-06
2.532855203568e-05
3.23032084027385e-05
1.83405527490005e-05
2.75074224206187e-05
8.65705658532862e-05
0.000163370707841029
0.000189854132153703
0.000135020126457118
6.31648137025821e-05
2.82779050557619e-05
1.10564542034947e-05
2.99335626564084e-06
8.24705989348127e-07
1.21505736124268e-07
2.66858392422458e-08
6.44150736602719e-07
5.55888742768526e-06
2.10571144054797e-05
4.00208098899773e-05
3.84085877510761e-05
2.65061356652209e-05
7.89080393959729e-05
0.00019908828420724
0.000287444246262596
0.000334885138921451
0.000286352114097011
0.000168647690605229
9.55049280532088e-05
5.0743691102944e-05
2.7157951483308e-05
1.08866868432089e-05
1.64770862725526e-06
9.62393564161842e-08
2.24217828016231e-06
1.77344435279133e-05
5.59258539702626e-05
7.68872968031398e-05
4.58479751696192e-05
3.9804484256971e-05
0.00019281824755294
0.000449533749928089
0.000561681273235534
0.00061576324927092
0.000507610368984514
0.000286525004268272
0.000170439048537342
0.000139640751132722
0.000123546351150579
5.59372096465359e-05
8.53691353035715e-06
1.4421708867086e-07
3.35900904164098e-06
2.65444610726432e-05
8.29199998233284e-05
0.000109012504980294
5.72942129611948e-05
5.90869903528414e-05
0.000317425502759352
0.000715554093441578
0.000836281397957311
0.000893436787776065
0.000748952840712783
0.000389443485576502
0.000203829846835155
0.000236340864113695
0.000261376439701524
0.000122933428523728
1.91845633880132e-05
8.20447610745641e-08
1.94352399417462e-06
1.60523839799313e-05
5.40655103047899e-05
7.80197416194943e-05
4.91644004252353e-05
7.08230817812929e-05
0.000362719888710648
0.000825914233303606
0.00102022376504314
0.0011503095662676
0.00103182869841063
0.000565233044881914
0.000291345488846286
0.00035355926466098
0.000390108644314211
0.000186028972601043
3.26609122053473e-05
1.73174063167765e-08
4.53375375211346e-07
4.60557840454205e-06
2.10006199160201e-05
4.42383080578795e-05
5.00623505265462e-05
9.72718712813336e-05
0.000390621069206043
0.00085621202927648
0.00115839509166609
0.00142692674298742
0.00135024186111385
0.000840211597515499
0.000541638504613167
0.000671161632078288
0.000673697638482022
0.000322202551875621
7.08591360534606e-05
1.70335144099441e-09
6.33078952236256e-08
1.09156438177058e-06
8.43357687627016e-06
3.00936776918619e-05
5.84138826417418e-05
0.000158358596225902
0.000534504868778282
0.000967572888110092
0.00110717361048395
0.00134393349905213
0.00136408812108579
0.000950578266891384
0.000732521744929137
0.000912402186612004
0.000842550866827798
0.000406476148310726
0.000119831625549677
0
8.23286529813965e-09
2.23990714490765e-07
2.63536857112518e-06
1.3608642445918e-05
4.33389384970344e-05
0.000189008702055156
0.000610109541946353
0.000948373278451017
0.000850934478728466
0.000923059204902585
0.00100106531971055
0.000713916604922969
0.000551080465542505
0.000613727460407025
0.000503008197282854
0.000250049720402725
0.000111461072676724
0
5.67783813664803e-10
2.58341635217486e-08
4.20727805925619e-07
3.1174170289266e-06
2.20538588903683e-05
0.000140086745318355
0.000425859719925429
0.000609052612377216
0.00053189788939784
0.000605529513813426
0.000682037247137131
0.000431820882185095
0.000259619148798231
0.00022696845670153
0.000151508568405943
7.57764277717047e-05
4.99206884650368e-05
0
0
1.41945953416201e-09
3.12281097515642e-08
4.95675269329373e-07
7.88907219896561e-06
5.78117479073503e-05
0.000173036943376765
0.000253466075609546
0.000261304898941002
0.000337009218168371
0.000367518797503743
0.000205089759117677
0.000104327436841839
9.12110629623687e-05
5.05103319555277e-05
1.70812082502919e-05
9.78490235279239e-06
0
0
0
1.41945953416201e-09
6.58629223851172e-08
1.46062386065271e-06
1.21420568552218e-05
4.4588062887097e-05
9.03605228094988e-05
0.000127360722810779
0.000154597596244187
0.000140944382768896
7.44773384060396e-05
6.06677004900842e-05
7.88904380977493e-05
4.20245189684004e-05
7.97338809529483e-06
1.1267669782178e-06
0
0
0
0
4.54227050931843e-09
1.27183574260916e-07
1.52847402638565e-06
9.91520873802846e-06
3.63563331565847e-05
7.12892322923117e-05
8.45949620736396e-05
7.16077590117777e-05
4.38178641438607e-05
4.66369107787065e-05
5.54338692957221e-05
2.71488669422894e-05
4.49656391231841e-06
2.75091257720597e-07
0
0
0
0
2.83891906832402e-10
7.38118957764244e-09
1.76864657956586e-07
2.17801870921819e-06
1.23336838923337e-05
3.21782959637322e-05
5.1387274055733e-05
5.62074747418404e-05
3.97795017691698e-05
3.38189072933167e-05
2.79466032004885e-05
1.12424034024699e-05
1.67439446649751e-06
8.60192477702177e-08
0
0
0
0
0
2.83891906832402e-10
1.76012982236089e-08
3.24772341416268e-07
2.490015914827e-06
9.35991616826428e-06
2.14162376676227e-05
2.777797140783e-05
2.03473846383987e-05
1.54962397344466e-05
1.07404825111903e-05
3.78342744235542e-06
5.16683270434971e-07
2.38469201739217e-08
0
0
0
0
0
0
1.13556762732961e-09
2.44147039875865e-08
2.62600013819972e-07
1.4115105607707e-06
3.96852496561014e-06
5.48592720762933e-06
4.07299718732447e-06
3.03253334878372e-06
2.01392918706906e-06
6.83611711652423e-07
9.08454101863686e-08
3.97448669565362e-09
0
0
0
0
0
0
0
8.51675720497205e-10
1.33429196211229e-08
8.99937344658713e-08
2.76510717254759e-07
3.94893642403871e-07
3.06319367472161e-07
2.35630282670893e-07
1.5131438634167e-07
4.91132998820055e-08
6.24562195031284e-09
2.83891906832402e-10
0
0
0
0
0
0
0
0
2.83891906832402e-10
1.98724334782681e-09
6.81340576397764e-09
1.07878924596313e-08
1.05040005527989e-08
9.65232483230166e-09
5.67783813664803e-09
1.41945953416201e-09
2.83891906832402e-10
0
2.27113525465921e-09
1.36268115279553e-07
3.0061314014483e-06
2.40206620209032e-05
7.82147753594882e-05
0.000106010348065542
5.9431635127736e-05
5.93385185822949e-05
0.000167749740503918
0.000300952107081588
0.000298811845995979
0.000157896987985393
5.58713467241508e-05
2.59971174762704e-05
1.20770456085572e-05
3.41607131491429e-06
8.51675720497205e-07
2.58057743310653e-07
1.39107034347877e-08
5.07314837509502e-07
8.10511394006507e-06
5.64490667545548e-05
0.000173892593583958
0.000232336568767824
0.000141501378690101
0.000167052501980738
0.000396729003581542
0.000617757022132604
0.000634850721626797
0.000450469173761102
0.000239550546012342
0.000122369903088666
4.96666052084219e-05
1.31680422065141e-05
4.96924393719436e-06
2.09569005623679e-06
8.91420587453741e-08
2.23735211774616e-06
2.13566203671879e-05
9.5026854082103e-05
0.00021746205230934
0.000249394213989849
0.000176882827038624
0.000331998809904686
0.000739690015576655
0.00106465568738148
0.00121522003130529
0.00102822611011293
0.000637439248033295
0.000370171483481185
0.00016075890229817
4.56282428337309e-05
1.88694433714292e-05
8.87758381855603e-06
3.14836124677133e-07
7.39112579438158e-06
5.96865700600715e-05
0.000196778255761345
0.000294705917347462
0.000211719486817934
0.000183622988690638
0.000633907916604206
0.00141774227201758
0.00189906226318607
0.00213853842951882
0.00171620322761671
0.00102637343152894
0.000630963389746541
0.000305169321357583
0.000100606749510894
4.04605584536607e-05
1.96237441678829e-05
4.71828349155452e-07
1.10925084756624e-05
8.96314883927532e-05
0.000291024690991566
0.000401707332059755
0.000235195076377719
0.00025388339671259
0.00109916729092746
0.00237593991379644
0.00282006722625081
0.00282523803344186
0.00213571938288397
0.00127828888954337
0.000805841656031021
0.000437086225381116
0.000169901641157708
5.95886273522143e-05
2.47079643273444e-05
2.71400662931776e-07
6.65158737708317e-06
5.92550543616862e-05
0.000222799220157789
0.000359253000744411
0.000265473283809022
0.00035411313777121
0.00143741711672869
0.00303005128184228
0.00336912496195714
0.00305655798529131
0.00240807449040652
0.00174012395968641
0.00118520868226641
0.000675465433385868
0.00028801117840054
9.62217551179606e-05
3.1230096994912e-05
6.13206518757988e-08
1.82485717711868e-06
2.28317227150891e-05
0.000125166238370965
0.000297165272936351
0.000349355677196513
0.000454286384340371
0.0014438327899312
0.00298874784831723
0.00341158241608346
0.00311385077879297
0.00264471769940099
0.00221004341966032
0.00156285021349208
0.000911950230696327
0.000426804512191367
0.000175770254655747
9.12388843692383e-05
7.66508148447485e-09
3.77292344180262e-07
7.72384710918915e-06
6.40110954768494e-05
0.000232242316654756
0.000387550778233651
0.00051214838111523
0.00133156063807665
0.00259964304578558
0.0029926896874436
0.00286623344424799
0.00254674347954215
0.00215482757934905
0.00153891244790797
0.000940313019432231
0.000479974627422007
0.000298975367734314
0.000299349537267519
8.51675720497205e-10
6.27401114099608e-08
1.78596398588264e-06
2.13481036099829e-05
0.000107200139047076
0.000226973566755853
0.000412504592952312
0.00117588879485701
0.00221046925752057
0.00242624357244379
0.00227009422303686
0.00206637793296444
0.00173492504719659
0.00128426708531744
0.000818703378870063
0.000438169840789495
0.00036866174632065
0.000469864668835892
0
5.67783813664803e-09
2.27681309279586e-07
3.79620257816288e-06
2.38716187698162e-05
7.09096688128768e-05
0.000240312227998373
0.00083043805083898
0.00161059259935599
0.00181132830829858
0.00166782151717861
0.00147758498262641
0.00119374360855342
0.000932253044305353
0.000649569097536523
0.000354410372597663
0.000243662152498996
0.000278420458112021
0
2.83891906832402e-10
1.64657305962793e-08
3.53729315913172e-07
2.95474696631164e-06
1.70837632774534e-05
0.000106562801716238
0.000448536437659387
0.000954133161348739
0.00116500693417622
0.00112160326832443
0.000918810194733025
0.000638918892651705
0.000561250893104776
0.000538610513534892
0.000298762732696097
0.000104264128946616
6.28982392020664e-05
0
0
8.51675720497205e-10
2.21435687329273e-08
3.29314611925586e-07
3.59946548672802e-06
3.39063460006211e-05
0.00019058572159761
0.000521676361292339
0.000805340586815461
0.000848457237949446
0.000639319180240339
0.000370632240045974
0.000413213471043672
0.000550470949618536
0.000306858762095143
6.63838640341547e-05
9.55012374584199e-06
0
0
0
1.41945953416201e-09
3.52025964472178e-08
5.32581217217586e-07
7.54016904546859e-06
6.29416746638118e-05
0.000257911822870541
0.000529835130802796
0.000638514914468283
0.000535334684821953
0.000336030358873613
0.000348691654026432
0.000402153610137296
0.00020870228363212
4.2199680274916e-05
3.67185792297028e-06
0
0
0
0
2.27113525465921e-09
5.08166513229999e-08
1.19972719827373e-06
1.55868012527262e-05
9.09121247844742e-05
0.00024583335780245
0.000406440094038558
0.00045101878849273
0.000325009675050379
0.000272989889826224
0.00021879747983908
9.19977274362013e-05
1.69313133234844e-05
1.36949455855951e-06
0
0
0
0
0
3.12281097515642e-09
1.27183574260916e-07
2.37078131395739e-06
1.85838481131558e-05
7.21494247700139e-05
0.000169262600475428
0.000225731823555368
0.000179330826951239
0.000145080687851444
9.5018337324898e-05
3.22322354260304e-05
4.85682274208873e-06
3.13700557049804e-07
0
0
0
0
0
0
7.38118957764244e-09
1.81406928465905e-07
1.9915017264293e-06
1.0983210091532e-05
3.18029908628998e-05
4.83215253538499e-05
4.78545231671106e-05
4.4071379616662e-05
2.53132218727111e-05
6.84860836042486e-06
8.24989881254959e-07
4.08804345838658e-08
0
0
0
0
0
0
2.83891906832402e-10
6.52951385714524e-09
1.02201086459665e-07
7.11433118521999e-07
2.41194564044808e-06
5.01920891279686e-06
8.36232000765522e-06
9.53848417766186e-06
4.81679398322536e-06
9.34856049199099e-07
7.57991391242513e-08
2.55502716149162e-09
0
0
0
0
0
0
0
0
1.98724334782681e-09
1.81690820372737e-08
9.42521130683574e-08
4.00003696726854e-07
1.0662980020625e-06
1.34763488173341e-06
6.45002412323217e-07
1.02768870273329e-07
5.39394622981563e-09
0
1.13556762732961e-09
8.37481125155585e-08
1.94778237277711e-06
1.58584858075648e-05
5.25617348742987e-05
7.68713988563572e-05
6.76145354502731e-05
0.00010403162147492
0.000169797168935994
0.000193070343566207
0.000192800646254716
0.000162152527668811
0.000136899490880348
0.000124973475766226
7.92609170361656e-05
2.86739342657931e-05
7.75592689466121e-06
2.26148292982691e-06
3.97448669565362e-09
2.10931686776474e-07
4.41309969170968e-06
3.47395687471742e-05
0.00011543442380475
0.000184920090812956
0.00023465369451139
0.000438236839279508
0.000651190688108349
0.000661957004783061
0.000662563681787962
0.000638486809169506
0.000487519622629892
0.000289698915786658
0.000151456332295086
7.55263190017853e-05
4.12406934136362e-05
1.82020134984663e-05
1.47623791552849e-08
4.60756564788988e-07
6.24562195031284e-06
3.94595555901697e-05
0.000120977129393746
0.000215008090666681
0.000413104172659542
0.000974515748583585
0.00154455934182677
0.00161004156516483
0.00161829288343691
0.0016169832900707
0.00118611628469256
0.000641140914606482
0.000358079959385379
0.000219178178886142
0.000144765000051047
7.63402370986738e-05
4.76938403478435e-08
1.1872359543731e-06
1.10541830682401e-05
4.61230664273398e-05
9.76730105456878e-05
0.00016328099799847
0.000503352558165842
0.00158752467857442
0.00290171340308818
0.00322892891825465
0.00309420545884017
0.00286509021153918
0.00211271107940283
0.00138106968327678
0.000890017877542082
0.000470680858068035
0.000271528130397944
0.000164512521090308
7.29602200559272e-08
1.89583015382678e-06
1.89605726735224e-05
8.12456053568309e-05
0.000148040828763986
0.000194591152511108
0.000696605728120049
0.0024702505085976
0.00470347143131554
0.00514264284275234
0.00456937196631228
0.00402360141499516
0.00321828013282937
0.00256185561352666
0.00176258293232783
0.000793216699042277
0.000329383597658946
0.000192763172523014
4.82616241615083e-08
1.59093024588878e-06
2.21606022473373e-05
0.000122821859004343
0.000260525047872934
0.000342218918550653
0.000971938010069547
0.00319393924073756
0.00593529033852141
0.00628484899843131
0.00545948551542696
0.00521981658648947
0.00464571731346527
0.00382126114899516
0.00267204428267696
0.00124148145214683
0.000453188858228557
0.000181002382498669
1.81690820372737e-08
9.42521130683574e-07
1.8478524215721e-05
0.000126652412503233
0.000339760982421298
0.000548182780849467
0.00117644749412966
0.00318286802415491
0.00577450162757303
0.00634813986014053
0.00584448382152628
0.00617574224133795
0.00580239741412219
0.00439458312597845
0.00289000598474232
0.00146902961612211
0.000623127405334153
0.000220020486173714
5.39394622981563e-09
3.88364128546726e-07
9.16516632017726e-06
7.92089648172152e-05
0.000304744335173055
0.000646867582151106
0.00118040437952709
0.00259949087972352
0.00461704565033473
0.00544128037911752
0.00539005719458394
0.00572555042996982
0.00535034923357529
0.00380164365044923
0.00229938760944336
0.00119580835439182
0.000558940012983161
0.000224697321446871
8.51675720497205e-10
8.09091934472345e-08
2.43636034443567e-06
3.11173919078996e-05
0.000174813538929722
0.000456535376026297
0.000841290102869555
0.00178354040067401
0.00321933535904706
0.00398830797313776
0.00421528182378552
0.00430285878644853
0.00380668869352554
0.00275926268986163
0.0016677420274447
0.000834209554821248
0.000369195179213588
0.000165797983644446
0
9.08454101863685e-09
4.37477428428731e-07
8.36345557528255e-06
6.06552092461836e-05
0.000193996398966294
0.000420839375445005
0.000987500112726379
0.00190597304387409
0.00253447707803174
0.00292084203977055
0.00296542300535998
0.00245281443546377
0.00181222285169701
0.00112443764512224
0.000559653717236937
0.000226692513768089
8.74273516281064e-05
0
8.51675720497205e-10
5.70622732733127e-08
1.39674818161542e-06
1.33170854576011e-05
5.95219127541087e-05
0.000163524861146439
0.000431385675891921
0.000920492538172914
0.00141989445656328
0.00186053529250984
0.00187760514508386
0.00139651255133275
0.000933856465795142
0.000595012454232913
0.000350329142545041
0.000153520794241572
4.33383707132208e-05
0
0
4.25837860248603e-09
1.54721089223659e-07
2.33359147416234e-06
1.45855144973283e-05
4.76787940767814e-05
0.000153568204190013
0.000443011617260522
0.000935256336787732
0.00138102369278788
0.00130776595401359
0.000831616770036148
0.000487996844925277
0.000375404746891733
0.000303183497469291
0.000139493695124983
2.85146709060601e-05
0
0
2.83891906832402e-10
1.47623791552849e-08
3.04332124124335e-07
2.185116006889e-06
8.79213235459948e-06
4.69835427969488e-05
0.000219473426469248
0.000594308402303968
0.000943845486428947
0.000910459230401643
0.000581270098698877
0.000386432811904545
0.000326628426703138
0.000255970853903528
0.000107958130438319
1.73423888045778e-05
0
0
0
8.51675720497205e-10
1.90207577577709e-08
1.51030494434838e-07
1.04245108188858e-06
1.16253735847868e-05
7.8209949197072e-05
0.000263932602430643
0.000522179701643153
0.000620168967773052
0.000482900701305729
0.000386840480682756
0.000271067373833155
0.000143424746358891
4.81704948594151e-05
6.70240402840617e-06
0
0
0
0
5.67783813664803e-10
4.82616241615083e-09
9.3968221161525e-08
1.83450950195098e-06
1.67799989371428e-05
7.8420029208128e-05
0.000207848052884461
0.000316340183999532
0.000341364687802994
0.000328172514784399
0.000185291137535186
5.62117331204429e-05
1.14763303336998e-05
1.27637801311848e-06
0
0
0
0
0
0
5.39394622981563e-09
1.52449953969e-07
1.9696420496032e-06
1.24523507093896e-05
4.17905920371705e-05
9.15647922782818e-05
0.000161499008499283
0.000186368507321615
9.30257000308414e-05
1.80191871104662e-05
1.74451576748511e-06
1.14124546546625e-07
0
0
0
0
0
0
2.83891906832402e-10
6.24562195031284e-09
1.09866167944139e-07
8.78077667832618e-07
4.43609493616311e-06
1.86093983847708e-05
4.92927195671236e-05
6.21697725691345e-05
2.97280249158618e-05
4.74496933079676e-06
2.61748338099474e-07
6.81340576397764e-09
0
0
0
0
0
0
0
0
2.55502716149162e-09
3.23636773788938e-08
3.7473731701877e-07
2.55956943200093e-06
7.76671478712085e-06
1.00100286349105e-05
4.7426981955421e-06
7.24492146236289e-07
3.40670288198882e-08
5.67783813664803e-10
0
9.93621673913406e-09
2.32223579788905e-07
1.92251599306902e-06
6.94371214921371e-06
1.60098001939065e-05
4.36480967835749e-05
0.00011349231927011
0.000175993109802611
0.000165916082677688
0.000133390303019993
0.000117235434061695
0.000176896169958245
0.000268402196611812
0.000204266188695956
7.65117078104006e-05
1.81128714397209e-05
4.24759071002639e-06
2.83891906832402e-10
2.10080011055977e-08
4.9879808030453e-07
4.19563849107607e-06
1.70054091111677e-05
5.66898070915486e-05
0.000201513288875403
0.000497396222068591
0.000692571056340147
0.000600526202847412
0.000500595116074779
0.000487010320549035
0.000458189046383596
0.000434739858771146
0.000329946839202102
0.000176709652975456
8.33313591963285e-05
3.31835572058258e-05
2.83891906832402e-10
2.12918930124301e-08
4.89713539285893e-07
4.22204043841148e-06
2.07192830363492e-05
0.000100806893305211
0.000425270644218751
0.0010701291233452
0.00153966192254201
0.00148216046848883
0.00140877384278884
0.00142018402630824
0.00103815295841914
0.000667168408516784
0.000541403158222402
0.000399350745341139
0.000265164977198202
0.000139524071559014
2.83891906832402e-10
1.90207577577709e-08
3.87228560919396e-07
3.23949054886454e-06
2.00410652709266e-05
0.000131016966678874
0.000591449326910259
0.00157481057952693
0.0026399437730957
0.00315400189506819
0.00325994183794083
0.00308221301301985
0.00213863381719951
0.00136262238717081
0.00106516924784094
0.000700755092230312
0.000469888799647973
0.000306438602073031
8.51675720497205e-10
4.62743808136815e-08
9.50753995981713e-07
6.99992274676653e-06
3.36587922578632e-05
0.000199509295905073
0.000871533675488225
0.00236893147429247
0.00424736302871712
0.00536190476975099
0.00546325645162542
0.00504463200083752
0.00376763680671359
0.00259318024652654
0.00179978384390724
0.000912481108562103
0.000480667891458492
0.000346094043078915
1.41945953416201e-09
9.79427078571786e-08
2.14423557230513e-06
1.58630280780741e-05
6.59753435802228e-05
0.000324116835003392
0.00131152411507624
0.00337668897792278
0.00571609313887751
0.00683042763881941
0.00675336830352072
0.00642450990588942
0.00520893926807919
0.00375372411603545
0.00244656171621579
0.00110772748359418
0.000426817571219081
0.000242463844760256
1.41945953416201e-09
1.06743356968983e-07
2.5084688887711e-06
2.17895555251073e-05
0.000110936156540991
0.000499761609436319
0.00168541145972595
0.00378791634118625
0.00604878464503487
0.00730975130209905
0.00726085006947144
0.0068363606957803
0.00568296664394496
0.00418541128513243
0.0026532483673094
0.00127329210809121
0.00056279299394269
0.000282618651630258
5.67783813664803e-10
5.62105975528155e-08
1.61449327415587e-06
2.04379461566783e-05
0.000139596463995256
0.00058101885436133
0.00160049711925712
0.0031826142247902
0.00516235118670846
0.006772085864722
0.00682505271334735
0.00606366228430433
0.00490215857625842
0.00352713039665094
0.00217649875194901
0.00118084015360408
0.00068300617021515
0.000376296451371094
2.83891906832402e-10
1.61818386894469e-08
7.34144471068591e-07
1.41290163111418e-05
0.000114297720609793
0.000452660251498035
0.00111165825093618
0.00217194115127672
0.00377751283836847
0.00514755445663244
0.00512624638178132
0.00428086340929097
0.00325371041058586
0.00218924152407908
0.00132445141694576
0.000794943897403445
0.00051018384911995
0.000265519558189836
0
3.69059478882122e-09
2.56638283776491e-07
6.20105092094015e-06
5.87176469820525e-05
0.000260011203521567
0.000641756960044309
0.00123222515652456
0.00214846073555452
0.00287983101490954
0.00293922915079227
0.00259123615474855
0.00194433989951486
0.00114600122268951
0.000617882218463517
0.000425944887497478
0.000340942540537534
0.000164576964553159
0
5.67783813664803e-10
5.08166513229999e-08
1.57332894766517e-06
2.08053022841194e-05
0.000118069224592062
0.000301333657804371
0.000512224464146261
0.000845241594320756
0.00123222969879506
0.0015289540876001
0.00162829382753081
0.00131040274204425
0.000766182808322255
0.000391151095396099
0.000357711751582218
0.000364278455279158
0.000173774778442622
0
0
5.96173004348044e-09
2.88150285434888e-07
5.43340720486534e-06
3.59140295657398e-05
9.11576912838842e-05
0.00014351985014768
0.000291582822480398
0.000608745441334023
0.000939909892924529
0.00106017587309166
0.000901828348650124
0.000667382463014535
0.000438467643399763
0.000404542844425197
0.000321311415180074
0.000125322095027816
0
0
5.67783813664803e-10
3.77576236087094e-08
8.13918096888496e-07
5.58983164552999e-06
1.43112749153282e-05
2.93847996005014e-05
0.000109518968142083
0.000292863742764026
0.00046233557157479
0.000496792100090852
0.000439471769074229
0.000406016527313564
0.000337088140118471
0.000305182096493391
0.000179386185873072
4.90329584723719e-05
0
0
0
2.27113525465921e-09
5.22361108571619e-08
3.63381640745474e-07
1.05040005527989e-06
4.71345732913837e-06
2.82889768401283e-05
8.46894980786148e-05
0.000144787427511686
0.000177062814507555
0.000203461355140087
0.00022612416217061
0.000177489504043524
0.000129524830816563
6.09175253680968e-05
1.19751284140044e-05
0
0
0
0
1.13556762732961e-09
8.80064911180445e-09
4.31515698385251e-08
5.2718727098777e-07
4.17888886857295e-06
1.59939022471238e-05
4.02416777934929e-05
9.06997736381635e-05
0.000183596018959489
0.000224371413537827
0.000121021984315026
3.75739455449889e-05
1.08537553820164e-05
1.675246142218e-06
0
0
0
0
0
0
1.41945953416201e-09
3.37831369130558e-08
3.64233316465971e-07
2.12521481454736e-06
1.03549573017119e-05
4.74005800080856e-05
0.00013065699174101
0.000166229215450924
8.00302641036814e-05
1.36994878561044e-05
1.27013239116817e-06
1.12705087012463e-07
0
0
0
0
0
0
0
1.13556762732961e-09
1.76012982236089e-08
1.9503373999386e-07
2.26034736219958e-06
1.56044025509498e-05
4.74883026072968e-05
6.12386071147242e-05
2.90293669331472e-05
4.4579546129892e-06
2.22287363049771e-07
5.39394622981563e-09
0
0
0
0
0
0
0
0
5.67783813664803e-10
1.61818386894469e-08
3.2392066569577e-07
2.50676553733011e-06
7.79027781538794e-06
1.00756076653888e-05
4.76711289952969e-06
7.23356578608959e-07
3.3215353099391e-08
5.67783813664803e-10
0
0
8.51675720497205e-10
1.44784872484525e-08
2.81620771577742e-07
3.60287218961001e-06
2.00561115419887e-05
4.80407562579927e-05
8.77654668891438e-05
0.000166508848979154
0.000192091200379542
0.00010829766515889
5.91057272186924e-05
6.31844022441535e-05
6.29618309891969e-05
3.97119354953437e-05
1.32798956178061e-05
2.07099146034237e-06
0
0
2.55502716149162e-09
6.61468142919496e-08
1.52705456685149e-06
1.94241681573798e-05
0.000105462152793448
0.000229558970351376
0.000290562514967243
0.000388939861333782
0.000428080038528765
0.000306626538515354
0.000216580851830532
0.000190615530247827
0.000215872541522986
0.000169126900143962
6.54833589056823e-05
1.20744905813957e-05
0
2.83891906832402e-10
8.23286529813965e-09
2.69413419583949e-07
4.96356609905771e-06
5.04856333596333e-05
0.000249450708479308
0.000551959394886059
0.000687979672530947
0.000734798274130026
0.000730097591936695
0.000654784475756941
0.000526250143803316
0.000381479182022226
0.000398348606910021
0.000324682915465615
0.000137352582363653
3.35037872767327e-05
0
5.67783813664803e-10
3.40670288198882e-08
1.04926448765256e-06
1.47447778570613e-05
0.000103120044562081
0.00039053079157967
0.000907392913915946
0.00145834818312754
0.00173473938188952
0.00164099827425346
0.00142334771771799
0.00103409387193525
0.00059356971556239
0.000429753297427635
0.000302659149117371
0.000141098536074306
5.40033379771936e-05
0
1.13556762732961e-09
7.69347067515809e-08
2.27028357893872e-06
2.94887040384021e-05
0.00017830995165427
0.00057589148263203
0.00138801907326413
0.00255860136059864
0.00320692871493467
0.00310054419733593
0.00274554020676108
0.00196254333247286
0.00105466638285576
0.000509338135129496
0.000223653450905448
9.75918174603337e-05
5.75221781623812e-05
0
1.41945953416201e-09
8.77225992112121e-08
2.52010845695123e-06
3.29632570861238e-05
0.000206112337766088
0.000714526972522658
0.00183036326065169
0.00334988191683632
0.00418663826595376
0.00437252075033088
0.00408868959636654
0.0030010372450721
0.00177881643934432
0.000852845922937168
0.000288178390733664
0.000102362904846559
7.65494654340093e-05
0
1.13556762732961e-09
6.98374090807708e-08
1.96680313053488e-06
2.61717109989723e-05
0.000174282661063946
0.000663141117926459
0.00176608388732289
0.00333948607910002
0.0046611420124392
0.00537275682178157
0.00488122921321102
0.00345307634107799
0.00228488555916664
0.00126768609460699
0.000475905320829472
0.000218605852801968
0.000197252355245755
0
1.13556762732961e-09
7.0689084801268e-08
1.89355901857212e-06
2.21498143548776e-05
0.000135382372530236
0.000498955924204729
0.0013141526702416
0.00278683569131273
0.00456411286873821
0.00541352568684605
0.00474737559859907
0.00334552559552597
0.0022880501022521
0.00138078153299135
0.000602671857879251
0.000327779324493436
0.00029728904980773
0
8.51675720497205e-10
6.44434628509552e-08
1.63862408623662e-06
1.69443723511987e-05
9.64505719948675e-05
0.000362281275714592
0.000957007566905417
0.00213082707365353
0.00362113211705747
0.00407039702134979
0.00348890832588265
0.00263714317943479
0.00177531661991689
0.00105953314181459
0.000516282698954431
0.0002838087265037
0.000204924534027901
0
2.83891906832402e-10
3.0376434031067e-08
8.03130204428864e-07
8.9789332292952e-06
5.83281472858784e-05
0.000240818123376349
0.000618101383015592
0.00128713893584696
0.00217399141862786
0.00250211652346382
0.00227658427591896
0.00181780615382868
0.00106939810168511
0.000537495670016761
0.000362659987518306
0.000335960237572626
0.000183172736126402
0
0
6.52951385714524e-09
2.17745092540452e-07
3.33260709430556e-06
2.5940055202997e-05
0.000106599991556033
0.000257736093780212
0.000543102251284794
0.00104831373365658
0.00147890735112843
0.00156689255035347
0.00123579169055009
0.000659998150625918
0.00031854233352083
0.000402927215583414
0.000560086652394856
0.000297743276858661
0
0
8.51675720497205e-10
4.20160022111955e-08
8.59056910074848e-07
6.87756533492176e-06
2.55653178859783e-05
6.66001896671609e-05
0.000201250121077769
0.000499787159707934
0.000794074052600911
0.000854272763660908
0.000703346741447785
0.000550006502458958
0.000415776731070462
0.00045228608196483
0.000539992215445445
0.000273373711684261
0
0
0
5.67783813664803e-09
1.23776871378927e-07
9.42237238776741e-07
3.38711434041738e-06
1.43629432423717e-05
7.20460881159269e-05
0.000200900366248552
0.000301868510156843
0.000292270408678746
0.00031423143491558
0.000452588710737513
0.000444471957229268
0.000322797873204248
0.000256567878583597
0.000117139762489092
0
0
0
2.83891906832402e-10
7.66508148447485e-09
5.87656247143072e-08
2.79349636323083e-07
2.49313872580215e-06
1.68912845646211e-05
5.38165371024979e-05
8.18582440917752e-05
7.32957802898031e-05
0.000113106226276818
0.000220774503078261
0.000227511825811207
0.000125322378919723
5.85867728130027e-05
2.1785013254598e-05
0
0
0
0
2.83891906832402e-10
1.41945953416201e-09
1.58979467826145e-08
2.85595258273396e-07
2.91045982884578e-06
1.32722305363216e-05
2.41061134848597e-05
2.35979469716297e-05
3.91759475752441e-05
6.5426296632409e-05
5.52005101483058e-05
2.33481220936172e-05
6.5204293161266e-06
1.67496225031117e-06
0
0
0
0
0
0
8.51675720497205e-10
2.83891906832402e-08
4.72680024875949e-07
2.8125171209886e-06
6.0017588023438e-06
8.87843549427653e-06
1.84194746990999e-05
2.41989461383939e-05
1.31402207996445e-05
2.98114891364705e-06
4.00287588633686e-07
5.53589218323183e-08
0
0
0
0
0
0
0
2.55502716149162e-09
5.19522189503295e-08
3.39534720571552e-07
8.94543398428898e-07
2.40910672137976e-06
6.33448011715138e-06
8.10852064294706e-06
3.87427285254179e-06
6.10935383503328e-07
3.29314611925586e-08
8.51675720497205e-10
0
0
0
0
0
0
0
0
2.83891906832402e-09
1.98724334782681e-08
7.69347067515809e-08
3.51458180658513e-07
1.03024372989479e-06
1.32634298872098e-06
6.27117222192775e-07
9.51037887888546e-08
4.25837860248603e-09
0
0
0
0
1.13556762732961e-09
2.8956974496905e-08
4.15333859695804e-07
2.35488336717477e-06
5.42006428524421e-06
1.06431075871467e-05
2.31167501895488e-05
2.8396287980911e-05
1.92498585265847e-05
1.45434984951171e-05
1.11010252328674e-05
8.20305664792225e-06
5.32098600975971e-06
1.84842020538577e-06
2.50960445639843e-07
0
0
5.67783813664803e-10
1.73174063167765e-08
2.91273096410044e-07
2.86560490756626e-06
1.40217051703592e-05
3.0229094131421e-05
4.11515513548908e-05
6.03849441508792e-05
7.18964770810262e-05
6.84713212250933e-05
7.2991164273772e-05
5.77896043386174e-05
4.27353843031088e-05
2.78052250308859e-05
9.63216850691656e-06
1.30845779859054e-06
0
0
7.09729767081004e-09
2.08944443428648e-07
2.58455191980219e-06
1.54320801635025e-05
4.8665318453024e-05
9.55324655681715e-05
0.000137031784508932
0.000173977193372194
0.000202774052833645
0.000200083041448781
0.000180338643220494
0.000124836923759039
8.91233218795232e-05
5.74009563181638e-05
1.96285703302991e-05
2.67341008664073e-06
0
5.67783813664803e-10
3.94609750497038e-08
1.11853411291966e-06
1.29673306283836e-05
6.44920083670235e-05
0.000140266165003474
0.000210163475276586
0.000343936748478896
0.0005297397431221
0.000684230596009318
0.000589090752948296
0.000338932585837161
0.000156607267052653
8.99307104625545e-05
5.27505229923422e-05
1.73764558333976e-05
2.439199263504e-06
0
1.13556762732961e-09
8.97098425590389e-08
2.53742586326801e-06
2.90915392607435e-05
0.000139894834389337
0.000275465995037616
0.000361521864863815
0.000616442318712063
0.00104188528531826
0.00143043621473968
0.00121504203107971
0.000604986428595655
0.000224312364021206
8.48467741949999e-05
2.9878487626483e-05
8.19539156643777e-06
1.85523361114975e-06
0
1.13556762732961e-09
9.22648697205306e-08
2.6101021914171e-06
2.99863665510793e-05
0.000145661246800916
0.000307758699439802
0.00051500291423843
0.000975726831458132
0.00153785381498739
0.00198411542679733
0.00163801542198837
0.000838430459692033
0.000367061163749929
0.000143324248623872
3.46402065797828e-05
8.86878316944423e-06
6.91929744522613e-06
0
5.67783813664803e-10
4.25837860248603e-08
1.21590903696318e-06
1.42814662651108e-05
7.40239630308283e-05
0.000211897770935425
0.000623645224172215
0.00141044142384957
0.00208016826623073
0.0023501977312525
0.00177104205947571
0.000926135741496928
0.000491127320981918
0.000238192123238149
7.32086254744056e-05
2.67798074634073e-05
2.49643187192141e-05
0
0
8.23286529813965e-09
2.54367148521832e-07
3.35900904164098e-06
2.28388200127599e-05
0.000124225136699816
0.000577415130495999
0.00144845199514727
0.00210390191353382
0.00217018840264393
0.00159140803596798
0.000936963094931609
0.000596961656065224
0.00034168860846869
0.000128702395962469
4.83734775728003e-05
3.8950821293126e-05
0
0
8.51675720497205e-10
3.63381640745474e-08
7.47203498782881e-07
9.43145692878605e-06
7.67762950675684e-05
0.000365882160660854
0.000933536803508049
0.00137982283002198
0.00136388882896719
0.00108326536965815
0.000864364837056893
0.000674811346432526
0.000392551250280597
0.000149437009161787
5.05901055813476e-05
2.79823735807493e-05
0
0
2.83891906832402e-10
8.23286529813965e-09
2.9553147501253e-07
5.56059077912625e-06
4.5103042806091e-05
0.000184775873724285
0.000473080028572676
0.000739018895108903
0.000727676277863321
0.000693214071509122
0.000766278763786764
0.000637867640920705
0.000315455009034028
0.000114009854216265
6.19426590436686e-05
2.94393068466132e-05
0
0
0
2.27113525465921e-09
1.09014492223642e-07
2.42386910053505e-06
2.19826020217534e-05
0.00010547010176684
0.000316692777747817
0.000509303500316863
0.00045548384040339
0.000444015175151174
0.000549847522991132
0.000475232780902186
0.00021829470727208
0.000100818816765298
0.000104265832298057
5.39116408912867e-05
0
0
0
2.83891906832402e-10
2.27113525465921e-08
6.3478230367725e-07
8.61100931804041e-06
6.02560572251773e-05
0.000213267265493985
0.000348412304390108
0.000281767259801668
0.000217202575106495
0.000249527359294153
0.00024559318524927
0.000142484780255369
9.60454582438176e-05
0.000107641307070294
5.47607615846225e-05
0
0
0
0
2.83891906832402e-09
1.26331898540419e-07
2.59306867700716e-06
2.24200794501821e-05
9.12669896680147e-05
0.000191094455894654
0.000211596277730369
0.000133055310569931
9.13444921585799e-05
0.000108046136929437
9.30421657614377e-05
6.23770136611221e-05
5.28206442933298e-05
2.51908644608663e-05
0
0
0
0
2.83891906832402e-10
1.78851901304413e-08
4.32083482198915e-07
4.55362618559172e-06
3.12973793768313e-05
0.000132177800685912
0.000230106030055842
0.000147830180969116
5.29370399751311e-05
4.37573951677054e-05
4.2155677029357e-05
2.27272504933748e-05
1.15092617948924e-05
4.74610489842409e-06
0
0
0
0
0
1.13556762732961e-09
3.54864883540502e-08
7.84677230484758e-07
1.24120380586194e-05
7.50241142185988e-05
0.000145127530016072
9.41169805207051e-05
2.61802277561773e-05
1.00034991210533e-05
8.2464921096676e-06
3.82771457982127e-06
1.12875422156563e-06
3.43509207267206e-07
0
0
0
0
0
0
2.55502716149162e-09
1.52166062062167e-07
3.18810611372787e-06
2.03848583701006e-05
3.99430235075053e-05
2.59057042822703e-05
6.65811689094032e-06
1.26388676921785e-06
6.33362844143088e-07
2.6004498665848e-07
5.16683270434971e-08
9.65232483230166e-09
0
0
0
0
0
0
2.83891906832402e-10
1.81690820372737e-08
3.94609750497038e-07
2.53799364708167e-06
4.98059961346766e-06
3.23296103500739e-06
8.24422097441295e-07
1.23209087565262e-07
3.0376434031067e-08
8.23286529813965e-09
8.51675720497205e-10
0
0
0
0
0
0
0
0
1.13556762732961e-09
2.18596768260949e-08
1.41094277695704e-07
2.77078501068424e-07
1.80555252745408e-07
4.79777322546759e-08
9.08454101863685e-09
2.27113525465921e-09
2.83891906832402e-10
0
0
0
0
0
0
5.67783813664803e-10
3.97448669565362e-09
1.87368658509385e-08
6.61468142919496e-08
1.45068764391357e-07
3.21649530441111e-07
2.66886781613141e-06
1.62814847487451e-05
3.5044752547019e-05
3.05973019345826e-05
1.55782844955212e-05
5.94895490767298e-06
1.49412310565893e-06
1.76296874142921e-07
0
0
0
1.98724334782681e-09
2.15757849192625e-08
1.09298384130475e-07
3.03196556497005e-07
8.53946855751864e-07
1.83678063720564e-06
3.41238072012547e-06
1.58786421329499e-05
8.38029036535772e-05
0.000178165166781786
0.000160291048435711
9.07733016420331e-05
3.89922695115235e-05
1.02502011880907e-05
1.21931573984517e-06
0
0
8.51675720497205e-10
2.72536230559106e-08
3.08590502726821e-07
1.46516613116203e-06
2.99136902229302e-06
5.2412123839398e-06
1.15739891496502e-05
2.66054978326122e-05
6.24661557198675e-05
0.000180074907639047
0.000346404904716897
0.000330812709517941
0.000228117935032294
0.000115288219472732
3.19284710857197e-05
3.83168906651693e-06
0
0
5.39394622981563e-09
1.50178818714341e-07
1.69824138667143e-06
7.93733382312712e-06
1.43796928648748e-05
1.64785057320868e-05
3.61732228766778e-05
0.000110261629370357
0.00020682462256033
0.000250696142274582
0.000314859687705401
0.000315904409922544
0.000269263524657142
0.000152818161772161
4.35992673755998e-05
5.25682643881558e-06
0
2.83891906832402e-10
1.22073519937933e-08
3.42373639639877e-07
3.87115004156663e-06
1.80458729497084e-05
3.18739638396079e-05
3.18149143229868e-05
6.70356798522418e-05
0.00021859137431472
0.000394608898821318
0.000332839413840817
0.000251914890230614
0.000238979923279609
0.000182088552934209
8.87471651029703e-05
2.39417400708038e-05
2.86021096133645e-06
0
2.83891906832402e-10
1.24912439006257e-08
3.51742072565346e-07
3.97988064188344e-06
1.86820747129199e-05
3.57306353939261e-05
5.27150365039882e-05
0.00011455435889357
0.000265231975688215
0.000421622065432141
0.000348215567298674
0.000289367330039478
0.000290556837129106
0.000151187770551223
3.55197037071496e-05
5.68266429906418e-06
6.12922626851155e-07
0
0
5.67783813664803e-09
1.60966711173972e-07
1.8285477719075e-06
9.01101301476726e-06
2.60215321802579e-05
8.91250252309642e-05
0.00020740716875315
0.00030464979916808
0.000354852108404695
0.000284500003296837
0.000274381244061609
0.000290028798182398
0.000139657216863318
2.38437973629466e-05
1.88958453187647e-06
1.9503373999386e-07
0
0
1.13556762732961e-09
3.00925421242346e-08
3.52877640192675e-07
2.36027731340459e-06
1.82519784740688e-05
0.000104743906269162
0.000246143935548525
0.000293783552542163
0.000263716276797637
0.000192231726873424
0.000170964532456888
0.000169575449356758
8.54497606051119e-05
1.83229514507769e-05
2.37248466539838e-06
3.22501206161608e-07
0
0
0
2.27113525465921e-09
4.00287588633686e-08
7.31589443907099e-07
1.03166318942895e-05
6.30509730479423e-05
0.000150466968999775
0.000176125403431195
0.000143545116527388
0.000110280366236208
0.000111912176916681
0.000110399316945171
5.97779832540715e-05
1.64836157864097e-05
2.96212815588928e-06
4.30947914571586e-07
0
0
0
2.83891906832402e-10
1.30590277142905e-08
3.69059478882122e-07
4.62545083802032e-06
2.70866946146931e-05
7.51277347645926e-05
0.000102165883863217
7.78289662581029e-05
7.48898333466671e-05
0.000119121044106876
0.0001280471734415
6.27446536804701e-05
1.41931758820859e-05
3.00868642860979e-06
8.34926097994093e-07
0
0
0
0
5.96173004348044e-09
2.02414929571502e-07
3.05098632272782e-06
2.1898570017331e-05
7.43308501821141e-05
0.000109200157530711
6.84568427378449e-05
5.43741008075167e-05
0.000102704994594292
0.000118195272598695
5.55252824897221e-05
1.15790992039732e-05
4.45596736964138e-06
1.98383664494482e-06
0
0
0
0
1.98724334782681e-09
9.6807140229849e-08
2.01563253851005e-06
1.68467135352484e-05
6.17158294101095e-05
0.000100332793820801
7.43802473739029e-05
4.19430419911395e-05
4.98755496518505e-05
5.63692931287349e-05
2.76771897809045e-05
7.71391089245002e-06
5.19834470600811e-06
2.51386283500092e-06
0
0
0
0
5.67783813664803e-10
3.23636773788938e-08
7.67927607981647e-07
7.08367085928209e-06
3.44641935975467e-05
0.000103936801578038
0.000154680492680982
9.4630540980165e-05
3.12065339666449e-05
1.48946727838688e-05
7.82093814132584e-06
3.47625639916276e-06
2.77334003784573e-06
1.32407185346632e-06
0
0
0
0
0
5.39394622981563e-09
1.41945953416201e-07
2.0204587009262e-06
2.33714012299775e-05
0.000130109080360824
0.000246777014500761
0.000158668606188163
4.01939839531451e-05
6.11417999744943e-06
2.03209826910633e-06
1.0066807016277e-06
6.03270302018854e-07
2.63735581447301e-07
0
0
0
0
0
2.83891906832402e-10
1.67496225031117e-08
6.72823819192792e-07
1.32390151832222e-05
8.38307250604467e-05
0.000163919187005029
0.000106095799529498
2.63624863603637e-05
3.00641529335513e-06
4.1845667067096e-07
1.53869413503162e-07
5.47911380186535e-08
1.93046496646033e-08
0
0
0
0
0
0
2.55502716149162e-09
1.67212333124285e-07
3.60088494626218e-06
2.31391776501886e-05
4.53894897400849e-05
2.93978586282157e-05
7.28154351834427e-06
7.71618202770468e-07
5.08166513229999e-08
1.02201086459665e-08
2.27113525465921e-09
5.67783813664803e-10
0
0
0
0
0
0
2.83891906832402e-10
2.07241091987653e-08
4.48549212795195e-07
2.88632901676503e-06
5.66364354130641e-06
3.6684512200883e-06
9.07886318050021e-07
9.42521130683574e-08
4.25837860248603e-09
2.83891906832402e-10
0
0
0
0
0
0
0
0
0
1.13556762732961e-09
2.49824878012514e-08
1.60398927360307e-07
3.14836124677133e-07
2.03834389105664e-07
5.05327594161675e-08
5.11005432298323e-09
2.83891906832402e-10
0
0
0
0
0
0
0
0
0
0
2.83891906832402e-10
1.13556762732961e-09
1.98724334782681e-08
3.66220559813798e-07
2.41421677570274e-06
5.67641867711387e-06
7.73207997448729e-06
8.91079917165542e-06
5.74256549140582e-06
1.68915684565279e-06
2.04686064826162e-07
0
0
0
0
0
2.83891906832402e-10
8.51675720497205e-10
3.40670288198882e-09
2.6118055428581e-08
2.13486713937966e-07
2.06048745978957e-06
1.23495818391163e-05
2.970219075234e-05
4.58948173342466e-05
5.92121866837545e-05
3.94768729964865e-05
1.16949271019608e-05
1.41832396653468e-06
0
0
0
0
1.13556762732961e-09
4.82616241615083e-09
1.02201086459665e-08
2.98086502174022e-08
3.10577746074647e-07
1.96566756290755e-06
6.85428619856151e-06
2.52663797080838e-05
6.12261158708236e-05
0.000118625368837546
0.000177916761363307
0.000123237192864039
3.67889844225973e-05
4.46675526210101e-06
0
0
0
5.67783813664803e-10
5.67783813664803e-09
2.69697311490782e-08
4.99649756025027e-08
1.21505736124268e-07
1.51200829578937e-06
9.3346497885562e-06
2.02448996600322e-05
2.92002698610603e-05
5.7908838939487e-05
0.000141995918391803
0.00023783441943554
0.000168491266164565
5.05089124959936e-05
6.13632356618236e-06
0
0
0
1.13556762732961e-09
1.33429196211229e-08
6.18884356894636e-08
1.20086276590106e-07
2.9666704263986e-07
3.07398156718125e-06
1.82667408532241e-05
3.59092034033237e-05
3.06912701557441e-05
3.78291643692312e-05
8.59925619309755e-05
0.00013425986393062
9.23190930747355e-05
2.74648386345939e-05
3.33260709430556e-06
0
0
0
1.13556762732961e-09
1.36268115279553e-08
6.89857333602736e-08
2.38185309832385e-07
1.02229475650348e-06
4.13488562301393e-06
1.66681455258508e-05
3.10401733092411e-05
2.700720488078e-05
3.48284269140127e-05
5.11780457203976e-05
4.33114009820717e-05
2.09784763472872e-05
5.60629737612627e-06
6.67713764869809e-07
0
0
0
5.67783813664803e-10
6.52951385714524e-09
5.45072461118211e-08
6.0752868062134e-07
3.6675995443678e-06
8.12072799494085e-06
1.15498583375694e-05
1.54965236263535e-05
1.66539509305092e-05
3.04283862500173e-05
4.01749631953873e-05
2.07865654182685e-05
4.20699416734936e-06
5.24916135733111e-07
4.93971917888379e-08
0
0
0
0
1.70335144099441e-09
4.74099484410111e-08
9.1725475097549e-07
5.84221155070399e-06
1.16546144511906e-05
9.19866556518348e-06
5.96740788161708e-06
6.501124666462e-06
1.41179445267753e-05
1.87300524451745e-05
9.13337042661203e-06
1.44018364336077e-06
7.92058420062401e-08
2.55502716149162e-09
0
0
0
0
5.67783813664803e-10
2.6118055428581e-08
5.50466407348027e-07
3.55091997065968e-06
7.19949875726971e-06
5.33631617272865e-06
2.28816876906916e-06
2.10221957009393e-06
4.96583723431237e-06
6.60389353673533e-06
3.22813487259124e-06
5.18386621875966e-07
3.09442178447318e-08
1.41945953416201e-09
0
0
0
0
2.83891906832402e-10
9.36843292546926e-09
2.00427686223676e-07
1.46516613116203e-06
4.09457297224373e-06
4.84944155251109e-06
2.51130780783943e-06
2.25864401075859e-06
6.07670626574756e-06
8.18999762020796e-06
3.98016453379027e-06
6.24278303124451e-07
3.63381640745474e-08
2.83891906832402e-09
0
0
0
0
0
7.94897339130725e-09
1.85665307068391e-07
1.58638797537946e-06
5.6179369443064e-06
8.11959242731352e-06
4.47612369502648e-06
2.83068620302588e-06
6.79523668194037e-06
9.15267507627663e-06
4.43751439569727e-06
6.89005657882239e-07
4.42871374658547e-08
6.81340576397764e-09
0
0
0
0
0
6.52951385714524e-09
1.55572764944156e-07
1.36438450423652e-06
5.1387274055733e-06
8.86622814228274e-06
7.30510654661136e-06
3.94836864022504e-06
3.93985188302007e-06
4.5910999172936e-06
2.20385287273993e-06
3.48051477776525e-07
3.1795893565229e-08
8.23286529813965e-09
0
0
0
0
0
2.55502716149162e-09
6.30240033167932e-08
6.08948140155502e-07
3.40187671957267e-06
1.21758399921349e-05
1.98159389888085e-05
1.2328006054197e-05
3.60003327054169e-06
1.18297757577062e-06
4.43439158472212e-07
7.3528003869592e-08
1.19234600869609e-08
4.25837860248603e-09
0
0
0
0
0
5.67783813664803e-10
1.22073519937933e-08
2.12635038217469e-07
2.92607388372156e-06
1.7153884578441e-05
3.2954456437012e-05
2.12399407934798e-05
5.2911773595423e-06
6.07244788714507e-07
5.56428137391507e-08
7.94897339130725e-09
2.27113525465921e-09
8.51675720497205e-10
0
0
0
0
0
0
1.70335144099441e-09
8.63031396770501e-08
1.76211706570872e-06
1.12273571314078e-05
2.19828859136602e-05
1.42309335056946e-05
3.52224688806961e-06
3.66220559813798e-07
1.58979467826145e-08
8.51675720497205e-10
2.83891906832402e-10
0
0
0
0
0
0
0
2.83891906832402e-10
2.24274606397597e-08
4.82900133521915e-07
3.10407410930548e-06
6.08976529346185e-06
3.94411026162256e-06
9.76020375689797e-07
1.00781626925503e-07
3.97448669565362e-09
0
0
0
0
0
0
0
0
0
0
2.83891906832402e-09
6.01850842484692e-08
3.87228560919396e-07
7.59978634590339e-07
4.92268566447385e-07
1.217896280311e-07
1.24912439006257e-08
5.67783813664803e-10
0
0
0
0
0
0
0
0
0
0
2.83891906832402e-10
3.40670288198882e-09
2.15757849192625e-08
4.22998941180279e-08
2.72536230559106e-08
6.81340576397764e-09
5.67783813664803e-10
0
0
0
0
0
0
0
0
0
0
0
0
0
0
1.41945953416201e-09
1.16395681801285e-08
9.28326535341954e-08
5.06179269882172e-07
1.02286254031714e-06
7.5061020166487e-07
2.26545741652257e-07
2.7537514962743e-08
0
0
0
0
0
0
0
0
0
8.51675720497205e-10
7.38118957764244e-09
6.55790304782848e-08
6.09799815875999e-07
3.48335369683357e-06
7.0811158321206e-06
5.20260308461059e-06
1.57049002859685e-06
1.91059253298206e-07
0
0
0
0
0
0
0
0
8.51675720497205e-10
6.52951385714524e-09
2.41308120807541e-08
1.5954725163981e-07
1.81009479796339e-06
1.0883280140327e-05
2.22747267938839e-05
1.63836858352047e-05
4.9468164765546e-06
6.01566950577859e-07
0
0
0
0
0
0
0
2.83891906832402e-10
4.82616241615083e-09
3.15120016583966e-08
6.98374090807708e-08
1.99859902410011e-07
2.39689936938597e-06
1.4880762080434e-05
3.05802684201726e-05
2.2506666481766e-05
6.7963722495677e-06
8.26693232695954e-07
0
0
0
0
0
0
0
5.67783813664803e-10
9.93621673913406e-09
6.13206518757988e-08
1.217896280311e-07
1.58127792105648e-07
1.32293628583899e-06
8.11050788629488e-06
1.66224389288508e-05
1.22238177243896e-05
3.69059478882122e-06
4.48833104702027e-07
0
0
0
0
0
0
2.83891906832402e-10
2.83891906832402e-09
1.30590277142905e-08
5.53589218323183e-08
1.03904437900659e-07
1.01349410739167e-07
3.57136018795161e-07
1.7374184698143e-06
3.37916536702608e-06
2.45225829121829e-06
7.38118957764244e-07
8.97098425590389e-08
0
0
0
0
0
0
1.70335144099441e-09
1.19234600869609e-08
2.6118055428581e-08
3.69059478882122e-08
5.02488675093351e-08
5.56428137391507e-08
1.20370168496938e-07
2.48405418478351e-07
3.01209313149178e-07
1.83961955627396e-07
5.30877865776591e-08
6.52951385714524e-09
0
0
0
0
0
0
3.12281097515642e-09
1.93046496646033e-08
3.80415155155418e-08
2.86730825900726e-08
1.78851901304413e-08
2.04402172919329e-08
4.79777322546759e-08
6.6430706198782e-08
3.66220559813798e-08
9.08454101863685e-09
1.41945953416201e-09
2.83891906832402e-10
0
0
0
0
0
0
1.70335144099441e-09
1.16395681801285e-08
2.35630282670893e-08
1.67496225031117e-08
6.24562195031284e-09
5.96173004348044e-09
1.61818386894469e-08
2.18596768260949e-08
1.05040005527989e-08
1.70335144099441e-09
0
0
0
0
0
0
0
0
5.67783813664803e-10
4.82616241615083e-09
1.33429196211229e-08
1.58979467826145e-08
7.94897339130725e-09
7.09729767081004e-09
1.98724334782681e-08
2.72536230559106e-08
1.33429196211229e-08
1.98724334782681e-09
0
0
0
0
0
0
0
0
5.67783813664803e-10
5.39394622981563e-09
1.87368658509385e-08
2.72536230559106e-08
1.47623791552849e-08
9.36843292546926e-09
2.27113525465921e-08
3.06603259378994e-08
1.47623791552849e-08
2.27113525465921e-09
0
0
0
0
0
0
0
0
5.67783813664803e-10
4.54227050931843e-09
1.73174063167765e-08
2.98086502174022e-08
2.46985958944189e-08
1.33429196211229e-08
1.33429196211229e-08
1.53301629689497e-08
7.38118957764244e-09
1.13556762732961e-09
0
0
0
0
0
0
0
0
2.83891906832402e-10
1.98724334782681e-09
1.16395681801285e-08
4.14482183975307e-08
6.75662738261116e-08
4.20160022111955e-08
1.22073519937933e-08
3.97448669565362e-09
1.41945953416201e-09
2.83891906832402e-10
0
0
0
0
0
0
0
0
0
8.51675720497205e-10
9.93621673913406e-09
5.84817328074747e-08
1.12421195105631e-07
7.23924362422624e-08
1.81690820372737e-08
1.98724334782681e-09
2.83891906832402e-10
0
0
0
0
0
0
0
0
0
0
2.83891906832402e-10
5.96173004348044e-09
3.83254074223742e-08
7.49474634037541e-08
4.85455160683407e-08
1.19234600869609e-08
1.13556762732961e-09
0
0
0
0
0
0
0
0
0
0
0
0
1.70335144099441e-09
1.05040005527989e-08
2.07241091987653e-08
1.33429196211229e-08
3.40670288198882e-09
2.83891906832402e-10
0
0
0
0
0
0
0
0
0
0
0
0
2.83891906832402e-10
1.41945953416201e-09
2.55502716149162e-09
1.70335144099441e-09
2.83891906832402e-10
0
0
0
0
0
0
0
0
0
0
0
0
0
0
0
2.83891906832402e-10
0
0
0
0
0
0
0
0
